0.25	0.979721
0.251298	0.973011
0.252603	0.966348
0.253915	0.959749
0.255233	0.953214
0.256559	0.94674
0.257891	0.940329
0.25923	0.933978
0.260576	0.927687
0.261929	0.921455
0.263289	0.915281
0.264656	0.909166
0.266031	0.903106
0.267412	0.897103
0.268801	0.891155
0.270196	0.885262
0.271599	0.879422
0.27301	0.873635
0.274427	0.867901
0.275852	0.862218
0.277285	0.856586
0.278725	0.851003
0.280172	0.84547
0.281627	0.839985
0.283089	0.834549
0.284559	0.82916
0.286037	0.823817
0.287522	0.81852
0.289015	0.813268
0.290516	0.80806
0.292024	0.802897
0.293541	0.797776
0.295065	0.792698
0.296597	0.787661
0.298137	0.782666
0.299685	0.777712
0.301241	0.772797
0.302806	0.767922
0.304378	0.763086
0.305959	0.758288
0.307547	0.753527
0.309144	0.748803
0.31075	0.744115
0.312363	0.739464
0.313985	0.734848
0.315616	0.730267
0.317254	0.72572
0.318902	0.721206
0.320558	0.716726
0.322222	0.712278
0.323895	0.707862
0.325577	0.703479
0.327268	0.699126
0.328967	0.694804
0.330675	0.690513
0.332393	0.68625
0.334119	0.682017
0.335854	0.677813
0.337597	0.673637
0.33935	0.669489
0.341113	0.66537
0.342884	0.661276
0.344664	0.65721
0.346454	0.653169
0.348253	0.649155
0.350061	0.645166
0.351879	0.641203
0.353706	0.637264
0.355543	0.633349
0.357389	0.629458
0.359245	0.625592
0.36111	0.621748
0.362986	0.617927
0.36487	0.614129
0.366765	0.610354
0.36867	0.606599
0.370584	0.602867
0.372508	0.599157
0.374442	0.595467
0.376387	0.591799
0.378341	0.58815
0.380306	0.584523
0.382281	0.580915
0.384266	0.577326
0.386261	0.573758
0.388267	0.570209
0.390283	0.566678
0.392309	0.563166
0.394347	0.559673
0.396394	0.556199
0.398453	0.552742
0.400522	0.549303
0.402601	0.545882
0.404692	0.542479
0.406793	0.539092
0.408906	0.535723
0.411029	0.532371
0.413163	0.529035
0.415309	0.525716
0.417465	0.522414
0.419633	0.519128
0.421812	0.515857
0.424002	0.512604
0.426204	0.509365
0.428417	0.506142
0.430642	0.502935
0.432878	0.499743
0.435126	0.496567
0.437385	0.493405
0.439656	0.49026
0.441939	0.487128
0.444234	0.484012
0.446541	0.48091
0.44886	0.477822
0.45119	0.47475
0.453533	0.471692
0.455888	0.468648
0.458255	0.465619
0.460635	0.462603
0.463027	0.459601
0.465431	0.456614
0.467848	0.453641
0.470277	0.450681
0.472719	0.447735
0.475174	0.444804
0.477641	0.441885
0.480122	0.43898
0.482615	0.436089
0.485121	0.433212
0.48764	0.430347
0.490172	0.427496
0.492717	0.424659
0.495276	0.421835
0.497848	0.419024
0.500433	0.416227
0.503031	0.413443
0.505643	0.410672
0.508269	0.407914
0.510908	0.405169
0.513561	0.402438
0.516228	0.399719
0.518908	0.397014
0.521603	0.394321
0.524311	0.391642
0.527034	0.388976
0.529771	0.386322
0.532522	0.383681
0.535287	0.381054
0.538066	0.37844
0.54086	0.375838
0.543669	0.373249
0.546492	0.370673
0.54933	0.36811
0.552182	0.36556
0.555049	0.363023
0.557932	0.360498
0.560829	0.357986
0.563741	0.355488
0.566668	0.353002
0.569611	0.350529
0.572568	0.348069
0.575542	0.345622
0.57853	0.343187
0.581534	0.340765
0.584554	0.338356
0.587589	0.33596
0.59064	0.333577
0.593707	0.331206
0.59679	0.328848
0.599889	0.326503
0.603004	0.324171
0.606135	0.321852
0.609283	0.319545
0.612447	0.317252
0.615627	0.314971
0.618824	0.312703
0.622037	0.310447
0.625267	0.308204
0.628514	0.305974
0.631777	0.303757
0.635058	0.301553
0.638356	0.299361
0.64167	0.297182
0.645002	0.295016
0.648351	0.292863
0.651718	0.290723
0.655102	0.288595
0.658504	0.28648
0.661923	0.284377
0.66536	0.282288
0.668815	0.28021
0.672288	0.278146
0.675779	0.276094
0.679288	0.274056
0.682816	0.272029
0.686361	0.270016
0.689925	0.268014
0.693508	0.266026
0.697109	0.26405
0.700729	0.262087
0.704367	0.260137
0.708025	0.258198
0.711701	0.256273
0.715397	0.25436
0.719112	0.25246
0.722846	0.250572
0.726599	0.248696
0.730372	0.246833
0.734165	0.244983
0.737977	0.243145
0.741809	0.241319
0.745661	0.239505
0.749533	0.237705
0.753425	0.235916
0.757337	0.23414
0.76127	0.232375
0.765223	0.230624
0.769196	0.228884
0.773191	0.227156
0.777206	0.225441
0.781241	0.223738
0.785298	0.222047
0.789376	0.220368
0.793475	0.218701
0.797595	0.217046
0.801736	0.215403
0.8059	0.213773
0.810084	0.212154
0.814291	0.210547
0.818519	0.208951
0.822769	0.207368
0.827042	0.205796
0.831336	0.204236
0.835653	0.202688
0.839992	0.201151
0.844354	0.199626
0.848739	0.198113
0.853146	0.196611
0.857576	0.19512
0.862029	0.193641
0.866505	0.192174
0.871004	0.190717
0.875527	0.189273
0.880074	0.187839
0.884643	0.186416
0.889237	0.185005
0.893855	0.183606
0.898496	0.182217
0.903162	0.180838
0.907851	0.179472
0.912566	0.178116
0.917304	0.176771
0.922067	0.175437
0.926855	0.174113
0.931668	0.172801
0.936506	0.171499
0.941369	0.170208
0.946257	0.168927
0.951171	0.167657
0.95611	0.166398
0.961074	0.165148
0.966065	0.16391
0.971081	0.162681
0.976124	0.161464
0.981192	0.160256
0.986287	0.159058
0.991409	0.15787
0.996557	0.156693
1.00173	0.155526
1.00693	0.154368
1.01216	0.153221
1.01742	0.152084
1.0227	0.150956
1.02801	0.149838
1.03335	0.148729
1.03872	0.147631
1.04411	0.146542
1.04953	0.145462
1.05498	0.144392
1.06046	0.143331
1.06596	0.14228
1.0715	0.141238
1.07706	0.140205
1.08266	0.139182
1.08828	0.138167
1.09393	0.137162
1.09961	0.136166
1.10532	0.135178
1.11106	0.1342
1.11683	0.13323
1.12263	0.13227
1.12846	0.131318
1.13432	0.130374
1.14021	0.12944
1.14613	0.128514
1.15208	0.127596
1.15806	0.126687
1.16408	0.125786
1.17012	0.124894
1.1762	0.12401
1.1823	0.123134
1.18844	0.122266
1.19461	0.121406
1.20082	0.120555
1.20705	0.119712
1.21332	0.118876
1.21962	0.118048
1.22595	0.117229
1.23232	0.116417
1.23872	0.115612
1.24515	0.114816
1.25162	0.114027
1.25812	0.113245
1.26465	0.112471
1.27122	0.111705
1.27782	0.110946
1.28445	0.110195
1.29112	0.10945
1.29783	0.108713
1.30456	0.107983
1.31134	0.107261
1.31815	0.106545
1.32499	0.105836
1.33187	0.105135
1.33879	0.10444
1.34574	0.103752
1.35273	0.103071
1.35975	0.102397
1.36681	0.10173
1.37391	0.101069
1.38104	0.100415
1.38822	0.0997675
1.39542	0.0991265
1.40267	0.098492
1.40995	0.0978638
1.41728	0.0972424
1.42463	0.0966269
1.43203	0.096018
1.43947	0.0954152
1.44694	0.0948185
1.45446	0.0942281
1.46201	0.0936438
1.4696	0.0930654
1.47723	0.0924932
1.4849	0.0919269
1.49261	0.0913665
1.50036	0.090812
1.50815	0.0902632
1.51599	0.0897204
1.52386	0.0891832
1.53177	0.0886516
1.53972	0.0881259
1.54772	0.0876056
1.55576	0.0870909
1.56383	0.0865819
1.57196	0.0860783
1.58012	0.08558
1.58832	0.0850872
1.59657	0.0845998
1.60486	0.0841177
1.61319	0.0836409
1.62157	0.0831693
1.62999	0.0827029
1.63846	0.0822417
1.64696	0.0817854
1.65551	0.0813346
1.66411	0.0808885
1.67275	0.0804475
1.68144	0.0800114
1.69017	0.0795804
1.69895	0.079154
1.70777	0.0787328
1.71664	0.0783163
1.72555	0.0779045
1.73451	0.0774974
1.74352	0.0770951
1.75257	0.0766976
1.76167	0.0763047
1.77082	0.0759163
1.78001	0.0755325
1.78926	0.0751534
1.79855	0.0747786
1.80789	0.0744084
1.81727	0.0740425
1.82671	0.0736811
1.8362	0.0733242
1.84573	0.0729716
1.85531	0.0726232
1.86495	0.0722793
1.87463	0.0719394
1.88437	0.0716041
1.89415	0.0712727
1.90399	0.0709455
1.91387	0.0706225
1.92381	0.0703035
1.9338	0.0699888
1.94384	0.0696782
1.95394	0.0693713
1.96408	0.0690686
1.97428	0.0687697
1.98453	0.068475
1.99484	0.0681842
2.0052	0.0678972
2.01561	0.0676142
2.02608	0.067335
2.0366	0.0670596
2.04717	0.066788
2.0578	0.0665203
2.06849	0.0662562
2.07923	0.0659958
2.09002	0.0657391
2.10088	0.0654863
2.11179	0.0652371
2.12275	0.0649914
2.13378	0.0647495
2.14485	0.064511
2.15599	0.0642763
2.16719	0.0640451
2.17844	0.0638173
2.18975	0.0635931
2.20112	0.0633724
2.21255	0.0631552
2.22404	0.0629415
2.23559	0.0627312
2.2472	0.0625244
2.25887	0.0623208
2.2706	0.0621209
2.28239	0.0619241
2.29424	0.061731
2.30615	0.061541
2.31813	0.0613544
2.33016	0.061171
2.34226	0.0609909
2.35443	0.0608142
2.36665	0.0606406
2.37894	0.0604705
2.39129	0.0603035
2.40371	0.0601397
2.41619	0.0599792
2.42874	0.059822
2.44135	0.0596678
2.45403	0.0595169
2.46677	0.059369
2.47958	0.0592244
2.49246	0.0590829
2.5054	0.0589447
2.51841	0.0588093
2.53149	0.0586773
2.54463	0.0585482
2.55784	0.0584222
2.57113	0.0582994
2.58448	0.0581799
2.5979	0.0580631
2.61139	0.0579495
2.62495	0.0578389
2.63858	0.0577316
2.65228	0.0576269
2.66605	0.0575256
2.67989	0.0574272
2.69381	0.0573319
2.7078	0.0572397
2.72186	0.0571503
2.73599	0.0570639
2.7502	0.0569807
2.76448	0.0569004
2.77883	0.0568232
2.79326	0.0567488
2.80777	0.0566775
2.82235	0.0566094
2.837	0.056544
2.85174	0.0564817
2.86654	0.0564225
2.88143	0.0563663
2.89639	0.0563129
2.91143	0.0562626
2.92655	0.0562152
2.94174	0.0561711
2.95702	0.0561298
2.97237	0.0560915
2.98781	0.0560562
3.00332	0.0560239
3.01892	0.0559947
3.0346	0.0559685
3.05035	0.0559452
3.06619	0.055925
3.08211	0.055908
3.09812	0.0558938
3.11421	0.0558827
3.13038	0.0558747
3.14663	0.0558697
3.16297	0.0558678
3.17939	0.055869
3.1959	0.0558733
3.2125	0.0558807
3.22918	0.0558912
3.24595	0.0559049
3.2628	0.0559216
3.27975	0.0559414
3.29678	0.0559643
3.3139	0.0559905
3.3311	0.0560199
3.3484	0.0560524
3.36579	0.0560881
3.38326	0.0561271
3.40083	0.0561692
3.41849	0.0562148
3.43624	0.0562634
3.45409	0.0563154
3.47202	0.0563707
3.49005	0.0564294
3.50817	0.0564913
3.52639	0.0565567
3.5447	0.0566253
3.56311	0.0566975
3.58161	0.0567729
3.60021	0.0568521
3.6189	0.0569345
3.63769	0.0570204
3.65658	0.0571099
3.67557	0.0572028
3.69466	0.0572995
3.71384	0.0573997
3.73313	0.0575034
3.75251	0.0576107
3.772	0.0577218
3.79158	0.0578366
3.81127	0.0579551
3.83106	0.0580777
3.85095	0.0582038
3.87095	0.0583337
3.89105	0.0584675
3.91126	0.0586053
3.93157	0.058747
3.95198	0.0588925
3.9725	0.0590422
3.99313	0.0591959
4.01387	0.0593538
4.03471	0.0595158
4.05566	0.0596819
4.07672	0.0598521
4.09789	0.0600265
4.11917	0.0602056
4.14055	0.0603887
4.16206	0.0605764
4.18367	0.0607683
4.20539	0.0609651
4.22723	0.0611661
4.24918	0.0613717
4.27124	0.0615821
4.29342	0.0617971
4.31572	0.0620168
4.33813	0.0622416
4.36065	0.0624709
4.3833	0.0627052
4.40606	0.0629444
4.42894	0.0631891
4.45193	0.0634386
4.47505	0.0636932
4.49829	0.0639529
4.52165	0.0642183
4.54513	0.0644887
4.56873	0.0647648
4.59245	0.0650464
4.6163	0.0653333
4.64027	0.0656262
4.66436	0.0659248
4.68858	0.0662292
4.71293	0.0665396
4.7374	0.0668557
4.762	0.0671779
4.78673	0.0675065
4.81158	0.0678409
4.83657	0.0681818
4.86168	0.0685291
4.88693	0.0688833
4.9123	0.0692437
4.93781	0.0696106
4.96345	0.0699847
4.98923	0.0703657
5.01513	0.0707537
5.04118	0.0711488
5.06735	0.0715511
5.09367	0.0719609
5.12011	0.0723779
5.1467	0.0728023
5.17343	0.0732348
5.20029	0.0736747
5.22729	0.0741226
5.25444	0.074579
5.28172	0.075043
5.30915	0.075516
5.33672	0.0759971
5.36443	0.0764868
5.39228	0.0769852
5.42028	0.0774926
5.44843	0.0780089
5.47672	0.0785344
5.50516	0.0790692
5.53374	0.0796136
5.56248	0.0801676
5.59136	0.0807314
5.6204	0.0813056
5.64958	0.0818897
5.67892	0.0824842
5.70841	0.0830893
5.73805	0.0837048
5.76784	0.0843313
5.79779	0.0849692
5.8279	0.0856181
5.85816	0.0862788
5.88858	0.0869509
5.91916	0.0876355
5.94989	0.0883319
5.98079	0.0890405
6.01185	0.0897623
6.04306	0.0904963
6.07444	0.0912438
6.10599	0.0920044
6.13769	0.0927789
6.16956	0.0935669
6.2016	0.094369
6.2338	0.0951861
6.26617	0.0960174
6.29871	0.0968638
6.33142	0.0977252
6.36429	0.098602
6.39734	0.0994951
6.43056	0.100404
6.46395	0.10133
6.49752	0.102272
6.53125	0.103232
6.56517	0.104209
6.59926	0.105203
6.63353	0.106216
6.66797	0.107248
6.7026	0.108298
6.7374	0.109369
6.77239	0.110458
6.80755	0.111567
6.8429	0.112697
6.87843	0.113848
6.91415	0.115021
6.95005	0.116216
6.98614	0.117432
7.02242	0.118672
7.05888	0.119935
7.09554	0.121222
7.13238	0.122533
7.16942	0.123869
7.20665	0.12523
7.24407	0.126617
7.28168	0.12803
7.3195	0.129471
7.3575	0.130939
7.39571	0.132435
7.43411	0.133961
7.47271	0.135515
7.51152	0.1371
7.55052	0.138716
7.58973	0.140364
7.62914	0.142043
7.66875	0.143756
7.70857	0.145502
7.7486	0.147283
7.78884	0.149099
7.82928	0.150951
7.86994	0.15284
7.9108	0.154767
7.95188	0.156733
7.99317	0.158739
8.03468	0.160784
8.0764	0.162871
8.11834	0.165
8.16049	0.167174
8.20287	0.169391
8.24546	0.171655
8.28828	0.173964
8.33131	0.176322
8.37458	0.178728
8.41806	0.181184
8.46177	0.183692
8.50571	0.186252
8.54988	0.188866
8.59428	0.191535
8.6389	0.19426
8.68376	0.197045
8.72885	0.199888
8.77418	0.202792
8.81974	0.205758
8.86554	0.208788
8.91157	0.211882
8.95785	0.215046
9.00436	0.218278
9.05112	0.221579
9.09812	0.224955
9.14536	0.228404
9.19285	0.231929
9.24058	0.235533
9.28857	0.239217
9.3368	0.242983
9.38528	0.246834
9.43402	0.250772
9.483	0.254799
9.53225	0.258916
9.58174	0.263127
9.6315	0.267435
9.68151	0.271842
9.73178	0.276351
9.78232	0.280963
9.83311	0.285682
9.88417	0.290512
9.9355	0.295455
9.98709	0.300514
10.0389	0.305692
10.0911	0.310992
10.1435	0.316417
10.1961	0.321975
10.2491	0.327664
10.3023	0.33349
10.3558	0.339456
10.4096	0.345566
10.4636	0.351827
10.518	0.358239
10.5726	0.364808
10.6275	0.371539
10.6827	0.378436
10.7381	0.385505
10.7939	0.392749
10.8499	0.400175
10.9063	0.407784
10.9629	0.415589
11.0198	0.42359
11.0771	0.431795
11.1346	0.440207
11.1924	0.448837
11.2505	0.457688
11.3089	0.466767
11.3677	0.476082
11.4267	0.485637
11.486	0.495444
11.5457	0.505507
11.6056	0.515835
11.6659	0.526441
11.7265	0.537322
11.7874	0.548497
11.8486	0.559967
11.9101	0.571747
11.9719	0.583845
12.0341	0.59627
12.0966	0.609032
12.1594	0.622151
12.2225	0.63562
12.286	0.649463
12.3498	0.663687
12.4139	0.678312
12.4784	0.69334
12.5432	0.708786
12.6083	0.724668
12.6738	0.740999
12.7396	0.757791
12.8058	0.775065
12.8722	0.792826
12.9391	0.811101
13.0063	0.829897
13.0738	0.849238
13.1417	0.869143
13.2099	0.889636
13.2785	0.910722
13.3475	0.932425
13.4168	0.954767
13.4865	0.977773
13.5565	1.00146
13.6269	1.02586
13.6976	1.05099
13.7688	1.07688
13.8403	1.10355
13.9121	1.13103
13.9844	1.15935
14.057	1.18853
14.13	1.21863
14.2034	1.24963
14.2771	1.2816
14.3512	1.31457
14.4258	1.34857
14.5007	1.38364
14.576	1.41981
14.6517	1.45713
14.7277	1.49563
14.8042	1.53536
14.8811	1.57637
14.9584	1.61869
15.036	1.66238
15.1141	1.70749
15.1926	1.75407
15.2715	1.80216
15.3508	1.85185
15.4305	1.90316
15.5106	1.95618
15.5912	2.01096
15.6721	2.06758
15.7535	2.12608
15.8353	2.18655
15.9175	2.24908
16.0002	2.31371
16.0833	2.38055
16.1668	2.44968
16.2507	2.5212
16.3351	2.59518
16.4199	2.67171
16.5052	2.7509
16.5909	2.83285
16.677	2.91769
16.7636	3.00551
16.8507	3.09643
16.9382	3.19059
17.0261	3.2881
17.1146	3.3891
17.2034	3.49374
17.2928	3.60216
17.3826	3.71448
17.4728	3.8309
17.5635	3.95159
17.6547	4.07672
17.7464	4.20644
17.8386	4.34097
17.9312	4.48047
18.0243	4.62518
18.1179	4.77534
18.212	4.93115
18.3066	5.0928
18.4016	5.2606
18.4972	5.43479
18.5932	5.61564
18.6898	5.80342
18.7868	5.99848
18.8844	6.20102
18.9824	6.41144
19.081	6.63007
19.1801	6.85733
19.2797	7.09348
19.3798	7.33898
19.4804	7.59418
19.5816	7.85955
19.6832	8.13548
19.7855	8.42258
19.8882	8.72118
19.9915	9.03192
20.0953	9.35525
20.1996	9.69181
20.3045	10.0421
20.4099	10.4068
20.5159	10.7866
20.6225	11.1821
20.7295	11.5942
20.8372	12.0234
20.9454	12.4706
21.0541	12.9369
21.1635	13.4227
21.2734	13.9292
21.3838	14.4573
21.4949	15.008
21.6065	15.5824
21.7187	16.1816
21.8315	16.8068
21.9448	17.4592
22.0588	18.14
22.1733	18.8509
22.2884	19.5931
22.4042	20.368
22.5205	21.1774
22.6375	22.0229
22.755	22.9063
22.8732	23.8294
22.9919	24.7943
23.1113	25.8027
23.2313	26.8572
23.352	27.96
23.4732	29.1132
23.5951	30.3196
23.7176	31.5816
23.8408	32.9023
23.9646	34.2845
24.089	35.7319
24.2141	37.2468
24.3398	38.8333
24.4662	40.4949
24.5933	42.2359
24.721	44.0597
24.8493	45.9707
24.9784	47.9743
25.1081	50.0745
25.2385	52.2767
25.3695	54.5862
25.5013	57.0085
25.6337	59.5496
25.7668	62.2165
25.9006	65.0154
26.0351	67.9537
26.1703	71.0389
26.3061	74.2786
26.4427	77.6808
26.5801	81.2546
26.7181	85.0102
26.8568	88.957
26.9963	93.1051
27.1365	97.4663
27.2774	102.052
27.419	106.875
27.5614	111.948
27.7045	117.287
27.8484	122.904
27.993	128.817
28.1383	135.043
28.2844	141.598
28.4313	148.501
28.5789	155.773
28.7273	163.435
28.8765	171.51
29.0264	180.021
29.1772	188.994
29.3287	198.454
29.481	208.433
29.6341	218.962
29.7879	230.068
29.9426	241.79
30.0981	254.162
30.2544	267.225
30.4115	281.021
30.5694	295.59
30.7281	310.983
30.8877	327.248
31.0481	344.437
31.2093	362.609
31.3714	381.822
31.5343	402.145
31.698	423.641
31.8626	446.386
32.0281	470.454
32.1944	495.93
32.3615	522.897
32.5296	551.457
32.6985	581.707
32.8683	613.751
33.039	647.71
33.2105	683.705
33.383	721.86
33.5563	762.315
33.7306	805.225
33.9057	850.753
34.0818	899.049
34.2587	950.304
34.4366	1004.72
34.6154	1062.5
34.7952	1123.86
34.9759	1189.04
35.1575	1258.3
35.3401	1331.9
35.5236	1410.15
35.708	1493.33
35.8934	1581.8
36.0798	1675.9
36.2672	1776.03
36.4555	1882.59
36.6448	1996.06
36.8351	2116.83
37.0263	2245.47
37.2186	2382.49
37.4119	2528.48
37.6061	2684.09
37.8014	2849.98
37.9977	3026.85
38.195	3215.49
38.3933	3416.72
38.5927	3631.47
38.7931	3860.67
38.9945	4105.36
39.197	4366.63
39.4006	4645.72
39.6052	4943.9
39.8108	5262.58
40.0175	5603.19
40.2253	5967.41
40.4342	6356.83
40.6442	6773.54
40.8552	7219.29
41.0674	7696.35
41.2806	8207.08
41.495	8754.01
41.7104	9339.76
41.927	9967.32
42.1447	10639.8
42.3636	11360.7
42.5835	12133.6
42.8047	12962.5
43.0269	13851.8
43.2504	14806.1
43.4749	15830.3
43.7007	16929.8
43.9276	18110.5
44.1557	19378.8
44.385	20741.7
44.6155	22206.3
44.8471	23781
45.08	25474
45.3141	27295.4
45.5494	29254.9
45.7859	31364.2
46.0237	33634.3
46.2627	36078.8
46.5029	38711.8
46.7444	41548.4
46.9871	44605.4
47.2311	47900.9
47.4763	51454.6
47.7228	55287.3
47.9707	59423.1
48.2197	63885.7
48.4701	68703.2
48.7218	73906.1
48.9748	79525.2
49.2291	85596.6
49.4848	92157.6
49.7417	99250.6
50	106922