2 10.2541 10.2541 1
2.02533 10.0838 10.0841 0.999962
2.05098 9.9168 9.91749 0.99993
2.07696 9.75301 9.75396 0.999903
2.10327 9.59228 9.59343 0.99988
2.1299 9.43447 9.43579 0.999861
2.15688 9.27948 9.28094 0.999844
2.1842 9.12722 9.12878 0.999829
2.21186 8.97759 8.97924 0.999817
2.23988 8.83052 8.83224 0.999805
2.26825 8.68596 8.68773 0.999795
2.29698 8.54381 8.54565 0.999785
2.32607 8.40407 8.40593 0.999778
2.35553 8.26664 8.26854 0.999771
2.38536 8.1315 8.13342 0.999764
2.41558 7.99858 8.00053 0.999757
2.44617 7.86786 7.86982 0.999751
2.47715 7.73929 7.74127 0.999744
2.50853 7.61284 7.61482 0.99974
2.5403 7.48845 7.49044 0.999734
2.57247 7.36611 7.3681 0.999729
2.60505 7.24576 7.24777 0.999723
2.63805 7.12738 7.1294 0.999718
2.67146 7.01095 7.01296 0.999713
2.7053 6.8964 6.89843 0.999707
2.73956 6.78376 6.78577 0.999703
2.77426 6.67293 6.67495 0.999698
2.8094 6.56391 6.56594 0.999691
2.84498 6.45669 6.45871 0.999687
2.88101 6.35122 6.35324 0.999682
2.9175 6.24745 6.24949 0.999675
2.95445 6.1454 6.14743 0.99967
2.99187 6.04501 6.04705 0.999664
3.02977 5.94626 5.9483 0.999657
3.06814 5.84913 5.85117 0.999652
3.107 5.75359 5.75563 0.999646
3.14635 5.65962 5.66166 0.99964
3.1862 5.56718 5.56922 0.999634
3.22656 5.47625 5.47829 0.999627
3.26742 5.38681 5.38885 0.99962
3.30881 5.29882 5.30088 0.999612
3.35072 5.21232 5.21435 0.99961
3.39316 5.1272 5.12924 0.999602
3.43613 5.04348 5.04552 0.999595
3.47965 4.96113 4.96318 0.999588
3.52372 4.88014 4.88218 0.999581
3.56835 4.80047 4.80252 0.999573
3.61355 4.7221 4.72416 0.999565
3.65932 4.64504 4.64709 0.999559
3.70566 4.56923 4.57128 0.999552
3.7526 4.49467 4.49672 0.999544
3.80013 4.42133 4.42338 0.999537
3.84826 4.3492 4.35124 0.999529
3.897 4.27825 4.2803 0.999521
3.94636 4.20846 4.21051 0.999512
3.99634 4.13982 4.14188 0.999503
4.04695 4.07231 4.07437 0.999494
4.09821 4.00592 4.00798 0.999486
4.15012 3.94061 3.94268 0.999477
4.20268 3.87639 3.87845 0.999468
4.25591 3.81322 3.81528 0.999459
4.30981 3.75109 3.75315 0.99945
4.3644 3.68998 3.69204 0.99944
4.41968 3.62988 3.63194 0.999431
4.47566 3.57077 3.57283 0.999423
4.53234 3.51264 3.5147 0.999413
4.58975 3.45546 3.45753 0.999402
4.64788 3.39922 3.40129 0.999392
4.70675 3.34392 3.34599 0.999381
4.76636 3.28953 3.2916 0.999371
4.82673 3.23603 3.23811 0.999359
4.88786 3.18342 3.1855 0.999348
4.94977 3.13168 3.13376 0.999337
5.01246 3.0808 3.08287 0.999327
5.07595 3.03075 3.03283 0.999315
5.14024 2.98153 2.98361 0.999303
5.20534 2.93313 2.93521 0.999291
5.27127 2.88552 2.88761 0.999277
5.33803 2.83871 2.8408 0.999265
5.40564 2.79267 2.79476 0.999252
5.47411 2.7474 2.74949 0.99924
5.54344 2.70288 2.70497 0.999229
5.61365 2.65909 2.66118 0.999215
5.68475 2.61603 2.61812 0.9992
5.75675 2.57368 2.57578 0.999187
5.82966 2.53204 2.53414 0.999173
5.9035 2.49109 2.49319 0.99916
5.97827 2.45082 2.45292 0.999147
6.05399 2.41122 2.41332 0.999132
6.13067 2.37228 2.37438 0.999117
6.20831 2.33398 2.33608 0.999102
6.28695 2.29632 2.29843 0.999086
6.36657 2.25929 2.2614 0.99907
6.44721 2.22288 2.22498 0.999053
6.52887 2.18707 2.18918 0.999037
6.61156 2.15186 2.15397 0.99902
6.6953 2.11724 2.11935 0.999004
6.7801 2.08319 2.08531 0.998987
6.86597 2.04971 2.05183 0.998969
6.95293 2.0168 2.01892 0.998951
7.041 1.98443 1.98655 0.998932
7.13017 1.9526 1.95473 0.998913
7.22048 1.92131 1.92344 0.998895
7.31193 1.89054 1.89267 0.998877
7.40454 1.86029 1.86242 0.998858
7.49833 1.83054 1.83267 0.998837
7.5933 1.80129 1.80343 0.998817
7.68947 1.77254 1.77467 0.998796
7.78686 1.74426 1.7464 0.998775
7.88549 1.71647 1.71861 0.998753
7.98536 1.68914 1.69128 0.998732
8.0865 1.66226 1.66441 0.998709
8.18892 1.63585 1.638 0.998687
8.29264 1.60987 1.61203 0.998663
8.39767 1.58434 1.5865 0.998639
8.50403 1.55923 1.5614 0.998615
8.61174 1.53455 1.53672 0.998589
8.72081 1.51029 1.51246 0.998564
8.83126 1.48644 1.48861 0.998538
8.94312 1.46299 1.46517 0.998511
9.05639 1.43994 1.44212 0.998484
9.17109 1.41728 1.41947 0.998456
9.28725 1.395 1.3972 0.998428
9.40488 1.37311 1.37531 0.998399
9.52399 1.35158 1.35379 0.99837
9.64462 1.33043 1.33264 0.998341
9.76677 1.30963 1.31185 0.99831
9.89048 1.2892 1.29142 0.99828
10.0157 1.2691 1.27133 0.998248
10.1426 1.24936 1.25159 0.998214
10.2711 1.22995 1.23219 0.998179
10.4012 1.21087 1.21312 0.998144
10.5329 1.19212 1.19438 0.998107
10.6663 1.17369 1.17596 0.99807
10.8014 1.15559 1.15786 0.998033
10.9382 1.13779 1.14008 0.997993
11.0767 1.1203 1.1226 0.997952
11.217 1.10311 1.10542 0.99791
11.3591 1.08622 1.08854 0.997867
11.503 1.06962 1.07196 0.997822
11.6487 1.05332 1.05566 0.997775
11.7962 1.03729 1.03965 0.997727
11.9456 1.02155 1.02392 0.997678
12.0969 1.00607 1.00847 0.997626
12.2501 0.990875 0.993285 0.997573
12.4053 0.975941 0.97837 0.997518
12.5624 0.96127 0.963718 0.99746
12.7215 0.946857 0.949325 0.997401
12.8826 0.932699 0.935187 0.99734
13.0458 0.918791 0.921301 0.997275
13.211 0.905129 0.907663 0.997209
13.3783 0.89171 0.894268 0.997139
13.5478 0.878532 0.881114 0.99707
13.7194 0.865587 0.868196 0.996994
13.8931 0.852874 0.855512 0.996916
14.0691 0.840388 0.843057 0.996834
14.2473 0.828128 0.830829 0.996749
14.4277 0.816089 0.818824 0.996659
14.6105 0.804267 0.807039 0.996566
14.7955 0.792661 0.79547 0.996468
14.9829 0.781266 0.784115 0.996366
15.1727 0.770079 0.772971 0.996259
15.3649 0.759098 0.762034 0.996147
15.5595 0.74832 0.751302 0.99603
15.7565 0.73774 0.740772 0.995908
15.9561 0.727358 0.73044 0.995779
16.1582 0.717169 0.720306 0.995645
16.3628 0.70717 0.710365 0.995503
16.5701 0.697361 0.700615 0.995355
16.78 0.687737 0.691054 0.9952
16.9925 0.678296 0.681679 0.995037
17.2077 0.669035 0.672488 0.994866
17.4257 0.659953 0.663479 0.994686
17.6464 0.651047 0.654649 0.994498
17.8699 0.642314 0.645996 0.9943
18.0962 0.633752 0.637518 0.994092
18.3254 0.625359 0.629214 0.993874
18.5575 0.617133 0.62108 0.993645
18.7925 0.609072 0.613116 0.993404
19.0306 0.601174 0.60532 0.993152
19.2716 0.593437 0.597689 0.992886
19.5157 0.585858 0.590222 0.992607
19.7628 0.578437 0.582917 0.992315
20.0132 0.571171 0.575773 0.992007
20.2666 0.564059 0.568789 0.991684
20.5233 0.557099 0.561963 0.991345
20.7833 0.550291 0.555294 0.99099
21.0465 0.543631 0.548781 0.990616
21.3131 0.537119 0.542422 0.990223
21.583 0.530753 0.536217 0.989811
21.8564 0.524533 0.530164 0.989378
22.1332 0.518457 0.524263 0.988924
22.4135 0.512523 0.518514 0.988447
22.6974 0.506732 0.512915 0.987946
22.9849 0.501083 0.507466 0.987421
23.276 0.495574 0.502167 0.98687
23.5708 0.490204 0.497017 0.986292
23.8693 0.484974 0.492017 0.985686
24.1716 0.479882 0.487165 0.98505
24.4778 0.474929 0.482464 0.984383
24.7878 0.470114 0.477912 0.983684
25.1018 0.465437 0.47351 0.98295
25.4197 0.460898 0.46926 0.982181
25.7416 0.456497 0.465161 0.981375
26.0677 0.452235 0.461214 0.98053
26.3978 0.448111 0.457422 0.979645
26.7322 0.444127 0.453785 0.978716
27.0708 0.440283 0.450305 0.977744
27.4136 0.436581 0.446984 0.976726
27.7608 0.433021 0.443824 0.975658
28.1124 0.429604 0.440828 0.97454
28.4685 0.426334 0.437998 0.973368
28.8291 0.42321 0.435339 0.97214
29.1942 0.420236 0.432852 0.970854
29.564 0.417414 0.430543 0.969506
29.9384 0.414747 0.428416 0.968095
30.3176 0.412238 0.426475 0.966617
30.7016 0.40989 0.424727 0.965068
31.0904 0.407708 0.423177 0.963445
31.4842 0.405695 0.421832 0.961745
31.883 0.403857 0.4207 0.959964
32.2868 0.4022 0.419789 0.958098
32.6957 0.400728 0.419109 0.956143
33.1098 0.39945 0.41867 0.954093
33.5292 0.398373 0.418483 0.951945
33.9539 0.397505 0.418561 0.949693
34.3839 0.396855 0.418919 0.947331
34.8194 0.396435 0.419573 0.944853
35.2604 0.396255 0.420539 0.942254
35.707 0.396329 0.421839 0.939527
36.1593 0.396672 0.423495 0.936663
36.6172 0.3973 0.425532 0.933656
37.081 0.398232 0.427978 0.930496
37.5507 0.399488 0.430866 0.927175
38.0263 0.401092 0.434232 0.923682
38.5079 0.403071 0.438118 0.920007
38.9956 0.405455 0.44257 0.916137
39.4895 0.408278 0.447644 0.91206
39.9897 0.411579 0.453401 0.907761
40.4962 0.415405 0.459913 0.903225
41.0091 0.419806 0.467264 0.898434
41.5285 0.424842 0.475549 0.89337
42.0544 0.430582 0.484883 0.888012
42.5871 0.437107 0.495396 0.882337
43.1265 0.444509 0.507245 0.87632
43.6727 0.452899 0.520613 0.869934
44.2258 0.462403 0.535718 0.863147
44.786 0.473173 0.55282 0.855926
45.3532 0.485388 0.572234 0.848233
45.9277 0.499261 0.594339 0.840027
46.5093 0.515048 0.6196 0.83126
47.0984 0.533064 0.648593 0.821876
47.6949 0.553692 0.682042 0.811814
48.299 0.577415 0.720869 0.800999
48.9108 0.604848 0.766271 0.78934
49.5302 0.636791 0.819839 0.776727
