2       10.2541
2.025   10.0945
2.05    9.93912
2.075   9.78791
2.1     9.64068
2.125   9.49727
2.15    9.35756
2.175   9.22139
2.2     9.08865
2.225   8.95922
2.25    8.83298
2.275   8.70981
2.3     8.58961
2.325   8.47229
2.35    8.35774
2.375   8.24586
2.4     8.13658
2.425   8.02981
2.45    7.92547
2.475   7.82347
2.5     7.72374
2.525   7.62622
2.55    7.53083
2.575   7.4375
2.6     7.34619
2.625   7.25681
2.65    7.16932
2.675   7.08365
2.7     6.99976
2.725   6.91759
2.75    6.8371
2.775   6.75822
2.8     6.68093
2.825   6.60517
2.85    6.5309
2.875   6.45807
2.9     6.38666
2.925   6.31661
2.95    6.2479
2.975   6.18048
3       6.11433
3.025   6.0494
3.05    5.98567
3.075   5.92311
3.1     5.86168
3.125   5.80136
3.15    5.74211
3.175   5.68392
3.2     5.62674
3.225   5.57057
3.25    5.51537
3.275   5.46112
3.3     5.4078
3.325   5.35538
3.35    5.30384
3.375   5.25316
3.4     5.20333
3.425   5.15432
3.45    5.1061
3.475   5.05868
3.5     5.01201
3.525   4.9661
3.55    4.92091
3.575   4.87644
3.6     4.83267
3.625   4.78958
3.65    4.74716
3.675   4.70539
3.7     4.66426
3.725   4.62375
3.75    4.58386
3.775   4.54457
3.8     4.50586
3.825   4.46772
3.85    4.43014
3.875   4.39312
3.9     4.35663
3.925   4.32067
3.95    4.28522
3.975   4.25028
4       4.21584
4.025   4.18188
4.05    4.14839
4.075   4.11538
4.1     4.08282
4.125   4.05071
4.15    4.01903
4.175   3.98779
4.2     3.95697
4.225   3.92657
4.25    3.89657
4.275   3.86697
4.3     3.83776
4.325   3.80893
4.35    3.78048
4.375   3.7524
4.4     3.72469
4.425   3.69733
4.45    3.67032
4.475   3.64365
4.5     3.61732
4.525   3.59132
4.55    3.56565
4.575   3.5403
4.6     3.51525
4.625   3.49052
4.65    3.46609
4.675   3.44196
4.7     3.41812
4.725   3.39457
4.75    3.3713
4.775   3.34831
4.8     3.32559
4.825   3.30314
4.85    3.28095
4.875   3.25903
4.9     3.23735
4.925   3.21593
4.95    3.19476
4.975   3.17383
5       3.15313
5.025   3.13268
5.05    3.11245
5.075   3.09245
5.1     3.07267
5.125   3.05312
5.15    3.03378
5.175   3.01465
5.2     2.99574
5.225   2.97703
5.25    2.95852
5.275   2.94022
5.3     2.92211
5.325   2.9042
5.35    2.88648
5.375   2.86894
5.4     2.85159
5.425   2.83443
5.45    2.81744
5.475   2.80063
5.5     2.784
5.525   2.76754
5.55    2.75125
5.575   2.73512
5.6     2.71916
5.625   2.70336
5.65    2.68773
5.675   2.67224
5.7     2.65692
5.725   2.64175
5.75    2.62673
5.775   2.61185
5.8     2.59713
5.825   2.58255
5.85    2.56811
5.875   2.55381
5.9     2.53965
5.925   2.52563
5.95    2.51174
5.975   2.49799
6       2.48437
6.025   2.47087
6.05    2.45751
6.075   2.44427
6.1     2.43115
6.125   2.41816
6.15    2.40529
6.175   2.39253
6.2     2.3799
6.225   2.36738
6.25    2.35498
6.275   2.34269
6.3     2.33051
6.325   2.31844
6.35    2.30648
6.375   2.29463
6.4     2.28288
6.425   2.27124
6.45    2.25971
6.475   2.24827
6.5     2.23694
6.525   2.2257
6.55    2.21457
6.575   2.20353
6.6     2.19258
6.625   2.18173
6.65    2.17098
6.675   2.16032
6.7     2.14975
6.725   2.13927
6.75    2.12887
6.775   2.11857
6.8     2.10835
6.825   2.09822
6.85    2.08818
6.875   2.07821
6.9     2.06833
6.925   2.05854
6.95    2.04882
6.975   2.03918
7       2.02963
7.025   2.02015
7.05    2.01074
7.075   2.00142
7.1     1.99217
7.125   1.98299
7.15    1.97389
7.175   1.96486
7.2     1.9559
7.225   1.94702
7.25    1.9382
7.275   1.92945
7.3     1.92078
7.325   1.91217
7.35    1.90363
7.375   1.89515
7.4     1.88674
7.425   1.8784
7.45    1.87012
7.475   1.8619
7.5     1.85375
7.525   1.84565
7.55    1.83762
7.575   1.82966
7.6     1.82175
7.625   1.8139
7.65    1.80611
7.675   1.79838
7.7     1.7907
7.725   1.78309
7.75    1.77553
7.775   1.76802
7.8     1.76057
7.825   1.75318
7.85    1.74584
7.875   1.73855
7.9     1.73132
7.925   1.72414
7.95    1.71701
7.975   1.70993
8       1.70291
8.025   1.69593
8.05    1.689
8.075   1.68213
8.1     1.6753
8.125   1.66852
8.15    1.66179
8.175   1.6551
8.2     1.64846
8.225   1.64187
8.25    1.63533
8.275   1.62883
8.3     1.62237
8.325   1.61596
8.35    1.6096
8.375   1.60327
8.4     1.597
8.425   1.59076
8.45    1.58457
8.475   1.57842
8.5     1.57231
8.525   1.56624
8.55    1.56021
8.575   1.55422
8.6     1.54828
8.625   1.54237
8.65    1.5365
8.675   1.53067
8.7     1.52488
8.725   1.51913
8.75    1.51341
8.775   1.50774
8.8     1.5021
8.825   1.4965
8.85    1.49093
8.875   1.4854
8.9     1.4799
8.925   1.47445
8.95    1.46902
8.975   1.46363
9       1.45828
9.025   1.45296
9.05    1.44767
9.075   1.44242
9.1     1.4372
9.125   1.43201
9.15    1.42686
9.175   1.42174
9.2     1.41665
9.225   1.41159
9.25    1.40656
9.275   1.40157
9.3     1.3966
9.325   1.39167
9.35    1.38677
9.375   1.3819
9.4     1.37705
9.425   1.37224
9.45    1.36746
9.475   1.3627
9.5     1.35797
9.525   1.35328
9.55    1.34861
9.575   1.34397
9.6     1.33935
9.625   1.33477
9.65    1.33021
9.675   1.32568
9.7     1.32118
9.725   1.3167
9.75    1.31225
9.775   1.30782
9.8     1.30343
9.825   1.29905
9.85    1.29471
9.875   1.29038
9.9     1.28609
9.925   1.28182
9.95    1.27757
9.975   1.27335
10      1.26915
10.025  1.26498
10.05   1.26083
10.075  1.2567
10.1    1.2526
10.125  1.24852
10.15   1.24446
10.175  1.24043
10.2    1.23642
10.225  1.23243
10.25   1.22847
10.275  1.22453
10.3    1.22061
10.325  1.21671
10.35   1.21283
10.375  1.20898
10.4    1.20514
10.425  1.20133
10.45   1.19754
10.475  1.19377
10.5    1.19002
10.525  1.18629
10.55   1.18258
10.575  1.17889
10.6    1.17522
10.625  1.17157
10.65   1.16794
10.675  1.16433
10.7    1.16074
10.725  1.15717
10.75   1.15362
10.775  1.15009
10.8    1.14658
10.825  1.14308
10.85   1.13961
10.875  1.13615
10.9    1.13271
10.925  1.12929
10.95   1.12588
10.975  1.1225
11      1.11913
11.025  1.11578
11.05   1.11245
11.075  1.10914
11.1    1.10584
11.125  1.10256
11.15   1.09929
11.175  1.09605
11.2    1.09282
11.225  1.0896
11.25   1.08641
11.275  1.08323
11.3    1.08006
11.325  1.07691
11.35   1.07378
11.375  1.07067
11.4    1.06757
11.425  1.06448
11.45   1.06141
11.475  1.05836
11.5    1.05532
11.525  1.0523
11.55   1.04929
11.575  1.0463
11.6    1.04332
11.625  1.04035
11.65   1.03741
11.675  1.03447
11.7    1.03155
11.725  1.02865
11.75   1.02576
11.775  1.02288
11.8    1.02002
11.825  1.01717
11.85   1.01433
11.875  1.01151
11.9    1.00871
11.925  1.00591
11.95   1.00313
11.975  1.00037
12      0.997613
12.025  0.994873
12.05   0.992146
12.075  0.989432
12.1    0.986731
12.125  0.984043
12.15   0.981368
12.175  0.978706
12.2    0.976056
12.225  0.973418
12.25   0.970793
12.275  0.968181
12.3    0.965581
12.325  0.962993
12.35   0.960417
12.375  0.957853
12.4    0.955301
12.425  0.95276
12.45   0.950232
12.475  0.947716
12.5    0.945211
12.525  0.942717
12.55   0.940235
12.575  0.937765
12.6    0.935306
12.625  0.932858
12.65   0.930421
12.675  0.927995
12.7    0.925581
12.725  0.923177
12.75   0.920785
12.775  0.918403
12.8    0.916032
12.825  0.913671
12.85   0.911322
12.875  0.908982
12.9    0.906654
12.925  0.904335
12.95   0.902027
12.975  0.89973
13      0.897442
13.025  0.895165
13.05   0.892898
13.075  0.890641
13.1    0.888393
13.125  0.886156
13.15   0.883929
13.175  0.881711
13.2    0.879503
13.225  0.877305
13.25   0.875116
13.275  0.872937
13.3    0.870767
13.325  0.868607
13.35   0.866456
13.375  0.864314
13.4    0.862182
13.425  0.860059
13.45   0.857945
13.475  0.85584
13.5    0.853744
13.525  0.851657
13.55   0.849579
13.575  0.84751
13.6    0.845449
13.625  0.843398
13.65   0.841355
13.675  0.83932
13.7    0.837295
13.725  0.835278
13.75   0.833269
13.775  0.831269
13.8    0.829277
13.825  0.827293
13.85   0.825318
13.875  0.823351
13.9    0.821392
13.925  0.819442
13.95   0.817499
13.975  0.815564
14      0.813638
14.025  0.811719
14.05   0.809809
14.075  0.807906
14.1    0.806011
14.125  0.804124
14.15   0.802244
14.175  0.800372
14.2    0.798508
14.225  0.796651
14.25   0.794802
14.275  0.792961
14.3    0.791126
14.325  0.7893
14.35   0.78748
14.375  0.785668
14.4    0.783864
14.425  0.782066
14.45   0.780276
14.475  0.778493
14.5    0.776717
14.525  0.774948
14.55   0.773186
14.575  0.771431
14.6    0.769683
14.625  0.767942
14.65   0.766208
14.675  0.76448
14.7    0.76276
14.725  0.761046
14.75   0.759339
14.775  0.757639
14.8    0.755945
14.825  0.754258
14.85   0.752577
14.875  0.750903
14.9    0.749236
14.925  0.747575
14.95   0.74592
14.975  0.744272
15      0.742631
15.025  0.740995
15.05   0.739366
15.075  0.737743
15.1    0.736126
15.125  0.734516
15.15   0.732911
15.175  0.731313
15.2    0.729721
15.225  0.728135
15.25   0.726555
15.275  0.724981
15.3    0.723413
15.325  0.721851
15.35   0.720294
15.375  0.718744
15.4    0.717199
15.425  0.715661
15.45   0.714128
15.475  0.7126
15.5    0.711079
15.525  0.709563
15.55   0.708053
15.575  0.706548
15.6    0.705049
15.625  0.703555
15.65   0.702067
15.675  0.700585
15.7    0.699108
15.725  0.697636
15.75   0.69617
15.775  0.694709
15.8    0.693254
15.825  0.691804
15.85   0.690359
15.875  0.68892
15.9    0.687485
15.925  0.686056
15.95   0.684633
15.975  0.683214
16      0.6818
16.025  0.680392
16.05   0.678988
16.075  0.67759
16.1    0.676197
16.125  0.674809
16.15   0.673425
16.175  0.672047
16.2    0.670674
16.225  0.669305
16.25   0.667941
16.275  0.666583
16.3    0.665229
16.325  0.66388
16.35   0.662535
16.375  0.661196
16.4    0.659861
16.425  0.658531
16.45   0.657205
16.475  0.655884
16.5    0.654568
16.525  0.653257
16.55   0.65195
16.575  0.650647
16.6    0.649349
16.625  0.648056
16.65   0.646767
16.675  0.645483
16.7    0.644203
16.725  0.642928
16.75   0.641657
16.775  0.64039
16.8    0.639128
16.825  0.63787
16.85   0.636616
16.875  0.635367
16.9    0.634122
16.925  0.632881
16.95   0.631645
16.975  0.630412
17      0.629184
17.025  0.62796
17.05   0.626741
17.075  0.625525
17.1    0.624313
17.125  0.623106
17.15   0.621903
17.175  0.620703
17.2    0.619508
17.225  0.618317
17.25   0.61713
17.275  0.615947
17.3    0.614767
17.325  0.613592
17.35   0.612421
17.375  0.611253
17.4    0.61009
17.425  0.60893
17.45   0.607774
17.475  0.606622
17.5    0.605474
17.525  0.60433
17.55   0.603189
17.575  0.602052
17.6    0.600919
17.625  0.59979
17.65   0.598664
17.675  0.597542
17.7    0.596424
17.725  0.595309
17.75   0.594198
17.775  0.593091
17.8    0.591987
17.825  0.590887
17.85   0.58979
17.875  0.588697
17.9    0.587608
17.925  0.586522
17.95   0.585439
17.975  0.58436
18      0.583285
18.025  0.582212
18.05   0.581144
18.075  0.580079
18.1    0.579017
18.125  0.577958
18.15   0.576903
18.175  0.575852
18.2    0.574804
18.225  0.573759
18.25   0.572717
18.275  0.571679
18.3    0.570644
18.325  0.569612
18.35   0.568583
18.375  0.567558
18.4    0.566536
18.425  0.565517
18.45   0.564502
18.475  0.563489
18.5    0.56248
18.525  0.561474
18.55   0.560471
18.575  0.559471
18.6    0.558474
18.625  0.557481
18.65   0.55649
18.675  0.555503
18.7    0.554519
18.725  0.553537
18.75   0.552559
18.775  0.551584
18.8    0.550611
18.825  0.549642
18.85   0.548676
18.875  0.547713
18.9    0.546752
18.925  0.545795
18.95   0.54484
18.975  0.543889
19      0.54294
19.025  0.541994
19.05   0.541052
19.075  0.540112
19.1    0.539174
19.125  0.53824
19.15   0.537309
19.175  0.53638
19.2    0.535454
19.225  0.534531
19.25   0.533611
19.275  0.532693
19.3    0.531778
19.325  0.530866
19.35   0.529957
19.375  0.52905
19.4    0.528147
19.425  0.527245
19.45   0.526347
19.475  0.525451
19.5    0.524558
19.525  0.523668
19.55   0.52278
19.575  0.521895
19.6    0.521012
19.625  0.520132
19.65   0.519255
19.675  0.51838
19.7    0.517508
19.725  0.516638
19.75   0.515771
19.775  0.514906
19.8    0.514044
19.825  0.513185
19.85   0.512328
19.875  0.511473
19.9    0.510621
19.925  0.509772
19.95   0.508925
19.975  0.50808
20      0.507238
20.025  0.506398
20.05   0.505561
20.075  0.504726
20.1    0.503894
20.125  0.503064
20.15   0.502236
20.175  0.501411
20.2    0.500588
20.225  0.499767
20.25   0.498949
20.275  0.498133
20.3    0.49732
20.325  0.496509
20.35   0.4957
20.375  0.494893
20.4    0.494089
20.425  0.493287
20.45   0.492487
20.475  0.49169
20.5    0.490895
20.525  0.490102
20.55   0.489311
20.575  0.488522
20.6    0.487736
20.625  0.486952
20.65   0.48617
20.675  0.485391
20.7    0.484613
20.725  0.483838
20.75   0.483065
20.775  0.482294
20.8    0.481525
20.825  0.480758
20.85   0.479994
20.875  0.479231
20.9    0.478471
20.925  0.477713
20.95   0.476957
20.975  0.476203
21      0.475451
21.025  0.474701
21.05   0.473953
21.075  0.473208
21.1    0.472464
21.125  0.471722
21.15   0.470983
21.175  0.470245
21.2    0.46951
21.225  0.468776
21.25   0.468045
21.275  0.467315
21.3    0.466588
21.325  0.465862
21.35   0.465138
21.375  0.464417
21.4    0.463697
21.425  0.462979
21.45   0.462264
21.475  0.46155
21.5    0.460838
21.525  0.460128
21.55   0.45942
21.575  0.458714
21.6    0.458009
21.625  0.457307
21.65   0.456606
21.675  0.455908
21.7    0.455211
21.725  0.454516
21.75   0.453823
21.775  0.453132
21.8    0.452443
21.825  0.451755
21.85   0.451069
21.875  0.450385
21.9    0.449703
21.925  0.449023
21.95   0.448345
21.975  0.447668
22      0.446993
22.025  0.44632
22.05   0.445649
22.075  0.444979
22.1    0.444311
22.125  0.443645
22.15   0.442981
22.175  0.442318
22.2    0.441657
22.225  0.440998
22.25   0.440341
22.275  0.439685
22.3    0.439031
22.325  0.438379
22.35   0.437728
22.375  0.43708
22.4    0.436432
22.425  0.435787
22.45   0.435143
22.475  0.434501
22.5    0.43386
22.525  0.433221
22.55   0.432584
22.575  0.431948
22.6    0.431314
22.625  0.430682
22.65   0.430051
22.675  0.429422
22.7    0.428795
22.725  0.428169
22.75   0.427544
22.775  0.426922
22.8    0.426301
22.825  0.425681
22.85   0.425063
22.875  0.424447
22.9    0.423832
22.925  0.423218
22.95   0.422607
22.975  0.421997
23      0.421388
23.025  0.420781
23.05   0.420175
23.075  0.419571
23.1    0.418969
23.125  0.418368
23.15   0.417768
23.175  0.41717
23.2    0.416573
23.225  0.415978
23.25   0.415385
23.275  0.414793
23.3    0.414202
23.325  0.413613
23.35   0.413025
23.375  0.412439
23.4    0.411854
23.425  0.411271
23.45   0.410689
23.475  0.410109
23.5    0.40953
23.525  0.408952
23.55   0.408376
23.575  0.407801
23.6    0.407228
23.625  0.406656
23.65   0.406086
23.675  0.405517
23.7    0.404949
23.725  0.404383
23.75   0.403818
23.775  0.403254
23.8    0.402692
23.825  0.402131
23.85   0.401572
23.875  0.401014
23.9    0.400457
23.925  0.399902
23.95   0.399348
23.975  0.398795
24      0.398244
24.025  0.397694
24.05   0.397145
24.075  0.396598
24.1    0.396052
24.125  0.395507
24.15   0.394963
24.175  0.394421
24.2    0.39388
24.225  0.393341
24.25   0.392803
24.275  0.392266
24.3    0.39173
24.325  0.391196
24.35   0.390663
24.375  0.390131
24.4    0.3896
24.425  0.389071
24.45   0.388543
24.475  0.388016
24.5    0.387491
24.525  0.386966
24.55   0.386443
24.575  0.385922
24.6    0.385401
24.625  0.384882
24.65   0.384363
24.675  0.383847
24.7    0.383331
24.725  0.382816
24.75   0.382303
24.775  0.381791
24.8    0.38128
24.825  0.38077
24.85   0.380262
24.875  0.379755
24.9    0.379248
24.925  0.378744
24.95   0.37824
24.975  0.377737
25      0.377236
25.025  0.376735
25.05   0.376236
25.075  0.375738
25.1    0.375242
25.125  0.374746
25.15   0.374251
25.175  0.373758
25.2    0.373266
25.225  0.372775
25.25   0.372285
25.275  0.371796
25.3    0.371308
25.325  0.370822
25.35   0.370336
25.375  0.369852
25.4    0.369369
25.425  0.368886
25.45   0.368405
25.475  0.367925
25.5    0.367447
25.525  0.366969
25.55   0.366492
25.575  0.366016
25.6    0.365542
25.625  0.365068
25.65   0.364596
25.675  0.364125
25.7    0.363655
25.725  0.363185
25.75   0.362717
25.775  0.36225
25.8    0.361784
25.825  0.361319
25.85   0.360855
25.875  0.360392
25.9    0.35993
25.925  0.35947
25.95   0.35901
25.975  0.358551
26      0.358093
26.025  0.357637
26.05   0.357181
26.075  0.356726
26.1    0.356273
26.125  0.35582
26.15   0.355368
26.175  0.354918
26.2    0.354468
26.225  0.354019
26.25   0.353572
26.275  0.353125
26.3    0.352679
26.325  0.352235
26.35   0.351791
26.375  0.351348
26.4    0.350906
26.425  0.350466
26.45   0.350026
26.475  0.349587
26.5    0.349149
26.525  0.348712
26.55   0.348276
26.575  0.347841
26.6    0.347407
26.625  0.346974
26.65   0.346542
26.675  0.34611
26.7    0.34568
26.725  0.345251
26.75   0.344822
26.775  0.344395
26.8    0.343968
26.825  0.343542
26.85   0.343118
26.875  0.342694
26.9    0.342271
26.925  0.341849
26.95   0.341428
26.975  0.341008
27      0.340588
27.025  0.34017
27.05   0.339753
27.075  0.339336
27.1    0.33892
27.125  0.338506
27.15   0.338092
27.175  0.337679
27.2    0.337266
27.225  0.336855
27.25   0.336445
27.275  0.336035
27.3    0.335627
27.325  0.335219
27.35   0.334812
27.375  0.334406
27.4    0.334001
27.425  0.333596
27.45   0.333193
27.475  0.33279
27.5    0.332389
27.525  0.331988
27.55   0.331588
27.575  0.331188
27.6    0.33079
27.625  0.330392
27.65   0.329996
27.675  0.3296
27.7    0.329205
27.725  0.328811
27.75   0.328417
27.775  0.328025
27.8    0.327633
27.825  0.327242
27.85   0.326852
27.875  0.326462
27.9    0.326074
27.925  0.325686
27.95   0.325299
27.975  0.324913
28      0.324528
28.025  0.324143
28.05   0.32376
28.075  0.323377
28.1    0.322995
28.125  0.322614
28.15   0.322233
28.175  0.321853
28.2    0.321474
28.225  0.321096
28.25   0.320719
28.275  0.320342
28.3    0.319966
28.325  0.319591
28.35   0.319217
28.375  0.318843
28.4    0.318471
28.425  0.318099
28.45   0.317727
28.475  0.317357
28.5    0.316987
28.525  0.316618
28.55   0.31625
28.575  0.315882
28.6    0.315516
28.625  0.31515
28.65   0.314784
28.675  0.31442
28.7    0.314056
28.725  0.313693
28.75   0.313331
28.775  0.312969
28.8    0.312608
28.825  0.312248
28.85   0.311889
28.875  0.31153
28.9    0.311172
28.925  0.310815
28.95   0.310458
28.975  0.310103
29      0.309748
29.025  0.309393
29.05   0.309039
29.075  0.308687
29.1    0.308334
29.125  0.307983
29.15   0.307632
29.175  0.307282
29.2    0.306932
29.225  0.306584
29.25   0.306235
29.275  0.305888
29.3    0.305541
29.325  0.305195
29.35   0.30485
29.375  0.304505
29.4    0.304161
29.425  0.303818
29.45   0.303476
29.475  0.303134
29.5    0.302792
29.525  0.302452
29.55   0.302112
29.575  0.301773
29.6    0.301434
29.625  0.301096
29.65   0.300759
29.675  0.300422
29.7    0.300087
29.725  0.299751
29.75   0.299417
29.775  0.299083
29.8    0.298749
29.825  0.298417
29.85   0.298085
29.875  0.297753
29.9    0.297423
29.925  0.297093
29.95   0.296763
29.975  0.296434
30      0.296106
30.025  0.295779
30.05   0.295452
30.075  0.295125
30.1    0.2948
30.125  0.294475
30.15   0.29415
30.175  0.293827
30.2    0.293504
30.225  0.293181
30.25   0.292859
30.275  0.292538
30.3    0.292217
30.325  0.291897
30.35   0.291578
30.375  0.291259
30.4    0.290941
30.425  0.290623
30.45   0.290306
30.475  0.28999
30.5    0.289674
30.525  0.289359
30.55   0.289044
30.575  0.28873
30.6    0.288417
30.625  0.288104
30.65   0.287792
30.675  0.28748
30.7    0.287169
30.725  0.286859
30.75   0.286549
30.775  0.28624
30.8    0.285931
30.825  0.285623
30.85   0.285315
30.875  0.285009
30.9    0.284702
30.925  0.284396
30.95   0.284091
30.975  0.283787
31      0.283483
31.025  0.283179
31.05   0.282876
31.075  0.282574
31.1    0.282272
31.125  0.281971
31.15   0.28167
31.175  0.28137
31.2    0.28107
31.225  0.280771
31.25   0.280473
31.275  0.280175
31.3    0.279878
31.325  0.279581
31.35   0.279285
31.375  0.278989
31.4    0.278694
31.425  0.278399
31.45   0.278105
31.475  0.277812
31.5    0.277519
31.525  0.277227
31.55   0.276935
31.575  0.276643
31.6    0.276352
31.625  0.276062
31.65   0.275772
31.675  0.275483
31.7    0.275195
31.725  0.274906
31.75   0.274619
31.775  0.274332
31.8    0.274045
31.825  0.273759
31.85   0.273474
31.875  0.273189
31.9    0.272904
31.925  0.27262
31.95   0.272337
31.975  0.272054
32      0.271771
32.025  0.27149
32.05   0.271208
32.075  0.270927
32.1    0.270647
32.125  0.270367
32.15   0.270088
32.175  0.269809
32.2    0.26953
32.225  0.269253
32.25   0.268975
32.275  0.268698
32.3    0.268422
32.325  0.268146
32.35   0.267871
32.375  0.267596
32.4    0.267322
32.425  0.267048
32.45   0.266774
32.475  0.266502
32.5    0.266229
32.525  0.265957
32.55   0.265686
32.575  0.265415
32.6    0.265144
32.625  0.264874
32.65   0.264605
32.675  0.264336
32.7    0.264067
32.725  0.263799
32.75   0.263532
32.775  0.263264
32.8    0.262998
32.825  0.262732
32.85   0.262466
32.875  0.262201
32.9    0.261936
32.925  0.261672
32.95   0.261408
32.975  0.261144
33      0.260882
33.025  0.260619
33.05   0.260357
33.075  0.260096
33.1    0.259835
33.125  0.259574
33.15   0.259314
33.175  0.259054
33.2    0.258795
33.225  0.258536
33.25   0.258278
33.275  0.25802
33.3    0.257763
33.325  0.257506
33.35   0.257249
33.375  0.256993
33.4    0.256737
33.425  0.256482
33.45   0.256227
33.475  0.255973
33.5    0.255719
33.525  0.255466
33.55   0.255213
33.575  0.25496
33.6    0.254708
33.625  0.254456
33.65   0.254205
33.675  0.253954
33.7    0.253704
33.725  0.253454
33.75   0.253205
33.775  0.252956
33.8    0.252707
33.825  0.252459
33.85   0.252211
33.875  0.251964
33.9    0.251717
33.925  0.25147
33.95   0.251224
33.975  0.250978
34      0.250733
34.025  0.250488
34.05   0.250244
34.075  0.25
34.1    0.249756
34.125  0.249513
34.15   0.24927
34.175  0.249028
34.2    0.248786
34.225  0.248544
34.25   0.248303
34.275  0.248063
34.3    0.247822
34.325  0.247582
34.35   0.247343
34.375  0.247104
34.4    0.246865
34.425  0.246627
34.45   0.246389
34.475  0.246152
34.5    0.245915
34.525  0.245678
34.55   0.245442
34.575  0.245206
34.6    0.24497
34.625  0.244735
34.65   0.2445
34.675  0.244266
34.7    0.244032
34.725  0.243799
34.75   0.243566
34.775  0.243333
34.8    0.243101
34.825  0.242869
34.85   0.242637
34.875  0.242406
34.9    0.242175
34.925  0.241945
34.95   0.241715
34.975  0.241485
35      0.241256
35.025  0.241027
35.05   0.240798
35.075  0.24057
35.1    0.240342
35.125  0.240115
35.15   0.239888
35.175  0.239662
35.2    0.239435
35.225  0.239209
35.25   0.238984
35.275  0.238759
35.3    0.238534
35.325  0.23831
35.35   0.238086
35.375  0.237862
35.4    0.237639
35.425  0.237416
35.45   0.237193
35.475  0.236971
35.5    0.236749
35.525  0.236528
35.55   0.236307
35.575  0.236086
35.6    0.235866
35.625  0.235646
35.65   0.235426
35.675  0.235207
35.7    0.234988
35.725  0.234769
35.75   0.234551
35.775  0.234333
35.8    0.234116
35.825  0.233898
35.85   0.233682
35.875  0.233465
35.9    0.233249
35.925  0.233033
35.95   0.232818
35.975  0.232603
36      0.232388
36.025  0.232174
36.05   0.23196
36.075  0.231746
36.1    0.231533
36.125  0.23132
36.15   0.231107
36.175  0.230895
36.2    0.230683
36.225  0.230471
36.25   0.23026
36.275  0.230049
36.3    0.229838
36.325  0.229628
36.35   0.229418
36.375  0.229209
36.4    0.228999
36.425  0.22879
36.45   0.228582
36.475  0.228373
36.5    0.228166
36.525  0.227958
36.55   0.227751
36.575  0.227544
36.6    0.227337
36.625  0.227131
36.65   0.226925
36.675  0.226719
36.7    0.226514
36.725  0.226309
36.75   0.226104
36.775  0.2259
36.8    0.225696
36.825  0.225492
36.85   0.225289
36.875  0.225086
36.9    0.224883
36.925  0.224681
36.95   0.224479
36.975  0.224277
37      0.224075
37.025  0.223874
37.05   0.223674
37.075  0.223473
37.1    0.223273
37.125  0.223073
37.15   0.222873
37.175  0.222674
37.2    0.222475
37.225  0.222277
37.25   0.222078
37.275  0.22188
37.3    0.221683
37.325  0.221485
37.35   0.221288
37.375  0.221091
37.4    0.220895
37.425  0.220699
37.45   0.220503
37.475  0.220307
37.5    0.220112
37.525  0.219917
37.55   0.219722
37.575  0.219528
37.6    0.219334
37.625  0.21914
37.65   0.218947
37.675  0.218754
37.7    0.218561
37.725  0.218368
37.75   0.218176
37.775  0.217984
37.8    0.217792
37.825  0.217601
37.85   0.21741
37.875  0.217219
37.9    0.217029
37.925  0.216838
37.95   0.216649
37.975  0.216459
38      0.21627
38.025  0.216081
38.05   0.215892
38.075  0.215703
38.1    0.215515
38.125  0.215327
38.15   0.21514
38.175  0.214952
38.2    0.214765
38.225  0.214579
38.25   0.214392
38.275  0.214206
38.3    0.21402
38.325  0.213835
38.35   0.213649
38.375  0.213464
38.4    0.213279
38.425  0.213095
38.45   0.212911
38.475  0.212727
38.5    0.212543
38.525  0.21236
38.55   0.212177
38.575  0.211994
38.6    0.211811
38.625  0.211629
38.65   0.211447
38.675  0.211265
38.7    0.211084
38.725  0.210903
38.75   0.210722
38.775  0.210541
38.8    0.210361
38.825  0.210181
38.85   0.210001
38.875  0.209821
38.9    0.209642
38.925  0.209463
38.95   0.209284
38.975  0.209106
39      0.208928
39.025  0.20875
39.05   0.208572
39.075  0.208394
39.1    0.208217
39.125  0.20804
39.15   0.207864
39.175  0.207687
39.2    0.207511
39.225  0.207335
39.25   0.20716
39.275  0.206985
39.3    0.206809
39.325  0.206635
39.35   0.20646
39.375  0.206286
39.4    0.206112
39.425  0.205938
39.45   0.205764
39.475  0.205591
39.5    0.205418
39.525  0.205245
39.55   0.205073
39.575  0.204901
39.6    0.204729
39.625  0.204557
39.65   0.204385
39.675  0.204214
39.7    0.204043
39.725  0.203872
39.75   0.203702
39.775  0.203532
39.8    0.203362
39.825  0.203192
39.85   0.203023
39.875  0.202853
39.9    0.202684
39.925  0.202516
39.95   0.202347
39.975  0.202179
40      0.202011
40.025  0.201843
40.05   0.201675
40.075  0.201508
40.1    0.201341
40.125  0.201174
40.15   0.201008
40.175  0.200841
40.2    0.200675
40.225  0.20051
40.25   0.200344
40.275  0.200179
40.3    0.200013
40.325  0.199849
40.35   0.199684
40.375  0.19952
40.4    0.199355
40.425  0.199191
40.45   0.199028
40.475  0.198864
40.5    0.198701
40.525  0.198538
40.55   0.198375
40.575  0.198213
40.6    0.19805
40.625  0.197888
40.65   0.197727
40.675  0.197565
40.7    0.197404
40.725  0.197242
40.75   0.197082
40.775  0.196921
40.8    0.19676
40.825  0.1966
40.85   0.19644
40.875  0.19628
40.9    0.196121
40.925  0.195962
40.95   0.195802
40.975  0.195644
41      0.195485
41.025  0.195327
41.05   0.195168
41.075  0.19501
41.1    0.194853
41.125  0.194695
41.15   0.194538
41.175  0.194381
41.2    0.194224
41.225  0.194067
41.25   0.193911
41.275  0.193755
41.3    0.193599
41.325  0.193443
41.35   0.193288
41.375  0.193132
41.4    0.192977
41.425  0.192822
41.45   0.192668
41.475  0.192513
41.5    0.192359
41.525  0.192205
41.55   0.192051
41.575  0.191898
41.6    0.191744
41.625  0.191591
41.65   0.191438
41.675  0.191286
41.7    0.191133
41.725  0.190981
41.75   0.190829
41.775  0.190677
41.8    0.190525
41.825  0.190374
41.85   0.190222
41.875  0.190071
41.9    0.189921
41.925  0.18977
41.95   0.18962
41.975  0.189469
42      0.189319
42.025  0.18917
42.05   0.18902
42.075  0.188871
42.1    0.188722
42.125  0.188573
42.15   0.188424
42.175  0.188275
42.2    0.188127
42.225  0.187979
42.25   0.187831
42.275  0.187683
42.3    0.187536
42.325  0.187388
42.35   0.187241
42.375  0.187094
42.4    0.186948
42.425  0.186801
42.45   0.186655
42.475  0.186509
42.5    0.186363
42.525  0.186217
42.55   0.186072
42.575  0.185926
42.6    0.185781
42.625  0.185636
42.65   0.185492
42.675  0.185347
42.7    0.185203
42.725  0.185059
42.75   0.184915
42.775  0.184771
42.8    0.184628
42.825  0.184484
42.85   0.184341
42.875  0.184198
42.9    0.184055
42.925  0.183913
42.95   0.18377
42.975  0.183628
43      0.183486
43.025  0.183345
43.05   0.183203
43.075  0.183062
43.1    0.18292
43.125  0.182779
43.15   0.182638
43.175  0.182498
43.2    0.182357
43.225  0.182217
43.25   0.182077
43.275  0.181937
43.3    0.181797
43.325  0.181658
43.35   0.181519
43.375  0.181379
43.4    0.18124
43.425  0.181102
43.45   0.180963
43.475  0.180825
43.5    0.180687
43.525  0.180548
43.55   0.180411
43.575  0.180273
43.6    0.180136
43.625  0.179998
43.65   0.179861
43.675  0.179724
43.7    0.179587
43.725  0.179451
43.75   0.179314
43.775  0.179178
43.8    0.179042
43.825  0.178906
43.85   0.178771
43.875  0.178635
43.9    0.1785
43.925  0.178365
43.95   0.17823
43.975  0.178095
44      0.177961
44.025  0.177826
44.05   0.177692
44.075  0.177558
44.1    0.177424
44.125  0.17729
44.15   0.177157
44.175  0.177023
44.2    0.17689
44.225  0.176757
44.25   0.176625
44.275  0.176492
44.3    0.176359
44.325  0.176227
44.35   0.176095
44.375  0.175963
44.4    0.175831
44.425  0.1757
44.45   0.175568
44.475  0.175437
44.5    0.175306
44.525  0.175175
44.55   0.175044
44.575  0.174914
44.6    0.174783
44.625  0.174653
44.65   0.174523
44.675  0.174393
44.7    0.174263
44.725  0.174134
44.75   0.174004
44.775  0.173875
44.8    0.173746
44.825  0.173617
44.85   0.173488
44.875  0.17336
44.9    0.173232
44.925  0.173103
44.95   0.172975
44.975  0.172847
45      0.17272
45.025  0.172592
45.05   0.172465
45.075  0.172337
45.1    0.17221
45.125  0.172084
45.15   0.171957
45.175  0.17183
45.2    0.171704
45.225  0.171578
45.25   0.171451
45.275  0.171326
45.3    0.1712
45.325  0.171074
45.35   0.170949
45.375  0.170823
45.4    0.170698
45.425  0.170573
45.45   0.170449
45.475  0.170324
45.5    0.1702
45.525  0.170075
45.55   0.169951
45.575  0.169827
45.6    0.169703
45.625  0.169579
45.65   0.169456
45.675  0.169333
45.7    0.169209
45.725  0.169086
45.75   0.168963
45.775  0.168841
45.8    0.168718
45.825  0.168596
45.85   0.168473
45.875  0.168351
45.9    0.168229
45.925  0.168107
45.95   0.167986
45.975  0.167864
46      0.167743
46.025  0.167622
46.05   0.167501
46.075  0.16738
46.1    0.167259
46.125  0.167139
46.15   0.167018
46.175  0.166898
46.2    0.166778
46.225  0.166658
46.25   0.166538
46.275  0.166418
46.3    0.166299
46.325  0.166179
46.35   0.16606
46.375  0.165941
46.4    0.165822
46.425  0.165703
46.45   0.165585
46.475  0.165466
46.5    0.165348
46.525  0.16523
46.55   0.165112
46.575  0.164994
46.6    0.164876
46.625  0.164758
46.65   0.164641
46.675  0.164524
46.7    0.164407
46.725  0.164289
46.75   0.164173
46.775  0.164056
46.8    0.163939
46.825  0.163823
46.85   0.163707
46.875  0.16359
46.9    0.163474
46.925  0.163359
46.95   0.163243
46.975  0.163127
47      0.163012
47.025  0.162897
47.05   0.162782
47.075  0.162667
47.1    0.162552
47.125  0.162437
47.15   0.162322
47.175  0.162208
47.2    0.162094
47.225  0.16198
47.25   0.161866
47.275  0.161752
47.3    0.161638
47.325  0.161524
47.35   0.161411
47.375  0.161298
47.4    0.161184
47.425  0.161071
47.45   0.160959
47.475  0.160846
47.5    0.160733
47.525  0.160621
47.55   0.160508
47.575  0.160396
47.6    0.160284
47.625  0.160172
47.65   0.16006
47.675  0.159949
47.7    0.159837
47.725  0.159726
47.75   0.159615
47.775  0.159503
47.8    0.159393
47.825  0.159282
47.85   0.159171
47.875  0.15906
47.9    0.15895
47.925  0.15884
47.95   0.15873
47.975  0.158619
48      0.15851
48.025  0.1584
48.05   0.15829
48.075  0.158181
48.1    0.158071
48.125  0.157962
48.15   0.157853
48.175  0.157744
48.2    0.157635
48.225  0.157526
48.25   0.157418
48.275  0.157309
48.3    0.157201
48.325  0.157093
48.35   0.156985
48.375  0.156877
48.4    0.156769
48.425  0.156661
48.45   0.156554
48.475  0.156447
48.5    0.156339
48.525  0.156232
48.55   0.156125
48.575  0.156018
48.6    0.155911
48.625  0.155805
48.65   0.155698
48.675  0.155592
48.7    0.155486
48.725  0.15538
48.75   0.155273
48.775  0.155168
48.8    0.155062
48.825  0.154956
48.85   0.154851
48.875  0.154745
48.9    0.15464
48.925  0.154535
48.95   0.15443
48.975  0.154325
49      0.15422
49.025  0.154116
49.05   0.154011
49.075  0.153907
49.1    0.153803
49.125  0.153699
49.15   0.153595
49.175  0.153491
49.2    0.153387
49.225  0.153283
49.25   0.15318
49.275  0.153076
49.3    0.152973
49.325  0.15287
49.35   0.152767
49.375  0.152664
49.4    0.152561
49.425  0.152459
49.45   0.152356
49.475  0.152254
49.5    0.152151
49.525  0.152049
49.55   0.151947
49.575  0.151845
49.6    0.151743
49.625  0.151642
49.65   0.15154
49.675  0.151439
49.7    0.151337
49.725  0.151236
49.75   0.151135
49.775  0.151034
49.8    0.150933
49.825  0.150832
49.85   0.150732
49.875  0.150631
49.9    0.150531
49.925  0.15043
49.95   0.15033
49.975  0.15023
50      0.15013