201 1.0000000000e+00 1.0256736933e+01 6.0000000000e-01
201 1.0039062500e+00 1.0203586336e+01 5.9922118219e-01
201 1.0078125000e+00 1.0150970180e+01 5.9844719286e-01
201 1.0117187500e+00 1.0098880326e+01 5.9767797590e-01
201 1.0156250000e+00 1.0047308894e+01 5.9691347750e-01
201 1.0195312500e+00 9.9962481484e+00 5.9615364455e-01
201 1.0234375000e+00 9.9456904819e+00 5.9539842443e-01
201 1.0273437500e+00 9.8956284885e+00 5.9464776613e-01
201 1.0312500000e+00 9.8460548943e+00 5.9390161926e-01
201 1.0351562500e+00 9.7969625236e+00 5.9315993357e-01
201 1.0390625000e+00 9.7483443756e+00 5.9242266015e-01
201 1.0429687500e+00 9.7001935979e+00 5.9168975103e-01
201 1.0468750000e+00 9.6525032177e+00 5.9096115518e-01
201 1.0507812500e+00 9.6052670438e+00 5.9023683225e-01
201 1.0546875000e+00 9.5584781722e+00 5.8951672979e-01
201 1.0585937500e+00 9.5121304806e+00 5.8880080614e-01
201 1.0625000000e+00 9.4662177209e+00 5.8808901661e-01
201 1.0664062500e+00 9.4207336102e+00 5.8738131479e-01
201 1.0703125000e+00 9.3756721214e+00 5.8667765712e-01
201 1.0742187500e+00 9.3310274223e+00 5.8597800200e-01
201 1.0781250000e+00 9.2867939947e+00 5.8528231172e-01
201 1.0820312500e+00 9.2429649481e+00 5.8459052586e-01
201 1.0859375000e+00 9.1995372549e+00 5.8390264400e-01
201 1.0898437500e+00 9.1565023793e+00 5.8321857756e-01
201 1.0937500000e+00 9.1138563621e+00 5.8253830940e-01
201 1.0976562500e+00 9.0715947959e+00 5.8186181456e-01
201 1.1015625000e+00 9.0297111749e+00 5.8118903351e-01
201 1.1054687500e+00 8.9882004600e+00 5.8051992920e-01
201 1.1093750000e+00 8.9470579097e+00 5.7985446847e-01
201 1.1132812500e+00 8.9062786881e+00 5.7919261578e-01
201 1.1171875000e+00 8.8658582170e+00 5.7853433894e-01
201 1.1210937500e+00 8.8257916642e+00 5.7787960076e-01
201 1.1250000000e+00 8.7860740225e+00 5.7722836032e-01
201 1.1289062500e+00 8.7467005345e+00 5.7658057987e-01
201 1.1328125000e+00 8.7076670333e+00 5.7593623059e-01
201 1.1367187500e+00 8.6689690828e+00 5.7529527845e-01
201 1.1406250000e+00 8.6306021647e+00 5.7465768722e-01
201 1.1445312500e+00 8.5925622746e+00 5.7402342849e-01
201 1.1484375000e+00 8.5548449089e+00 5.7339246472e-01
201 1.1523437500e+00 8.5174462520e+00 5.7276476916e-01
201 1.1562500000e+00 8.4803620698e+00 5.7214030731e-01
201 1.1601562500e+00 8.4435888801e+00 5.7151905662e-01
201 1.1640625000e+00 8.4071208430e+00 5.7090095393e-01
201 1.1679687500e+00 8.3709577509e+00 5.7028603086e-01
201 1.1718750000e+00 8.3350915381e+00 5.6967418491e-01
201 1.1757812500e+00 8.2995209692e+00 5.6906542901e-01
201 1.1796875000e+00 8.2642429625e+00 5.6845974425e-01
201 1.1835937500e+00 8.2292517238e+00 5.6785706439e-01
201 1.1875000000e+00 8.1945445730e+00 5.6725737595e-01
201 1.1914062500e+00 8.1601190067e+00 5.6666066810e-01
201 1.1953125000e+00 8.1259710735e+00 5.6606690436e-01
201 1.1992187500e+00 8.0920966878e+00 5.6547604522e-01
201 1.2031250000e+00 8.0584927320e+00 5.6488806734e-01
201 1.2070312500e+00 8.0251563182e+00 5.6430295091e-01
201 1.2109375000e+00 7.9920845668e+00 5.6372067574e-01
201 1.2148437500e+00 7.9592739618e+00 5.6314120990e-01
201 1.2187500000e+00 7.9267210405e+00 5.6256452178e-01
201 1.2226562500e+00 7.8944226397e+00 5.6199058447e-01
201 1.2265625000e+00 7.8623762171e+00 5.6141938157e-01
201 1.2304687500e+00 7.8305787019e+00 5.6085088679e-01
201 1.2343750000e+00 7.7990275803e+00 5.6028508331e-01
201 1.2382812500e+00 7.7677191413e+00 5.5972193231e-01
201 1.2421875000e+00 7.7366518184e+00 5.5916143304e-01
201 1.2460937500e+00 7.7058199958e+00 5.5860351113e-01
201 1.2500000000e+00 7.6752254428e+00 5.5804822536e-01
201 1.2539062500e+00 7.6448605636e+00 5.5749546425e-01
201 1.2578125000e+00 7.6147259402e+00 5.5694526434e-01
201 1.2617187500e+00 7.5848186196e+00 5.5639759756e-01
201 1.2656250000e+00 7.5551343992e+00 5.5585241235e-01
201 1.2695312500e+00 7.5256721921e+00 5.5530971380e-01
201 1.2734375000e+00 7.4964300064e+00 5.5476949013e-01
201 1.2773437500e+00 7.4674034970e+00 5.5423168558e-01
201 1.2812500000e+00 7.4385910689e+00 5.5369629473e-01
201 1.2851562500e+00 7.4099905164e+00 5.5316330051e-01
201 1.2890625000e+00 7.3816000761e+00 5.5263269375e-01
201 1.2929687500e+00 7.3534160524e+00 5.5210442876e-01
201 1.2968750000e+00 7.3254367497e+00 5.5157849676e-01
201 1.3007812500e+00 7.2976599817e+00 5.5105487945e-01
201 1.3046875000e+00 7.2700841554e+00 5.5053356940e-01
201 1.3085937500e+00 7.2427066988e+00 5.5001454033e-01
201 1.3125000000e+00 7.2155249514e+00 5.4949776381e-01
201 1.3164062500e+00 7.1885369803e+00 5.4898322482e-01
201 1.3203125000e+00 7.1617403373e+00 5.4847089816e-01
201 1.3242187500e+00 7.1351345522e+00 5.4796079617e-01
201 1.3281250000e+00 7.1087153165e+00 5.4745285725e-01
201 1.3320312500e+00 7.0824836225e+00 5.4694712134e-01
201 1.3359375000e+00 7.0564337869e+00 5.4644349939e-01
201 1.3398437500e+00 7.0305660535e+00 5.4594201634e-01
201 1.3437500000e+00 7.0048789047e+00 5.4544266291e-01
201 1.3476562500e+00 6.9793685289e+00 5.4494538485e-01
201 1.3515625000e+00 6.9540351652e+00 5.4445020643e-01
201 1.3554687500e+00 6.9288766222e+00 5.4395710436e-01
201 1.3593750000e+00 6.9038893894e+00 5.4346602899e-01
201 1.3632812500e+00 6.8790729822e+00 5.4297698972e-01
201 1.3671875000e+00 6.8544262329e+00 5.4248998239e-01
201 1.3710937500e+00 6.8299461078e+00 5.4200496565e-01
201 1.3750000000e+00 6.8056310859e+00 5.4152192767e-01
201 1.3789062500e+00 6.7814796879e+00 5.4104085721e-01
201 1.3828125000e+00 6.7574916935e+00 5.4056176795e-01
201 1.3867187500e+00 6.7336636798e+00 5.4008460938e-01
201 1.3906250000e+00 6.7099939996e+00 5.3960936603e-01
201 1.3945312500e+00 6.6864813449e+00 5.3913602898e-01
201 1.3984375000e+00 6.6631249243e+00 5.3866459955e-01
201 1.4023437500e+00 6.6399220932e+00 5.3819504141e-01
201 1.4062500000e+00 6.6168726604e+00 5.3772736757e-01
201 1.4101562500e+00 6.5939723135e+00 5.3726150711e-01
201 1.4140625000e+00 6.5712236463e+00 5.3679752931e-01
201 1.4179687500e+00 6.5486213735e+00 5.3633534274e-01
201 1.4218750000e+00 6.5261670439e+00 5.3587499521e-01
201 1.4257812500e+00 6.5038579439e+00 5.3541644717e-01
201 1.4296875000e+00 6.4816913544e+00 5.3495965846e-01
201 1.4335937500e+00 6.4596675859e+00 5.3450465107e-01
201 1.4375000000e+00 6.4377849978e+00 5.3405140666e-01
201 1.4414062500e+00 6.4160415527e+00 5.3359989834e-01
201 1.4453125000e+00 6.3944366636e+00 5.3315012910e-01
201 1.4492187500e+00 6.3729693141e+00 5.3270209285e-01
201 1.4531250000e+00 6.3516365605e+00 5.3225574302e-01
201 1.4570312500e+00 6.3304378907e+00 5.3181108349e-01
201 1.4609375000e+00 6.3093730373e+00 5.3136812327e-01
201 1.4648437500e+00 6.2884400154e+00 5.3092683511e-01
201 1.4687500000e+00 6.2676372711e+00 5.3048720052e-01
201 1.4726562500e+00 6.2469635926e+00 5.3004920798e-01
201 1.4765625000e+00 6.2264185623e+00 5.2961286266e-01
201 1.4804687500e+00 6.2060006464e+00 5.2917814590e-01
201 1.4843750000e+00 6.1857070651e+00 5.2874501214e-01
201 1.4882812500e+00 6.1655393481e+00 5.2831350762e-01
201 1.4921875000e+00 6.1454932210e+00 5.2788355428e-01
201 1.4960937500e+00 6.1255718976e+00 5.2745523444e-01
201 1.5000000000e+00 6.1057701393e+00 5.2702844873e-01
201 1.5039062500e+00 6.0860886405e+00 5.2660322506e-01
201 1.5078125000e+00 6.0665261940e+00 5.2617955033e-01
201 1.5117187500e+00 6.0470806909e+00 5.2575739160e-01
201 1.5156250000e+00 6.0277531470e+00 5.2533678364e-01
201 1.5195312500e+00 6.0085410214e+00 5.2491768378e-01
201 1.5234375000e+00 5.9894425786e+00 5.2450006650e-01
201 1.5273437500e+00 5.9704583845e+00 5.2408395649e-01
201 1.5312500000e+00 5.9515871416e+00 5.2366933757e-01
201 1.5351562500e+00 5.9328273344e+00 5.2325618856e-01
201 1.5390625000e+00 5.9141778037e+00 5.2284449587e-01
201 1.5429687500e+00 5.8956387423e+00 5.2243427564e-01
201 1.5468750000e+00 5.8772076263e+00 5.2202548381e-01
201 1.5507812500e+00 5.8588836330e+00 5.2161811367e-01
201 1.5546875000e+00 5.8406665636e+00 5.2121217229e-01
201 1.5585937500e+00 5.8225560996e+00 5.2080766409e-01
201 1.5625000000e+00 5.8045504666e+00 5.2040456080e-01
201 1.5664062500e+00 5.7866472267e+00 5.2000281895e-01
201 1.5703125000e+00 5.7688487196e+00 5.1960250216e-01
201 1.5742187500e+00 5.7511514416e+00 5.1920354269e-01
201 1.5781250000e+00 5.7335565734e+00 5.1880597807e-01
201 1.5820312500e+00 5.7160607257e+00 5.1840974252e-01
201 1.5859375000e+00 5.6986647125e+00 5.1801486510e-01
201 1.5898437500e+00 5.6813685187e+00 5.1762135620e-01
201 1.5937500000e+00 5.6641688114e+00 5.1722915047e-01
201 1.5976562500e+00 5.6470668352e+00 5.1683828669e-01
201 1.6015625000e+00 5.6300604702e+00 5.1644872674e-01
201 1.6054687500e+00 5.6131492361e+00 5.1606046980e-01
201 1.6093750000e+00 5.5963334374e+00 5.1567353304e-01
201 1.6132812500e+00 5.5796114663e+00 5.1528788960e-01
201 1.6171875000e+00 5.5629817468e+00 5.1490351306e-01
201 1.6210937500e+00 5.5464442753e+00 5.1452041314e-01
201 1.6250000000e+00 5.5299988852e+00 5.1413859585e-01
201 1.6289062500e+00 5.5136440311e+00 5.1375803503e-01
201 1.6328125000e+00 5.4973785640e+00 5.1337871354e-01
201 1.6367187500e+00 5.4812027851e+00 5.1300064791e-01
201 1.6406250000e+00 5.4651149827e+00 5.1262380761e-01
201 1.6445312500e+00 5.4491150047e+00 5.1224819841e-01
201 1.6484375000e+00 5.4332012378e+00 5.1187379169e-01
201 1.6523437500e+00 5.4173760218e+00 5.1150065181e-01
201 1.6562500000e+00 5.4016345035e+00 5.1112867350e-01
201 1.6601562500e+00 5.3859787166e+00 5.1075791380e-01
201 1.6640625000e+00 5.3704060392e+00 5.1038831956e-01
201 1.6679687500e+00 5.3549174451e+00 5.1001992276e-01
201 1.6718750000e+00 5.3395121314e+00 5.0965271320e-01
201 1.6757812500e+00 5.3241881477e+00 5.0928665311e-01
201 1.6796875000e+00 5.3089464431e+00 5.0892177383e-01
201 1.6835937500e+00 5.2937856116e+00 5.0855805036e-01
201 1.6875000000e+00 5.2787046308e+00 5.0819546667e-01
201 1.6914062500e+00 5.2637035801e+00 5.0783403313e-01
201 1.6953125000e+00 5.2487810813e+00 5.0747372492e-01
201 1.6992187500e+00 5.2339366410e+00 5.0711453838e-01
201 1.7031250000e+00 5.2191704670e+00 5.0675648682e-01
201 1.7070312500e+00 5.2044819383e+00 5.0639956344e-01
201 1.7109375000e+00 5.1898689854e+00 5.0604372604e-01
201 1.7148437500e+00 5.1753315341e+00 5.0568898075e-01
201 1.7187500000e+00 5.1608700093e+00 5.0533534595e-01
201 1.7226562500e+00 5.1464830973e+00 5.0498279746e-01
201 1.7265625000e+00 5.1321707080e+00 5.0463134095e-01
201 1.7304687500e+00 5.1179309971e+00 5.0428093887e-01
201 1.7343750000e+00 5.1037660016e+00 5.0393164913e-01
201 1.7382812500e+00 5.0896714594e+00 5.0358337429e-01
201 1.7421875000e+00 5.0756499945e+00 5.0323618670e-01
201 1.7460937500e+00 5.0616996852e+00 5.0289004642e-01
201 1.7500000000e+00 5.0478199627e+00 5.0254494677e-01
201 1.7539062500e+00 5.0340106889e+00 5.0220089173e-01
201 1.7578125000e+00 5.0202700184e+00 5.0185784261e-01
201 1.7617187500e+00 5.0065998661e+00 5.0151585455e-01
201 1.7656250000e+00 4.9929984805e+00 5.0117489107e-01
201 1.7695312500e+00 4.9794644783e+00 5.0083492464e-01
201 1.7734375000e+00 4.9659987034e+00 5.0049598355e-01
201 1.7773437500e+00 4.9525995690e+00 5.0015803496e-01
201 1.7812500000e+00 4.9392671261e+00 4.9982108713e-01
201 1.7851562500e+00 4.9260009804e+00 4.9948513707e-01
201 1.7890625000e+00 4.9128004874e+00 4.9915017539e-01
201 1.7929687500e+00 4.8996649218e+00 4.9881619052e-01
201 1.7968750000e+00 4.8865940103e+00 4.9848318229e-01
201 1.8007812500e+00 4.8735881463e+00 4.9815116753e-01
201 1.8046875000e+00 4.8606450867e+00 4.9782009568e-01
201 1.8085937500e+00 4.8477655109e+00 4.9748999070e-01
201 1.8125000000e+00 4.8349482357e+00 4.9716082884e-01
201 1.8164062500e+00 4.8221945973e+00 4.9683265102e-01
201 1.8203125000e+00 4.8095015710e+00 4.9650538590e-01
201 1.8242187500e+00 4.7968706781e+00 4.9617907911e-01
201 1.8281250000e+00 4.7843006328e+00 4.9585370387e-01
201 1.8320312500e+00 4.7717906511e+00 4.9552924618e-01
201 1.8359375000e+00 4.7593413720e+00 4.9520572892e-01
201 1.8398437500e+00 4.7469514160e+00 4.9488312252e-01
201 1.8437500000e+00 4.7346214716e+00 4.9456145112e-01
201 1.8476562500e+00 4.7223500043e+00 4.9424068090e-01
201 1.8515625000e+00 4.7101362576e+00 4.9392079810e-01
201 1.8554687500e+00 4.6979812075e+00 4.9360183436e-01
201 1.8593750000e+00 4.6858838703e+00 4.9328376995e-01
201 1.8632812500e+00 4.6738431775e+00 4.9296658272e-01
201 1.8671875000e+00 4.6618595559e+00 4.9265028983e-01
201 1.8710937500e+00 4.6499318820e+00 4.9233486750e-01
201 1.8750000000e+00 4.6380603789e+00 4.9202032746e-01
201 1.8789062500e+00 4.6262445855e+00 4.9170666333e-01
201 1.8828125000e+00 4.6144844074e+00 4.9139387839e-01
201 1.8867187500e+00 4.6027782265e+00 4.9108193530e-01
201 1.8906250000e+00 4.5911272233e+00 4.9077087120e-01
201 1.8945312500e+00 4.5795298659e+00 4.9046065083e-01
201 1.8984375000e+00 4.5679867469e+00 4.9015129567e-01
201 1.9023437500e+00 4.5564954496e+00 4.8984274642e-01
201 1.9062500000e+00 4.5450584859e+00 4.8953507604e-01
201 1.9101562500e+00 4.5336737608e+00 4.8922823373e-01
201 1.9140625000e+00 4.5223411001e+00 4.8892222019e-01
201 1.9179687500e+00 4.5110606685e+00 4.8861704528e-01
201 1.9218750000e+00 4.4998313760e+00 4.8831268488e-01
201 1.9257812500e+00 4.4886533518e+00 4.8800914778e-01
201 1.9296875000e+00 4.4775260011e+00 4.8770642311e-01
201 1.9335937500e+00 4.4664488840e+00 4.8740450414e-01
201 1.9375000000e+00 4.4554228006e+00 4.8710341791e-01
201 1.9414062500e+00 4.4444460810e+00 4.8680312404e-01
201 1.9453125000e+00 4.4335180641e+00 4.8650360950e-01
201 1.9492187500e+00 4.4226397380e+00 4.8620490645e-01
201 1.9531250000e+00 4.4118104758e+00 4.8590700280e-01
201 1.9570312500e+00 4.4010294207e+00 4.8560988003e-01
201 1.9609375000e+00 4.3902963903e+00 4.8531353805e-01
201 1.9648437500e+00 4.3796113361e+00 4.8501798050e-01
201 1.9687500000e+00 4.3689733408e+00 4.8472318691e-01
201 1.9726562500e+00 4.3583833352e+00 4.8442918799e-01
201 1.9765625000e+00 4.3478395007e+00 4.8413593811e-01
201 1.9804687500e+00 4.3373428457e+00 4.8384347015e-01
201 1.9843750000e+00 4.3268914133e+00 4.8355173432e-01
201 1.9882812500e+00 4.3164871654e+00 4.8326079017e-01
201 1.9921875000e+00 4.3061281381e+00 4.8297058756e-01
201 1.9960937500e+00 4.2958140094e+00 4.8268112210e-01
201 2.0000000000e+00 4.2855457346e+00 4.8239242529e-01
201 2.0039062500e+00 4.2753217487e+00 4.8210445778e-01
201 2.0078125000e+00 4.2651426003e+00 4.8181723960e-01
201 2.0117187500e+00 4.2550073168e+00 4.8153074789e-01
201 2.0156250000e+00 4.2449156467e+00 4.8124498003e-01
201 2.0195312500e+00 4.2348679288e+00 4.8095995011e-01
201 2.0234375000e+00 4.2248633467e+00 4.8067563948e-01
201 2.0273437500e+00 4.2149018573e+00 4.8039205132e-01
201 2.0312500000e+00 4.2049837517e+00 4.8010919840e-01
201 2.0351562500e+00 4.1951078451e+00 4.7982705133e-01
201 2.0390625000e+00 4.1852736629e+00 4.7954560085e-01
201 2.0429687500e+00 4.1754816511e+00 4.7926486404e-01
201 2.0468750000e+00 4.1657318562e+00 4.7898484656e-01
201 2.0507812500e+00 4.1560228827e+00 4.7870551262e-01
201 2.0546875000e+00 4.1463558899e+00 4.7842689982e-01
201 2.0585937500e+00 4.1367288779e+00 4.7814895472e-01
201 2.0625000000e+00 4.1271432330e+00 4.7787172153e-01
201 2.0664062500e+00 4.1175974345e+00 4.7759516043e-01
201 2.0703125000e+00 4.1080927291e+00 4.7731931171e-01
201 2.0742187500e+00 4.0986271336e+00 4.7704412192e-01
201 2.0781250000e+00 4.0892007270e+00 4.7676959735e-01
201 2.0820312500e+00 4.0798149672e+00 4.7649578457e-01
201 2.0859375000e+00 4.0704677324e+00 4.7622262575e-01
201 2.0898437500e+00 4.0611594349e+00 4.7595013690e-01
201 2.0937500000e+00 4.0518898079e+00 4.7567831418e-01
201 2.0976562500e+00 4.0426586511e+00 4.7540715568e-01
201 2.1015625000e+00 4.0334659890e+00 4.7513666605e-01
201 2.1054687500e+00 4.0243109216e+00 4.7486682272e-01
201 2.1093750000e+00 4.0151933317e+00 4.7459762605e-01
201 2.1132812500e+00 4.0061140934e+00 4.7432910576e-01
201 2.1171875000e+00 3.9970717390e+00 4.7406122229e-01
201 2.1210937500e+00 3.9880663382e+00 4.7379398146e-01
201 2.1250000000e+00 3.9790978441e+00 4.7352738568e-01
201 2.1289062500e+00 3.9701661453e+00 4.7326143540e-01
201 2.1328125000e+00 3.9612698669e+00 4.7299609336e-01
201 2.1367187500e+00 3.9524106051e+00 4.7273141087e-01
201 2.1406250000e+00 3.9435869725e+00 4.7246735019e-01
201 2.1445312500e+00 3.9347999869e+00 4.7220394550e-01
201 2.1484375000e+00 3.9260477078e+00 4.7194114227e-01
201 2.1523437500e+00 3.9173310828e+00 4.7167897255e-01
201 2.1562500000e+00 3.9086489089e+00 4.7141740371e-01
201 2.1601562500e+00 3.9000018239e+00 4.7115645852e-01
201 2.1640625000e+00 3.8913901745e+00 4.7089615106e-01
201 2.1679687500e+00 3.8828121567e+00 4.7063643032e-01
201 2.1718750000e+00 3.8742684851e+00 4.7037732139e-01
201 2.1757812500e+00 3.8657591104e+00 4.7011882628e-01
201 2.1796875000e+00 3.8572834710e+00 4.6986093140e-01
201 2.1835937500e+00 3.8488416978e+00 4.6960364419e-01
201 2.1875000000e+00 3.8404329952e+00 4.6934694380e-01
201 2.1914062500e+00 3.8320576635e+00 4.6909084278e-01
201 2.1953125000e+00 3.8237157377e+00 4.6883534562e-01
201 2.1992187500e+00 3.8154064349e+00 4.6858043169e-01
201 2.2031250000e+00 3.8071297257e+00 4.6832610342e-01
201 2.2070312500e+00 3.7988858125e+00 4.6807237036e-01
201 2.2109375000e+00 3.7906742939e+00 4.6781922347e-01
201 2.2148437500e+00 3.7824941293e+00 4.6756663391e-01
201 2.2187500000e+00 3.7743469482e+00 4.6731465528e-01
201 2.2226562500e+00 3.7662306122e+00 4.6706322469e-01
201 2.2265625000e+00 3.7581464068e+00 4.6681238515e-01
201 2.2304687500e+00 3.7500931611e+00 4.6656210355e-01
201 2.2343750000e+00 3.7420716411e+00 4.6631240689e-01
201 2.2382812500e+00 3.7340809421e+00 4.6606327018e-01
201 2.2421875000e+00 3.7261207318e+00 4.6581468618e-01
201 2.2460937500e+00 3.7181917934e+00 4.6556668248e-01
201 2.2500000000e+00 3.7102924450e+00 4.6531920957e-01
201 2.2539062500e+00 3.7024238985e+00 4.6507230846e-01
201 2.2578125000e+00 3.6945861237e+00 4.6482598137e-01
201 2.2617187500e+00 3.6867777743e+00 4.6458018903e-01
201 2.2656250000e+00 3.6789992540e+00 4.6433494716e-01
201 2.2695312500e+00 3.6712500996e+00 4.6409024415e-01
201 2.2734375000e+00 3.6635306886e+00 4.6384609491e-01
201 2.2773437500e+00 3.6558408515e+00 4.6360249712e-01
201 2.2812500000e+00 3.6481795870e+00 4.6335942199e-01
201 2.2851562500e+00 3.6405475250e+00 4.6311689243e-01
201 2.2890625000e+00 3.6329443780e+00 4.6287490226e-01
201 2.2929687500e+00 3.6253700117e+00 4.6263345014e-01
201 2.2968750000e+00 3.6178234354e+00 4.6239250733e-01
201 2.3007812500e+00 3.6103064559e+00 4.6215213446e-01
201 2.3046875000e+00 3.6028167188e+00 4.6191225911e-01
201 2.3085937500e+00 3.5953553057e+00 4.6167291873e-01
201 2.3125000000e+00 3.5879216245e+00 4.6143409718e-01
201 2.3164062500e+00 3.5805159192e+00 4.6119580510e-01
201 2.3203125000e+00 3.5731375162e+00 4.6095802363e-01
201 2.3242187500e+00 3.5657863231e+00 4.6072075255e-01
201 2.3281250000e+00 3.5584630489e+00 4.6048401752e-01
201 2.3320312500e+00 3.5511663021e+00 4.6024777634e-01
201 2.3359375000e+00 3.5438967920e+00 4.6001205467e-01
201 2.3398437500e+00 3.5366541750e+00 4.5977684413e-01
201 2.3437500000e+00 3.5294376870e+00 4.5954212257e-01
201 2.3476562500e+00 3.5222482682e+00 4.5930792326e-01
201 2.3515625000e+00 3.5150852690e+00 4.5907422776e-01
201 2.3554687500e+00 3.5079482428e+00 4.5884102414e-01
201 2.3593750000e+00 3.5008375155e+00 4.5860832570e-01
201 2.3632812500e+00 3.4937521843e+00 4.5837610548e-01
201 2.3671875000e+00 3.4866932018e+00 4.5814439734e-01
201 2.3710937500e+00 3.4796599090e+00 4.5791318227e-01
201 2.3750000000e+00 3.4726522806e+00 4.5768246205e-01
201 2.3789062500e+00 3.4656694078e+00 4.5745220928e-01
201 2.3828125000e+00 3.4587127689e+00 4.5722247530e-01
201 2.3867187500e+00 3.4517804102e+00 4.5699319814e-01
201 2.3906250000e+00 3.4448732690e+00 4.5676441128e-01
201 2.3945312500e+00 3.4379909906e+00 4.5653610552e-01
201 2.3984375000e+00 3.4311336277e+00 4.5630828511e-01
201 2.4023437500e+00 3.4243005449e+00 4.5608093142e-01
201 2.4062500000e+00 3.4174920636e+00 4.5585405761e-01
201 2.4101562500e+00 3.4107082827e+00 4.5562766947e-01
201 2.4140625000e+00 3.4039482447e+00 4.5540173749e-01
201 2.4179687500e+00 3.3972124373e+00 4.5517628039e-01
201 2.4218750000e+00 3.3905008500e+00 4.5495130025e-01
201 2.4257812500e+00 3.3838125811e+00 4.5472676925e-01
201 2.4296875000e+00 3.3771483359e+00 4.5450271345e-01
201 2.4335937500e+00 3.3705076551e+00 4.5427911981e-01
201 2.4375000000e+00 3.3638901417e+00 4.5405597731e-01
201 2.4414062500e+00 3.3572963075e+00 4.5383330557e-01
201 2.4453125000e+00 3.3507255869e+00 4.5361108785e-01
201 2.4492187500e+00 3.3441782014e+00 4.5338933398e-01
201 2.4531250000e+00 3.3376534527e+00 4.5316802263e-01
201 2.4570312500e+00 3.3311515429e+00 4.5294716294e-01
201 2.4609375000e+00 3.3246722693e+00 4.5272675030e-01
201 2.4648437500e+00 3.3182165675e+00 4.5250681888e-01
201 2.4687500000e+00 3.3117823779e+00 4.5228730080e-01
201 2.4726562500e+00 3.3053708425e+00 4.5206823721e-01
201 2.4765625000e+00 3.2989815966e+00 4.5184961793e-01
201 2.4804687500e+00 3.2926144702e+00 4.5163143937e-01
201 2.4843750000e+00 3.2862692591e+00 4.5141369675e-01
201 2.4882812500e+00 3.2799460527e+00 4.5119639533e-01
201 2.4921875000e+00 3.2736451215e+00 4.5097954666e-01
201 2.4960937500e+00 3.2673652865e+00 4.5076311233e-01
201 2.5000000000e+00 3.2611072719e+00 4.5054711946e-01
201 2.5039062500e+00 3.2548708240e+00 4.5033156147e-01
201 2.5078125000e+00 3.2486554441e+00 4.5011642326e-01
201 2.5117187500e+00 3.2424616952e+00 4.4990172647e-01
201 2.5156250000e+00 3.2362889767e+00 4.4968745243e-01
201 2.5195312500e+00 3.2301372018e+00 4.4947360023e-01
201 2.5234375000e+00 3.2240068245e+00 4.4926018778e-01
201 2.5273437500e+00 3.2178969458e+00 4.4904718589e-01
201 2.5312500000e+00 3.2118077966e+00 4.4883460468e-01
201 2.5351562500e+00 3.2057391913e+00 4.4862243973e-01
201 2.5390625000e+00 3.1996914192e+00 4.4841070324e-01
201 2.5429687500e+00 3.1936638025e+00 4.4819937354e-01
201 2.5468750000e+00 3.1876569254e+00 4.4798847316e-01
201 2.5507812500e+00 3.1816694398e+00 4.4777795679e-01
201 2.5546875000e+00 3.1757026796e+00 4.4756787331e-01
201 2.5585937500e+00 3.1697561344e+00 4.4735820684e-01
201 2.5625000000e+00 3.1638293194e+00 4.4714894228e-01
201 2.5664062500e+00 3.1579221943e+00 4.4694008018e-01
201 2.5703125000e+00 3.1520348759e+00 4.4673162665e-01
201 2.5742187500e+00 3.1461673315e+00 4.4652358252e-01
201 2.5781250000e+00 3.1403190065e+00 4.4631593008e-01
201 2.5820312500e+00 3.1344904839e+00 4.4610869197e-01
201 2.5859375000e+00 3.1286813854e+00 4.4590185674e-01
201 2.5898437500e+00 3.1228910230e+00 4.4569540177e-01
201 2.5937500000e+00 3.1171201002e+00 4.4548935407e-01
201 2.5976562500e+00 3.1113683045e+00 4.4528370441e-01
201 2.6015625000e+00 3.1056351696e+00 4.4507843801e-01
201 2.6054687500e+00 3.0999214440e+00 4.4487358359e-01
201 2.6093750000e+00 3.0942262793e+00 4.4466911262e-01
201 2.6132812500e+00 3.0885498304e+00 4.4446503254e-01
201 2.6171875000e+00 3.0828918580e+00 4.4426133659e-01
201 2.6210937500e+00 3.0772526017e+00 4.4405803527e-01
201 2.6250000000e+00 3.0716313908e+00 4.4385510624e-01
201 2.6289062500e+00 3.0660289666e+00 4.4365257810e-01
201 2.6328125000e+00 3.0604441805e+00 4.4345041114e-01
201 2.6367187500e+00 3.0548782948e+00 4.4324865290e-01
201 2.6406250000e+00 3.0493303026e+00 4.4304726872e-01
201 2.6445312500e+00 3.0437999162e+00 4.4284624992e-01
201 2.6484375000e+00 3.0382875088e+00 4.4264561185e-01
201 2.6523437500e+00 3.0327932582e+00 4.4244536279e-01
201 2.6562500000e+00 3.0273166667e+00 4.4224548640e-01
201 2.6601562500e+00 3.0218572395e+00 4.4204596635e-01
201 2.6640625000e+00 3.0164157034e+00 4.4184683094e-01
201 2.6679687500e+00 3.0109918339e+00 4.4164807375e-01
201 2.6718750000e+00 3.0055851247e+00 4.4144967797e-01
201 2.6757812500e+00 3.0001959797e+00 4.4125166015e-01
201 2.6796875000e+00 2.9948239309e+00 4.4105400483e-01
201 2.6835937500e+00 2.9894688605e+00 4.4085670938e-01
201 2.6875000000e+00 2.9841310521e+00 4.4065978594e-01
201 2.6914062500e+00 2.9788101077e+00 4.4046322154e-01
201 2.6953125000e+00 2.9735061305e+00 4.4026702169e-01
201 2.6992187500e+00 2.9682190645e+00 4.4007118600e-01
201 2.7031250000e+00 2.9629488044e+00 4.3987571227e-01
201 2.7070312500e+00 2.9576947605e+00 4.3968058025e-01
201 2.7109375000e+00 2.9524578577e+00 4.3948582596e-01
201 2.7148437500e+00 2.9472370705e+00 4.3929141294e-01
201 2.7187500000e+00 2.9420330575e+00 4.3909736734e-01
201 2.7226562500e+00 2.9368453136e+00 4.3890367199e-01
201 2.7265625000e+00 2.9316737040e+00 4.3871032346e-01
201 2.7304687500e+00 2.9265185908e+00 4.3851733693e-01
201 2.7343750000e+00 2.9213794659e+00 4.3832469499e-01
201 2.7382812500e+00 2.9162563293e+00 4.3813239922e-01
201 2.7421875000e+00 2.9111489254e+00 4.3794044162e-01
201 2.7460937500e+00 2.9060579200e+00 4.3774884881e-01
201 2.7500000000e+00 2.9009827134e+00 4.3755759984e-01
201 2.7539062500e+00 2.8959228967e+00 4.3736668085e-01
201 2.7578125000e+00 2.8908790542e+00 4.3717611544e-01
201 2.7617187500e+00 2.8858508591e+00 4.3698589285e-01
201 2.7656250000e+00 2.8808380484e+00 4.3679600467e-01
201 2.7695312500e+00 2.8758410582e+00 4.3660646897e-01
201 2.7734375000e+00 2.8708591402e+00 4.3641725893e-01
201 2.7773437500e+00 2.8658926005e+00 4.3622838766e-01
201 2.7812500000e+00 2.8609412079e+00 4.3603984790e-01
201 2.7851562500e+00 2.8560053860e+00 4.3585165731e-01
201 2.7890625000e+00 2.8510843464e+00 4.3566378734e-01
201 2.7929687500e+00 2.8461788922e+00 4.3547627018e-01
201 2.7968750000e+00 2.8412878886e+00 4.3528906393e-01
201 2.8007812500e+00 2.8364120084e+00 4.3510219580e-01
201 2.8046875000e+00 2.8315509995e+00 4.3491565765e-01
201 2.8085937500e+00 2.8267044948e+00 4.3472943682e-01
201 2.8125000000e+00 2.8218731981e+00 4.3454356186e-01
201 2.8164062500e+00 2.8170563942e+00 4.3435800672e-01
201 2.8203125000e+00 2.8122541223e+00 4.3417277436e-01
201 2.8242187500e+00 2.8074663396e+00 4.3398786456e-01
201 2.8281250000e+00 2.8026932474e+00 4.3380328656e-01
201 2.8320312500e+00 2.7979344588e+00 4.3361902685e-01
201 2.8359375000e+00 2.7931896010e+00 4.3343507236e-01
201 2.8398437500e+00 2.7884595605e+00 4.3325145892e-01
201 2.8437500000e+00 2.7837437717e+00 4.3306816602e-01
201 2.8476562500e+00 2.7790416460e+00 4.3288517216e-01
201 2.8515625000e+00 2.7743539315e+00 4.3270250784e-01
201 2.8554687500e+00 2.7696800015e+00 4.3252015005e-01
201 2.8593750000e+00 2.7650201916e+00 4.3233811327e-01
201 2.8632812500e+00 2.7603741185e+00 4.3215638391e-01
201 2.8671875000e+00 2.7557421872e+00 4.3197497920e-01
201 2.8710937500e+00 2.7511237059e+00 4.3179387341e-01
201 2.8750000000e+00 2.7465192845e+00 4.3161309183e-01
201 2.8789062500e+00 2.7419281955e+00 4.3143260725e-01
201 2.8828125000e+00 2.7373509143e+00 4.3125243971e-01
201 2.8867187500e+00 2.7327871336e+00 4.3107257848e-01
201 2.8906250000e+00 2.7282366367e+00 4.3089301633e-01
201 2.8945312500e+00 2.7236996850e+00 4.3071376491e-01
201 2.8984375000e+00 2.7191759942e+00 4.3053481433e-01
201 2.9023437500e+00 2.7146657118e+00 4.3035617174e-01
201 2.9062500000e+00 2.7101687587e+00 4.3017783534e-01
201 2.9101562500e+00 2.7056849257e+00 4.2999979813e-01
201 2.9140625000e+00 2.7012141282e+00 4.2982205807e-01
201 2.9179687500e+00 2.6967562092e+00 4.2964461019e-01
201 2.9218750000e+00 2.6923117362e+00 4.2946747839e-01
201 2.9257812500e+00 2.6878800495e+00 4.2929063768e-01
201 2.9296875000e+00 2.6834610540e+00 4.2911408553e-01
201 2.9335937500e+00 2.6790552430e+00 4.2893784292e-01
201 2.9375000000e+00 2.6746620777e+00 4.2876188959e-01
201 2.9414062500e+00 2.6702816150e+00 4.2858622907e-01
201 2.9453125000e+00 2.6659137704e+00 4.2841085924e-01
201 2.9492187500e+00 2.6615587121e+00 4.2823578809e-01
201 2.9531250000e+00 2.6572159540e+00 4.2806099733e-01
201 2.9570312500e+00 2.6528860936e+00 4.2788651227e-01
201 2.9609375000e+00 2.6485684090e+00 4.2771230505e-01
201 2.9648437500e+00 2.6442631995e+00 4.2753838897e-01
201 2.9687500000e+00 2.6399704185e+00 4.2736476337e-01
201 2.9726562500e+00 2.6356897537e+00 4.2719141686e-01
201 2.9765625000e+00 2.6314216313e+00 4.2701836789e-01
201 2.9804687500e+00 2.6271654839e+00 4.2684559469e-01
201 2.9843750000e+00 2.6229215440e+00 4.2667310790e-01
201 2.9882812500e+00 2.6186897087e+00 4.2650090452e-01
201 2.9921875000e+00 2.6144699298e+00 4.2632898380e-01
201 2.9960937500e+00 2.6102621850e+00 4.2615734602e-01
201 3.0000000000e+00 2.6060663181e+00 4.2598598600e-01
201 3.0039062500e+00 2.6018824573e+00 4.2581491014e-01
201 3.0078125000e+00 2.5977102680e+00 4.2564410595e-01
201 3.0117187500e+00 2.5935496307e+00 4.2547356967e-01
201 3.0156250000e+00 2.5894012726e+00 4.2530333229e-01
201 3.0195312500e+00 2.5852643455e+00 4.2513336018e-01
201 3.0234375000e+00 2.5811390566e+00 4.2496366299e-01
201 3.0273437500e+00 2.5770253584e+00 4.2479423992e-01
201 3.0312500000e+00 2.5729235382e+00 4.2462510396e-01
201 3.0351562500e+00 2.5688327682e+00 4.2445622212e-01
201 3.0390625000e+00 2.5647537301e+00 4.2428762366e-01
201 3.0429687500e+00 2.5606858740e+00 4.2411928698e-01
201 3.0468750000e+00 2.5566295024e+00 4.2395122572e-01
201 3.0507812500e+00 2.5525845594e+00 4.2378343871e-01
201 3.0546875000e+00 2.5485506445e+00 4.2361591043e-01
201 3.0585937500e+00 2.5445281209e+00 4.2344865709e-01
201 3.0625000000e+00 2.5405166786e+00 4.2328166689e-01
201 3.0664062500e+00 2.5365163841e+00 4.2311494371e-01
201 3.0703125000e+00 2.5325272027e+00 4.2294848721e-01
201 3.0742187500e+00 2.5285489641e+00 4.2278229136e-01
201 3.0781250000e+00 2.5245818122e+00 4.2261636326e-01
201 3.0820312500e+00 2.5206254807e+00 4.2245069286e-01
201 3.0859375000e+00 2.5166801435e+00 4.2228528851e-01
201 3.0898437500e+00 2.5127456215e+00 4.2212014380e-01
201 3.0937500000e+00 2.5088217713e+00 4.2195525374e-01
201 3.0976562500e+00 2.5049091175e+00 4.2179064148e-01
201 3.1015625000e+00 2.5010067759e+00 4.2162627089e-01
201 3.1054687500e+00 2.4971151226e+00 4.2146215882e-01
201 3.1093750000e+00 2.4932342235e+00 4.2129830912e-01
201 3.1132812500e+00 2.4893641373e+00 4.2113472534e-01
201 3.1171875000e+00 2.4855041778e+00 4.2097137951e-01
201 3.1210937500e+00 2.4816549181e+00 4.2080829689e-01
201 3.1250000000e+00 2.4778160241e+00 4.2064546438e-01
201 3.1289062500e+00 2.4739876555e+00 4.2048288978e-01
201 3.1328125000e+00 2.4701696492e+00 4.2032056720e-01
201 3.1367187500e+00 2.4663618885e+00 4.2015849269e-01
201 3.1406250000e+00 2.4625646125e+00 4.1999667746e-01
201 3.1445312500e+00 2.4587775379e+00 4.1983511044e-01
201 3.1484375000e+00 2.4550006108e+00 4.1967379035e-01
201 3.1523437500e+00 2.4512337717e+00 4.1951271564e-01
201 3.1562500000e+00 2.4474769935e+00 4.1935188614e-01
201 3.1601562500e+00 2.4437304118e+00 4.1919130866e-01
201 3.1640625000e+00 2.4399939701e+00 4.1903098177e-01
201 3.1679687500e+00 2.4362675141e+00 4.1887089986e-01
201 3.1718750000e+00 2.4325509823e+00 4.1871106125e-01
201 3.1757812500e+00 2.4288442453e+00 4.1855146137e-01
201 3.1796875000e+00 2.4251476447e+00 4.1839211589e-01
201 3.1835937500e+00 2.4214606673e+00 4.1823300367e-01
201 3.1875000000e+00 2.4177835348e+00 4.1807413522e-01
201 3.1914062500e+00 2.4141163629e+00 4.1791551654e-01
201 3.1953125000e+00 2.4104589317e+00 4.1775713909e-01
201 3.1992187500e+00 2.4068108573e+00 4.1759898717e-01
201 3.2031250000e+00 2.4031727558e+00 4.1744108845e-01
201 3.2070312500e+00 2.3995441317e+00 4.1728342238e-01
201 3.2109375000e+00 2.3959250983e+00 4.1712599482e-01
201 3.2148437500e+00 2.3923156111e+00 4.1696880477e-01
201 3.2187500000e+00 2.3887155175e+00 4.1681184653e-01
201 3.2226562500e+00 2.3851251366e+00 4.1665513496e-01
201 3.2265625000e+00 2.3815440025e+00 4.1649865063e-01
201 3.2304687500e+00 2.3779723254e+00 4.1634240367e-01
201 3.2343750000e+00 2.3744099078e+00 4.1618638635e-01
201 3.2382812500e+00 2.3708568370e+00 4.1603060341e-01
201 3.2421875000e+00 2.3673130675e+00 4.1587505378e-01
201 3.2460937500e+00 2.3637785016e+00 4.1571973407e-01
201 3.2500000000e+00 2.3602531777e+00 4.1556464687e-01
201 3.2539062500e+00 2.3567371170e+00 4.1540979405e-01
201 3.2578125000e+00 2.3532301263e+00 4.1525516799e-01
201 3.2617187500e+00 2.3497323660e+00 4.1510077666e-01
201 3.2656250000e+00 2.3462432993e+00 4.1494659724e-01
201 3.2695312500e+00 2.3427635093e+00 4.1479265638e-01
201 3.2734375000e+00 2.3392926648e+00 4.1463894034e-01
201 3.2773437500e+00 2.3358308885e+00 4.1448545543e-01
201 3.2812500000e+00 2.3323777909e+00 4.1433218525e-01
201 3.2851562500e+00 2.3289340397e+00 4.1417916034e-01
201 3.2890625000e+00 2.3254988189e+00 4.1402634530e-01
201 3.2929687500e+00 2.3220723616e+00 4.1387375136e-01
201 3.2968750000e+00 2.3186548429e+00 4.1372138718e-01
201 3.3007812500e+00 2.3152460241e+00 4.1356924299e-01
201 3.3046875000e+00 2.3118460239e+00 4.1341732496e-01
201 3.3085937500e+00 2.3084545404e+00 4.1326562043e-01
201 3.3125000000e+00 2.3050717408e+00 4.1311413774e-01
201 3.3164062500e+00 2.3016976565e+00 4.1296287914e-01
201 3.3203125000e+00 2.2983320762e+00 4.1281183600e-01
201 3.3242187500e+00 2.2949751445e+00 4.1266101567e-01
201 3.3281250000e+00 2.2916265651e+00 4.1251040567e-01
201 3.3320312500e+00 2.2882865379e+00 4.1236001580e-01
201 3.3359375000e+00 2.2849550768e+00 4.1220984754e-01
201 3.3398437500e+00 2.2816319613e+00 4.1205989179e-01
201 3.3437500000e+00 2.2783173676e+00 4.1191015732e-01
201 3.3476562500e+00 2.2750109001e+00 4.1176062708e-01
201 3.3515625000e+00 2.2717129576e+00 4.1161131991e-01
201 3.3554687500e+00 2.2684232743e+00 4.1146222462e-01
201 3.3593750000e+00 2.2651418282e+00 4.1131334101e-01
201 3.3632812500e+00 2.2618684657e+00 4.1116466291e-01
201 3.3671875000e+00 2.2586036258e+00 4.1101621109e-01
201 3.3710937500e+00 2.2553467506e+00 4.1086796098e-01
201 3.3750000000e+00 2.2520980156e+00 4.1071992135e-01
201 3.3789062500e+00 2.2488575286e+00 4.1057209793e-01
201 3.3828125000e+00 2.2456248949e+00 4.1042447350e-01
201 3.3867187500e+00 2.2424003965e+00 4.1027706172e-01
201 3.3906250000e+00 2.2391838919e+00 4.1012985691e-01
201 3.3945312500e+00 2.2359755225e+00 4.0998286634e-01
201 3.3984375000e+00 2.2327751190e+00 4.0983608304e-01
201 3.4023437500e+00 2.2295825069e+00 4.0968949978e-01
201 3.4062500000e+00 2.2263978582e+00 4.0954312523e-01
201 3.4101562500e+00 2.2232211009e+00 4.0939695685e-01
201 3.4140625000e+00 2.2200521862e+00 4.0925099318e-01
201 3.4179687500e+00 2.2168910934e+00 4.0910523403e-01
201 3.4218750000e+00 2.2137376576e+00 4.0895967254e-01
201 3.4257812500e+00 2.2105921343e+00 4.0881432129e-01
201 3.4296875000e+00 2.2074541642e+00 4.0866916441e-01
201 3.4335937500e+00 2.2043240467e+00 4.0852421653e-01
201 3.4375000000e+00 2.2012015595e+00 4.0837946810e-01
201 3.4414062500e+00 2.1980867794e+00 4.0823492343e-01
201 3.4453125000e+00 2.1949794985e+00 4.0809057363e-01
201 3.4492187500e+00 2.1918799586e+00 4.0794643066e-01
201 3.4531250000e+00 2.1887877563e+00 4.0780247652e-01
201 3.4570312500e+00 2.1857031095e+00 4.0765872207e-01
201 3.4609375000e+00 2.1826262119e+00 4.0751517709e-01
201 3.4648437500e+00 2.1795565318e+00 4.0737181751e-01
201 3.4687500000e+00 2.1764944051e+00 4.0722865973e-01
201 3.4726562500e+00 2.1734396182e+00 4.0708569451e-01
201 3.4765625000e+00 2.1703922906e+00 4.0694292814e-01
201 3.4804687500e+00 2.1673522818e+00 4.0680035479e-01
201 3.4843750000e+00 2.1643195911e+00 4.0665797513e-01
201 3.4882812500e+00 2.1612943514e+00 4.0651579613e-01
201 3.4921875000e+00 2.1582763406e+00 4.0637380806e-01
201 3.4960937500e+00 2.1552655098e+00 4.0623200933e-01
201 3.5000000000e+00 2.1522619451e+00 4.0609040470e-01
201 3.5039062500e+00 2.1492654599e+00 4.0594898608e-01
201 3.5078125000e+00 2.1462764283e+00 4.0580777183e-01
201 3.5117187500e+00 2.1432943328e+00 4.0566673820e-01
201 3.5156250000e+00 2.1403195141e+00 4.0552590201e-01
201 3.5195312500e+00 2.1373516591e+00 4.0538524913e-01
201 3.5234375000e+00 2.1343910097e+00 4.0524479172e-01
201 3.5273437500e+00 2.1314372730e+00 4.0510451657e-01
201 3.5312500000e+00 2.1284907410e+00 4.0496443823e-01
201 3.5351562500e+00 2.1255509749e+00 4.0482453654e-01
201 3.5390625000e+00 2.1226182306e+00 4.0468482434e-01
201 3.5429687500e+00 2.1196926392e+00 4.0454530857e-01
201 3.5468750000e+00 2.1167737120e+00 4.0440596660e-01
201 3.5507812500e+00 2.1138618188e+00 4.0426681675e-01
201 3.5546875000e+00 2.1109568648e+00 4.0412785519e-01
201 3.5585937500e+00 2.1080586989e+00 4.0398907534e-01
201 3.5625000000e+00 2.1051673302e+00 4.0385047832e-01
201 3.5664062500e+00 2.1022826830e+00 4.0371206115e-01
201 3.5703125000e+00 2.0994049884e+00 4.0357383558e-01
201 3.5742187500e+00 2.0965339558e+00 4.0343578834e-01
201 3.5781250000e+00 2.0936695828e+00 4.0329791993e-01
201 3.5820312500e+00 2.0908120376e+00 4.0316023915e-01
201 3.5859375000e+00 2.0879610538e+00 4.0302273377e-01
201 3.5898437500e+00 2.0851168563e+00 4.0288541533e-01
201 3.5937500000e+00 2.0822790694e+00 4.0274826631e-01
201 3.5976562500e+00 2.0794480722e+00 4.0261130569e-01
201 3.6015625000e+00 2.0766237192e+00 4.0247452707e-01
201 3.6054687500e+00 2.0738058994e+00 4.0233792575e-01
201 3.6093750000e+00 2.0709945191e+00 4.0220149779e-01
201 3.6132812500e+00 2.0681896859e+00 4.0206524906e-01
201 3.6171875000e+00 2.0653912454e+00 4.0192917268e-01
201 3.6210937500e+00 2.0625993456e+00 4.0179327648e-01
201 3.6250000000e+00 2.0598140276e+00 4.0165756312e-01
201 3.6289062500e+00 2.0570349201e+00 4.0152201511e-01
201 3.6328125000e+00 2.0542623154e+00 4.0138664733e-01
201 3.6367187500e+00 2.0514961900e+00 4.0125145928e-01
201 3.6406250000e+00 2.0487363353e+00 4.0111644138e-01
201 3.6445312500e+00 2.0459827769e+00 4.0098159550e-01
201 3.6484375000e+00 2.0432355549e+00 4.0084692421e-01
201 3.6523437500e+00 2.0404946514e+00 4.0071242725e-01
201 3.6562500000e+00 2.0377600014e+00 4.0057810205e-01
201 3.6601562500e+00 2.0350315351e+00 4.0044394579e-01
201 3.6640625000e+00 2.0323094446e+00 4.0030996852e-01
201 3.6679687500e+00 2.0295933947e+00 4.0017615436e-01
201 3.6718750000e+00 2.0268836522e+00 4.0004251704e-01
201 3.6757812500e+00 2.0241799436e+00 3.9990904368e-01
201 3.6796875000e+00 2.0214824999e+00 3.9977574629e-01
201 3.6835937500e+00 2.0187910815e+00 3.9964261362e-01
201 3.6875000000e+00 2.0161057598e+00 3.9950964980e-01
201 3.6914062500e+00 2.0134264878e+00 3.9937685309e-01
201 3.6953125000e+00 2.0107534167e+00 3.9924423158e-01
201 3.6992187500e+00 2.0080862305e+00 3.9911177019e-01
201 3.7031250000e+00 2.0054251170e+00 3.9897947881e-01
201 3.7070312500e+00 2.0027700160e+00 3.9884735506e-01
201 3.7109375000e+00 2.0001207089e+00 3.9871538863e-01
201 3.7148437500e+00 1.9974775885e+00 3.9858359965e-01
201 3.7187500000e+00 1.9948404021e+00 3.9845197614e-01
201 3.7226562500e+00 1.9922089990e+00 3.9832051114e-01
201 3.7265625000e+00 1.9895834784e+00 3.9818921016e-01
201 3.7304687500e+00 1.9869638676e+00 3.9805807515e-01
201 3.7343750000e+00 1.9843500963e+00 3.9792710317e-01
201 3.7382812500e+00 1.9817421129e+00 3.9779629218e-01
201 3.7421875000e+00 1.9791399116e+00 3.9766564247e-01
201 3.7460937500e+00 1.9765437008e+00 3.9753516508e-01
201 3.7500000000e+00 1.9739530870e+00 3.9740484078e-01
201 3.7539062500e+00 1.9713682824e+00 3.9727468082e-01
201 3.7578125000e+00 1.9687890838e+00 3.9714467550e-01
201 3.7617187500e+00 1.9662157990e+00 3.9701484092e-01
201 3.7656250000e+00 1.9636480911e+00 3.9688516063e-01
201 3.7695312500e+00 1.9610860834e+00 3.9675564140e-01
201 3.7734375000e+00 1.9585296587e+00 3.9662627787e-01
201 3.7773437500e+00 1.9559789747e+00 3.9649707855e-01
201 3.7812500000e+00 1.9534337820e+00 3.9636803137e-01
201 3.7851562500e+00 1.9508942301e+00 3.9623914445e-01
201 3.7890625000e+00 1.9483603564e+00 3.9611042023e-01
201 3.7929687500e+00 1.9458319084e+00 3.9598184643e-01
201 3.7968750000e+00 1.9433090894e+00 3.9585343392e-01
201 3.8007812500e+00 1.9407917168e+00 3.9572517396e-01
201 3.8046875000e+00 1.9382797748e+00 3.9559706625e-01
201 3.8085937500e+00 1.9357735025e+00 3.9546912354e-01
201 3.8125000000e+00 1.9332726615e+00 3.9534133419e-01
201 3.8164062500e+00 1.9307772404e+00 3.9521369817e-01
201 3.8203125000e+00 1.9282871878e+00 3.9508621334e-01
201 3.8242187500e+00 1.9258025203e+00 3.9495888109e-01
201 3.8281250000e+00 1.9233233538e+00 3.9483170789e-01
201 3.8320312500e+00 1.9208494306e+00 3.9470468104e-01
201 3.8359375000e+00 1.9183809661e+00 3.9457781212e-01
201 3.8398437500e+00 1.9159177862e+00 3.9445109271e-01
201 3.8437500000e+00 1.9134600047e+00 3.9432452917e-01
201 3.8476562500e+00 1.9110074320e+00 3.9419811227e-01
201 3.8515625000e+00 1.9085601292e+00 3.9407184565e-01
201 3.8554687500e+00 1.9061181512e+00 3.9394573266e-01
201 3.8593750000e+00 1.9036814499e+00 3.9381977135e-01
201 3.8632812500e+00 1.9012499205e+00 3.9369395679e-01
201 3.8671875000e+00 1.8988236411e+00 3.9356829354e-01
201 3.8710937500e+00 1.8964026189e+00 3.9344278247e-01
201 3.8750000000e+00 1.8939865699e+00 3.9331740937e-01
201 3.8789062500e+00 1.8915758869e+00 3.9319219511e-01
201 3.8828125000e+00 1.8891702885e+00 3.9306712559e-01
201 3.8867187500e+00 1.8867697693e+00 3.9294220103e-01
201 3.8906250000e+00 1.8843744427e+00 3.9281742781e-01
201 3.8945312500e+00 1.8819841786e+00 3.9269279967e-01
201 3.8984375000e+00 1.8795989119e+00 3.9256831368e-01
201 3.9023437500e+00 1.8772188400e+00 3.9244398067e-01
201 3.9062500000e+00 1.8748437851e+00 3.9231979182e-01
201 3.9101562500e+00 1.8724737873e+00 3.9219574974e-01
201 3.9140625000e+00 1.8701086334e+00 3.9207184373e-01
201 3.9179687500e+00 1.8677485731e+00 3.9194808737e-01
201 3.9218750000e+00 1.8653934865e+00 3.9182447484e-01
201 3.9257812500e+00 1.8630434578e+00 3.9170101106e-01
201 3.9296875000e+00 1.8606982376e+00 3.9157768341e-01
201 3.9335937500e+00 1.8583580442e+00 3.9145450385e-01
201 3.9375000000e+00 1.8560227095e+00 3.9133146399e-01
201 3.9414062500e+00 1.8536923103e+00 3.9120856837e-01
201 3.9453125000e+00 1.8513667172e+00 3.9108581064e-01
201 3.9492187500e+00 1.8490460808e+00 3.9096319920e-01
201 3.9531250000e+00 1.8467303356e+00 3.9084073110e-01
201 3.9570312500e+00 1.8444192375e+00 3.9071839387e-01
201 3.9609375000e+00 1.8421131338e+00 3.9059620637e-01
201 3.9648437500e+00 1.8398117671e+00 3.9047415544e-01
201 3.9687500000e+00 1.8375151646e+00 3.9035224296e-01
201 3.9726562500e+00 1.8352234164e+00 3.9023047421e-01
201 3.9765625000e+00 1.8329363530e+00 3.9010884062e-01
201 3.9804687500e+00 1.8306540458e+00 3.8998734646e-01
201 3.9843750000e+00 1.8283765089e+00 3.8986599294e-01
201 3.9882812500e+00 1.8261036113e+00 3.8974477353e-01
201 3.9921875000e+00 1.8238354397e+00 3.8962369331e-01
201 3.9960937500e+00 1.8215718701e+00 3.8950274612e-01
201 4.0000000000e+00 1.8193131379e+00 3.8938194499e-01
201 4.0039062500e+00 1.8170589160e+00 3.8926127287e-01
201 4.0078125000e+00 1.8148093883e+00 3.8914074007e-01
201 4.0117187500e+00 1.8125644315e+00 3.8902034041e-01
201 4.0156250000e+00 1.8103242070e+00 3.8890008302e-01
201 4.0195312500e+00 1.8080884982e+00 3.8877995670e-01
201 4.0234375000e+00 1.8058573862e+00 3.8865996627e-01
201 4.0273437500e+00 1.8036308048e+00 3.8854010860e-01
201 4.0312500000e+00 1.8014087492e+00 3.8842038386e-01
201 4.0351562500e+00 1.7991912927e+00 3.8830079646e-01
201 4.0390625000e+00 1.7969782555e+00 3.8818133713e-01
201 4.0429687500e+00 1.7947698657e+00 3.8806201862e-01
201 4.0468750000e+00 1.7925659293e+00 3.8794283089e-01
201 4.0507812500e+00 1.7903663374e+00 3.8782376849e-01
201 4.0546875000e+00 1.7881713523e+00 3.8770484604e-01
201 4.0585937500e+00 1.7859807373e+00 3.8758605114e-01
201 4.0625000000e+00 1.7837945471e+00 3.8746738720e-01
201 4.0664062500e+00 1.7816128623e+00 3.8734885902e-01
201 4.0703125000e+00 1.7794354876e+00 3.8723045641e-01
201 4.0742187500e+00 1.7772626050e+00 3.8711218971e-01
201 4.0781250000e+00 1.7750940164e+00 3.8699404855e-01
201 4.0820312500e+00 1.7729298831e+00 3.8687604214e-01
201 4.0859375000e+00 1.7707699815e+00 3.8675815871e-01
201 4.0898437500e+00 1.7686144713e+00 3.8664040740e-01
201 4.0937500000e+00 1.7664633178e+00 3.8652278673e-01
201 4.0976562500e+00 1.7643164876e+00 3.8640529529e-01
201 4.1015625000e+00 1.7621738872e+00 3.8628792838e-01
201 4.1054687500e+00 1.7600355434e+00 3.8617068790e-01
201 4.1093750000e+00 1.7579015430e+00 3.8605357899e-01
201 4.1132812500e+00 1.7557717772e+00 3.8593659611e-01
201 4.1171875000e+00 1.7536462689e+00 3.8581974093e-01
201 4.1210937500e+00 1.7515249007e+00 3.8570300740e-01
201 4.1250000000e+00 1.7494079034e+00 3.8558640863e-01
201 4.1289062500e+00 1.7472950562e+00 3.8546993288e-01
201 4.1328125000e+00 1.7451863414e+00 3.8535357957e-01
201 4.1367187500e+00 1.7430819102e+00 3.8523735744e-01
201 4.1406250000e+00 1.7409815719e+00 3.8512125638e-01
201 4.1445312500e+00 1.7388853123e+00 3.8500527599e-01
201 4.1484375000e+00 1.7367932985e+00 3.8488942591e-01
201 4.1523437500e+00 1.7347052957e+00 3.8477369355e-01
201 4.1562500000e+00 1.7326215501e+00 3.8465809295e-01
201 4.1601562500e+00 1.7305417993e+00 3.8454260995e-01
201 4.1640625000e+00 1.7284662073e+00 3.8442725405e-01
201 4.1679687500e+00 1.7263946247e+00 3.8431201735e-01
201 4.1718750000e+00 1.7243271998e+00 3.8419690849e-01
201 4.1757812500e+00 1.7222637654e+00 3.8408191855e-01
201 4.1796875000e+00 1.7202043766e+00 3.8396705099e-01
201 4.1835937500e+00 1.7181489628e+00 3.8385230226e-01
201 4.1875000000e+00 1.7160976476e+00 3.8373767966e-01
201 4.1914062500e+00 1.7140503185e+00 3.8362317728e-01
201 4.1953125000e+00 1.7120069311e+00 3.8350879303e-01
201 4.1992187500e+00 1.7099675323e+00 3.8339452991e-01
201 4.2031250000e+00 1.7079320878e+00 3.8328038639e-01
201 4.2070312500e+00 1.7059006593e+00 3.8316636631e-01
201 4.2109375000e+00 1.7038731197e+00 3.8305246291e-01
201 4.2148437500e+00 1.7018494510e+00 3.8293867557e-01
201 4.2187500000e+00 1.6998298183e+00 3.8282501395e-01
201 4.2226562500e+00 1.6978140158e+00 3.8271146685e-01
201 4.2265625000e+00 1.6958020730e+00 3.8259803628e-01
201 4.2304687500e+00 1.6937941154e+00 3.8248472972e-01
201 4.2343750000e+00 1.6917899273e+00 3.8237153537e-01
201 4.2382812500e+00 1.6897896435e+00 3.8225846120e-01
201 4.2421875000e+00 1.6877931886e+00 3.8214550333e-01
201 4.2460937500e+00 1.6858006230e+00 3.8203266556e-01
201 4.2500000000e+00 1.6838118235e+00 3.8191994127e-01
201 4.2539062500e+00 1.6818268692e+00 3.8180733531e-01
201 4.2578125000e+00 1.6798456620e+00 3.8169484248e-01
201 4.2617187500e+00 1.6778682528e+00 3.8158246604e-01
201 4.2656250000e+00 1.6758946016e+00 3.8147020408e-01
201 4.2695312500e+00 1.6739247650e+00 3.8135806018e-01
201 4.2734375000e+00 1.6719587072e+00 3.8124603268e-01
201 4.2773437500e+00 1.6699963384e+00 3.8113411681e-01
201 4.2812500000e+00 1.6680377403e+00 3.8102231760e-01
201 4.2851562500e+00 1.6660828258e+00 3.8091063043e-01
201 4.2890625000e+00 1.6641316550e+00 3.8079905910e-01
201 4.2929687500e+00 1.6621841084e+00 3.8068759712e-01
201 4.2968750000e+00 1.6602402282e+00 3.8057624727e-01
201 4.3007812500e+00 1.6583001877e+00 3.8046501983e-01
201 4.3046875000e+00 1.6563637230e+00 3.8035390003e-01
201 4.3085937500e+00 1.6544308454e+00 3.8024288886e-01
201 4.3125000000e+00 1.6525017078e+00 3.8013199547e-01
201 4.3164062500e+00 1.6505760896e+00 3.8002120751e-01
201 4.3203125000e+00 1.6486541979e+00 3.7991053725e-01
201 4.3242187500e+00 1.6467358709e+00 3.7979997573e-01
201 4.3281250000e+00 1.6448212102e+00 3.7968952915e-01
201 4.3320312500e+00 1.6429100546e+00 3.7957918856e-01
201 4.3359375000e+00 1.6410025204e+00 3.7946896102e-01
201 4.3398437500e+00 1.6390985455e+00 3.7935884328e-01
201 4.3437500000e+00 1.6371981060e+00 3.7924883430e-01
201 4.3476562500e+00 1.6353012230e+00 3.7913893566e-01
201 4.3515625000e+00 1.6334078900e+00 3.7902914730e-01
201 4.3554687500e+00 1.6315180601e+00 3.7891946686e-01
201 4.3593750000e+00 1.6296317408e+00 3.7880989510e-01
201 4.3632812500e+00 1.6277489901e+00 3.7870043574e-01
201 4.3671875000e+00 1.6258696589e+00 3.7859108045e-01
201 4.3710937500e+00 1.6239938405e+00 3.7848183497e-01
201 4.3750000000e+00 1.6221214735e+00 3.7837269609e-01
201 4.3789062500e+00 1.6202525766e+00 3.7826366522e-01
201 4.3828125000e+00 1.6183871998e+00 3.7815474561e-01
201 4.3867187500e+00 1.6165252093e+00 3.7804592979e-01
201 4.3906250000e+00 1.6146666148e+00 3.7793721864e-01
201 4.3945312500e+00 1.6128115995e+00 3.7782862323e-01
201 4.3984375000e+00 1.6109598459e+00 3.7772012529e-01
201 4.4023437500e+00 1.6091115245e+00 3.7761173513e-01
201 4.4062500000e+00 1.6072665694e+00 3.7750344921e-01
201 4.4101562500e+00 1.6054250625e+00 3.7739527268e-01
201 4.4140625000e+00 1.6035868683e+00 3.7728719790e-01
201 4.4179687500e+00 1.6017521329e+00 3.7717923378e-01
201 4.4218750000e+00 1.5999206945e+00 3.7707137113e-01
201 4.4257812500e+00 1.5980925970e+00 3.7696361285e-01
201 4.4296875000e+00 1.5962678148e+00 3.7685595776e-01
201 4.4335937500e+00 1.5944464170e+00 3.7674841025e-01
201 4.4375000000e+00 1.5926283027e+00 3.7664096469e-01
201 4.4414062500e+00 1.5908134687e+00 3.7653362120e-01
201 4.4453125000e+00 1.5890019899e+00 3.7642638453e-01
201 4.4492187500e+00 1.5871937181e+00 3.7631924623e-01
201 4.4531250000e+00 1.5853887750e+00 3.7621221382e-01
201 4.4570312500e+00 1.5835870913e+00 3.7610528351e-01
201 4.4609375000e+00 1.5817886440e+00 3.7599845425e-01
201 4.4648437500e+00 1.5799935042e+00 3.7589173056e-01
201 4.4687500000e+00 1.5782015233e+00 3.7578510394e-01
201 4.4726562500e+00 1.5764127851e+00 3.7567857967e-01
201 4.4765625000e+00 1.5746273623e+00 3.7557216240e-01
201 4.4804687500e+00 1.5728450606e+00 3.7546584086e-01
201 4.4843750000e+00 1.5710660120e+00 3.7535962324e-01
201 4.4882812500e+00 1.5692901386e+00 3.7525350518e-01
201 4.4921875000e+00 1.5675174830e+00 3.7514748953e-01
201 4.4960937500e+00 1.5657479194e+00 3.7504156910e-01
201 4.5000000000e+00 1.5639815850e+00 3.7493575237e-01
201 4.5039062500e+00 1.5622183932e+00 3.7483003449e-01
201 4.5078125000e+00 1.5604583590e+00 3.7472441664e-01
201 4.5117187500e+00 1.5587014727e+00 3.7461889855e-01
201 4.5156250000e+00 1.5569477088e+00 3.7451347899e-01
201 4.5195312500e+00 1.5551970529e+00 3.7440815740e-01
201 4.5234375000e+00 1.5534494559e+00 3.7430293110e-01
201 4.5273437500e+00 1.5517050601e+00 3.7419780899e-01
201 4.5312500000e+00 1.5499636834e+00 3.7409278037e-01
201 4.5351562500e+00 1.5482254591e+00 3.7398785358e-01
201 4.5390625000e+00 1.5464903152e+00 3.7388302460e-01
201 4.5429687500e+00 1.5447581662e+00 3.7377828852e-01
201 4.5468750000e+00 1.5430291610e+00 3.7367365466e-01
201 4.5507812500e+00 1.5413031772e+00 3.7356911591e-01
201 4.5546875000e+00 1.5395802212e+00 3.7346467293e-01
201 4.5585937500e+00 1.5378603603e+00 3.7336033012e-01
201 4.5625000000e+00 1.5361434064e+00 3.7325607634e-01
201 4.5664062500e+00 1.5344295510e+00 3.7315192351e-01
201 4.5703125000e+00 1.5327186939e+00 3.7304786582e-01
201 4.5742187500e+00 1.5310108640e+00 3.7294390535e-01
201 4.5781250000e+00 1.5293059585e+00 3.7284003609e-01
201 4.5820312500e+00 1.5276041043e+00 3.7273626609e-01
201 4.5859375000e+00 1.5259051960e+00 3.7263258919e-01
201 4.5898437500e+00 1.5242092355e+00 3.7252900580e-01
201 4.5937500000e+00 1.5225162624e+00 3.7242551862e-01
201 4.5976562500e+00 1.5208262415e+00 3.7232212579e-01
201 4.6015625000e+00 1.5191391651e+00 3.7221882712e-01
201 4.6054687500e+00 1.5174550070e+00 3.7211562128e-01
201 4.6093750000e+00 1.5157738198e+00 3.7201251178e-01
201 4.6132812500e+00 1.5140954662e+00 3.7190949048e-01
201 4.6171875000e+00 1.5124200704e+00 3.7180656528e-01
201 4.6210937500e+00 1.5107476073e+00 3.7170373492e-01
201 4.6250000000e+00 1.5090779908e+00 3.7160099439e-01
201 4.6289062500e+00 1.5074113061e+00 3.7149834920e-01
201 4.6328125000e+00 1.5057474827e+00 3.7139579530e-01
201 4.6367187500e+00 1.5040864810e+00 3.7129333051e-01
201 4.6406250000e+00 1.5024284167e+00 3.7119096225e-01
201 4.6445312500e+00 1.5007731312e+00 3.7108868099e-01
201 4.6484375000e+00 1.4991207687e+00 3.7098649594e-01
201 4.6523437500e+00 1.4974712019e+00 3.7088439948e-01
201 4.6562500000e+00 1.4958244594e+00 3.7078239366e-01
201 4.6601562500e+00 1.4941805229e+00 3.7068047761e-01
201 4.6640625000e+00 1.4925395012e+00 3.7057865835e-01
201 4.6679687500e+00 1.4909012218e+00 3.7047692546e-01
201 4.6718750000e+00 1.4892656968e+00 3.7037527994e-01
201 4.6757812500e+00 1.4876329972e+00 3.7027372648e-01
201 4.6796875000e+00 1.4860030986e+00 3.7017226384e-01
201 4.6835937500e+00 1.4843759598e+00 3.7007088970e-01
201 4.6875000000e+00 1.4827515869e+00 3.6996960471e-01
201 4.6914062500e+00 1.4811300219e+00 3.6986841178e-01
201 4.6953125000e+00 1.4795111714e+00 3.6976730532e-01
201 4.6992187500e+00 1.4778950889e+00 3.6966628895e-01
201 4.7031250000e+00 1.4762817582e+00 3.6956536191e-01
201 4.7070312500e+00 1.4746710960e+00 3.6946451927e-01
201 4.7109375000e+00 1.4730632140e+00 3.6936376826e-01
201 4.7148437500e+00 1.4714580485e+00 3.6926310516e-01
201 4.7187500000e+00 1.4698555602e+00 3.6916252778e-01
201 4.7226562500e+00 1.4682558149e+00 3.6906204049e-01
201 4.7265625000e+00 1.4666586865e+00 3.6896163563e-01
201 4.7304687500e+00 1.4650643374e+00 3.6886132367e-01
201 4.7343750000e+00 1.4634726146e+00 3.6876109525e-01
201 4.7382812500e+00 1.4618835983e+00 3.6866095568e-01
201 4.7421875000e+00 1.4602972458e+00 3.6856090250e-01
201 4.7460937500e+00 1.4587135818e+00 3.6846093756e-01
201 4.7500000000e+00 1.4571325105e+00 3.6836105504e-01
201 4.7539062500e+00 1.4555540581e+00 3.6826125685e-01
201 4.7578125000e+00 1.4539783187e+00 3.6816154920e-01
201 4.7617187500e+00 1.4524051786e+00 3.6806192515e-01
201 4.7656250000e+00 1.4508346587e+00 3.6796238627e-01
201 4.7695312500e+00 1.4492667583e+00 3.6786293277e-01
201 4.7734375000e+00 1.4477015053e+00 3.6776356668e-01
201 4.7773437500e+00 1.4461388068e+00 3.6766428234e-01
201 4.7812500000e+00 1.4445787171e+00 3.6756508345e-01
201 4.7851562500e+00 1.4430212270e+00 3.6746596968e-01
201 4.7890625000e+00 1.4414662803e+00 3.6736693769e-01
201 4.7929687500e+00 1.4399139574e+00 3.6726799286e-01
201 4.7968750000e+00 1.4383642087e+00 3.6716913227e-01
201 4.8007812500e+00 1.4368169534e+00 3.6707035102e-01
201 4.8046875000e+00 1.4352723438e+00 3.6697165906e-01
201 4.8085937500e+00 1.4337302089e+00 3.6687304572e-01
201 4.8125000000e+00 1.4321906785e+00 3.6677451956e-01
201 4.8164062500e+00 1.4306536317e+00 3.6667607306e-01
201 4.8203125000e+00 1.4291191166e+00 3.6657770955e-01
201 4.8242187500e+00 1.4275871403e+00 3.6647942974e-01
201 4.8281250000e+00 1.4260576821e+00 3.6638123252e-01
201 4.8320312500e+00 1.4245307118e+00 3.6628311622e-01
201 4.8359375000e+00 1.4230062478e+00 3.6618508224e-01
201 4.8398437500e+00 1.4214843145e+00 3.6608713240e-01
201 4.8437500000e+00 1.4199648162e+00 3.6598926078e-01
201 4.8476562500e+00 1.4184478087e+00 3.6589147121e-01
201 4.8515625000e+00 1.4169333021e+00 3.6579376457e-01
201 4.8554687500e+00 1.4154212933e+00 3.6569614091e-01
201 4.8593750000e+00 1.4139116929e+00 3.6559859470e-01
201 4.8632812500e+00 1.4124045726e+00 3.6550113079e-01
201 4.8671875000e+00 1.4108998935e+00 3.6540374690e-01
201 4.8710937500e+00 1.4093976440e+00 3.6530644253e-01
201 4.8750000000e+00 1.4078978520e+00 3.6520921971e-01
201 4.8789062500e+00 1.4064004777e+00 3.6511207610e-01
201 4.8828125000e+00 1.4049055001e+00 3.6501501055e-01
201 4.8867187500e+00 1.4034130250e+00 3.6491803019e-01
201 4.8906250000e+00 1.4019228837e+00 3.6482112428e-01
201 4.8945312500e+00 1.4004351922e+00 3.6472430059e-01
201 4.8984375000e+00 1.3989498656e+00 3.6462755382e-01
201 4.9023437500e+00 1.3974669490e+00 3.6453088715e-01
201 4.9062500000e+00 1.3959864246e+00 3.6443429964e-01
201 4.9101562500e+00 1.3945082752e+00 3.6433779040e-01
201 4.9140625000e+00 1.3930324726e+00 3.6424135781e-01
201 4.9179687500e+00 1.3915590647e+00 3.6414500522e-01
201 4.9218750000e+00 1.3900880444e+00 3.6404873242e-01
201 4.9257812500e+00 1.3886193443e+00 3.6395253521e-01
201 4.9296875000e+00 1.3871529873e+00 3.6385641531e-01
201 4.9335937500e+00 1.3856889954e+00 3.6376037439e-01
201 4.9375000000e+00 1.3842273483e+00 3.6366441135e-01
201 4.9414062500e+00 1.3827679809e+00 3.6356852212e-01
201 4.9453125000e+00 1.3813110006e+00 3.6347271400e-01
201 4.9492187500e+00 1.3798563551e+00 3.6337698377e-01
201 4.9531250000e+00 1.3784039790e+00 3.6328132735e-01
201 4.9570312500e+00 1.3769539157e+00 3.6318574781e-01
201 4.9609375000e+00 1.3755061504e+00 3.6309024440e-01
201 4.9648437500e+00 1.3740606704e+00 3.6299481650e-01
201 4.9687500000e+00 1.3726175454e+00 3.6289946894e-01
201 4.9726562500e+00 1.3711766323e+00 3.6280419248e-01
201 4.9765625000e+00 1.3697380386e+00 3.6270899444e-01
201 4.9804687500e+00 1.3683017016e+00 3.6261387090e-01
201 4.9843750000e+00 1.3668676285e+00 3.6251882255e-01
201 4.9882812500e+00 1.3654358046e+00 3.6242384862e-01
201 4.9921875000e+00 1.3640062564e+00 3.6232895110e-01
201 4.9960937500e+00 1.3625789467e+00 3.6223412773e-01
201 5.0000000000e+00 1.3611539230e+00 3.6213938188e-01
