0	0.00806288
0.02	0.00778793
0.04	0.00752237
0.06	0.00726587
0.08	0.00701814
0.1	0.00677886
0.12	0.00654775
0.14	0.00632453
0.16	0.00610893
0.18	0.00590068
0.2	0.00569955
0.22	0.00550528
0.24	0.00531765
0.26	0.00513641
0.28	0.00496136
0.3	0.00479229
0.32	0.00462898
0.34	0.00447125
0.36	0.0043189
0.38	0.00417174
0.4	0.00402961
0.42	0.00389232
0.44	0.00375972
0.46	0.00363164
0.48	0.00350793
0.5	0.00338844
0.52	0.00327303
0.54	0.00316155
0.56	0.00305387
0.58	0.00294987
0.6	0.00284941
0.62	0.00275238
0.64	0.00265865
0.66	0.00256813
0.68	0.00248068
0.7	0.00239622
0.72	0.00231464
0.74	0.00223584
0.76	0.00215973
0.78	0.00208621
0.8	0.00201519
0.82	0.0019466
0.84	0.00188034
0.86	0.00181634
0.88	0.00175452
0.9	0.00169481
0.92	0.00163714
0.94	0.00158143
0.96	0.00152761
0.98	0.00147563
1	0.00142542
1.02	0.00137693
1.04	0.00133008
1.06	0.00128483
1.08	0.00124112
1.1	0.0011989
1.12	0.00115812
1.14	0.00111872
1.16	0.00108067
1.18	0.00104392
1.2	0.00100841
1.22	0.000974117
1.24	0.000940989
1.26	0.00090899
1.28	0.000878079
1.3	0.000848222
1.32	0.00081938
1.34	0.000791521
1.36	0.000764609
1.38	0.000738614
1.4	0.000713504
1.42	0.000689248
1.44	0.000665818
1.46	0.000643185
1.48	0.000621323
1.5	0.000600204
1.52	0.000579804
1.54	0.000560099
1.56	0.000541063
1.58	0.000522676
1.6	0.000504914
1.62	0.000487756
1.64	0.000471182
1.66	0.000455172
1.68	0.000439707
1.7	0.000424767
1.72	0.000410336
1.74	0.000396396
1.76	0.000382929
1.78	0.000369921
1.8	0.000357355
1.82	0.000345216
1.84	0.000333491
1.86	0.000322164
1.88	0.000311222
1.9	0.000300652
1.92	0.000290441
1.94	0.000280578
1.96	0.00027105
1.98	0.000261846
2	0.000252955
2.02	0.000244366
2.04	0.000236069
2.06	0.000228054
2.08	0.000220311
2.1	0.000212832
2.12	0.000205606
2.14	0.000198627
2.16	0.000191884
2.18	0.000185371
2.2	0.000179079
2.22	0.000173001
2.24	0.000167129
2.26	0.000161457
2.28	0.000155977
2.3	0.000150684
2.32	0.000145571
2.34	0.000140631
2.36	0.000135859
2.38	0.000131249
2.4	0.000126796
2.42	0.000122494
2.44	0.000118338
2.46	0.000114323
2.48	0.000110444
2.5	0.000106698
2.52	0.000103078
2.54	9.95817e-05
2.56	9.62039e-05
2.58	9.29408e-05
2.6	8.97884e-05
2.62	8.67431e-05
2.64	8.38012e-05
2.66	8.09592e-05
2.68	7.82136e-05
2.7	7.55613e-05
2.72	7.2999e-05
2.74	7.05236e-05
2.76	6.81323e-05
2.78	6.58222e-05
2.8	6.35905e-05
2.82	6.14345e-05
2.84	5.93517e-05
2.86	5.73395e-05
2.88	5.53957e-05
2.9	5.35178e-05
2.92	5.17036e-05
2.94	4.9951e-05
2.96	4.82579e-05
2.98	4.66222e-05
3	4.5042e-05
3.02	4.35154e-05
3.04	4.20407e-05
3.06	4.06159e-05
3.08	3.92395e-05
3.1	3.79097e-05
3.12	3.66251e-05
3.14	3.53841e-05
3.16	3.41851e-05
3.18	3.30268e-05
3.2	3.19078e-05
3.22	3.08268e-05
3.24	2.97824e-05
3.26	2.87734e-05
3.28	2.77986e-05
3.3	2.68569e-05
3.32	2.59471e-05
3.34	2.50682e-05
3.36	2.42191e-05
3.38	2.33988e-05
3.4	2.26062e-05
3.42	2.18406e-05
3.44	2.11009e-05
3.46	2.03863e-05
3.48	1.96959e-05
3.5	1.90289e-05
3.52	1.83845e-05
3.54	1.7762e-05
3.56	1.71605e-05
3.58	1.65795e-05
3.6	1.60181e-05
3.62	1.54758e-05
3.64	1.49518e-05
3.66	1.44456e-05
3.68	1.39565e-05
3.7	1.34841e-05
3.72	1.30276e-05
3.74	1.25866e-05
3.76	1.21605e-05
3.78	1.17489e-05
3.8	1.13512e-05
3.82	1.0967e-05
3.84	1.05959e-05
3.86	1.02372e-05
3.88	9.89077e-06
3.9	9.55605e-06
3.92	9.23266e-06
3.94	8.92022e-06
3.96	8.61837e-06
3.98	8.32674e-06
4	8.04498e-06
4.02	7.77277e-06
4.04	7.50978e-06
4.06	7.2557e-06
4.08	7.01022e-06
4.1	6.77305e-06
4.12	6.54391e-06
4.14	6.32253e-06
4.16	6.10865e-06
4.18	5.90201e-06
4.2	5.70237e-06
4.22	5.50948e-06
4.24	5.32313e-06
4.26	5.14308e-06
4.28	4.96913e-06
4.3	4.80107e-06
4.32	4.6387e-06
4.34	4.48182e-06
4.36	4.33025e-06
4.38	4.18382e-06
4.4	4.04234e-06
4.42	3.90565e-06
4.44	3.77358e-06
4.46	3.64598e-06
4.48	3.52271e-06
4.5	3.4036e-06
4.52	3.28853e-06
4.54	3.17734e-06
4.56	3.06993e-06
4.58	2.96614e-06
4.6	2.86587e-06
4.62	2.76899e-06
4.64	2.67539e-06
4.66	2.58495e-06
4.68	2.49757e-06
4.7	2.41315e-06
4.72	2.33159e-06
4.74	2.25279e-06
4.76	2.17665e-06
4.78	2.10308e-06
4.8	2.03201e-06
4.82	1.96334e-06
4.84	1.89699e-06
4.86	1.83288e-06
4.88	1.77095e-06
4.9	1.71111e-06
4.92	1.65329e-06
4.94	1.59743e-06
4.96	1.54345e-06
4.98	1.4913e-06
5	1.44092e-06
5.02	1.39224e-06
5.04	1.3452e-06
5.06	1.29976e-06
5.08	1.25585e-06
5.1	1.21342e-06
5.12	1.17244e-06
5.14	1.13283e-06
5.16	1.09457e-06
5.18	1.0576e-06
5.2	1.02187e-06
5.22	9.8736e-07
5.24	9.54012e-07
5.26	9.21792e-07
5.28	8.90661e-07
5.3	8.60582e-07
5.32	8.3152e-07
5.34	8.0344e-07
5.36	7.76309e-07
5.38	7.50095e-07
5.4	7.24766e-07
5.42	7.00294e-07
5.44	6.76649e-07
5.46	6.53803e-07
5.48	6.31728e-07
5.5	6.104e-07
5.52	5.89792e-07
5.54	5.69881e-07
5.56	5.50642e-07
5.58	5.32053e-07
5.6	5.14092e-07
5.62	4.96739e-07
5.64	4.79971e-07
5.66	4.6377e-07
5.68	4.48116e-07
5.7	4.32991e-07
5.72	4.18376e-07
5.74	4.04256e-07
5.76	3.90612e-07
5.78	3.77429e-07
5.8	3.64692e-07
5.82	3.52384e-07
5.84	3.40493e-07
5.86	3.29003e-07
5.88	3.17901e-07
5.9	3.07173e-07
5.92	2.96809e-07
5.94	2.86794e-07
5.96	2.77117e-07
5.98	2.67767e-07
6	2.58733e-07
6.02	2.50004e-07
6.04	2.41569e-07
6.06	2.33419e-07
6.08	2.25545e-07
6.1	2.17936e-07
6.12	2.10584e-07
6.14	2.03481e-07
6.16	1.96617e-07
6.18	1.89985e-07
6.2	1.83576e-07
6.22	1.77385e-07
6.24	1.71402e-07
6.26	1.65621e-07
6.28	1.60035e-07
6.3	1.54637e-07
6.32	1.49422e-07
6.34	1.44383e-07
6.36	1.39514e-07
6.38	1.34809e-07
6.4	1.30263e-07
6.42	1.25871e-07
6.44	1.21626e-07
6.46	1.17525e-07
6.48	1.13562e-07
6.5	1.09733e-07
6.52	1.06034e-07
6.54	1.02459e-07
6.56	9.90042e-08
6.58	9.56664e-08
6.6	9.24412e-08
6.62	8.93248e-08
6.64	8.63135e-08
6.66	8.34038e-08
6.68	8.05923e-08
6.7	7.78756e-08
6.72	7.52506e-08
6.74	7.27141e-08
6.76	7.02631e-08
6.78	6.78949e-08
6.8	6.56065e-08
6.82	6.33953e-08
6.84	6.12587e-08
6.86	5.91941e-08
6.88	5.71992e-08
6.9	5.52716e-08
6.92	5.34089e-08
6.94	5.16091e-08
6.96	4.987e-08
6.98	4.81895e-08
7	4.65657e-08
7.02	4.49966e-08
7.04	4.34804e-08
7.06	4.20154e-08
7.08	4.05998e-08
7.1	3.92319e-08
7.12	3.79101e-08
7.14	3.66329e-08
7.16	3.53987e-08
7.18	3.42061e-08
7.2	3.30538e-08
7.22	3.19403e-08
7.24	3.08643e-08
7.26	2.98246e-08
7.28	2.882e-08
7.3	2.78492e-08
7.32	2.69111e-08
7.34	2.60047e-08
7.36	2.51288e-08
7.38	2.42824e-08
7.4	2.34646e-08
7.42	2.26743e-08
7.44	2.19107e-08
7.46	2.11728e-08
7.48	2.04597e-08
7.5	1.97707e-08
7.52	1.91049e-08
7.54	1.84616e-08
7.56	1.78399e-08
7.58	1.72392e-08
7.6	1.66587e-08
7.62	1.60977e-08
7.64	1.55557e-08
7.66	1.50319e-08
7.68	1.45258e-08
7.7	1.40368e-08
7.72	1.35642e-08
7.74	1.31075e-08
7.76	1.26662e-08
7.78	1.22398e-08
7.8	1.18278e-08
7.82	1.14296e-08
7.84	1.10448e-08
7.86	1.0673e-08
7.88	1.03138e-08
7.9	9.96658e-09
7.92	9.6311e-09
7.94	9.30692e-09
7.96	8.99366e-09
7.98	8.69095e-09
8	8.39844e-09
8.02	8.11577e-09
8.04	7.84263e-09
8.06	7.57869e-09
8.08	7.32363e-09
8.1	7.07717e-09
8.12	6.839e-09
8.14	6.60885e-09
8.16	6.38646e-09
8.18	6.17155e-09
8.2	5.96388e-09
8.22	5.7632e-09
8.24	5.56927e-09
8.26	5.38188e-09
8.28	5.2008e-09
8.3	5.02581e-09
8.32	4.85671e-09
8.34	4.69331e-09
8.36	4.53541e-09
8.38	4.38282e-09
8.4	4.23537e-09
8.42	4.09289e-09
8.44	3.9552e-09
8.46	3.82214e-09
8.48	3.69357e-09
8.5	3.56932e-09
8.52	3.44926e-09
8.54	3.33323e-09
8.56	3.22111e-09
8.58	3.11277e-09
8.6	3.00807e-09
8.62	2.90689e-09
8.64	2.80912e-09
8.66	2.71464e-09
8.68	2.62334e-09
8.7	2.53512e-09
8.72	2.44986e-09
8.74	2.36747e-09
8.76	2.28785e-09
8.78	2.21091e-09
8.8	2.13656e-09
8.82	2.06472e-09
8.84	1.99529e-09
8.86	1.92819e-09
8.88	1.86336e-09
8.9	1.8007e-09
8.92	1.74015e-09
8.94	1.68164e-09
8.96	1.6251e-09
8.98	1.57046e-09
9	1.51766e-09
9.02	1.46664e-09
9.04	1.41733e-09
9.06	1.36968e-09
9.08	1.32363e-09
9.1	1.27914e-09
9.12	1.23614e-09
9.14	1.19458e-09
9.16	1.15442e-09
9.18	1.11562e-09
9.2	1.07812e-09
9.22	1.04188e-09
9.24	1.00686e-09
9.26	9.73014e-10
9.28	9.4031e-10
9.3	9.08705e-10
9.32	8.78163e-10
9.34	8.48648e-10
9.36	8.20126e-10
9.38	7.92563e-10
9.4	7.65927e-10
9.42	7.40187e-10
9.44	7.15312e-10
9.46	6.91273e-10
9.48	6.68043e-10
9.5	6.45594e-10
9.52	6.239e-10
9.54	6.02935e-10
9.56	5.82675e-10
9.58	5.63096e-10
9.6	5.44175e-10
9.62	5.25891e-10
9.64	5.08221e-10
9.66	4.91145e-10
9.68	4.74644e-10
9.7	4.58697e-10
9.72	4.43286e-10
9.74	4.28393e-10
9.76	4.14001e-10
9.78	4.00093e-10
9.8	3.86652e-10
9.82	3.73663e-10
9.84	3.6111e-10
9.86	3.4898e-10
9.88	3.37257e-10
9.9	3.25928e-10
9.92	3.1498e-10
9.94	3.044e-10
9.96	2.94175e-10
9.98	2.84294e-10
