1	10.2541	10.2541	3.70286	4.33583	2.84836	1.58242
1.00391	10.201	10.201	3.69007	4.32806	2.82081	1.57648
1.00781	10.1483	10.1483	3.67728	4.32028	2.79378	1.57062
1.01172	10.0963	10.0963	3.66451	4.31249	2.76725	1.56482
1.01563	10.0447	10.0447	3.65174	4.30469	2.74122	1.5591
1.01953	9.99364	9.99367	3.63899	4.29689	2.71566	1.55345
1.02344	9.94308	9.94312	3.62626	4.28907	2.69056	1.54786
1.02734	9.89301	9.89307	3.61355	4.28125	2.66592	1.54234
1.03125	9.84342	9.84351	3.60085	4.27342	2.64171	1.53689
1.03516	9.79431	9.79443	3.58819	4.26559	2.61793	1.5315
1.03906	9.74566	9.74583	3.57555	4.25775	2.59456	1.52618
1.04297	9.69747	9.69769	3.56293	4.2499	2.5716	1.52093
1.04688	9.64973	9.65001	3.55035	4.24204	2.54903	1.51573
1.05078	9.60244	9.60279	3.5378	4.23418	2.52684	1.5106
1.05469	9.55559	9.55601	3.52529	4.22632	2.50502	1.50553
1.05859	9.50917	9.50968	3.51281	4.21845	2.48356	1.50052
1.0625	9.46318	9.46377	3.50036	4.21057	2.46245	1.49557
1.06641	9.4176	9.4183	3.48796	4.2027	2.44169	1.49068
1.07031	9.37244	9.37325	3.47559	4.19481	2.42127	1.48585
1.07422	9.32769	9.32862	3.46326	4.18693	2.40116	1.48107
1.07813	9.28334	9.2844	3.45098	4.17904	2.38138	1.47635
1.08203	9.23939	9.24058	3.43874	4.17114	2.36191	1.47169
1.08594	9.19583	9.19716	3.42655	4.16325	2.34273	1.46708
1.08984	9.15265	9.15414	3.4144	4.15535	2.32386	1.46253
1.09375	9.10986	9.1115	3.4023	4.14745	2.30527	1.45802
1.09766	9.06744	9.06925	3.39024	4.13954	2.28696	1.45358
1.10156	9.02539	9.02738	3.37824	4.13164	2.26892	1.44918
1.10547	8.98371	8.98588	3.36628	4.12373	2.25115	1.44484
1.10938	8.94239	8.94475	3.35437	4.11582	2.23364	1.44054
1.11328	8.90142	8.90398	3.34252	4.10791	2.21639	1.4363
1.11719	8.8608	8.86357	3.33071	4.1	2.19938	1.4321
1.12109	8.82054	8.82351	3.31896	4.09209	2.18262	1.42796
1.125	8.78061	8.78381	3.30726	4.08418	2.1661	1.42386
1.12891	8.74102	8.74444	3.29561	4.07627	2.1498	1.41981
1.13281	8.70177	8.70542	3.28402	4.06835	2.13374	1.4158
1.13672	8.66284	8.66673	3.27248	4.06044	2.11789	1.41184
1.14063	8.62425	8.62837	3.26099	4.05253	2.10227	1.40793
1.14453	8.58597	8.59034	3.24956	4.04462	2.08685	1.40406
1.14844	8.54801	8.55264	3.23818	4.03671	2.07164	1.40023
1.15234	8.51037	8.51525	3.22686	4.0288	2.05664	1.39645
1.15625	8.47303	8.47817	3.2156	4.0209	2.04183	1.39271
1.16016	8.436	8.44141	3.20439	4.01299	2.02722	1.38901
1.16406	8.39927	8.40495	3.19324	4.00509	2.01279	1.38536
1.16797	8.36285	8.3688	3.18214	3.99719	1.99856	1.38174
1.17188	8.32671	8.33294	3.1711	3.98929	1.9845	1.37817
1.17578	8.29087	8.29738	3.16012	3.98139	1.97063	1.37463
1.17969	8.25532	8.26211	3.1492	3.9735	1.95693	1.37114
1.18359	8.22006	8.22713	3.13833	3.9656	1.9434	1.36768
1.1875	8.18507	8.19243	3.12752	3.95772	1.93004	1.36426
1.19141	8.15036	8.15801	3.11676	3.94983	1.91684	1.36088
1.19531	8.11593	8.12387	3.10606	3.94195	1.90381	1.35754
1.19922	8.08177	8.09001	3.09542	3.93407	1.89093	1.35423
1.20313	8.04789	8.05641	3.08484	3.92619	1.87821	1.35096
1.20703	8.01426	8.02308	3.07431	3.91832	1.86564	1.34773
1.21094	7.9809	7.99002	3.06384	3.91046	1.85322	1.34453
1.21484	7.9478	7.95722	3.05343	3.90259	1.84094	1.34136
1.21875	7.91496	7.92467	3.04307	3.89473	1.82881	1.33823
1.22266	7.88237	7.89238	3.03277	3.88688	1.81682	1.33513
1.22656	7.85003	7.86035	3.02253	3.87903	1.80497	1.33207
1.23047	7.81794	7.82856	3.01234	3.87118	1.79325	1.32903
1.23438	7.7861	7.79701	3.00221	3.86334	1.78167	1.32603
1.23828	7.7545	7.76571	2.99214	3.85551	1.77022	1.32307
1.24219	7.72314	7.73465	2.98212	3.84768	1.7589	1.32013
1.24609	7.69201	7.70383	2.97216	3.83986	1.7477	1.31722
1.25	7.66113	7.67324	2.96225	3.83204	1.73662	1.31435
1.25391	7.63047	7.64289	2.9524	3.82422	1.72567	1.3115
1.25781	7.60005	7.61276	2.9426	3.81642	1.71484	1.30869
1.26172	7.56985	7.58286	2.93286	3.80862	1.70412	1.3059
1.26563	7.53988	7.55318	2.92318	3.80082	1.69353	1.30314
1.26953	7.51013	7.52373	2.91355	3.79303	1.68304	1.30041
1.27344	7.4806	7.49449	2.90397	3.78525	1.67266	1.29771
1.27734	7.45129	7.46548	2.89445	3.77747	1.6624	1.29504
1.28125	7.4222	7.43667	2.88498	3.7697	1.65224	1.29239
1.28516	7.39332	7.40808	2.87556	3.76194	1.64219	1.28977
1.28906	7.36465	7.37969	2.8662	3.75419	1.63225	1.28717
1.29297	7.33619	7.35152	2.85689	3.74644	1.6224	1.28461
1.29688	7.30793	7.32355	2.84764	3.73869	1.61266	1.28206
1.30078	7.27989	7.29578	2.83843	3.73096	1.60302	1.27955
1.30469	7.25204	7.26821	2.82928	3.72323	1.59347	1.27705
1.30859	7.22439	7.24084	2.82019	3.71551	1.58402	1.27458
1.3125	7.19694	7.21366	2.81114	3.7078	1.57467	1.27214
1.31641	7.16969	7.18668	2.80214	3.7001	1.56541	1.26972
1.32031	7.14264	7.15989	2.7932	3.6924	1.55624	1.26732
1.32422	7.11577	7.13329	2.78431	3.68471	1.54716	1.26495
1.32813	7.0891	7.10688	2.77546	3.67703	1.53817	1.2626
1.33203	7.06261	7.08066	2.76667	3.66936	1.52926	1.26027
1.33594	7.03631	7.05461	2.75793	3.66169	1.52045	1.25797
1.33984	7.01019	7.02875	2.74924	3.65404	1.51172	1.25568
1.34375	6.98426	7.00307	2.7406	3.64639	1.50307	1.25342
1.34766	6.95851	6.97757	2.732	3.63875	1.4945	1.25118
1.35156	6.93293	6.95224	2.72346	3.63112	1.48602	1.24896
1.35547	6.90754	6.92709	2.71496	3.62349	1.47761	1.24676
1.35938	6.88232	6.90211	2.70651	3.61588	1.46929	1.24458
1.36328	6.85727	6.8773	2.69811	3.60828	1.46104	1.24242
1.36719	6.83239	6.85266	2.68976	3.60068	1.45287	1.24028
1.37109	6.80769	6.82818	2.68146	3.59309	1.44478	1.23816
1.375	6.78315	6.80387	2.6732	3.58552	1.43676	1.23605
1.37891	6.75878	6.77973	2.66499	3.57795	1.42881	1.23397
1.38281	6.73458	6.75575	2.65682	3.57039	1.42093	1.23191
1.38672	6.71053	6.73193	2.6487	3.56284	1.41313	1.22986
1.39063	6.68666	6.70826	2.64063	3.5553	1.4054	1.22783
1.39453	6.66294	6.68476	2.6326	3.54776	1.39773	1.22583
1.39844	6.63938	6.6614	2.62462	3.54024	1.39014	1.22383
1.40234	6.61597	6.63821	2.61668	3.53273	1.38261	1.22186
1.40625	6.59273	6.61516	2.60879	3.52523	1.37515	1.2199
1.41016	6.56963	6.59227	2.60094	3.51774	1.36776	1.21796
1.41406	6.54669	6.56953	2.59313	3.51025	1.36043	1.21603
1.41797	6.5239	6.54693	2.58537	3.50278	1.35316	1.21413
1.42188	6.50126	6.52448	2.57765	3.49532	1.34596	1.21223
1.42578	6.47877	6.50218	2.56998	3.48786	1.33882	1.21036
1.42969	6.45643	6.48002	2.56234	3.48042	1.33174	1.2085
1.43359	6.43423	6.458	2.55475	3.47299	1.32472	1.20665
1.4375	6.41217	6.43612	2.5472	3.46556	1.31777	1.20482
1.44141	6.39026	6.41439	2.5397	3.45815	1.31087	1.203
1.44531	6.36849	6.39279	2.53223	3.45075	1.30403	1.2012
1.44922	6.34686	6.37132	2.52481	3.44336	1.29724	1.19942
1.45313	6.32537	6.35	2.51742	3.43598	1.29052	1.19765
1.45703	6.30401	6.3288	2.51008	3.42861	1.28385	1.19589
1.46094	6.28279	6.30774	2.50278	3.42125	1.27724	1.19414
1.46484	6.26171	6.28682	2.49552	3.4139	1.27068	1.19241
1.46875	6.24076	6.26602	2.48829	3.40656	1.26417	1.1907
1.47266	6.21994	6.24535	2.48111	3.39923	1.25772	1.18899
1.47656	6.19926	6.22481	2.47397	3.39191	1.25133	1.1873
1.48047	6.1787	6.2044	2.46686	3.3846	1.24498	1.18562
1.48438	6.15827	6.18411	2.45979	3.37731	1.23869	1.18396
1.48828	6.13797	6.16395	2.45276	3.37002	1.23244	1.18231
1.49219	6.1178	6.14391	2.44577	3.36275	1.22625	1.18067
1.49609	6.09775	6.12399	2.43882	3.35549	1.22011	1.17904
1.5	6.07782	6.10419	2.4319	3.34823	1.21402	1.17742
1.50391	6.05802	6.08452	2.42503	3.34099	1.20797	1.17582
1.50781	6.03834	6.06496	2.41818	3.33376	1.20197	1.17422
1.51172	6.01878	6.04552	2.41138	3.32654	1.19603	1.17264
1.51563	5.99934	6.0262	2.40461	3.31933	1.19012	1.17107
1.51953	5.98002	6.00699	2.39788	3.31214	1.18427	1.16951
1.52344	5.96082	5.9879	2.39118	3.30495	1.17846	1.16797
1.52734	5.94173	5.96892	2.38452	3.29778	1.17269	1.16643
1.53125	5.92276	5.95005	2.37789	3.29062	1.16697	1.1649
1.53516	5.9039	5.9313	2.3713	3.28346	1.1613	1.16339
1.53906	5.88515	5.91265	2.36474	3.27632	1.15567	1.16188
1.54297	5.86652	5.89412	2.35822	3.26919	1.15008	1.16038
1.54688	5.848	5.87569	2.35173	3.26208	1.14453	1.1589
1.55078	5.82959	5.85737	2.34528	3.25497	1.13903	1.15742
1.55469	5.81129	5.83916	2.33886	3.24788	1.13357	1.15596
1.55859	5.79309	5.82105	2.33247	3.24079	1.12815	1.1545
1.5625	5.77501	5.80305	2.32612	3.23372	1.12277	1.15305
1.56641	5.75703	5.78515	2.3198	3.22666	1.11744	1.15161
1.57031	5.73915	5.76736	2.31351	3.21962	1.11214	1.15019
1.57422	5.72138	5.74967	2.30725	3.21258	1.10688	1.14877
1.57813	5.70372	5.73208	2.30103	3.20555	1.10166	1.14735
1.58203	5.68616	5.71459	2.29484	3.19854	1.09648	1.14595
1.58594	5.66869	5.69719	2.28868	3.19154	1.09134	1.14456
1.58984	5.65133	5.6799	2.28255	3.18455	1.08624	1.14317
1.59375	5.63407	5.66271	2.27645	3.17757	1.08117	1.1418
1.59766	5.61691	5.64561	2.27039	3.17061	1.07614	1.14043
1.60156	5.59985	5.62861	2.26435	3.16365	1.07115	1.13907
1.60547	5.58289	5.6117	2.25835	3.15671	1.0662	1.13772
1.60938	5.56602	5.59489	2.25237	3.14978	1.06128	1.13637
1.61328	5.54925	5.57817	2.24643	3.14286	1.05639	1.13503
1.61719	5.53257	5.56155	2.24051	3.13595	1.05154	1.13371
1.62109	5.51599	5.54501	2.23463	3.12906	1.04673	1.13238
1.625	5.4995	5.52857	2.22877	3.12218	1.04195	1.13107
1.62891	5.4831	5.51222	2.22295	3.1153	1.03721	1.12976
1.63281	5.4668	5.49596	2.21715	3.10845	1.0325	1.12846
1.63672	5.45058	5.47979	2.21138	3.1016	1.02782	1.12717
1.64063	5.43446	5.4637	2.20564	3.09476	1.02318	1.12589
1.64453	5.41843	5.44771	2.19993	3.08794	1.01857	1.12461
1.64844	5.40248	5.4318	2.19425	3.08113	1.01399	1.12334
1.65234	5.38663	5.41598	2.18859	3.07433	1.00944	1.12207
1.65625	5.37086	5.40024	2.18297	3.06754	1.00493	1.12081
1.66016	5.35518	5.38459	2.17737	3.06077	1.00044	1.11956
1.66406	5.33958	5.36902	2.17179	3.054	0.995992	1.11832
1.66797	5.32407	5.35354	2.16625	3.04725	0.991571	1.11708
1.67188	5.30864	5.33813	2.16073	3.04051	0.987182	1.11584
1.67578	5.2933	5.32281	2.15524	3.03379	0.982822	1.11462
1.67969	5.27804	5.30758	2.14978	3.02707	0.978492	1.1134
1.68359	5.26287	5.29242	2.14434	3.02037	0.974193	1.11218
1.6875	5.24777	5.27734	2.13893	3.01368	0.969922	1.11097
1.69141	5.23276	5.26235	2.13354	3.007	0.965681	1.10977
1.69531	5.21783	5.24743	2.12818	3.00033	0.961469	1.10857
1.69922	5.20297	5.23259	2.12284	2.99368	0.957286	1.10738
1.70313	5.1882	5.21782	2.11754	2.98703	0.95313	1.10619
1.70703	5.17351	5.20314	2.11225	2.9804	0.949003	1.10501
1.71094	5.15889	5.18853	2.10699	2.97379	0.944904	1.10384
1.71484	5.14435	5.174	2.10176	2.96718	0.940832	1.10267
1.71875	5.12989	5.15954	2.09655	2.96059	0.936788	1.1015
1.72266	5.1155	5.14516	2.09137	2.954	0.932771	1.10034
1.72656	5.10119	5.13085	2.08621	2.94743	0.92878	1.09918
1.73047	5.08695	5.11661	2.08107	2.94088	0.924816	1.09803
1.73438	5.07279	5.10245	2.07596	2.93433	0.920878	1.09689
1.73828	5.05871	5.08836	2.07087	2.9278	0.916966	1.09575
1.74219	5.04469	5.07434	2.06581	2.92128	0.91308	1.09461
1.74609	5.03075	5.06039	2.06076	2.91477	0.90922	1.09348
1.75	5.01688	5.04652	2.05575	2.90827	0.905385	1.09236
1.75391	5.00308	5.03271	2.05075	2.90179	0.901575	1.09124
1.75781	4.98935	5.01898	2.04578	2.89532	0.89779	1.09012
1.76172	4.9757	5.00531	2.04083	2.88886	0.89403	1.08901
1.76563	4.96211	4.99171	2.03591	2.88241	0.890294	1.0879
1.76953	4.94859	4.97818	2.03101	2.87597	0.886582	1.08679
1.77344	4.93514	4.96472	2.02612	2.86955	0.882894	1.08569
1.77734	4.92176	4.95132	2.02127	2.86314	0.87923	1.0846
1.78125	4.90845	4.93799	2.01643	2.85674	0.875589	1.08351
1.78516	4.8952	4.92473	2.01162	2.85035	0.871972	1.08242
1.78906	4.88203	4.91153	2.00682	2.84397	0.868378	1.08134
1.79297	4.86891	4.8984	2.00205	2.83761	0.864807	1.08026
1.79688	4.85587	4.88533	1.9973	2.83126	0.861259	1.07918
1.80078	4.84289	4.87233	1.99258	2.82492	0.857733	1.07811
1.80469	4.82997	4.85939	1.98787	2.8186	0.854229	1.07704
1.80859	4.81712	4.84652	1.98318	2.81228	0.850748	1.07598
1.8125	4.80433	4.8337	1.97852	2.80598	0.847288	1.07492
1.81641	4.7916	4.82095	1.97388	2.79969	0.843851	1.07386
1.82031	4.77894	4.80826	1.96925	2.79341	0.840435	1.0728
1.82422	4.76634	4.79564	1.96465	2.78714	0.83704	1.07175
1.82813	4.7538	4.78307	1.96007	2.78089	0.833666	1.07071
1.83203	4.74132	4.77056	1.9555	2.77465	0.830313	1.06967
1.83594	4.72891	4.75812	1.95096	2.76842	0.826982	1.06863
1.83984	4.71655	4.74573	1.94644	2.7622	0.82367	1.06759
1.84375	4.70426	4.7334	1.94194	2.756	0.82038	1.06656
1.84766	4.69202	4.72113	1.93746	2.7498	0.817109	1.06553
1.85156	4.67984	4.70892	1.93299	2.74362	0.813859	1.0645
1.85547	4.66773	4.69677	1.92855	2.73745	0.810628	1.06348
1.85938	4.65567	4.68468	1.92412	2.73129	0.807418	1.06245
1.86328	4.64366	4.67264	1.91972	2.72515	0.804227	1.06144
1.86719	4.63172	4.66066	1.91533	2.71902	0.801055	1.06042
1.87109	4.61983	4.64874	1.91097	2.7129	0.797903	1.05941
1.875	4.608	4.63687	1.90662	2.70679	0.79477	1.0584
1.87891	4.59623	4.62505	1.90229	2.70069	0.791656	1.0574
1.88281	4.58451	4.6133	1.89798	2.6946	0.78856	1.05639
1.88672	4.57285	4.60159	1.89368	2.68853	0.785483	1.05539
1.89063	4.56124	4.58995	1.88941	2.68247	0.782425	1.0544
1.89453	4.54969	4.57835	1.88515	2.67642	0.779385	1.0534
1.89844	4.53819	4.56681	1.88091	2.67038	0.776363	1.05241
1.90234	4.52675	4.55532	1.87669	2.66436	0.773359	1.05142
1.90625	4.51535	4.54389	1.87249	2.65834	0.770374	1.05043
1.91016	4.50402	4.53251	1.86831	2.65234	0.767405	1.04945
1.91406	4.49273	4.52118	1.86414	2.64635	0.764455	1.04847
1.91797	4.4815	4.5099	1.85999	2.64037	0.761522	1.04749
1.92188	4.47032	4.49868	1.85586	2.63441	0.758606	1.04651
1.92578	4.45919	4.4875	1.85174	2.62845	0.755707	1.04554
1.92969	4.44811	4.47638	1.84764	2.62251	0.752826	1.04457
1.93359	4.43709	4.4653	1.84356	2.61658	0.749961	1.0436
1.9375	4.42611	4.45428	1.8395	2.61066	0.747113	1.04263
1.94141	4.41518	4.44331	1.83545	2.60476	0.744282	1.04167
1.94531	4.40431	4.43238	1.83142	2.59886	0.741467	1.0407
1.94922	4.39348	4.42151	1.82741	2.59298	0.738668	1.03974
1.95313	4.38271	4.41068	1.82341	2.58711	0.735886	1.03879
1.95703	4.37198	4.3999	1.81943	2.58125	0.73312	1.03783
1.96094	4.3613	4.38917	1.81546	2.5754	0.730369	1.03688
1.96484	4.35067	4.37849	1.81152	2.56957	0.727635	1.03592
1.96875	4.34008	4.36785	1.80758	2.56374	0.724916	1.03498
1.97266	4.32955	4.35727	1.80367	2.55793	0.722213	1.03403
1.97656	4.31906	4.34673	1.79977	2.55213	0.719526	1.03308
1.98047	4.30862	4.33623	1.79588	2.54634	0.716853	1.03214
1.98438	4.29822	4.32578	1.79201	2.54056	0.714196	1.0312
1.98828	4.28787	4.31538	1.78816	2.5348	0.711554	1.03026
1.99219	4.27757	4.30503	1.78432	2.52904	0.708927	1.02932
1.99609	4.26732	4.29472	1.7805	2.5233	0.706315	1.02839
2	4.2571	4.28445	1.77669	2.51757	0.703718	1.02745
2.00391	4.24694	4.27423	1.7729	2.51185	0.701135	1.02652
2.00781	4.23682	4.26405	1.76912	2.50614	0.698567	1.02559
2.01172	4.22674	4.25392	1.76536	2.50045	0.696013	1.02466
2.01563	4.21671	4.24383	1.76162	2.49476	0.693474	1.02374
2.01953	4.20672	4.23379	1.75788	2.48909	0.690949	1.02281
2.02344	4.19677	4.22379	1.75417	2.48343	0.688437	1.02189
2.02734	4.18687	4.21383	1.75046	2.47778	0.68594	1.02097
2.03125	4.17701	4.20391	1.74678	2.47214	0.683457	1.02005
2.03516	4.1672	4.19404	1.7431	2.46651	0.680987	1.01913
2.03906	4.15742	4.18421	1.73945	2.4609	0.678532	1.01822
2.04297	4.14769	4.17442	1.7358	2.45529	0.676089	1.0173
2.04688	4.138	4.16467	1.73217	2.4497	0.67366	1.01639
2.05078	4.12835	4.15497	1.72855	2.44412	0.671245	1.01548
2.05469	4.11875	4.1453	1.72495	2.43855	0.668843	1.01457
2.05859	4.10918	4.13568	1.72136	2.43299	0.666454	1.01366
2.0625	4.09966	4.12609	1.71779	2.42745	0.664078	1.01276
2.06641	4.09017	4.11655	1.71423	2.42191	0.661715	1.01185
2.07031	4.08073	4.10705	1.71068	2.41639	0.659364	1.01095
2.07422	4.07133	4.09759	1.70715	2.41087	0.657027	1.01005
2.07813	4.06196	4.08816	1.70363	2.40537	0.654702	1.00915
2.08203	4.05264	4.07878	1.70012	2.39988	0.65239	1.00825
2.08594	4.04335	4.06944	1.69663	2.3944	0.650091	1.00735
2.08984	4.03411	4.06013	1.69315	2.38894	0.647803	1.00646
2.09375	4.0249	4.05086	1.68969	2.38348	0.645528	1.00556
2.09766	4.01573	4.04164	1.68623	2.37804	0.643266	1.00467
2.10156	4.0066	4.03245	1.68279	2.3726	0.641015	1.00378
2.10547	3.99751	4.02329	1.67937	2.36718	0.638776	1.00289
2.10938	3.98846	4.01418	1.67595	2.36177	0.63655	1.002
2.11328	3.97944	4.0051	1.67255	2.35637	0.634335	1.00111
2.11719	3.97046	3.99606	1.66917	2.35098	0.632132	1.00022
2.12109	3.96152	3.98706	1.66579	2.3456	0.629941	0.999338
2.125	3.95262	3.9781	1.66243	2.34023	0.627761	0.998455
2.12891	3.94375	3.96917	1.65908	2.33488	0.625593	0.997572
2.13281	3.93492	3.96027	1.65574	2.32953	0.623436	0.996691
2.13672	3.92612	3.95142	1.65242	2.3242	0.621291	0.995811
2.14063	3.91736	3.9426	1.6491	2.31888	0.619157	0.994933
2.14453	3.90864	3.93381	1.6458	2.31357	0.617034	0.994056
2.14844	3.89995	3.92506	1.64252	2.30827	0.614922	0.993179
2.15234	3.8913	3.91635	1.63924	2.30298	0.612821	0.992304
2.15625	3.88268	3.90767	1.63598	2.2977	0.610731	0.991431
2.16016	3.8741	3.89903	1.63272	2.29243	0.608653	0.990558
2.16406	3.86555	3.89042	1.62948	2.28717	0.606584	0.989687
2.16797	3.85704	3.88184	1.62626	2.28193	0.604527	0.988816
2.17188	3.84856	3.8733	1.62304	2.27669	0.60248	0.987947
2.17578	3.84012	3.86479	1.61984	2.27147	0.600444	0.987079
2.17969	3.83171	3.85632	1.61664	2.26626	0.598419	0.986212
2.18359	3.82333	3.84788	1.61346	2.26106	0.596403	0.985347
2.1875	3.81499	3.83948	1.61029	2.25586	0.594398	0.984482
2.19141	3.80668	3.83111	1.60714	2.25068	0.592404	0.983618
2.19531	3.7984	3.82277	1.60399	2.24551	0.59042	0.982756
2.19922	3.79015	3.81446	1.60085	2.24036	0.588445	0.981894
2.20313	3.78194	3.80619	1.59773	2.23521	0.586481	0.981034
2.20703	3.77376	3.79795	1.59462	2.23007	0.584527	0.980175
2.21094	3.76562	3.78974	1.59152	2.22494	0.582583	0.979316
2.21484	3.7575	3.78156	1.58843	2.21983	0.580648	0.978459
2.21875	3.74942	3.77342	1.58535	2.21472	0.578724	0.977603
2.22266	3.74137	3.7653	1.58228	2.20963	0.576809	0.976747
2.22656	3.73335	3.75722	1.57922	2.20455	0.574904	0.975893
2.23047	3.72536	3.74917	1.57618	2.19947	0.573008	0.97504
2.23438	3.7174	3.74115	1.57314	2.19441	0.571122	0.974188
2.23828	3.70948	3.73316	1.57012	2.18936	0.569245	0.973336
2.24219	3.70158	3.72521	1.5671	2.18432	0.567378	0.972486
2.24609	3.69372	3.71728	1.5641	2.17929	0.56552	0.971636
2.25	3.68588	3.70939	1.56111	2.17427	0.563672	0.970788
2.25391	3.67808	3.70152	1.55812	2.16926	0.561832	0.96994
2.25781	3.67031	3.69369	1.55515	2.16426	0.560002	0.969094
2.26172	3.66256	3.68588	1.55219	2.15927	0.558181	0.968248
2.26563	3.65485	3.6781	1.54924	2.15429	0.556369	0.967403
2.26953	3.64717	3.67036	1.5463	2.14932	0.554566	0.966559
2.27344	3.63951	3.66264	1.54337	2.14437	0.552771	0.965716
2.27734	3.63189	3.65496	1.54045	2.13942	0.550986	0.964874
2.28125	3.62429	3.6473	1.53754	2.13448	0.549209	0.964033
2.28516	3.61672	3.63967	1.53464	2.12956	0.547441	0.963193
2.28906	3.60918	3.63207	1.53175	2.12464	0.545682	0.962353
2.29297	3.60167	3.6245	1.52887	2.11974	0.543931	0.961515
2.29688	3.59419	3.61695	1.526	2.11484	0.542189	0.960677
2.30078	3.58674	3.60944	1.52314	2.10996	0.540456	0.95984
2.30469	3.57931	3.60195	1.52029	2.10508	0.53873	0.959004
2.30859	3.57192	3.5945	1.51745	2.10022	0.537014	0.958169
2.3125	3.56455	3.58707	1.51462	2.09536	0.535305	0.957335
2.31641	3.5572	3.57966	1.5118	2.09052	0.533605	0.956501
2.32031	3.54989	3.57229	1.50899	2.08569	0.531913	0.955668
2.32422	3.5426	3.56494	1.50619	2.08086	0.530229	0.954836
2.32813	3.53534	3.55762	1.5034	2.07605	0.528553	0.954005
2.33203	3.52811	3.55033	1.50061	2.07125	0.526886	0.953175
2.33594	3.52091	3.54306	1.49784	2.06645	0.525226	0.952346
2.33984	3.51373	3.53582	1.49508	2.06167	0.523575	0.951517
2.34375	3.50657	3.52861	1.49232	2.0569	0.521931	0.950689
2.34766	3.49945	3.52142	1.48958	2.05214	0.520295	0.949862
2.35156	3.49235	3.51426	1.48684	2.04739	0.518667	0.949036
2.35547	3.48527	3.50713	1.48411	2.04264	0.517046	0.94821
2.35938	3.47823	3.50002	1.4814	2.03791	0.515434	0.947385
2.36328	3.4712	3.49294	1.47869	2.03319	0.513829	0.946561
2.36719	3.46421	3.48588	1.47599	2.02848	0.512231	0.945738
2.37109	3.45724	3.47885	1.4733	2.02377	0.510641	0.944915
2.375	3.45029	3.47185	1.47062	2.01908	0.509059	0.944094
2.37891	3.44337	3.46487	1.46794	2.0144	0.507484	0.943273
2.38281	3.43648	3.45792	1.46528	2.00973	0.505917	0.942452
2.38672	3.42961	3.45099	1.46263	2.00506	0.504356	0.941633
2.39063	3.42277	3.44408	1.45998	2.00041	0.502804	0.940814
2.39453	3.41595	3.43721	1.45734	1.99577	0.501258	0.939996
2.39844	3.40915	3.43035	1.45472	1.99114	0.49972	0.939178
2.40234	3.40238	3.42352	1.4521	1.98651	0.498189	0.938362
2.40625	3.39563	3.41672	1.44948	1.9819	0.496664	0.937546
2.41016	3.38891	3.40994	1.44688	1.9773	0.495148	0.93673
2.41406	3.38221	3.40318	1.44429	1.9727	0.493638	0.935916
2.41797	3.37554	3.39645	1.4417	1.96812	0.492135	0.935102
2.42188	3.36889	3.38974	1.43913	1.96355	0.490639	0.934289
2.42578	3.36226	3.38306	1.43656	1.95898	0.48915	0.933477
2.42969	3.35566	3.3764	1.434	1.95443	0.487668	0.932665
2.43359	3.34908	3.36976	1.43144	1.94988	0.486192	0.931854
2.4375	3.34252	3.36315	1.4289	1.94535	0.484724	0.931043
2.44141	3.33599	3.35656	1.42637	1.94082	0.483262	0.930234
2.44531	3.32948	3.34999	1.42384	1.9363	0.481807	0.929425
2.44922	3.323	3.34345	1.42132	1.9318	0.480358	0.928616
2.45313	3.31653	3.33692	1.41881	1.9273	0.478916	0.927809
2.45703	3.31009	3.33043	1.4163	1.92281	0.477481	0.927002
2.46094	3.30367	3.32395	1.41381	1.91834	0.476052	0.926195
2.46484	3.29728	3.3175	1.41132	1.91387	0.47463	0.92539
2.46875	3.2909	3.31107	1.40884	1.90941	0.473214	0.924585
2.47266	3.28455	3.30466	1.40637	1.90496	0.471805	0.92378
2.47656	3.27822	3.29828	1.40391	1.90052	0.470402	0.922977
2.48047	3.27192	3.29191	1.40146	1.89609	0.469005	0.922174
2.48438	3.26563	3.28557	1.39901	1.89167	0.467615	0.921371
2.48828	3.25937	3.27925	1.39657	1.88726	0.466231	0.920569
2.49219	3.25313	3.27296	1.39414	1.88286	0.464853	0.919768
2.49609	3.24691	3.26668	1.39171	1.87846	0.463481	0.918968
2.5	3.24071	3.26043	1.3893	1.87408	0.462115	0.918168
2.50391	3.23453	3.25419	1.38689	1.86971	0.460756	0.917369
2.50781	3.22837	3.24798	1.38449	1.86534	0.459402	0.91657
2.51172	3.22224	3.24179	1.38209	1.86099	0.458055	0.915772
2.51563	3.21613	3.23563	1.37971	1.85664	0.456714	0.914975
2.51953	3.21003	3.22948	1.37733	1.8523	0.455378	0.914178
2.52344	3.20396	3.22335	1.37496	1.84798	0.454049	0.913382
2.52734	3.19791	3.21725	1.37259	1.84366	0.452725	0.912587
2.53125	3.19188	3.21116	1.37024	1.83935	0.451407	0.911792
2.53516	3.18587	3.2051	1.36789	1.83505	0.450096	0.910998
2.53906	3.17988	3.19905	1.36554	1.83076	0.448789	0.910204
2.54297	3.17391	3.19303	1.36321	1.82648	0.447489	0.909411
2.54688	3.16796	3.18703	1.36088	1.82221	0.446194	0.908619
2.55078	3.16203	3.18105	1.35856	1.81794	0.444905	0.907827
2.55469	3.15612	3.17508	1.35625	1.81369	0.443622	0.907036
2.55859	3.15023	3.16914	1.35394	1.80945	0.442344	0.906245
2.5625	3.14436	3.16322	1.35165	1.80521	0.441072	0.905456
2.56641	3.13851	3.15732	1.34935	1.80098	0.439806	0.904666
2.57031	3.13268	3.15143	1.34707	1.79677	0.438544	0.903877
2.57422	3.12687	3.14557	1.34479	1.79256	0.437289	0.903089
2.57813	3.12108	3.13973	1.34252	1.78836	0.436039	0.902302
2.58203	3.11531	3.1339	1.34026	1.78417	0.434794	0.901515
2.58594	3.10956	3.1281	1.338	1.77999	0.433555	0.900729
2.58984	3.10382	3.12231	1.33575	1.77581	0.432321	0.899943
2.59375	3.09811	3.11655	1.33351	1.77165	0.431092	0.899158
2.59766	3.09241	3.1108	1.33127	1.76749	0.429869	0.898373
2.60156	3.08674	3.10507	1.32904	1.76335	0.428651	0.897589
2.60547	3.08108	3.09937	1.32682	1.75921	0.427438	0.896806
2.60938	3.07544	3.09368	1.32461	1.75508	0.42623	0.896023
2.61328	3.06982	3.088	1.3224	1.75097	0.425028	0.895241
2.61719	3.06422	3.08235	1.32019	1.74685	0.42383	0.894459
2.62109	3.05863	3.07672	1.318	1.74275	0.422638	0.893678
2.625	3.05307	3.0711	1.31581	1.73866	0.421451	0.892897
2.62891	3.04752	3.0655	1.31363	1.73458	0.420269	0.892117
2.63281	3.04199	3.05992	1.31145	1.7305	0.419092	0.891338
2.63672	3.03648	3.05436	1.30928	1.72644	0.41792	0.890559
2.64063	3.03099	3.04882	1.30712	1.72238	0.416753	0.889781
2.64453	3.02551	3.0433	1.30496	1.71833	0.41559	0.889003
2.64844	3.02006	3.03779	1.30281	1.71429	0.414433	0.888226
2.65234	3.01462	3.0323	1.30067	1.71026	0.413281	0.88745
2.65625	3.00919	3.02683	1.29853	1.70623	0.412133	0.886674
2.66016	3.00379	3.02137	1.2964	1.70222	0.410991	0.885899
2.66406	2.9984	3.01594	1.29427	1.69821	0.409853	0.885124
2.66797	2.99303	3.01052	1.29216	1.69422	0.40872	0.88435
2.67188	2.98768	3.00512	1.29004	1.69023	0.407591	0.883576
2.67578	2.98234	2.99974	1.28794	1.68625	0.406468	0.882803
2.67969	2.97703	2.99437	1.28584	1.68228	0.405349	0.88203
2.68359	2.97172	2.98902	1.28374	1.67832	0.404234	0.881258
2.6875	2.96644	2.98369	1.28166	1.67436	0.403125	0.880487
2.69141	2.96117	2.97837	1.27958	1.67042	0.40202	0.879716
2.69531	2.95592	2.97308	1.2775	1.66648	0.400919	0.878946
2.69922	2.95069	2.96779	1.27543	1.66255	0.399823	0.878176
2.70313	2.94547	2.96253	1.27337	1.65863	0.398732	0.877407
2.70703	2.94027	2.95728	1.27131	1.65472	0.397645	0.876638
2.71094	2.93509	2.95205	1.26926	1.65081	0.396563	0.87587
2.71484	2.92992	2.94684	1.26722	1.64692	0.395485	0.875102
2.71875	2.92477	2.94164	1.26518	1.64303	0.394411	0.874335
2.72266	2.91963	2.93646	1.26314	1.63916	0.393342	0.873569
2.72656	2.91451	2.93129	1.26112	1.63529	0.392278	0.872803
2.73047	2.90941	2.92614	1.2591	1.63142	0.391218	0.872038
2.73438	2.90432	2.92101	1.25708	1.62757	0.390162	0.871273
2.73828	2.89925	2.91589	1.25507	1.62373	0.38911	0.870509
2.74219	2.89419	2.91079	1.25307	1.61989	0.388063	0.869745
2.74609	2.88916	2.90571	1.25107	1.61606	0.38702	0.868982
2.75	2.88413	2.90064	1.24908	1.61224	0.385981	0.868219
2.75391	2.87912	2.89559	1.24709	1.60843	0.384946	0.867457
2.75781	2.87413	2.89055	1.24511	1.60463	0.383916	0.866696
2.76172	2.86915	2.88553	1.24313	1.60083	0.382889	0.865935
2.76563	2.86419	2.88052	1.24116	1.59704	0.381867	0.865174
2.76953	2.85925	2.87553	1.2392	1.59326	0.380849	0.864414
2.77344	2.85432	2.87056	1.23724	1.58949	0.379836	0.863655
2.77734	2.8494	2.8656	1.23529	1.58573	0.378826	0.862896
2.78125	2.8445	2.86065	1.23334	1.58198	0.37782	0.862138
2.78516	2.83961	2.85572	1.2314	1.57823	0.376818	0.86138
2.78906	2.83474	2.85081	1.22946	1.57449	0.375821	0.860623
2.79297	2.82989	2.84591	1.22753	1.57076	0.374827	0.859866
2.79688	2.82505	2.84103	1.22561	1.56704	0.373838	0.85911
2.80078	2.82022	2.83616	1.22369	1.56333	0.372852	0.858355
2.80469	2.81541	2.8313	1.22177	1.55962	0.37187	0.8576
2.80859	2.81062	2.82646	1.21986	1.55592	0.370892	0.856845
2.8125	2.80583	2.82164	1.21796	1.55223	0.369918	0.856091
2.81641	2.80107	2.81683	1.21606	1.54855	0.368948	0.855338
2.82031	2.79631	2.81204	1.21417	1.54487	0.367982	0.854585
2.82422	2.79158	2.80726	1.21228	1.54121	0.367019	0.853833
2.82813	2.78685	2.80249	1.2104	1.53755	0.366061	0.853081
2.83203	2.78214	2.79774	1.20852	1.5339	0.365106	0.852329
2.83594	2.77745	2.793	1.20665	1.53026	0.364155	0.851579
2.83984	2.77277	2.78828	1.20478	1.52662	0.363208	0.850828
2.84375	2.7681	2.78357	1.20292	1.523	0.362264	0.850079
2.84766	2.76345	2.77888	1.20106	1.51938	0.361324	0.849329
2.85156	2.75881	2.7742	1.19921	1.51577	0.360388	0.848581
2.85547	2.75418	2.76953	1.19736	1.51216	0.359455	0.847833
2.85938	2.74957	2.76488	1.19552	1.50857	0.358527	0.847085
2.86328	2.74497	2.76024	1.19369	1.50498	0.357601	0.846338
2.86719	2.74039	2.75562	1.19186	1.5014	0.35668	0.845591
2.87109	2.73582	2.75101	1.19003	1.49783	0.355762	0.844845
2.875	2.73126	2.74641	1.18821	1.49426	0.354847	0.8441
2.87891	2.72672	2.74183	1.18639	1.49071	0.353936	0.843355
2.88281	2.72219	2.73726	1.18458	1.48716	0.353029	0.842611
2.88672	2.71768	2.7327	1.18278	1.48362	0.352125	0.841867
2.89063	2.71317	2.72816	1.18097	1.48008	0.351225	0.841123
2.89453	2.70868	2.72363	1.17918	1.47656	0.350328	0.84038
2.89844	2.70421	2.71912	1.17739	1.47304	0.349434	0.839638
2.90234	2.69975	2.71462	1.1756	1.46953	0.348544	0.838896
2.90625	2.6953	2.71013	1.17382	1.46603	0.347658	0.838155
2.91016	2.69086	2.70565	1.17204	1.46253	0.346775	0.837414
2.91406	2.68644	2.70119	1.17027	1.45904	0.345895	0.836674
2.91797	2.68203	2.69674	1.1685	1.45556	0.345019	0.835934
2.92188	2.67763	2.69231	1.16674	1.45209	0.344145	0.835195
2.92578	2.67324	2.68788	1.16498	1.44862	0.343276	0.834456
2.92969	2.66887	2.68347	1.16323	1.44517	0.342409	0.833718
2.93359	2.66451	2.67908	1.16148	1.44172	0.341546	0.832981
2.9375	2.66017	2.67469	1.15974	1.43827	0.340687	0.832244
2.94141	2.65583	2.67032	1.158	1.43484	0.33983	0.831507
2.94531	2.65151	2.66596	1.15627	1.43141	0.338977	0.830771
2.94922	2.6472	2.66162	1.15454	1.42799	0.338127	0.830035
2.95313	2.64291	2.65728	1.15281	1.42458	0.33728	0.8293
2.95703	2.63862	2.65296	1.15109	1.42117	0.336437	0.828566
2.96094	2.63435	2.64865	1.14938	1.41777	0.335596	0.827832
2.96484	2.63009	2.64436	1.14767	1.41438	0.334759	0.827098
2.96875	2.62584	2.64008	1.14596	1.411	0.333925	0.826365
2.97266	2.62161	2.6358	1.14426	1.40762	0.333094	0.825633
2.97656	2.61739	2.63155	1.14256	1.40426	0.332266	0.824901
2.98047	2.61318	2.6273	1.14087	1.40089	0.331441	0.82417
2.98438	2.60898	2.62307	1.13918	1.39754	0.33062	0.823439
2.98828	2.60479	2.61884	1.1375	1.39419	0.329801	0.822709
2.99219	2.60062	2.61463	1.13582	1.39085	0.328986	0.821979
2.99609	2.59646	2.61044	1.13414	1.38752	0.328173	0.821249
3	2.59231	2.60625	1.13247	1.3842	0.327364	0.820521
3.00391	2.58817	2.60208	1.1308	1.38088	0.326558	0.819792
3.00781	2.58404	2.59792	1.12914	1.37757	0.325754	0.819064
3.01172	2.57992	2.59376	1.12749	1.37427	0.324954	0.818337
3.01563	2.57582	2.58963	1.12583	1.37097	0.324157	0.81761
3.01953	2.57173	2.5855	1.12418	1.36768	0.323362	0.816884
3.02344	2.56765	2.58139	1.12254	1.3644	0.322571	0.816159
3.02734	2.56358	2.57728	1.1209	1.36113	0.321782	0.815433
3.03125	2.55952	2.57319	1.11926	1.35786	0.320996	0.814709
3.03516	2.55548	2.56911	1.11763	1.3546	0.320214	0.813985
3.03906	2.55144	2.56504	1.116	1.35134	0.319434	0.813261
3.04297	2.54742	2.56099	1.11438	1.3481	0.318657	0.812538
3.04688	2.54341	2.55694	1.11276	1.34486	0.317882	0.811815
3.05078	2.53941	2.55291	1.11115	1.34163	0.317111	0.811093
3.05469	2.53542	2.54888	1.10954	1.3384	0.316343	0.810371
3.05859	2.53144	2.54487	1.10793	1.33518	0.315577	0.80965
3.0625	2.52747	2.54087	1.10633	1.33197	0.314814	0.80893
3.06641	2.52352	2.53688	1.10473	1.32877	0.314054	0.80821
3.07031	2.51957	2.53291	1.10314	1.32557	0.313297	0.80749
3.07422	2.51564	2.52894	1.10155	1.32238	0.312542	0.806771
3.07813	2.51171	2.52498	1.09996	1.3192	0.31179	0.806053
3.08203	2.5078	2.52104	1.09838	1.31602	0.311041	0.805335
3.08594	2.5039	2.51711	1.0968	1.31285	0.310295	0.804617
3.08984	2.50001	2.51318	1.09523	1.30969	0.309551	0.8039
3.09375	2.49613	2.50927	1.09366	1.30654	0.30881	0.803184
3.09766	2.49226	2.50537	1.09209	1.30339	0.308072	0.802468
3.10156	2.4884	2.50148	1.09053	1.30025	0.307336	0.801752
3.10547	2.48455	2.4976	1.08897	1.29711	0.306603	0.801037
3.10938	2.48071	2.49373	1.08742	1.29398	0.305873	0.800323
3.11328	2.47689	2.48987	1.08587	1.29086	0.305145	0.799609
3.11719	2.47307	2.48603	1.08433	1.28775	0.30442	0.798896
3.12109	2.46926	2.48219	1.08278	1.28464	0.303697	0.798183
3.125	2.46547	2.47836	1.08125	1.28154	0.302977	0.79747
3.12891	2.46168	2.47455	1.07971	1.27845	0.30226	0.796758
3.13281	2.45791	2.47074	1.07818	1.27536	0.301545	0.796047
3.13672	2.45414	2.46695	1.07666	1.27228	0.300833	0.795336
3.14063	2.45039	2.46316	1.07513	1.26921	0.300123	0.794626
3.14453	2.44664	2.45939	1.07361	1.26614	0.299416	0.793916
3.14844	2.44291	2.45562	1.0721	1.26308	0.298711	0.793207
3.15234	2.43919	2.45187	1.07059	1.26003	0.298009	0.792498
3.15625	2.43547	2.44813	1.06908	1.25698	0.297309	0.79179
3.16016	2.43177	2.44439	1.06758	1.25394	0.296612	0.791082
3.16406	2.42807	2.44067	1.06608	1.25091	0.295918	0.790374
3.16797	2.42439	2.43696	1.06458	1.24788	0.295225	0.789668
3.17188	2.42072	2.43325	1.06309	1.24486	0.294535	0.788961
3.17578	2.41705	2.42956	1.0616	1.24184	0.293848	0.788256
3.17969	2.4134	2.42588	1.06012	1.23884	0.293163	0.78755
3.18359	2.40975	2.4222	1.05864	1.23584	0.29248	0.786846
3.1875	2.40612	2.41854	1.05716	1.23284	0.2918	0.786141
3.19141	2.40249	2.41489	1.05569	1.22986	0.291122	0.785438
3.19531	2.39888	2.41124	1.05422	1.22688	0.290447	0.784734
3.19922	2.39527	2.40761	1.05275	1.2239	0.289774	0.784032
3.20313	2.39168	2.40399	1.05129	1.22093	0.289103	0.783329
3.20703	2.38809	2.40037	1.04983	1.21797	0.288435	0.782628
3.21094	2.38451	2.39677	1.04837	1.21502	0.287769	0.781926
3.21484	2.38095	2.39317	1.04692	1.21207	0.287105	0.781226
3.21875	2.37739	2.38959	1.04547	1.20913	0.286444	0.780526
3.22266	2.37384	2.38601	1.04403	1.20619	0.285785	0.779826
3.22656	2.3703	2.38244	1.04259	1.20326	0.285128	0.779127
3.23047	2.36677	2.37889	1.04115	1.20034	0.284473	0.778428
3.23438	2.36325	2.37534	1.03971	1.19742	0.283821	0.77773
3.23828	2.35974	2.3718	1.03828	1.19451	0.283171	0.777032
3.24219	2.35623	2.36827	1.03686	1.19161	0.282523	0.776335
3.24609	2.35274	2.36475	1.03543	1.18871	0.281878	0.775638
3.25	2.34926	2.36124	1.03401	1.18582	0.281234	0.774942
3.25391	2.34578	2.35774	1.0326	1.18294	0.280593	0.774247
3.25781	2.34232	2.35425	1.03118	1.18006	0.279954	0.773551
3.26172	2.33886	2.35077	1.02977	1.17719	0.279318	0.772857
3.26563	2.33541	2.34729	1.02837	1.17432	0.278683	0.772163
3.26953	2.33198	2.34383	1.02696	1.17146	0.278051	0.771469
3.27344	2.32855	2.34037	1.02556	1.16861	0.277421	0.770776
3.27734	2.32513	2.33693	1.02417	1.16577	0.276793	0.770083
3.28125	2.32171	2.33349	1.02277	1.16292	0.276167	0.769391
3.28516	2.31831	2.33006	1.02138	1.16009	0.275543	0.7687
3.28906	2.31492	2.32664	1.02	1.15726	0.274921	0.768008
3.29297	2.31153	2.32323	1.01862	1.15444	0.274302	0.767318
3.29688	2.30816	2.31983	1.01724	1.15163	0.273684	0.766628
3.30078	2.30479	2.31644	1.01586	1.14882	0.273069	0.765938
3.30469	2.30143	2.31306	1.01449	1.14601	0.272456	0.765249
3.30859	2.29808	2.30968	1.01312	1.14322	0.271845	0.76456
3.3125	2.29474	2.30631	1.01175	1.14043	0.271236	0.763872
3.31641	2.2914	2.30296	1.01039	1.13764	0.270629	0.763185
3.32031	2.28808	2.29961	1.00903	1.13486	0.270024	0.762498
3.32422	2.28476	2.29627	1.00767	1.13209	0.269421	0.761811
3.32813	2.28146	2.29294	1.00632	1.12932	0.26882	0.761125
3.33203	2.27816	2.28961	1.00497	1.12656	0.268221	0.760439
3.33594	2.27487	2.2863	1.00362	1.12381	0.267624	0.759754
3.33984	2.27158	2.28299	1.00228	1.12106	0.267029	0.75907
3.34375	2.26831	2.2797	1.00094	1.11832	0.266436	0.758386
3.34766	2.26504	2.27641	0.999599	1.11558	0.265845	0.757702
3.35156	2.26179	2.27313	0.998265	1.11285	0.265256	0.757019
3.35547	2.25854	2.26985	0.996934	1.11013	0.264669	0.756336
3.35938	2.2553	2.26659	0.995606	1.10741	0.264084	0.755654
3.36328	2.25206	2.26333	0.994281	1.1047	0.263501	0.754973
3.36719	2.24884	2.26009	0.99296	1.10199	0.26292	0.754292
3.37109	2.24562	2.25685	0.991641	1.09929	0.262341	0.753611
3.375	2.24242	2.25362	0.990326	1.0966	0.261764	0.752931
3.37891	2.23922	2.25039	0.989013	1.09391	0.261188	0.752252
3.38281	2.23602	2.24718	0.987704	1.09123	0.260615	0.751573
3.38672	2.23284	2.24397	0.986398	1.08855	0.260043	0.750894
3.39063	2.22966	2.24078	0.985095	1.08588	0.259474	0.750216
3.39453	2.2265	2.23759	0.983795	1.08322	0.258906	0.749538
3.39844	2.22334	2.2344	0.982498	1.08056	0.25834	0.748861
3.40234	2.22018	2.23123	0.981204	1.0779	0.257776	0.748185
3.40625	2.21704	2.22806	0.979913	1.07526	0.257214	0.747509
3.41016	2.2139	2.22491	0.978625	1.07262	0.256653	0.746833
3.41406	2.21077	2.22176	0.97734	1.06998	0.256095	0.746158
3.41797	2.20765	2.21861	0.976058	1.06735	0.255538	0.745483
3.42188	2.20454	2.21548	0.974779	1.06473	0.254983	0.744809
3.42578	2.20144	2.21235	0.973503	1.06211	0.25443	0.744136
3.42969	2.19834	2.20924	0.972229	1.0595	0.253879	0.743463
3.43359	2.19525	2.20612	0.970959	1.05689	0.253329	0.74279
3.4375	2.19217	2.20302	0.969692	1.05429	0.252782	0.742118
3.44141	2.18909	2.19993	0.968428	1.05169	0.252236	0.741446
3.44531	2.18602	2.19684	0.967166	1.0491	0.251692	0.740775
3.44922	2.18296	2.19376	0.965908	1.04652	0.251149	0.740105
3.45313	2.17991	2.19069	0.964652	1.04394	0.250609	0.739435
3.45703	2.17687	2.18762	0.963399	1.04137	0.25007	0.738765
3.46094	2.17383	2.18457	0.962149	1.0388	0.249533	0.738096
3.46484	2.1708	2.18152	0.960902	1.03624	0.248998	0.737427
3.46875	2.16778	2.17847	0.959658	1.03369	0.248464	0.736759
3.47266	2.16477	2.17544	0.958417	1.03114	0.247932	0.736092
3.47656	2.16176	2.17241	0.957179	1.02859	0.247402	0.735425
3.48047	2.15876	2.16939	0.955943	1.02606	0.246874	0.734758
3.48438	2.15577	2.16638	0.95471	1.02352	0.246347	0.734092
3.48828	2.15278	2.16338	0.95348	1.021	0.245822	0.733426
3.49219	2.1498	2.16038	0.952253	1.01847	0.245298	0.732761
3.49609	2.14683	2.15739	0.951028	1.01596	0.244777	0.732096
3.5	2.14387	2.15441	0.949807	1.01345	0.244257	0.731432
3.50391	2.14091	2.15143	0.948588	1.01094	0.243738	0.730769
3.50781	2.13796	2.14847	0.947372	1.00844	0.243221	0.730106
3.51172	2.13502	2.14551	0.946158	1.00595	0.242706	0.729443
3.51563	2.13209	2.14255	0.944948	1.00346	0.242193	0.728781
3.51953	2.12916	2.13961	0.94374	1.00098	0.241681	0.728119
3.52344	2.12624	2.13667	0.942535	0.998502	0.241171	0.727458
3.52734	2.12333	2.13374	0.941332	0.99603	0.240662	0.726797
3.53125	2.12042	2.13081	0.940132	0.993564	0.240155	0.726137
3.53516	2.11752	2.12789	0.938935	0.991103	0.23965	0.725477
3.53906	2.11463	2.12498	0.937741	0.988648	0.239146	0.724818
3.54297	2.11174	2.12208	0.936549	0.986198	0.238644	0.72416
3.54688	2.10886	2.11918	0.93536	0.983753	0.238144	0.723501
3.55078	2.10599	2.11629	0.934174	0.981314	0.237645	0.722844
3.55469	2.10313	2.11341	0.93299	0.97888	0.237147	0.722187
3.55859	2.10027	2.11054	0.931809	0.976452	0.236651	0.72153
3.5625	2.09742	2.10767	0.930631	0.974029	0.236157	0.720874
3.56641	2.09457	2.10481	0.929455	0.971611	0.235664	0.720218
3.57031	2.09174	2.10195	0.928282	0.969199	0.235173	0.719563
3.57422	2.08891	2.0991	0.927111	0.966792	0.234684	0.718908
3.57813	2.08608	2.09626	0.925943	0.96439	0.234196	0.718254
3.58203	2.08326	2.09343	0.924778	0.961994	0.233709	0.7176
3.58594	2.08045	2.0906	0.923615	0.959603	0.233224	0.716947
3.58984	2.07765	2.08778	0.922455	0.957218	0.23274	0.716294
3.59375	2.07485	2.08497	0.921297	0.954837	0.232258	0.715642
3.59766	2.07206	2.08216	0.920142	0.952462	0.231778	0.71499
3.60156	2.06928	2.07936	0.918989	0.950092	0.231299	0.714339
3.60547	2.0665	2.07656	0.917839	0.947728	0.230821	0.713688
3.60938	2.06373	2.07378	0.916692	0.945368	0.230345	0.713037
3.61328	2.06096	2.071	0.915547	0.943014	0.229871	0.712388
3.61719	2.05821	2.06822	0.914404	0.940665	0.229397	0.711738
3.62109	2.05545	2.06545	0.913264	0.938322	0.228926	0.711089
3.625	2.05271	2.06269	0.912127	0.935983	0.228456	0.710441
3.62891	2.04997	2.05994	0.910992	0.93365	0.227987	0.709793
3.63281	2.04724	2.05719	0.90986	0.931322	0.22752	0.709146
3.63672	2.04451	2.05445	0.90873	0.928999	0.227054	0.708499
3.64063	2.04179	2.05172	0.907602	0.926681	0.226589	0.707853
3.64453	2.03908	2.04899	0.906477	0.924368	0.226126	0.707207
3.64844	2.03637	2.04627	0.905354	0.922061	0.225665	0.706561
3.65234	2.03367	2.04355	0.904234	0.919759	0.225205	0.705916
3.65625	2.03098	2.04084	0.903117	0.917461	0.224746	0.705272
3.66016	2.02829	2.03814	0.902001	0.915169	0.224288	0.704628
3.66406	2.02561	2.03544	0.900888	0.912882	0.223832	0.703985
3.66797	2.02293	2.03275	0.899778	0.9106	0.223378	0.703342
3.67188	2.02026	2.03007	0.89867	0.908323	0.222925	0.702699
3.67578	2.0176	2.02739	0.897564	0.906051	0.222473	0.702057
3.67969	2.01494	2.02472	0.896461	0.903785	0.222023	0.701416
3.68359	2.01229	2.02205	0.89536	0.901523	0.221574	0.700775
3.6875	2.00965	2.01939	0.894261	0.899266	0.221126	0.700134
3.69141	2.00701	2.01674	0.893165	0.897014	0.22068	0.699494
3.69531	2.00438	2.01409	0.892072	0.894768	0.220235	0.698855
3.69922	2.00175	2.01145	0.89098	0.892526	0.219791	0.698216
3.70313	1.99913	2.00882	0.889891	0.890289	0.219349	0.697577
3.70703	1.99652	2.00619	0.888804	0.888058	0.218908	0.696939
3.71094	1.99391	2.00357	0.88772	0.885831	0.218468	0.696301
3.71484	1.99131	2.00095	0.886638	0.883609	0.21803	0.695664
3.71875	1.98871	1.99834	0.885558	0.881392	0.217593	0.695028
3.72266	1.98612	1.99574	0.88448	0.87918	0.217157	0.694392
3.72656	1.98353	1.99314	0.883405	0.876973	0.216723	0.693756
3.73047	1.98095	1.99055	0.882332	0.874771	0.21629	0.693121
3.73438	1.97838	1.98796	0.881262	0.872574	0.215858	0.692486
3.73828	1.97581	1.98538	0.880193	0.870382	0.215428	0.691852
3.74219	1.97325	1.98281	0.879127	0.868194	0.214999	0.691218
3.74609	1.9707	1.98024	0.878064	0.866012	0.214571	0.690585
3.75	1.96815	1.97768	0.877002	0.863834	0.214144	0.689952
3.75391	1.9656	1.97512	0.875943	0.861661	0.213719	0.68932
3.75781	1.96307	1.97257	0.874886	0.859493	0.213295	0.688688
3.76172	1.96053	1.97002	0.873831	0.85733	0.212872	0.688057
3.76563	1.95801	1.96749	0.872778	0.855172	0.212451	0.687426
3.76953	1.95549	1.96495	0.871728	0.853018	0.212031	0.686796
3.77344	1.95297	1.96242	0.87068	0.850869	0.211612	0.686166
3.77734	1.95046	1.9599	0.869634	0.848725	0.211194	0.685537
3.78125	1.94796	1.95739	0.86859	0.846586	0.210777	0.684908
3.78516	1.94546	1.95488	0.867549	0.844452	0.210362	0.68428
3.78906	1.94297	1.95237	0.866509	0.842322	0.209948	0.683652
3.79297	1.94048	1.94987	0.865472	0.840197	0.209535	0.683025
3.79688	1.938	1.94738	0.864437	0.838077	0.209123	0.682398
3.80078	1.93552	1.94489	0.863404	0.835962	0.208713	0.681771
3.80469	1.93305	1.94241	0.862374	0.833851	0.208304	0.681145
3.80859	1.93059	1.93993	0.861345	0.831745	0.207896	0.68052
3.8125	1.92813	1.93746	0.860319	0.829644	0.207489	0.679895
3.81641	1.92567	1.935	0.859295	0.827548	0.207084	0.67927
3.82031	1.92322	1.93254	0.858272	0.825456	0.206679	0.678646
3.82422	1.92078	1.93008	0.857252	0.823369	0.206276	0.678023
3.82813	1.91834	1.92763	0.856235	0.821286	0.205874	0.6774
3.83203	1.91591	1.92519	0.855219	0.819208	0.205473	0.676777
3.83594	1.91348	1.92275	0.854205	0.817135	0.205073	0.676155
3.83984	1.91106	1.92032	0.853194	0.815066	0.204675	0.675534
3.84375	1.90865	1.91789	0.852184	0.813002	0.204277	0.674913
3.84766	1.90624	1.91547	0.851177	0.810943	0.203881	0.674292
3.85156	1.90383	1.91306	0.850172	0.808888	0.203486	0.673672
3.85547	1.90143	1.91064	0.849169	0.806838	0.203092	0.673052
3.85938	1.89903	1.90824	0.848168	0.804792	0.2027	0.672433
3.86328	1.89664	1.90584	0.847168	0.802751	0.202308	0.671814
3.86719	1.89426	1.90344	0.846172	0.800715	0.201917	0.671196
3.87109	1.89188	1.90105	0.845177	0.798683	0.201528	0.670578
3.875	1.88951	1.89867	0.844184	0.796656	0.20114	0.669961
3.87891	1.88714	1.89629	0.843193	0.794633	0.200753	0.669344
3.88281	1.88477	1.89392	0.842204	0.792615	0.200367	0.668728
3.88672	1.88242	1.89155	0.841217	0.790601	0.199982	0.668112
3.89063	1.88006	1.88919	0.840232	0.788592	0.199598	0.667497
3.89453	1.87771	1.88683	0.83925	0.786587	0.199216	0.666882
3.89844	1.87537	1.88448	0.838269	0.784587	0.198834	0.666268
3.90234	1.87303	1.88213	0.83729	0.782591	0.198454	0.665654
3.90625	1.8707	1.87979	0.836313	0.7806	0.198074	0.66504
3.91016	1.86837	1.87745	0.835339	0.778613	0.197696	0.664427
3.91406	1.86605	1.87512	0.834366	0.77663	0.197319	0.663815
3.91797	1.86373	1.87279	0.833395	0.774652	0.196943	0.663203
3.92188	1.86142	1.87047	0.832426	0.772679	0.196568	0.662591
3.92578	1.85911	1.86815	0.831459	0.77071	0.196194	0.66198
3.92969	1.85681	1.86584	0.830495	0.768745	0.195821	0.66137
3.93359	1.85451	1.86353	0.829532	0.766785	0.195449	0.66076
3.9375	1.85222	1.86123	0.828571	0.764829	0.195078	0.66015
3.94141	1.84993	1.85894	0.827612	0.762878	0.194708	0.659541
3.94531	1.84765	1.85664	0.826654	0.76093	0.19434	0.658932
3.94922	1.84537	1.85436	0.825699	0.758988	0.193972	0.658324
3.95313	1.8431	1.85208	0.824746	0.757049	0.193606	0.657716
3.95703	1.84083	1.8498	0.823795	0.755115	0.19324	0.657109
3.96094	1.83857	1.84753	0.822845	0.753186	0.192876	0.656503
3.96484	1.83631	1.84526	0.821898	0.75126	0.192512	0.655896
3.96875	1.83405	1.843	0.820952	0.749339	0.19215	0.65529
3.97266	1.8318	1.84074	0.820008	0.747422	0.191788	0.654685
3.97656	1.82956	1.83849	0.819066	0.74551	0.191428	0.65408
3.98047	1.82732	1.83624	0.818127	0.743602	0.191068	0.653476
3.98438	1.82509	1.834	0.817188	0.741698	0.19071	0.652872
3.98828	1.82286	1.83176	0.816252	0.739799	0.190353	0.652269
3.99219	1.82063	1.82953	0.815318	0.737903	0.189996	0.651666
3.99609	1.81841	1.8273	0.814385	0.736012	0.189641	0.651063
4	1.8162	1.82508	0.813455	0.734125	0.189287	0.650461
4.00391	1.81399	1.82286	0.812526	0.732243	0.188933	0.64986
4.00781	1.81178	1.82064	0.811599	0.730365	0.188581	0.649259
4.01172	1.80958	1.81844	0.810674	0.72849	0.188229	0.648658
4.01563	1.80738	1.81623	0.809751	0.726621	0.187879	0.648058
4.01953	1.80519	1.81403	0.808829	0.724755	0.18753	0.647458
4.02344	1.803	1.81184	0.80791	0.722893	0.187181	0.646859
4.02734	1.80082	1.80965	0.806992	0.721036	0.186834	0.646261
4.03125	1.79864	1.80746	0.806076	0.719183	0.186487	0.645662
4.03516	1.79647	1.80528	0.805162	0.717334	0.186142	0.645065
4.03906	1.7943	1.8031	0.80425	0.715489	0.185797	0.644467
4.04297	1.79213	1.80093	0.803339	0.713649	0.185453	0.643871
4.04688	1.78997	1.79877	0.80243	0.711812	0.185111	0.643274
4.05078	1.78782	1.7966	0.801523	0.70998	0.184769	0.642679
4.05469	1.78566	1.79445	0.800618	0.708152	0.184428	0.642083
4.05859	1.78352	1.79229	0.799715	0.706328	0.184088	0.641488
4.0625	1.78138	1.79014	0.798813	0.704508	0.183749	0.640894
4.06641	1.77924	1.788	0.797913	0.702692	0.183411	0.6403
4.07031	1.7771	1.78586	0.797015	0.70088	0.183074	0.639706
4.07422	1.77498	1.78373	0.796119	0.699072	0.182738	0.639113
4.07813	1.77285	1.78159	0.795224	0.697268	0.182403	0.638521
4.08203	1.77073	1.77947	0.794332	0.695469	0.182069	0.637929
4.08594	1.76862	1.77735	0.793441	0.693673	0.181735	0.637337
4.08984	1.76651	1.77523	0.792551	0.691882	0.181403	0.636746
4.09375	1.7644	1.77312	0.791664	0.690094	0.181071	0.636155
4.09766	1.7623	1.77101	0.790778	0.688311	0.180741	0.635565
4.10156	1.7602	1.7689	0.789893	0.686532	0.180411	0.634975
4.10547	1.7581	1.76681	0.789011	0.684756	0.180082	0.634386
4.10938	1.75601	1.76471	0.78813	0.682985	0.179754	0.633797
4.11328	1.75393	1.76262	0.787251	0.681218	0.179427	0.633209
4.11719	1.75185	1.76053	0.786374	0.679454	0.179101	0.632621
4.12109	1.74977	1.75845	0.785498	0.677695	0.178776	0.632034
4.125	1.7477	1.75637	0.784624	0.675939	0.178451	0.631447
4.12891	1.74563	1.7543	0.783752	0.674188	0.178128	0.630861
4.13281	1.74357	1.75223	0.782881	0.67244	0.177805	0.630275
4.13672	1.74151	1.75017	0.782013	0.670697	0.177484	0.629689
4.14063	1.73945	1.74811	0.781145	0.668957	0.177163	0.629104
4.14453	1.7374	1.74605	0.78028	0.667222	0.176843	0.628519
4.14844	1.73536	1.744	0.779416	0.66549	0.176524	0.627935
4.15234	1.73331	1.74195	0.778554	0.663762	0.176205	0.627352
4.15625	1.73127	1.73991	0.777693	0.662038	0.175888	0.626769
4.16016	1.72924	1.73787	0.776834	0.660318	0.175571	0.626186
4.16406	1.72721	1.73583	0.775977	0.658602	0.175256	0.625604
4.16797	1.72518	1.7338	0.775121	0.656889	0.174941	0.625022
4.17188	1.72316	1.73178	0.774267	0.655181	0.174627	0.62444
4.17578	1.72114	1.72975	0.773415	0.653477	0.174314	0.62386
4.17969	1.71913	1.72773	0.772564	0.651776	0.174001	0.623279
4.18359	1.71712	1.72572	0.771715	0.650079	0.17369	0.622699
4.1875	1.71511	1.72371	0.770867	0.648386	0.173379	0.62212
4.19141	1.71311	1.7217	0.770022	0.646697	0.173069	0.621541
4.19531	1.71111	1.7197	0.769177	0.645011	0.17276	0.620962
4.19922	1.70912	1.7177	0.768335	0.64333	0.172452	0.620384
4.20313	1.70713	1.71571	0.767493	0.641652	0.172145	0.619807
4.20703	1.70515	1.71372	0.766654	0.639978	0.171838	0.61923
4.21094	1.70316	1.71174	0.765816	0.638308	0.171533	0.618653
4.21484	1.70119	1.70975	0.76498	0.636642	0.171228	0.618077
4.21875	1.69921	1.70778	0.764145	0.634979	0.170924	0.617501
4.22266	1.69724	1.7058	0.763312	0.63332	0.17062	0.616926
4.22656	1.69528	1.70383	0.76248	0.631665	0.170318	0.616351
4.23047	1.69332	1.70187	0.76165	0.630014	0.170016	0.615777
4.23438	1.69136	1.69991	0.760822	0.628366	0.169715	0.615203
4.23828	1.6894	1.69795	0.759995	0.626723	0.169415	0.614629
4.24219	1.68745	1.696	0.759169	0.625082	0.169116	0.614056
4.24609	1.68551	1.69405	0.758346	0.623446	0.168818	0.613484
4.25	1.68357	1.6921	0.757523	0.621813	0.16852	0.612912
4.25391	1.68163	1.69016	0.756703	0.620184	0.168223	0.61234
4.25781	1.67969	1.68822	0.755884	0.618559	0.167927	0.611769
4.26172	1.67776	1.68629	0.755066	0.616938	0.167632	0.611198
4.26563	1.67584	1.68436	0.75425	0.61532	0.167337	0.610628
4.26953	1.67391	1.68243	0.753435	0.613705	0.167043	0.610058
4.27344	1.67199	1.68051	0.752622	0.612095	0.16675	0.609489
4.27734	1.67008	1.67859	0.751811	0.610488	0.166458	0.60892
4.28125	1.66817	1.67668	0.751001	0.608885	0.166166	0.608352
4.28516	1.66626	1.67477	0.750192	0.607285	0.165876	0.607784
4.28906	1.66436	1.67286	0.749385	0.605689	0.165586	0.607217
4.29297	1.66246	1.67096	0.748579	0.604097	0.165296	0.60665
4.29688	1.66056	1.66906	0.747775	0.602508	0.165008	0.606083
4.30078	1.65867	1.66716	0.746973	0.600923	0.16472	0.605517
4.30469	1.65678	1.66527	0.746172	0.599341	0.164433	0.604952
4.30859	1.65489	1.66338	0.745372	0.597763	0.164147	0.604386
4.3125	1.65301	1.6615	0.744574	0.596189	0.163862	0.603822
4.31641	1.65113	1.65962	0.743777	0.594618	0.163577	0.603257
4.32031	1.64926	1.65774	0.742982	0.593051	0.163293	0.602694
4.32422	1.64739	1.65587	0.742189	0.591487	0.16301	0.60213
4.32813	1.64552	1.654	0.741396	0.589927	0.162727	0.601568
4.33203	1.64366	1.65214	0.740606	0.588371	0.162446	0.601005
4.33594	1.6418	1.65027	0.739816	0.586818	0.162164	0.600443
4.33984	1.63994	1.64842	0.739028	0.585268	0.161884	0.599882
4.34375	1.63809	1.64656	0.738242	0.583722	0.161605	0.599321
4.34766	1.63624	1.64471	0.737457	0.58218	0.161326	0.59876
4.35156	1.63439	1.64286	0.736674	0.580641	0.161048	0.5982
4.35547	1.63255	1.64102	0.735892	0.579106	0.16077	0.59764
4.35938	1.63072	1.63918	0.735111	0.577574	0.160493	0.597081
4.36328	1.62888	1.63735	0.734332	0.576045	0.160217	0.596522
4.36719	1.62705	1.63551	0.733554	0.57452	0.159942	0.595964
4.37109	1.62522	1.63368	0.732777	0.572999	0.159668	0.595406
4.375	1.6234	1.63186	0.732002	0.571481	0.159394	0.594849
4.37891	1.62158	1.63004	0.731229	0.569967	0.15912	0.594292
4.38281	1.61976	1.62822	0.730457	0.568455	0.158848	0.593735
4.38672	1.61795	1.6264	0.729686	0.566948	0.158576	0.593179
4.39063	1.61614	1.62459	0.728917	0.565444	0.158305	0.592624
4.39453	1.61433	1.62279	0.728149	0.563943	0.158035	0.592069
4.39844	1.61253	1.62098	0.727382	0.562446	0.157765	0.591514
4.40234	1.61073	1.61918	0.726617	0.560952	0.157496	0.59096
4.40625	1.60893	1.61738	0.725853	0.559461	0.157228	0.590406
4.41016	1.60714	1.61559	0.725091	0.557974	0.15696	0.589853
4.41406	1.60535	1.6138	0.72433	0.55649	0.156693	0.5893
4.41797	1.60357	1.61201	0.72357	0.55501	0.156427	0.588748
4.42188	1.60178	1.61023	0.722812	0.553533	0.156161	0.588196
4.42578	1.60001	1.60845	0.722055	0.552059	0.155896	0.587644
4.42969	1.59823	1.60668	0.721299	0.550589	0.155632	0.587093
4.43359	1.59646	1.6049	0.720545	0.549122	0.155368	0.586542
4.4375	1.59469	1.60313	0.719792	0.547659	0.155105	0.585992
4.44141	1.59292	1.60137	0.719041	0.546199	0.154843	0.585443
4.44531	1.59116	1.59961	0.718291	0.544742	0.154581	0.584893
4.44922	1.5894	1.59785	0.717542	0.543288	0.15432	0.584345
4.45313	1.58765	1.59609	0.716794	0.541838	0.15406	0.583796
4.45703	1.5859	1.59434	0.716048	0.540391	0.1538	0.583248
4.46094	1.58415	1.59259	0.715303	0.538948	0.153541	0.582701
4.46484	1.5824	1.59085	0.71456	0.537507	0.153283	0.582154
4.46875	1.58066	1.5891	0.713818	0.536071	0.153025	0.581607
4.47266	1.57892	1.58736	0.713077	0.534637	0.152768	0.581061
4.47656	1.57719	1.58563	0.712338	0.533206	0.152512	0.580516
4.48047	1.57546	1.5839	0.711599	0.531779	0.152256	0.57997
4.48438	1.57373	1.58217	0.710863	0.530356	0.152001	0.579426
4.48828	1.572	1.58044	0.710127	0.528935	0.151747	0.578881
4.49219	1.57028	1.57872	0.709393	0.527518	0.151493	0.578338
4.49609	1.56856	1.577	0.70866	0.526103	0.15124	0.577794
4.5	1.56684	1.57529	0.707928	0.524693	0.150987	0.577251
4.50391	1.56513	1.57357	0.707198	0.523285	0.150735	0.576709
4.50781	1.56342	1.57186	0.706469	0.521881	0.150484	0.576167
4.51172	1.56172	1.57016	0.705741	0.520479	0.150233	0.575625
4.51563	1.56001	1.56846	0.705015	0.519081	0.149983	0.575084
4.51953	1.55831	1.56676	0.70429	0.517687	0.149733	0.574543
4.52344	1.55662	1.56506	0.703566	0.516295	0.149485	0.574003
4.52734	1.55492	1.56337	0.702843	0.514907	0.149236	0.573463
4.53125	1.55323	1.56168	0.702122	0.513521	0.148989	0.572924
4.53516	1.55154	1.55999	0.701402	0.512139	0.148742	0.572385
4.53906	1.54986	1.55831	0.700683	0.510761	0.148495	0.571846
4.54297	1.54818	1.55663	0.699965	0.509385	0.14825	0.571308
4.54688	1.5465	1.55495	0.699249	0.508012	0.148005	0.570771
4.55078	1.54483	1.55328	0.698534	0.506643	0.14776	0.570234
4.55469	1.54316	1.55161	0.69782	0.505277	0.147516	0.569697
4.55859	1.54149	1.54994	0.697107	0.503914	0.147273	0.569161
4.5625	1.53982	1.54828	0.696396	0.502554	0.14703	0.568625
4.56641	1.53816	1.54661	0.695686	0.501197	0.146788	0.568089
4.57031	1.5365	1.54496	0.694977	0.499843	0.146546	0.567554
4.57422	1.53484	1.5433	0.69427	0.498492	0.146305	0.56702
4.57813	1.53319	1.54165	0.693563	0.497145	0.146065	0.566486
4.58203	1.53154	1.54	0.692858	0.4958	0.145825	0.565952
4.58594	1.52989	1.53836	0.692154	0.494459	0.145586	0.565419
4.58984	1.52825	1.53671	0.691452	0.493121	0.145347	0.564886
4.59375	1.52661	1.53507	0.69075	0.491786	0.145109	0.564354
4.59766	1.52497	1.53344	0.69005	0.490454	0.144872	0.563822
4.60156	1.52334	1.5318	0.689351	0.489125	0.144635	0.563291
4.60547	1.5217	1.53017	0.688653	0.487799	0.144399	0.56276
4.60938	1.52008	1.52855	0.687957	0.486476	0.144163	0.562229
4.61328	1.51845	1.52692	0.687261	0.485156	0.143928	0.561699
4.61719	1.51683	1.5253	0.686567	0.483839	0.143693	0.56117
4.62109	1.51521	1.52368	0.685874	0.482525	0.143459	0.56064
4.625	1.51359	1.52207	0.685182	0.481214	0.143226	0.560112
4.62891	1.51198	1.52046	0.684492	0.479906	0.142993	0.559583
4.63281	1.51036	1.51885	0.683802	0.478602	0.14276	0.559056
4.63672	1.50876	1.51724	0.683114	0.4773	0.142529	0.558528
4.64063	1.50715	1.51564	0.682427	0.476001	0.142297	0.558001
4.64453	1.50555	1.51404	0.681741	0.474705	0.142067	0.557475
4.64844	1.50395	1.51244	0.681056	0.473412	0.141837	0.556948
4.65234	1.50235	1.51084	0.680373	0.472123	0.141607	0.556423
4.65625	1.50076	1.50925	0.679691	0.470836	0.141378	0.555898
4.66016	1.49917	1.50766	0.679009	0.469552	0.14115	0.555373
4.66406	1.49758	1.50608	0.678329	0.468271	0.140922	0.554848
4.66797	1.496	1.5045	0.67765	0.466993	0.140695	0.554324
4.67188	1.49441	1.50292	0.676973	0.465718	0.140468	0.553801
4.67578	1.49283	1.50134	0.676296	0.464446	0.140242	0.553278
4.67969	1.49126	1.49977	0.675621	0.463177	0.140016	0.552755
4.68359	1.48968	1.49819	0.674947	0.461911	0.139791	0.552233
4.6875	1.48811	1.49663	0.674274	0.460647	0.139566	0.551711
4.69141	1.48655	1.49506	0.673602	0.459387	0.139342	0.55119
4.69531	1.48498	1.4935	0.672931	0.458129	0.139119	0.550669
4.69922	1.48342	1.49194	0.672261	0.456875	0.138896	0.550149
4.70313	1.48186	1.49038	0.671593	0.455623	0.138673	0.549629
4.70703	1.4803	1.48883	0.670925	0.454374	0.138451	0.549109
4.71094	1.47875	1.48728	0.670259	0.453128	0.13823	0.54859
4.71484	1.4772	1.48573	0.669594	0.451885	0.138009	0.548071
4.71875	1.47565	1.48418	0.66893	0.450645	0.137789	0.547553
4.72266	1.4741	1.48264	0.668267	0.449408	0.137569	0.547035
4.72656	1.47256	1.4811	0.667605	0.448174	0.137349	0.546518
4.73047	1.47102	1.47956	0.666945	0.446942	0.137131	0.546001
4.73438	1.46948	1.47803	0.666285	0.445713	0.136912	0.545485
4.73828	1.46795	1.4765	0.665627	0.444487	0.136695	0.544968
4.74219	1.46642	1.47497	0.664969	0.443264	0.136477	0.544453
4.74609	1.46489	1.47344	0.664313	0.442044	0.136261	0.543938
4.75	1.46336	1.47192	0.663658	0.440827	0.136044	0.543423
4.75391	1.46184	1.4704	0.663004	0.439612	0.135829	0.542908
4.75781	1.46032	1.46888	0.662351	0.4384	0.135614	0.542395
4.76172	1.4588	1.46737	0.661699	0.437191	0.135399	0.541881
4.76563	1.45728	1.46586	0.661048	0.435985	0.135185	0.541368
4.76953	1.45577	1.46435	0.660399	0.434782	0.134971	0.540855
4.77344	1.45426	1.46284	0.65975	0.433581	0.134758	0.540343
4.77734	1.45275	1.46134	0.659103	0.432383	0.134545	0.539831
4.78125	1.45125	1.45983	0.658456	0.431188	0.134333	0.53932
4.78516	1.44974	1.45834	0.657811	0.429996	0.134121	0.538809
4.78906	1.44824	1.45684	0.657167	0.428807	0.13391	0.538299
4.79297	1.44675	1.45535	0.656524	0.42762	0.133699	0.537789
4.79688	1.44525	1.45386	0.655881	0.426436	0.133489	0.537279
4.80078	1.44376	1.45237	0.65524	0.425255	0.13328	0.53677
4.80469	1.44227	1.45088	0.6546	0.424076	0.13307	0.536261
4.80859	1.44078	1.4494	0.653962	0.4229	0.132862	0.535753
4.8125	1.4393	1.44792	0.653324	0.421727	0.132653	0.535245
4.81641	1.43782	1.44644	0.652687	0.420557	0.132446	0.534737
4.82031	1.43634	1.44497	0.652051	0.419389	0.132238	0.53423
4.82422	1.43486	1.4435	0.651416	0.418225	0.132032	0.533724
4.82813	1.43339	1.44203	0.650783	0.417062	0.131825	0.533218
4.83203	1.43192	1.44056	0.65015	0.415903	0.131619	0.532712
4.83594	1.43045	1.43909	0.649519	0.414746	0.131414	0.532207
4.83984	1.42899	1.43763	0.648888	0.413592	0.131209	0.531702
4.84375	1.42752	1.43617	0.648259	0.412441	0.131005	0.531197
4.84766	1.42606	1.43472	0.64763	0.411292	0.130801	0.530693
4.85156	1.4246	1.43326	0.647003	0.410146	0.130597	0.53019
4.85547	1.42315	1.43181	0.646376	0.409002	0.130395	0.529686
4.85938	1.42169	1.43036	0.645751	0.407862	0.130192	0.529184
4.86328	1.42024	1.42892	0.645127	0.406723	0.12999	0.528681
4.86719	1.4188	1.42747	0.644503	0.405588	0.129788	0.528179
4.87109	1.41735	1.42603	0.643881	0.404455	0.129587	0.527678
4.875	1.41591	1.42459	0.64326	0.403325	0.129387	0.527177
4.87891	1.41447	1.42316	0.64264	0.402197	0.129186	0.526676
4.88281	1.41303	1.42172	0.64202	0.401072	0.128987	0.526176
4.88672	1.41159	1.42029	0.641402	0.39995	0.128787	0.525676
4.89063	1.41016	1.41886	0.640785	0.39883	0.128589	0.525177
4.89453	1.40873	1.41744	0.640169	0.397713	0.12839	0.524678
4.89844	1.4073	1.41602	0.639554	0.396599	0.128192	0.524179
4.90234	1.40587	1.41459	0.638939	0.395487	0.127995	0.523681
4.90625	1.40445	1.41318	0.638326	0.394378	0.127798	0.523184
4.91016	1.40303	1.41176	0.637714	0.393271	0.127601	0.522686
4.91406	1.40161	1.41035	0.637103	0.392167	0.127405	0.52219
4.91797	1.40019	1.40893	0.636492	0.391065	0.12721	0.521693
4.92188	1.39878	1.40753	0.635883	0.389966	0.127014	0.521197
4.92578	1.39737	1.40612	0.635275	0.38887	0.12682	0.520702
4.92969	1.39596	1.40472	0.634668	0.387776	0.126625	0.520207
4.93359	1.39455	1.40331	0.634061	0.386684	0.126431	0.519712
4.9375	1.39315	1.40192	0.633456	0.385596	0.126238	0.519218
4.94141	1.39175	1.40052	0.632852	0.384509	0.126045	0.518724
4.94531	1.39035	1.39913	0.632248	0.383426	0.125852	0.51823
4.94922	1.38895	1.39773	0.631646	0.382345	0.12566	0.517737
4.95313	1.38756	1.39634	0.631045	0.381266	0.125469	0.517245
4.95703	1.38617	1.39496	0.630444	0.38019	0.125277	0.516752
4.96094	1.38478	1.39357	0.629845	0.379116	0.125087	0.516261
4.96484	1.38339	1.39219	0.629246	0.378045	0.124896	0.515769
4.96875	1.382	1.39081	0.628649	0.376976	0.124706	0.515278
4.97266	1.38062	1.38943	0.628052	0.37591	0.124517	0.514788
4.97656	1.37924	1.38806	0.627456	0.374847	0.124328	0.514298
4.98047	1.37786	1.38669	0.626862	0.373785	0.124139	0.513808
4.98438	1.37649	1.38532	0.626268	0.372727	0.123951	0.513319
4.98828	1.37511	1.38395	0.625675	0.371671	0.123763	0.51283
4.99219	1.37374	1.38258	0.625083	0.370617	0.123575	0.512342
4.99609	1.37237	1.38122	0.624492	0.369566	0.123388	0.511854
5	1.37101	1.37986	0.623902	96.1971	0.123202	133.234
