2	0.00591349
2.0063	0.00589678
2.01263	0.00588364
2.01897	0.00587371
2.02533	0.00586668
2.03171	0.00586222
2.03812	0.00586008
2.04454	0.00585998
2.05098	0.0058617
2.05745	0.00586499
2.06393	0.00586966
2.07044	0.00587552
2.07696	0.00588239
2.08351	0.00589011
2.09007	0.00589852
2.09666	0.00590751
2.10327	0.00591692
2.10989	0.00592666
2.11654	0.00593662
2.12321	0.0059467
2.1299	0.00595681
2.13662	0.00596688
2.14335	0.00597684
2.15011	0.00598661
2.15688	0.00599615
2.16368	0.00600539
2.1705	0.00601431
2.17734	0.00602284
2.1842	0.00603097
2.19108	0.00603865
2.19799	0.00604585
2.20491	0.00605256
2.21186	0.00605877
2.21883	0.00606443
2.22583	0.00606956
2.23284	0.00607413
2.23988	0.00607814
2.24694	0.00608157
2.25402	0.00608444
2.26112	0.00608674
2.26825	0.00608845
2.2754	0.00608959
2.28257	0.00609016
2.28976	0.00609017
2.29698	0.00608962
2.30421	0.00608852
2.31148	0.00608687
2.31876	0.00608468
2.32607	0.00608196
2.3334	0.00607872
2.34075	0.00607498
2.34813	0.00607074
2.35553	0.00606602
2.36295	0.00606082
2.3704	0.00605515
2.37787	0.00604904
2.38536	0.00604248
2.39288	0.0060355
2.40042	0.00602811
2.40799	0.00602031
2.41558	0.00601212
2.42319	0.00600356
2.43082	0.00599464
2.43849	0.00598536
2.44617	0.00597575
2.45388	0.00596581
2.46161	0.00595555
2.46937	0.00594498
2.47715	0.00593413
2.48496	0.00592299
2.49279	0.00591159
2.50065	0.00589992
2.50853	0.00588802
2.51643	0.00587586
2.52436	0.00586348
2.53232	0.00585089
2.5403	0.00583809
2.5483	0.00582509
2.55634	0.0058119
2.56439	0.00579853
2.57247	0.005785
2.58058	0.0057713
2.58871	0.00575745
2.59687	0.00574345
2.60505	0.00572931
2.61326	0.00571504
2.6215	0.00570065
2.62976	0.00568614
2.63805	0.00567153
2.64636	0.00565681
2.6547	0.005642
2.66307	0.00562709
2.67146	0.0056121
2.67988	0.00559703
2.68833	0.0055819
2.6968	0.00556669
2.7053	0.00555142
2.71382	0.00553609
2.72238	0.00552071
2.73095	0.00550528
2.73956	0.0054898
2.74819	0.00547429
2.75686	0.00545874
2.76554	0.00544317
2.77426	0.00542755
2.783	0.00541192
2.79177	0.00539627
2.80057	0.0053806
2.8094	0.0053649
2.81825	0.00534921
2.82713	0.0053335
2.83604	0.00531779
2.84498	0.00530207
2.85395	0.00528635
2.86294	0.00527064
2.87196	0.00525493
2.88101	0.00523922
2.89009	0.00522352
2.8992	0.00520783
2.90834	0.00519215
2.9175	0.00517649
2.9267	0.00516084
2.93592	0.0051452
2.94517	0.00512959
2.95445	0.005114
2.96377	0.00509843
2.97311	0.00508288
2.98247	0.00506735
2.99187	0.00505185
3.0013	0.00503638
3.01076	0.00502093
3.02025	0.00500551
3.02977	0.00499012
3.03932	0.00497476
3.04889	0.00495944
3.0585	0.00494414
3.06814	0.00492887
3.07781	0.00491363
3.08751	0.00489844
3.09724	0.00488327
3.107	0.00486814
3.11679	0.00485305
3.12662	0.004838
3.13647	0.00482298
3.14635	0.00480798
3.15627	0.00479304
3.16622	0.00477814
3.17619	0.00476327
3.1862	0.00474844
3.19624	0.00473365
3.20632	0.0047189
3.21642	0.00470419
3.22656	0.00468951
3.23673	0.00467487
3.24693	0.00466028
3.25716	0.00464572
3.26742	0.00463122
3.27772	0.00461674
3.28805	0.00460231
3.29841	0.00458792
3.30881	0.00457357
3.31924	0.00455927
3.3297	0.004545
3.34019	0.00453077
3.35072	0.00451659
3.36128	0.00450244
3.37187	0.00448834
3.3825	0.00447429
3.39316	0.00446027
3.40385	0.0044463
3.41458	0.00443236
3.42534	0.00441847
3.43613	0.00440462
3.44696	0.00439081
3.45782	0.00437705
3.46872	0.00436332
3.47965	0.00434964
3.49062	0.00433599
3.50162	0.00432239
3.51265	0.00430883
3.52372	0.00429531
3.53483	0.00428184
3.54597	0.00426841
3.55714	0.00425501
3.56835	0.00424166
3.5796	0.00422834
3.59088	0.00421507
3.6022	0.00420184
3.61355	0.00418866
3.62494	0.0041755
3.63636	0.00416239
3.64782	0.00414932
3.65932	0.0041363
3.67085	0.00412331
3.68242	0.00411036
3.69402	0.00409746
3.70566	0.00408459
3.71734	0.00407177
3.72906	0.00405898
3.74081	0.00404624
3.7526	0.00403353
3.76442	0.00402086
3.77629	0.00400823
3.78819	0.00399564
3.80013	0.00398309
3.8121	0.00397059
3.82412	0.00395812
3.83617	0.00394569
3.84826	0.00393329
3.86039	0.00392094
3.87255	0.00390863
3.88476	0.00389635
3.897	0.0038841
3.90928	0.0038719
3.9216	0.00385974
3.93396	0.00384762
3.94636	0.00383553
3.95879	0.00382349
3.97127	0.00381148
3.98378	0.00379951
3.99634	0.00378757
4.00893	0.00377567
4.02157	0.00376381
4.03424	0.00375199
4.04695	0.00374021
4.05971	0.00372845
4.0725	0.00371674
4.08534	0.00370507
4.09821	0.00369343
4.11113	0.00368182
4.12408	0.00367026
4.13708	0.00365873
4.15012	0.00364724
4.1632	0.00363578
4.17632	0.00362436
4.18948	0.00361297
4.20268	0.00360161
4.21593	0.0035903
4.22921	0.00357902
4.24254	0.00356778
4.25591	0.00355657
4.26932	0.00354539
4.28278	0.00353426
4.29627	0.00352316
4.30981	0.00351209
4.3234	0.00350106
4.33702	0.00349006
4.35069	0.0034791
4.3644	0.00346817
4.37815	0.00345727
4.39195	0.00344641
4.40579	0.00343559
4.41968	0.00342479
4.43361	0.00341403
4.44758	0.0034033
4.46159	0.00339261
4.47566	0.00338195
4.48976	0.00337132
4.50391	0.00336074
4.5181	0.00335018
4.53234	0.00333966
4.54663	0.00332916
4.56095	0.00331871
4.57533	0.00330828
4.58975	0.00329789
4.60421	0.00328753
4.61872	0.0032772
4.63328	0.00326689
4.64788	0.00325664
4.66253	0.00324641
4.67722	0.00323621
4.69196	0.00322605
4.70675	0.00321591
4.72158	0.0032058
4.73646	0.00319574
4.75139	0.0031857
4.76636	0.00317568
4.78138	0.00316571
4.79645	0.00315577
4.81157	0.00314585
4.82673	0.00313597
4.84194	0.00312612
4.8572	0.0031163
4.87251	0.00310651
4.88786	0.00309675
4.90327	0.00308702
4.91872	0.00307732
4.93422	0.00306766
4.94977	0.00305802
4.96537	0.00304842
4.98102	0.00303884
4.99671	0.00302929
5.01246	0.00301976
5.02826	0.00301028
5.0441	0.00300082
5.06	0.00299139
5.07595	0.002982
5.09194	0.00297263
5.10799	0.00296329
5.12409	0.00295398
5.14024	0.00294471
5.15644	0.00293546
5.17269	0.00292623
5.18899	0.00291704
5.20534	0.00290787
5.22174	0.00289874
5.2382	0.00288963
5.25471	0.00288055
5.27127	0.00287151
5.28788	0.00286248
5.30455	0.00285349
5.32126	0.00284452
5.33803	0.00283559
5.35485	0.00282668
5.37173	0.0028178
5.38866	0.00280895
5.40564	0.00280012
5.42268	0.00279133
5.43977	0.00278256
5.45691	0.00277382
5.47411	0.0027651
5.49136	0.00275642
5.50866	0.00274776
5.52602	0.00273913
5.54344	0.00273052
5.56091	0.00272194
5.57843	0.00271339
5.59601	0.00270486
5.61365	0.00269637
5.63134	0.00268789
5.64909	0.00267945
5.66689	0.00267104
5.68475	0.00266265
5.70267	0.00265428
5.72064	0.00264595
5.73867	0.00263764
5.75675	0.00262935
5.77489	0.00262108
5.79309	0.00261285
5.81135	0.00260464
5.82966	0.00259646
5.84804	0.0025883
5.86647	0.00258017
5.88495	0.00257207
5.9035	0.00256398
5.9221	0.00255592
5.94077	0.0025479
5.95949	0.00253989
5.97827	0.00253192
5.99711	0.00252395
6.01601	0.00251603
6.03497	0.00250812
6.05399	0.00250025
6.07307	0.00249239
6.09221	0.00248456
6.11141	0.00247676
6.13067	0.00246897
6.14999	0.00246122
6.16937	0.00245349
6.18881	0.00244578
6.20831	0.00243809
6.22788	0.00243044
6.24751	0.0024228
6.2672	0.00241519
6.28695	0.0024076
6.30676	0.00240004
6.32663	0.0023925
6.34657	0.00238499
6.36657	0.00237749
6.38664	0.00237002
6.40677	0.00236257
6.42696	0.00235515
6.44721	0.00234775
6.46753	0.00234038
6.48791	0.00233303
6.50836	0.0023257
6.52887	0.00231839
6.54944	0.00231111
6.57008	0.00230385
6.59079	0.00229661
6.61156	0.0022894
6.6324	0.00228221
6.6533	0.00227503
6.67426	0.00226789
6.6953	0.00226076
6.7164	0.00225366
6.73756	0.00224658
6.7588	0.00223952
6.7801	0.00223249
6.80147	0.00222547
6.8229	0.00221847
6.8444	0.00221151
6.86597	0.00220456
6.88761	0.00219764
6.90932	0.00219073
6.93109	0.00218385
6.95293	0.00217699
6.97485	0.00217015
6.99683	0.00216333
7.01888	0.00215654
7.041	0.00214976
7.06319	0.00214301
7.08544	0.00213628
7.10777	0.00212957
7.13017	0.00212288
7.15264	0.00211621
7.17519	0.00210956
7.1978	0.00210293
7.22048	0.00209633
7.24324	0.00208973
7.26606	0.00208317
7.28896	0.00207663
7.31193	0.0020701
7.33498	0.0020636
7.35809	0.00205712
7.38128	0.00205066
7.40454	0.00204421
7.42788	0.00203779
7.45129	0.00203139
7.47477	0.00202501
7.49833	0.00201865
7.52196	0.00201231
7.54566	0.00200598
7.56944	0.00199968
7.5933	0.0019934
7.61723	0.00198713
7.64123	0.00198089
7.66531	0.00197467
7.68947	0.00196847
7.7137	0.00196228
7.73801	0.00195612
7.7624	0.00194997
7.78686	0.00194385
7.8114	0.00193774
7.83602	0.00193165
7.86071	0.00192558
7.88549	0.00191953
7.91034	0.0019135
7.93527	0.00190749
7.96027	0.0019015
7.98536	0.00189553
8.01053	0.00188957
8.03577	0.00188364
8.0611	0.00187772
8.0865	0.00187182
8.11198	0.00186594
8.13755	0.00186007
8.16319	0.00185423
8.18892	0.0018484
8.21473	0.0018426
8.24061	0.00183681
8.26658	0.00183104
8.29264	0.00182529
8.31877	0.00181956
8.34499	0.00181384
8.37129	0.00180814
8.39767	0.00180246
8.42413	0.00179679
8.45068	0.00179115
8.47731	0.00178552
8.50403	0.00177992
8.53083	0.00177433
8.55771	0.00176875
8.58468	0.00176319
8.61174	0.00175765
8.63888	0.00175213
8.6661	0.00174663
8.69341	0.00174114
8.72081	0.00173567
8.74829	0.00173022
8.77586	0.00172478
8.80352	0.00171936
8.83126	0.00171396
8.85909	0.00170858
8.88701	0.00170321
8.91502	0.00169786
8.94312	0.00169253
8.9713	0.00168721
8.99957	0.00168191
9.02793	0.00167662
9.05639	0.00167136
9.08493	0.00166611
9.11356	0.00166087
9.14228	0.00165566
9.17109	0.00165046
9.19999	0.00164527
9.22899	0.0016401
9.25807	0.00163494
9.28725	0.00162981
9.31652	0.00162469
9.34588	0.00161959
9.37533	0.0016145
9.40488	0.00160943
9.43451	0.00160437
9.46425	0.00159933
9.49407	0.00159431
9.52399	0.0015893
9.55401	0.0015843
9.58412	0.00157933
9.61432	0.00157437
9.64462	0.00156942
9.67501	0.00156449
9.70551	0.00155958
9.73609	0.00155468
9.76677	0.0015498
9.79755	0.00154493
9.82843	0.00154007
9.8594	0.00153523
9.89048	0.00153041
9.92165	0.0015256
9.95291	0.00152081
9.98428	0.00151603
10.0157	0.00151127
10.0473	0.00150652
10.079	0.00150178
10.1107	0.00149707
10.1426	0.00149236
10.1746	0.00148768
10.2066	0.001483
10.2388	0.00147834
10.2711	0.0014737
10.3034	0.00146907
10.3359	0.00146446
10.3685	0.00145986
10.4012	0.00145527
10.4339	0.00145069
10.4668	0.00144614
10.4998	0.00144159
10.5329	0.00143707
10.5661	0.00143255
10.5994	0.00142805
10.6328	0.00142357
10.6663	0.0014191
10.6999	0.00141464
10.7336	0.00141019
10.7675	0.00140576
10.8014	0.00140135
10.8354	0.00139694
10.8696	0.00139255
10.9038	0.00138818
10.9382	0.00138382
10.9727	0.00137947
11.0072	0.00137514
11.0419	0.00137082
11.0767	0.00136651
11.1116	0.00136222
11.1467	0.00135794
11.1818	0.00135367
11.217	0.00134942
11.2524	0.00134518
11.2878	0.00134096
11.3234	0.00133674
11.3591	0.00133254
11.3949	0.00132836
11.4308	0.00132418
11.4668	0.00132003
11.503	0.00131588
11.5392	0.00131174
11.5756	0.00130762
11.6121	0.00130351
11.6487	0.00129942
11.6854	0.00129534
11.7222	0.00129127
11.7591	0.00128721
11.7962	0.00128316
11.8334	0.00127913
11.8707	0.00127511
11.9081	0.00127111
11.9456	0.00126711
11.9832	0.00126313
12.021	0.00125917
12.0589	0.00125521
12.0969	0.00125127
12.135	0.00124734
12.1733	0.00124342
12.2116	0.00123951
12.2501	0.00123562
12.2887	0.00123174
12.3274	0.00122787
12.3663	0.00122401
12.4053	0.00122017
12.4444	0.00121633
12.4836	0.00121251
12.5229	0.0012087
12.5624	0.0012049
12.602	0.00120112
12.6417	0.00119735
12.6815	0.00119358
12.7215	0.00118983
12.7616	0.0011861
12.8018	0.00118237
12.8421	0.00117866
12.8826	0.00117495
12.9232	0.00117126
12.9639	0.00116758
13.0048	0.00116392
13.0458	0.00116026
13.0869	0.00115662
13.1281	0.00115298
13.1695	0.00114936
13.211	0.00114575
13.2526	0.00114215
13.2944	0.00113856
13.3363	0.00113498
13.3783	0.00113142
13.4205	0.00112786
13.4628	0.00112432
13.5052	0.00112079
13.5478	0.00111727
13.5905	0.00111376
13.6333	0.00111026
13.6763	0.00110677
13.7194	0.00110329
13.7626	0.00109983
13.806	0.00109637
13.8495	0.00109293
13.8931	0.00108949
13.9369	0.00108607
13.9808	0.00108266
14.0249	0.00107926
14.0691	0.00107586
14.1134	0.00107249
14.1579	0.00106912
14.2025	0.00106576
14.2473	0.00106241
14.2922	0.00105907
14.3372	0.00105574
14.3824	0.00105243
14.4277	0.00104912
14.4732	0.00104583
14.5188	0.00104254
14.5646	0.00103927
14.6105	0.001036
14.6565	0.00103275
14.7027	0.0010295
14.749	0.00102627
14.7955	0.00102305
14.8422	0.00101983
14.8889	0.00101663
14.9359	0.00101344
14.9829	0.00101025
15.0301	0.00100707
15.0775	0.00100391
15.125	0.00100076
15.1727	0.000997614
15.2205	0.00099448
15.2685	0.000991355
15.3166	0.000988242
15.3649	0.000985138
15.4133	0.000982043
15.4619	0.000978958
15.5106	0.000975881
15.5595	0.000972816
15.6085	0.00096976
15.6577	0.000966714
15.707	0.000963677
15.7565	0.00096065
15.8062	0.00095763
15.856	0.000954619
15.906	0.00095162
15.9561	0.000948629
16.0064	0.00094565
16.0568	0.00094268
16.1074	0.000939719
16.1582	0.000936768
16.2091	0.000933825
16.2602	0.000930892
16.3114	0.000927968
16.3628	0.000925053
16.4144	0.000922145
16.4661	0.000919249
16.518	0.000916361
16.5701	0.000913483
16.6223	0.000910613
16.6747	0.000907753
16.7272	0.000904899
16.78	0.000902057
16.8328	0.000899223
16.8859	0.000896397
16.9391	0.000893582
16.9925	0.000890775
17.046	0.000887978
17.0998	0.000885188
17.1536	0.000882407
17.2077	0.000879636
17.2619	0.000876873
17.3163	0.000874118
17.3709	0.000871371
17.4257	0.000868634
17.4806	0.000865905
17.5357	0.000863182
17.5909	0.000860471
17.6464	0.000857769
17.702	0.000855075
17.7578	0.000852387
17.8137	0.000849708
17.8699	0.000847038
17.9262	0.000844377
17.9827	0.000841725
18.0393	0.000839082
18.0962	0.000836445
18.1532	0.000833818
18.2104	0.000831199
18.2678	0.000828588
18.3254	0.000825984
18.3831	0.000823387
18.4411	0.000820801
18.4992	0.000818223
18.5575	0.000815653
18.616	0.000813092
18.6746	0.000810538
18.7335	0.000807991
18.7925	0.000805453
18.8518	0.000802922
18.9112	0.0008004
18.9708	0.000797886
19.0306	0.00079538
19.0905	0.000792881
19.1507	0.000790391
19.211	0.000787908
19.2716	0.000785431
19.3323	0.000782963
19.3932	0.000780503
19.4544	0.000778052
19.5157	0.000775608
19.5772	0.000773172
19.6389	0.000770743
19.7008	0.000768322
19.7628	0.000765904
19.8251	0.000763499
19.8876	0.000761101
19.9503	0.00075871
20.0132	0.000756327
20.0762	0.000753949
20.1395	0.000751581
20.203	0.000749221
20.2666	0.000746866
20.3305	0.00074452
20.3946	0.000742182
20.4588	0.000739851
20.5233	0.000737527
20.588	0.000735211
20.6529	0.000732901
20.718	0.000730599
20.7833	0.000728303
20.8488	0.000726015
20.9145	0.000723733
20.9804	0.00072146
21.0465	0.000719193
21.1128	0.000716934
21.1794	0.000714683
21.2461	0.000712437
21.3131	0.000710199
21.3802	0.000707968
21.4476	0.000705744
21.5152	0.000703528
21.583	0.000701318
21.651	0.000699114
21.7192	0.000696917
21.7877	0.000694724
21.8564	0.000692542
21.9252	0.000690367
21.9943	0.000688198
22.0636	0.000686037
22.1332	0.000683882
22.2029	0.000681733
22.2729	0.000679592
22.3431	0.000677457
22.4135	0.000675329
22.4841	0.000673208
22.555	0.000671092
22.6261	0.000668982
22.6974	0.000666879
22.7689	0.000664785
22.8407	0.000662697
22.9127	0.000660616
22.9849	0.000658541
23.0573	0.000656472
23.13	0.000654411
23.2029	0.000652354
23.276	0.000650305
23.3493	0.000648262
23.4229	0.000646226
23.4967	0.000644194
23.5708	0.000642171
23.6451	0.000640154
23.7196	0.000638142
23.7943	0.000636136
23.8693	0.000634138
23.9445	0.000632146
24.02	0.00063016
24.0957	0.000628181
24.1716	0.000626208
24.2478	0.00062424
24.3242	0.000622279
24.4009	0.000620323
24.4778	0.000618375
24.5549	0.000616433
24.6323	0.000614497
24.7099	0.000612566
24.7878	0.000610642
24.8659	0.000608724
24.9443	0.000606812
25.0229	0.000604906
25.1018	0.000603006
25.1809	0.000601111
25.2602	0.000599221
25.3398	0.000597339
25.4197	0.000595463
25.4998	0.000593593
25.5802	0.000591728
25.6608	0.00058987
25.7416	0.000588016
25.8228	0.000586167
25.9042	0.000584326
25.9858	0.00058249
26.0677	0.000580661
26.1498	0.000578835
26.2322	0.000577017
26.3149	0.000575205
26.3978	0.000573398
26.481	0.000571597
26.5645	0.000569802
26.6482	0.000568012
26.7322	0.000566227
26.8164	0.000564449
26.9009	0.000562676
26.9857	0.000560907
27.0708	0.000559145
27.1561	0.000557389
27.2417	0.000555638
27.3275	0.000553893
27.4136	0.000552153
27.5	0.000550418
27.5867	0.00054869
27.6736	0.000546966
27.7608	0.000545247
27.8483	0.000543531
27.9361	0.000541824
28.0241	0.000540122
28.1124	0.000538426
28.201	0.000536735
28.2899	0.000535048
28.3791	0.000533368
28.4685	0.000531693
28.5582	0.000530023
28.6482	0.000528358
28.7385	0.000526696
28.8291	0.000525042
28.9199	0.000523393
29.0111	0.000521749
29.1025	0.000520111
29.1942	0.000518477
29.2862	0.000516848
29.3785	0.000515224
29.4711	0.000513606
29.564	0.000511993
29.6571	0.000510383
29.7506	0.000508779
29.8444	0.000507179
29.9384	0.000505586
30.0328	0.000503999
30.1274	0.000502416
30.2224	0.000500838
30.3176	0.000499264
30.4131	0.000497696
30.509	0.000496131
30.6051	0.000494573
30.7016	0.00049302
30.7983	0.000491471
30.8954	0.000489927
30.9928	0.000488389
31.0904	0.000486855
31.1884	0.000485325
31.2867	0.000483801
31.3853	0.000482279
31.4842	0.000480765
31.5834	0.000479255
31.683	0.000477749
31.7828	0.000476249
31.883	0.00047475
31.9835	0.000473259
32.0843	0.000471773
32.1854	0.000470291
32.2868	0.000468813
32.3886	0.00046734
32.4906	0.000465872
32.593	0.000464409
32.6957	0.000462951
32.7988	0.000461496
32.9021	0.000460045
33.0058	0.0004586
33.1098	0.000457158
33.2142	0.000455723
33.3189	0.000454291
33.4239	0.000452864
33.5292	0.000451442
33.6349	0.000450024
33.7409	0.00044861
33.8472	0.000447201
33.9539	0.000445794
34.0609	0.000444393
34.1682	0.000442997
34.2759	0.000441606
34.3839	0.000440219
34.4923	0.000438836
34.601	0.000437458
34.71	0.000436084
34.8194	0.000434714
34.9291	0.000433347
35.0392	0.000431986
35.1496	0.00043063
35.2604	0.000429277
35.3715	0.000427929
35.483	0.000426585
35.5948	0.000425244
35.707	0.000423909
35.8195	0.000422576
35.9324	0.000421249
36.0457	0.000419924
36.1593	0.000418605
36.2732	0.00041729
36.3875	0.00041598
36.5022	0.000414673
36.6172	0.00041337
36.7326	0.000412071
36.8484	0.000410777
36.9645	0.000409487
37.081	0.000408201
37.1979	0.000406918
37.3151	0.00040564
37.4327	0.000404366
37.5507	0.000403096
37.669	0.000401829
37.7877	0.000400567
37.9068	0.000399309
38.0263	0.000398054
38.1461	0.000396802
38.2663	0.000395556
38.3869	0.000394314
38.5079	0.000393074
38.6292	0.00039184
38.751	0.000390609
38.8731	0.000389382
38.9956	0.000388159
39.1185	0.00038694
39.2418	0.000385725
39.3655	0.000384513
39.4895	0.000383304
39.614	0.0003821
39.7388	0.0003809
39.864	0.000379704
39.9897	0.000378511
40.1157	0.00037732
40.2421	0.000376135
40.3689	0.000374953
40.4962	0.000373775
40.6238	0.000372601
40.7518	0.000371431
40.8802	0.000370265
41.0091	0.000369102
41.1383	0.000367942
41.2679	0.000366786
41.398	0.000365634
41.5285	0.000364485
41.6593	0.00036334
41.7906	0.000362199
41.9223	0.000361061
42.0544	0.000359927
42.187	0.000358794
42.3199	0.000357667
42.4533	0.000356544
42.5871	0.000355424
42.7213	0.000354308
42.8559	0.000353195
42.991	0.000352086
43.1265	0.000350979
43.2624	0.000349875
43.3987	0.000348776
43.5355	0.000347681
43.6727	0.000346589
43.8103	0.0003455
43.9484	0.000344415
44.0869	0.000343332
44.2258	0.000342254
44.3652	0.000341177
44.505	0.000340106
44.6453	0.000339038
44.786	0.000337973
44.9271	0.000336911
45.0687	0.000335853
45.2107	0.000334798
45.3532	0.000333746
45.4962	0.000332698
45.6395	0.000331653
45.7834	0.000330611
45.9277	0.000329572
46.0724	0.000328537
46.2176	0.000327505
46.3632	0.000326475
46.5093	0.00032545
46.6559	0.000324427
46.803	0.000323408
46.9505	0.000322392
47.0984	0.00032138
47.2468	0.00032037
47.3957	0.000319364
47.5451	0.000318361
47.6949	0.000317361
47.8453	0.000316364
47.996	0.00031537
48.1473	0.000314379
48.299	0.000313392
48.4512	0.000312406
48.6039	0.000311425
48.7571	0.000310446
48.9108	0.000309471
49.0649	0.000308499
49.2195	0.00030753
49.3746	0.000306564
49.5302	0.000305601
49.6863	0.000304641
49.8429	0.000303684
50	0.00030273
50	0.00030273
