0.25	0.6
0.2512981577702864	0.5989650544489906
0.2526030563949589	0.5979318940851371
0.2539147308767877	0.5969005158291538
0.2552332164002992	0.5958709166070661
0.2565585483327201	0.5948430933502022
0.2578907622249261	0.5938170429951831
0.2592298938123956	0.5927927624839141
0.2605759790161679	0.5917702487635753
0.2619290539438071	0.5907494987866126
0.2632891548903707	0.589730509510729
0.264656318339383	0.5887132778988746
0.2660305809638136	0.5876978009192386
0.2674119796270614	0.5866840755452397
0.2688005513839436	0.5856720987555171
0.2701963334816889	0.5846618675339215
0.2715993633609374	0.5836533788695064
0.2730096786567446	0.5826466297565188
0.2744273171995912	0.5816416171943902
0.2758523170163972	0.5806383381877281
0.2772847163315426	0.5796367897463067
0.2787245535678923	0.5786369688850579
0.2801718673478273	0.5776388726240627
0.2816266964942801	0.5766424979885421
0.2830890800317767	0.5756478420088484
0.2845590571874825	0.5746549017204564
0.2860366673922556	0.5736636741639543
0.287521950281704	0.5726741563850348
0.2890149456972483	0.5716863454344869
0.2905156936871913	0.5707002383681865
0.292024234507792	0.5697158322470879
0.2935406086243448	0.5687331241372151
0.295064856712266	0.5677521111096526
0.2965970196581838	0.5667727902405374
0.298137138561036	0.5657951586110498
0.2996852547331718	0.5648192133074045
0.3012414097014602	0.5638449514208426
0.3028056452084041	0.5628723700476225
0.3043780032132595	0.5619014662890109
0.3059585258931617	0.5609322372512753
0.3075472556442559	0.5599646800456737
0.3091442350828353	0.5589987917884476
0.3107495070464834	0.5580345696008124
0.3123631145952235	0.5570720106089494
0.3139851010126741	0.5561111119439969
0.3156155098072091	0.5551518707420413
0.3172543847131256	0.5541942841441097
0.3189017696918166	0.55323834929616
0.3205577089329505	0.5522840633490737
0.3222222468556566	0.5513314234586461
0.3238954281097158	0.5503804267855791
0.3255772975767592	0.5494310704954718
0.3272679003714716	0.5484833517588125
0.3289672818428017	0.54753726775097
0.3306754875751785	0.5465928156521855
0.3323925633897344	0.545649992647564
0.3341185553455335	0.5447087959270658
0.3358535097408081	0.5437692226854984
0.3375974731142	0.5428312701225082
0.3393504922460089	0.5418949354425714
0.3411126141594475	0.5409602158549868
0.3428838861219027	0.5400271085738665
0.3446643556462032	0.5390956108181282
0.3464540704918947	0.5381657198114866
0.3482530786665202	0.5372374327824455
0.3500614284269085	0.536310746964289
0.3518791682804682	0.5353856595950738
0.3537063469864891	0.5344621679176201
0.3555430135574494	0.5335402691795049
0.357389217260332	0.5326199606330521
0.3592450076179443	0.5317012395353254
0.3611104344102475	0.5307841031481201
0.362985547675692	0.529868548737954
0.3648703977125595	0.5289545735760603
0.3667650350803116	0.5280421749383795
0.3686695106009469	0.5271313501055498
0.3705838753603641	0.526222096362901
0.3725081807097317	0.5253144110004448
0.3744424782668659	0.5244082913128681
0.3763868199176156	0.5235037345995237
0.3783412578172533	0.5226007381644228
0.3803058443918748	0.521699299316227
0.3822806323398053	0.5207994153682403
0.3842656746330129	0.5199010836384008
0.3862610245185296	0.5190043014492733
0.3882667355198796	0.5181090661280405
0.390282861438515	0.5172153750064958
0.3923094563552589	0.5163232254210348
0.3943465746317565	0.5154326147126476
0.3963942709119326	0.514543540226911
0.3984526001234579	0.5136559993139802
0.4005216174792222	0.5127699893285814
0.4026013784788154	0.5118855076300035
0.4046919389100165	0.5110025515820904
0.4067933548502897	0.5101211185532333
0.4089056826682888	0.5092412059163622
0.4110289790253691	0.5083628110489392
0.4131633008771076	0.5074859313329497
0.4153087054748308	0.5066105641548949
0.4174652503671496	0.5057367069057841
0.4196329934015042	0.5048643569811271
0.421811992725715	0.5039935117809257
0.4240023067895424	0.5031241687096669
0.4262039943462552	0.5022563251763147
0.4284171144542058	0.5013899785943021
0.4306417264784154	0.500525126381524
0.4328778900921653	0.499661765960329
0.4351256652785985	0.4987998947575121
0.4373851123323282	0.4979395102043068
0.4396562918610554	0.4970806097363772
0.4419392647871943	0.4962231907938111
0.4442340923495068	0.4953672508211115
0.4465408361047453	0.4945127872671897
0.4488595579293034	0.4936597975853574
0.4511903200208763	0.4928082792333188
0.4535331849001287	0.4919582296731636
0.4558882154123719	0.4911096463713591
0.4582554747292502	0.4902625267987427
0.4606350263504343	0.4894168684305144
0.4630269341053257	0.4885726687462293
0.4654312621547686	0.4877299252297898
0.4678480749927701	0.4868886353694387
0.4702774374482316	0.4860487966577509
0.4727194146866868	0.4852104065916269
0.4751740722120497	0.4843734626722845
0.4776414758683725	0.4835379624052517
0.4801216918416107	0.4827039033003593
0.4826147866613996	0.4818712828717333
0.4851208272028379	0.4810400986377878
0.4876398806882824	0.4802103481212174
0.4901720146891504	0.4793820288489895
0.4927172971277329	0.4785551383523377
0.4952757962790164	0.4777296741667536
0.4978475807725138	0.4769056338319802
0.5004327195941063	0.476083014892004
0.5030312820878927	0.475261814895048
0.5056433379580507	0.4744420313935642
0.5082689572707059	0.4736236619442265
0.510908210455811	0.4728067041079233
0.5135611683090363	0.4719911554497501
0.5162279019936672	0.4711770135390026
0.5189084830425139	0.4703642759491692
0.5216029833598306	0.4695529402579236
0.524311475223243	0.4687430040471181
0.5270340312856884	0.4679344649027758
0.5297707245773638	0.467127320415084
0.5325216285076851	0.4663215681783865
0.5352868168672563	0.4655172057911766
0.5380663638298486	0.4647142308560901
0.5408603439543904	0.463912640979898
0.5436688321869669	0.4631124337734995
0.5464919038628311	0.4623136068519145
0.5493296347084236	0.461516157834277
0.5521821008434047	0.4607200843438278
0.5550493787826963	0.4599253840079073
0.5579315454385338	0.4591320544579485
0.5608286781225295	0.4583400933294701
0.5637408545477463	0.4575494982620691
0.5666681528307823	0.4567602668994143
0.5696106514938667	0.4559723968892386
0.5725684294669653	0.4551858858833326
0.575541566089898	0.4544007315375373
0.5785301411144675	0.453616931511737
0.581534234706598	0.4528344834698526
0.5845539274484856	0.4520533850798347
0.5875893003407602	0.4512736340136562
0.5906404348046581	0.4504952279473058
0.593707412684206	0.4497181645607807
0.5967903162484165	0.4489424415380803
0.5998892281934947	0.4481680565671984
0.6030042316450565	0.4473950073401172
0.6061354101603588	0.4466232915527997
0.6092828477305403	0.4458529069051835
0.6124466287828747	0.4450838511011733
0.6156268381830353	0.4443161218486346
0.6188235612373718	0.4435497168593862
0.6220368836951982	0.4427846338491944
0.6252668917510926	0.4420208705377652
0.6285136720472105	0.4412584246487379
0.6317773116756078	0.4404972939096786
0.635057898180577	0.4397374760520728
0.6383555195609963	0.4389789688113191
0.6416702642726895	0.4382217699267225
0.6450022212307986	0.4374658771414873
0.6483514798121696	0.4367112882027107
0.6517181298577488	0.4359580008613758
0.6551022616749942	0.435206012872345
0.6585039660402964	0.4344553219943538
0.6619233342014148	0.4337059259900031
0.6653604578799245	0.4329578226257535
0.6688154292736769	0.4322110096719181
0.6722883410592729	0.4314654849026561
0.675779286394549	0.4307212460959659
0.6792883589210756	0.4299782910336788
0.6828156527666694	0.4292366175014523
0.6863612625479183	0.4284962232887632
0.6899252833727189	0.4277571061889015
0.6935078108428281	0.4270192639989634
0.6971089410564276	0.4262826945198451
0.7007287706107017	0.4255473955562357
0.7043673966044276	0.4248133649166115
0.7080249166405812	0.4240806004132285
0.7117014288289544	0.4233490998621168
0.7153970317887873	0.4226188610830732
0.7191118246514129	0.4218898818996556
0.722845907062917	0.4211621601391757
0.7265993791868107	0.4204356936326932
0.7303723417067171	0.4197104802150087
0.7341648958290723	0.4189865177246578
0.7379771432858403	0.4182638040039044
0.7418091863372412	0.4175423368987342
0.7456611277744951	0.4168221142588486
0.749533070922579	0.4161031339376577
0.7534251196429979	0.4153853937922746
0.7573373783365718	0.4146688916835086
0.7612699519462356	0.4139536254758589
0.7652229459598536	0.4132395930375082
0.7691964664130503	0.4125267922403164
0.7731906198920541	0.4118152209598142
0.7772055135365556	0.4111048770751971
0.781241255042583	0.4103957584693184
0.7852979526653904	0.4096878630286834
0.7893757152223604	0.4089811886434433
0.7934746520959254	0.4082757332073882
0.7975948732364999	0.4075714946179414
0.8017364891654299	0.406868470776153
0.8058996109779587	0.4061666595866933
0.810084350346206	0.4054660589578473
0.8142908195221631	0.4047666668015078
0.8185191313407052	0.4040684810331693
0.8227693992226172	0.4033714995719219
0.8270417371776358	0.4026757203404454
0.8313362598075088	0.4019811412650024
0.8356530823090687	0.4012877602754325
0.8399923204773216	0.4005955753051466
0.8443540907085555	0.3999045842911197
0.8487385100034612	0.3992147851738858
0.8531456959702701	0.398526175897531
0.8575757668279107	0.3978387544096878
0.8620288414091783	0.3971525186615288
0.8665050391639236	0.3964674666077606
0.8710044801622553	0.3957835962066178
0.8755272850977626	0.395100905419857
0.8800735752907523	0.3944193922127502
0.8846434726915017	0.3937390545540795
0.8892370998835319	0.3930598904161305
0.8938545800868949	0.3923818977746865
0.8984960371614783	0.3917050746090223
0.9031615956103288	0.3910294189018983
0.9078513805829921	0.3903549286395545
0.9125655178788681	0.3896816018117043
0.9173041339505873	0.389009436411529
0.9220673559074025	0.388338430435671
0.9268553115185968	0.3876685818842287
0.9316681292169129	0.3869998887607501
0.9365059381019973	0.3863323490722266
0.941368867943863	0.3856659608290878
0.9462570491863709	0.3850007220451948
0.9511706129507291	0.3843366307378346
0.9561096910390091	0.3836736849277145
0.9610744159376826	0.3830118826389557
0.9660649208211745	0.3823512218990875
0.9710813395554346	0.3816917007390417
0.9761238067015304	0.3810333171931466
0.981192457519255	0.3803760692991209
0.9862874279707549	0.3797199550980683
0.9914088547241786	0.3790649726344714
0.9965568751573424	0.3784111199561854
1.001731627361413	0.3777583951144335
1.006933250144617	0.3771067961638
1.012161883035956	0.3764563211622248
1.01741766628896	0.3758069681709978
1.022700740885438	0.375158735254753
1.02801124853927	0.3745116204814626
1.033349331700202	0.3738656219224316
1.03871513355767	0.3732207376522916
1.044108798044637	0.3725769657489956
1.049530469841461	0.3719343042938114
1.054980294379769	0.371292751371317
1.060458417846361	0.370652305069394
1.065964987187133	0.3700129634792225
1.071500150111014	0.3693747246952748
1.077064055093932	0.3687375868153103
1.082656851382797	0.3681015479403695
1.088278688999502	0.3674666061747686
1.093929718744949	0.3668327596260935
1.099610092203093	0.3662000064051943
1.105319961745008	0.3655683446261798
1.111059480532976	0.364937772406412
1.116828802524593	0.3643082878664998
1.1226280824769	0.3636798891302944
1.128457475950536	0.3630525743248827
1.134317139313908	0.3624263415805826
1.140207229747386	0.3618011890309369
1.146127905247518	0.3611771148127079
1.152079324631275	0.3605541170658715
1.1580616475403	0.3599321939336124
1.1640750344452	0.359311343562318
1.170119646649846	0.358691564101573
1.176195646295699	0.3580728537041538
1.182303196366162	0.3574552105260232
1.18844246069095	0.3568386327263248
1.194613603950487	0.3562231184673775
1.200816791680319	0.3556086659146701
1.20705219027556	0.3549952732368554
1.21331996699535	0.3543829386057457
1.219620289967344	0.3537716601963063
1.225953328192224	0.3531614361866507
1.232319251548229	0.3525522647580349
1.238718230795712	0.3519441440948523
1.245150437581723	0.3513370723846276
1.251616044444612	0.3507310478180124
1.258115224818655	0.3501260685887789
1.264648153038711	0.349522132893815
1.271215004344893	0.3489192389331187
1.277815954887272	0.348317384909793
1.284451181730603	0.3477165690300403
1.291120862859072	0.3471167895031572
1.297825177181069	0.346518044541529
1.304564304533992	0.3459203323606244
1.311338425689069	0.3453236511789906
1.318147722356202	0.3447279992182472
1.32499237718885	0.3441333747030818
1.331872573788921	0.3435397758612437
1.338788496711703	0.3429472009235398
1.345740331470808	0.3423556481238282
1.352728264543154	0.3417651156990137
1.359752483373965	0.3411756018890423
1.366813176381797	0.3405871049368956
1.373910532963597	0.3399996230885862
1.381044743499776	0.3394131545931522
1.388215999359325	0.3388276977026519
1.395424492904942	0.3382432506721583
1.402670417498192	0.3376598117597548
1.409953967504696	0.3370773792265291
1.417275338299346	0.3364959513365685
1.42463472627154	0.3359155263569544
1.432032328830456	0.3353361025577576
1.439468344410346	0.3347576782120326
1.446942972475856	0.334180251595813
1.454456413527379	0.3336038209881059
1.462008869106433	0.3330283846708869
1.469600541801065	0.3324539409290953
1.47723163525129	0.3318804880506285
1.484902354154547	0.3313080243263371
1.492612904271196	0.33073654805002
1.500363492430033	0.330166057518419
1.508154326533841	0.329596551031214
1.515985615564965	0.3290280268910177
1.523857569590917	0.3284604834033707
1.531770399770013	0.3278939188767362
1.539724318357038	0.3273283316224953
1.547719538708934	0.326763719954942
1.55575627529053	0.3262000821912776
1.56383474368029	0.3256374166516063
1.5719551605761	0.32507572165893
1.580117743801074	0.3245149955391433
1.588322712309405	0.3239552366210281
1.596570286192232	0.3233964432362496
1.604860686683547	0.3228386137193502
1.613194136166128	0.3222817464077454
1.621570858177506	0.3217258396417184
1.629991077415958	0.3211708917644152
1.638455019746538	0.3206169011218397
1.646962912207133	0.3200638660628489
1.655514983014553	0.3195117849391479
1.664111461570657	0.3189606561052848
1.672752578468499	0.3184104779186461
1.68143856549852	0.3178612487394517
1.690169655654765	0.3173129669307497
1.698946083141126	0.3167656308584121
1.707768083377635	0.3162192388911295
1.71663589300677	0.3156737894004062
1.725549749899807	0.3151292807605559
1.734509893163199	0.314585711348696
1.743516563144993	0.3140430795447436
1.752570001441271	0.3135013837314101
1.761670450902638	0.3129606222941966
1.770818155640731	0.312420793621389
1.780013361034767	0.3118818961040536
1.789256313738131	0.3113439281360315
1.798547261684983	0.3108068881139345
1.807886454096917	0.3102707744371402
1.817274141489643	0.309735585507787
1.826710575679704	0.3092013197307694
1.836196009791235	0.3086679755137334
1.845730698262752	0.3081355512670717
1.855314896853976	0.3076040454039189
1.864948862652692	0.3070734563401468
1.874632854081649	0.3065437824943596
1.884367130905489	0.3060150222878894
1.894151954237718	0.3054871741447913
1.903987586547706	0.3049602364918386
1.913874291667728	0.3044342077585186
1.923812334800047	0.3039090863770274
1.933801982524021	0.3033848707822653
1.943843502803255	0.3028615594118326
1.953937164992794	0.3023391507060242
1.964083239846341	0.3018176431078256
1.974281999523524	0.3012970350629079
1.984533717597196	0.3007773250196235
1.994838669060772	0.3002585114290009
2.005197130335608	0.2997405927447407
2.015609379278412	0.2992235674232105
2.026075695188701	0.2987074339234409
2.036596358816292	0.2981921907071201
2.047171652368828	0.29767783623859
2.057801859519359	0.2971643689848412
2.068487265413938	0.296651787415509
2.079228156679279	0.2961400900028678
2.090024821430445	0.2956292752218279
2.10087754927857	0.2951193415499296
2.111786631338635	0.2946102874673397
2.122752360237271	0.2941021114568466
2.133775030120614	0.2935948120038553
2.14485493666219	0.2930883875963839
2.15599237707085	0.2925828367250583
2.167187650098742	0.2920781578831078
2.178441056049318	0.2915743495663609
2.189752896785403	0.2910714102732407
2.201123475737279	0.2905693385047601
2.212553097910831	0.2900681327645181
2.224042069895728	0.2895677915586943
2.235590699873644	0.2890683133960456
2.247199297626527	0.2885696967879005
2.258868174544911	0.2880719402481559
2.270597643636262	0.2875750422932718
2.282388019533384	0.2870790014422672
2.294239618502846	0.2865838162167157
2.30615275845348	0.2860894851407411
2.318127758944895	0.2855960067410128
2.330164941196058	0.2851033795467417
2.342264628093908	0.2846116020896757
2.354427144202016	0.284120672904095
2.366652815769291	0.2836305905268086
2.378941970738736	0.2831413534971488
2.391294938756235	0.2826529603569677
2.403712051179407	0.2821654096506326
2.416193641086484	0.2816786999250215
2.428740043285256	0.281192829729519
2.441351594322041	0.2807077976160118
2.454028632490721	0.2802236021388846
2.466771497841814	0.2797402418550154
2.479580532191591	0.2792577153237719
2.492456079131252	0.2787760211070063
2.505398484036139	0.2782951577690516
2.518408094074999	0.2778151238767174
2.531485258219301	0.2773359179992852
2.544630327252593	0.2768575387085044
2.55784365377991	0.2763799845785881
2.571125592237238	0.2759032541862088
2.584476498901017	0.2754273461104937
2.5978967318977	0.2749522589330214
2.611386651213358	0.2744779912378169
2.624946618703338	0.2740045416113476
2.638576998101964	0.2735319086425192
2.652278155032304	0.2730600909226714
2.666050457015967	0.2725890870455737
2.67989427348297	0.2721188956074212
2.693809975781641	0.2716495152068303
2.707797937188586	0.2711809444448351
2.721858532918692	0.2707131819248823
2.735992140135207	0.2702462262528277
2.750199137959842	0.2697800760369319
2.764479907482951	0.2693147298878563
2.778834831773749	0.2688501864186584
2.793264295890588	0.2683864442447883
2.807768686891283	0.2679235019840844
2.822348393843501	0.2674613582567689
2.837003807835194	0.2670000116854443
2.851735321985086	0.2665394608950888
2.866543331453226	0.2660797045130525
2.881428233451581	0.265620741169053
2.896390427254692	0.2651625694951718
2.911430314210386	0.2647051881258498
2.926548297750544	0.2642485956978832
2.941744783401917	0.2637927908504198
2.957020178797007	0.2633377722249549
2.972374893685002	0.2628835384653266
2.987809339942768	0.2624300882177128
3.003323931585891	0.2619774201306262
3.018919084779792	0.2615255328549111
3.034595217850882	0.2610744250437385
3.050352751297789	0.2606240953526029
3.066192107802635	0.2601745424393179
3.082113712242375	0.2597257649640121
3.098117991700189	0.2592777615891254
3.114205375476947	0.2588305309794049
3.130376295102719	0.2583840718019006
3.14663118434835	0.2579383827259623
3.162970479237098	0.2574934624232343
3.179394618056331	0.2570493095676527
3.195904041369277	0.2566059228354409
3.212499192026849	0.2561633009051056
3.229180515179522	0.2557214424574329
3.245948458289272	0.2552803461754846
3.262803471141581	0.2548400107445938
3.279746005857501	0.2544004348523616
3.296776516905779	0.2539616171886527
3.313895461115054	0.2535235564455919
3.331103297686107	0.2530862513175595
3.348400488204177	0.2526497005011882
3.365787496651348	0.252213902695359
3.383264789418992	0.2517788566011968
3.400832835320274	0.2513445609220674
3.418492105602737	0.2509110143635729
3.43624307396094	0.2504782156335482
3.45408621654916	0.2500461634420571
3.472022011994169	0.2496148565013882
3.490050941408072	0.2491842935260516
3.508173488401208	0.2487544732327746
3.526390139095131	0.248325394340498
3.54470138213564	0.2478970555703724
3.563107708705897	0.2474694556457543
3.581609612539591	0.2470425932922022
3.600207589934194	0.2466164672374729
3.618902139764263	0.2461910762115178
3.637693763494826	0.2457664189464789
3.656582965194838	0.2453424941766853
3.675570251550695	0.2449193006386491
3.69465613187983	0.244496837071062
3.713841118144374	0.244075102214791
3.733125724964887	0.2436540948128754
3.752510469634164	0.2432338136105224
3.771995872131109	0.2428142573551036
3.791582455134689	0.2423954247961515
3.811270744037947	0.2419773146853552
3.831061266962098	0.2415599257765571
3.850954554770699	0.2411432568257494
3.87095114108388	0.2407273065910699
3.891051562292667	0.2403120738327984
3.911256357573367	0.2398975573133533
3.93156606890203	0.2394837557972875
3.951981241068987	0.2390706680512851
3.972502421693467	0.2386582928441576
3.993130161238278	0.23824662894684
4.013865013024582	0.2378356751323875
4.034707533246736	0.2374254301759715
4.055658280987204	0.2370158928548763
4.076717818231563	0.2366070619484952
4.097886709883573	0.2361989362383269
4.119165523780326	0.2357915145079719
4.140554830707491	0.2353847955431289
4.162055204414609	0.2349787781315912
4.183667221630495	0.2345734610632431
4.205391462078702	0.234168843130056
4.227228508493077	0.2337649231260851
4.249178946633382	0.2333616998474662
4.271243365301019	0.232959172092411
4.293422356354817	0.2325573386612045
4.315716514726909	0.2321561983562012
4.338126438438692	0.2317557499818212
4.360652728616867	0.231355992344547
4.383295989509567	0.2309569242529197
4.406056828502554	0.2305585445175358
4.428935856135529	0.2301608519510431
4.451933686118497	0.2297638453681377
4.475050935348234	0.2293675235855601
4.498288223924832	0.2289718854220919
4.521646175168336	0.2285769296985521
4.545125415635457	0.228182655237794
4.56872657513639	0.2277890608647009
4.592450286751697	0.2273961454061834
4.616297186849299	0.2270039076911754
4.640267915101536	0.2266123465506308
4.664363114502336	0.2262214608175202
4.688583431384449	0.2258312493268269
4.712929515436799	0.2254417109155442
4.737402019721904	0.2250528444226708
4.762001600693393	0.2246646486892088
4.786728918213616	0.2242771225581588
4.811584635571352	0.2238902648745175
4.836569419499581	0.2235040744852739
4.861683940193392	0.2231185502394055
4.886928871327945	0.2227336909878757
4.912304890076549	0.2223494955836293
4.937812677128822	0.2219659628815903
4.963452916708958	0.2215830917386572
4.989226296594062	0.2212008810137008
5.015133508132624	0.22081932956756
5.041175246263047	0.2204384362630387
5.067352209532293	0.2200581999649022
5.093665100114621	0.2196786195398742
5.120114623830424	0.219299693856633
5.146701490165152	0.2189214217858086
5.173426412288361	0.2185438021999789
5.200290107072828	0.2181668339736663
5.227293295113787	0.2177905159833349
5.254436700748257	0.2174148471073866
5.281721052074474	0.217039826226158
5.309147080971417	0.2166654522219169
5.336715523118442	0.2162917239788594
5.364427118015017	0.215918640383106
5.392282609000561	0.2155462003226985
5.420282743274377	0.2151744026875969
5.448428271915699	0.2148032463696759
5.476719949903842	0.2144327302627214
5.505158536138441	0.2140628532624278
5.533744793459826	0.2136936142663939
5.562479488669472	0.2133250121741203
5.591363392550571	0.212957045887006
5.620397279888707	0.2125897143083446
5.649581929492644	0.2122230163433216
5.678918124215205	0.2118569508990111
5.708406650974284	0.2114915168843721
5.738048300773951	0.211126713210246
5.767843868725662	0.2107625387893524
5.797794154069601	0.2103989925362866
5.827899960196108	0.2100360733675161
5.858162094667228	0.2096737802013774
5.888581369238384	0.2093121119580729
5.919158599880145	0.2089510675596672
5.949894606800112	0.2085906459300847
5.980790214464921	0.2082308459951055
6.011846251622364	0.2078716666823629
6.043063551323606	0.2075131069213399
6.074442950945545	0.2071551656433659
6.105985292213269	0.2067978417816139
6.137691421222632	0.2064411342710969
6.169562188462952	0.2060850420486649
6.201598448839826	0.2057295640530018
6.233801061698054	0.2053746992246222
6.266170890844704	0.2050204465058682
6.298708804572273	0.2046668048409062
6.331415675681979	0.2043137731757239
6.364292381507176	0.2039613504581269
6.397339803936887	0.2036095356377361
6.430558829439461	0.2032583276659838
6.463950349086342	0.2029077254961113
6.497515258575987	0.2025577280831652
6.531254458257886	0.2022083343839949
6.565168853156704	0.2018595433572486
6.599259352996573	0.2015113539633714
6.633526872225485	0.2011637651646009
6.667972330039816	0.2008167759249652
6.702596650408998	0.2004703852102793
6.737400762100292	0.2001245919881417
6.772385598703707	0.1997793952279323
6.807552098657037	0.1994347939008081
6.842901205271042	0.1990907869797012
6.878433866754739	0.1987473734393152
6.914151036240853	0.1984045522561222
6.950053671811371	0.1980623224083597
6.986142736523247	0.1977206828760279
7.022419198434235	0.1973796326408861
7.058884030628859	0.1970391706864502
7.095538211244503	0.1966992959979893
7.132382723497666	0.196360007562523
7.169418555710324	0.196021304368818
7.206646701336446	0.1956831854073854
7.244068158988639	0.1953456496704775
7.281683932464942	0.195008696152085
7.319495030775736	0.1946723238479338
7.357502468170831	0.194336531755482
7.395707264166656	0.1940013188739171
7.434110443573624	0.1936666842041529
7.472713036523588	0.1933326267488266
7.511516078497524	0.1929991455122955
7.550520610353257	0.1926662395006345
7.589727678353402	0.1923339077216331
7.629138334193453	0.1920021491847918
7.668753635029939	0.1916709629013201
7.708574643508846	0.1913403478841327
7.748602427794055	0.1910103031478473
7.78883806159606	0.1906808277087809
7.829282624200715	0.1903519205849476
7.869937200498208	0.1900235807960551
7.91080288101218	0.1896958073635022
7.951880761928934	0.1893685993103756
7.993171945126892	0.189041955661447
8.0346775382061	0.1887158754431704
8.076398654517966	0.1883903576836792
8.11833641319514	0.1880654014127829
8.160491939181487	0.1877410056619646
8.202866363262322	0.1874171694643781
8.245460822094675	0.187093891854845
8.288276458237855	0.1867711718698513
8.331314420184029	0.1864490085475454
8.374575862389067	0.1861274009277348
8.418061945303522	0.1858063480518829
8.461773835403708	0.185485848963107
8.505712705223051	0.1851659027061744
8.54987973338349	0.1848465083275004
8.594276104627108	0.1845276648751451
8.638903009847942	0.1842093713988106
8.683761646123875	0.1838916269498383
8.728853216748799	0.1835744305812055
8.77417893126484	0.1832577813475238
8.819740005494861	0.1829416783050346
8.865537661575019	0.182626120511608
8.911573127987573	0.1823111070267387
8.957847639593865	0.1819966369115438
9.004362437667382	0.18168270922876
9.051118769927115	0.1813693230427406
9.098117890570981	0.1810564774194528
9.145361060309479	0.180744171426475
9.192849546399543	0.1804324041329938
9.240584622678465	0.1801211746098016
9.288567569598143	0.1798104819292932
9.336799674259353	0.179500325165464
9.385282230446345	0.1791907033939061
9.434016538661485	0.1788816156918064
9.483003906160175	0.1785730611379438
9.532245646985928	0.1782650388126857
9.581743082005575	0.1779575477979862
9.631497538944751	0.1776505871773828
9.681510352423446	0.1773441560359937
9.731782863991874	0.1770382534605154
9.782316422166401	0.1767328785392197
9.833112382465737	0.176428030361951
9.884172107447329	0.1761237080201236
9.935496966743845	0.1758199106067191
9.987088337099989	0.1755166372162836
10.03894760240936	0.175213886944925
10.09107615375162	0.1749116588903105
10.1434753894298	0.1746099521516635
10.19614671500778	0.1743087658297613
10.24909154334805	0.1740080990269323
10.30231129464954	0.1737079508470531
10.35580739648578	0.1734083203955462
10.40958128384313	0.1731092067793772
10.46363439915932	0.1728106091070521
10.51796819236214	0.1725125264886145
10.57258412090829	0.1722149580356432
10.62748364982255	0.1719179028612494
10.68266825173698	0.1716213600800742
10.73813940693051	0.1713253288082859
10.79389860336862	0.1710298081635769
10.8499473367432	0.1707347972651621
10.90628711051276	0.1704402952337753
10.9629194359427	0.1701463011916672
11.01984583214587	0.1698528142626021
11.07706782612331	0.1695598335718562
11.13458695280519	0.1692673582462145
11.19240475509204	0.1689753874139678
11.25052278389609	0.1686839202049108
11.30894259818289	0.1683929557503393
11.3676657650131	0.1681024931830475
11.42669385958458	0.1678125316373251
11.48602846527459	0.1675230702489557
11.5456711736823	0.1672341081552131
11.60562358467145	0.1669456444948593
11.66588730641328	0.1666576784081421
11.72646395542971	0.1663702090367919
11.78735515663661	0.16608323552402
11.84856254338745	0.1657967570145154
11.91008775751714	0.1655107726544421
11.97193244938599	0.1652252815914374
12.03409827792405	0.1649402829746084
12.09658691067555	0.1646557759545305
12.15940002384371	0.1643717596832436
12.2225393023356	0.1640882333142506
12.28600643980742	0.1638051960025147
12.34980313870993	0.1635226469044563
12.41393111033401	0.1632405851779513
12.47839207485674	0.1629590099823278
12.54318776138736	0.1626779204783642
12.60831990801378	0.1623973158282867
12.67379026184916	0.1621171951957661
12.73960057907875	0.1618375577459162
12.80575262500705	0.1615584026452906
12.87224817410512	0.1612797290618807
12.9390890100582	0.161001536165113
13.00627692581354	0.1607238231258467
13.0738137236285	0.1604465891163712
13.14170121511892	0.1601698333104035
13.20994122130767	0.159893554883086
13.27853557267354	0.1596177530109838
13.34748610920029	0.1593424268720825
13.41679468042608	0.1590675756457853
13.48646314549302	0.1587931985129112
13.55649337319702	0.1585192946556921
13.62688724203803	0.1582458632577703
13.69764664027029	0.1579729035041965
13.76877346595311	0.157700414581427
13.84026962700166	0.1574283956773214
13.91213704123827	0.15715684598114
13.98437763644375	0.156885764683542
14.05699335040923	0.1566151509765821
14.12998613098802	0.1563450040537089
14.20335793614794	0.1560753231097624
14.27711073402382	0.1558061073409711
14.35124650297026	0.1555373559449501
14.42576723161477	0.1552690681206984
14.50067491891102	0.1550012430685969
14.57597157419254	0.1547338799904057
14.65165921722659	0.1544669780892615
14.7277398782683	0.1542005365696759
14.80421559811523	0.1539345546375325
14.88108842816197	0.1536690315000847
14.95836043045533	0.1534039663659531
15.03603367774949	0.1531393584451237
15.11411025356171	0.152875206948945
15.19259225222822	0.1526115110901259
15.2714817789603	0.1523482700827334
15.35078094990088	0.1520854831421899
15.4304918921812	0.1518231494852713
15.5106167439779	0.1515612683301046
15.59115765457041	0.1512998388961653
15.67211678439857	0.1510388604042753
15.75349630512058	0.1507783320766004
15.83529839967125	0.1505182531366483
15.9175252623206	0.1502586228092658
16.00017909873265	0.1499994403206371
16.08326212602461	0.1497407048982808
16.16677657282642	0.1494824157710483
16.25072467934041	0.1492245721691211
16.33510869740149	0.1489671733240082
16.4199308905375	0.1487102184685447
16.50519353402997	0.1484537068368886
16.5908989149751	0.1481976376645191
16.67704933234514	0.1479420101882341
16.76364709705008	0.1476868236461479
16.85069453199956	0.1474320772776891
16.93819397216532	0.1471777703235981
17.02614776464366	0.146923902025925
17.11455826871851	0.1466704716280272
17.20342785592474	0.1464174783745674
17.29275891011165	0.1461649215115111
17.38255382750706	0.1459128002861245
17.47281501678144	0.1456611139469721
17.56354489911269	0.1454098617439146
17.65474590825092	0.1451590429281067
17.74642049058382	0.1449086567519947
17.83857110520231	0.1446587024693143
17.9312002239664	0.1444091793350886
18.02431033157162	0.1441600866056257
18.11790392561555	0.1439114235385163
18.2119835166649	0.143663189392632
18.30655162832285	0.1434153834281224
18.40161079729666	0.1431680049064137
18.49716357346585	0.1429210530902057
18.59321251995045	0.1426745272434702
18.68976021317989	0.1424284266314486
18.78680924296201	0.1421827505206494
18.88436221255256	0.1419374981788467
18.98242173872508	0.1416926688750774
19.08099045184098	0.1414482618796392
19.18007099592026	0.1412042764640886
19.27966602871225	0.1409607119012386
19.37977822176704	0.1407175674651565
19.4804102605071	0.1404748424311616
19.58156484429926	0.1402325360758235
19.68324468652724	0.1399906476769594
19.78545251466428	0.1397491765136325
19.88819107034646	0.1395081218661491
19.99146310944611	0.1392674830160573
20.09527140214578	0.1390272592461445
20.19961873301262	0.1387874498404347
20.30450790107294	0.1385480540841876
20.40994171988742	0.1383090712638952
20.51592301762647	0.1380705006672805
20.62245463714619	0.1378323415832951
20.72953943606455	0.137594593302117
20.83718028683808	0.1373572551151488
20.94538007683895	0.1371203263150149
21.05414170843234	0.1368838061955605
21.16346809905439	0.1366476940518483
21.27336218129038	0.1364119891801572
21.3838269029534	0.13617669087798
21.49486522716352	0.1359417984440211
21.60648013242711	0.1357073111781947
21.71867461271691	0.1354732283816224
21.83145167755218	0.1352395493566317
21.94481435207956	0.1350062734067531
22.05876567715415	0.1347733998367187
22.17330870942103	0.1345409279524596
22.28844652139741	0.1343088570611045
22.40418220155486	0.134077186470977
22.5205188544023	0.1338459154915936
22.6374596005692	0.1336150434336623
22.75500757688928	0.1333845696090796
22.87316593648474	0.1331544933309293
22.99193784885072	0.1329248139134797
23.11132649994043	0.1326955306721822
23.23133509225051	0.1324666429236689
23.35196684490704	0.1322381499857505
23.4732249937518	0.1320100511774147
23.59511279142906	0.1317823458188238
23.71763350747297	0.1315550332313125
23.84079042839508	0.1313281127373864
23.96458685777265	0.1311015836607197
24.08902611633711	0.1308754453261532
24.21411154206334	0.130649697059692
24.33984649025899	0.1304243381885043
24.4662343336546	0.1301993680409184
24.59327846249413	0.1299747859464214
24.72098228462573	0.129750591235657
24.84934922559333	0.1295267832404234
24.97838272872839	0.1293033612936713
25.10808625524232	0.1290803247295023
25.23846328431938	0.1288576728831662
25.36951731320988	0.1286354050910598
25.50125185732411	0.1284135206907243
25.63367045032656	0.1281920190208438
25.76677664423077	0.1279708994212429
25.90057400949455	0.127750161232885
26.03506613511574	0.1275298037978706
26.17025662872863	0.1273098264594344
26.30614911670051	0.1270902285619445
26.44274724422914	0.1268710094508995
26.58005467544041	0.1266521684729274
26.71807509348663	0.1264337049757828
26.85681220064546	0.1262156183083456
26.996269718419	0.1259979078206188
27.13645138763385	0.1257805728637263
27.27736096854126	0.1255636127899118
27.41900224091814	0.1253470269525358
27.56137900416834	0.1251308147060745
27.7044950774246	0.1249149754061175
27.84835429965108	0.1246995084093658
27.99296052974619	0.1244844130736303
28.13831764664623	0.1242696887578293
28.28442954942936	0.1240553348219872
28.43130015742018	0.1238413506272323
28.57893341029499	0.1236277355357945
28.72733326818726	0.1234144889110043
28.87650371179408	0.1232016101172901
29.02644874248274	0.1229890985201766
29.17717238239824	0.1227769534862831
29.32867867457103	0.1225651743833212
29.48097168302552	0.1223537605800934
29.63405549288917	0.1221427114464907
29.78793421050192	0.1219320263534911
29.9426119635265	0.1217217046731575
30.09809290105897	0.1215117457786363
30.25438119374022	0.1213021490441547
30.41148103386767	0.1210929138450194
30.56939663550778	0.120884039557615
30.72813223460919	0.1206755255594013
30.88769208911615	0.1204673712289123
31.04808047908296	0.1202595759457537
31.20930170678856	0.1200521390906015
31.37136009685206	0.1198450600451999
31.53425999634879	0.1196383381923595
31.69800577492673	0.1194319729159556
31.86260182492396	0.1192259636009262
32.0280525614862	0.1190203096332702
32.19436242268554	0.1188150104000457
32.36153586963925	0.1186100652893679
32.52957738662953	0.1184054736904077
32.69849148122388	0.1182012349933892
32.86828268439583	0.1179973485895889
33.03895555064671	0.1177938138713327
33.21051465812759	0.1175906302319951
33.38296460876221	0.1173877970659968
33.55631002837045	0.117185313768803
33.7305555667923	0.116983179736922
33.90570589801275	0.1167813943679025
34.08176572028692	0.116579957060333
34.25873975626642	0.1163788672138389
34.43663275312569	0.1161781242290814
34.61544948268954	0.1159777275077556
34.79519474156119	0.1157776764525884
34.9758733512507	0.115577970467337
35.15749015830463	0.1153786089567872
35.34005003443569	0.1151795913267515
35.52355787665375	0.114980916984067
35.70801860739694	0.1147825853365942
35.89343717466381	0.1145845957932151
36.07981855214612	0.1143869477638311
36.26716773936207	0.1141896406593616
36.4554897617906	0.113992673891742
36.64478967100607	0.1137960468739221
36.83507254481376	0.1135997590198644
37.02634348738621	0.1134038097445422
37.21860762939996	0.1132081984639378
37.41187012817335	0.1130129245950411
37.60613616780466	0.1128179875558474
37.8014109593114	0.1126233867653561
37.9976997407699	0.1124291216435688
38.19500777745583	0.1122351916114873
38.39334036198565	0.1120415960911123
38.59270281445827	0.1118483345054415
38.79310048259805	0.1116554062784678
38.994538741898	0.1114628108351777
39.19702299576409	0.1112705476015496
39.40055867566028	0.1110786160045519
39.60515124125399	0.1108870154721416
39.8108061805628	0.1106957454332623
40.01752901010143	0.1105048053178426
40.22532527502993	0.1103141945567945
40.43420054930225	0.1101239125820116
40.64416043581581	0.1099339588263674
40.85521056656189	0.1097443327237138
41.06735660277655	0.109555033708879
41.28060423509262	0.1093660612176661
41.49495918369224	0.1091774146868517
41.71042719846032	0.1089890935541836
41.92701405913891	0.1088010972583795
42.144725575482	0.1086134252391254
42.36356758741161	0.1084260769370735
42.58354596517418	0.1082390517938411
42.80466660949835	0.1080523492520086
43.02693545175291	0.1078659687551178
43.2503584541061	0.1076799097476704
43.47494160968559	0.1074941716751264
43.70069094273899	0.107308753983902
43.92761250879581	0.1071236561213687
44.15571239482947	0.1069388775358509
44.384996719421	0.1067544176766248
44.61547163292282	0.1065702759939164
44.84714331762387	0.1063864519389002
45.08001798791557	0.1062029449636971
45.31410189045819	0.1060197545213734
45.54940130434878	0.1058368800659383
45.78592254128933	0.1056543210523434
46.02367194575612	0.10547207693648
46.26265589517011	0.1052901471751781
46.50288080006769	0.1051085312262047
46.74435310427293	0.1049272285482619
46.98707928507019	0.1047462386009856
47.23106585337811	0.1045655608449438
47.476319353924	0.104385194741635
47.72284636541955	0.1042051397534865
47.97065350073738	0.1040253953438529
48.21974740708814	0.1038459609770144
48.47013476619918	0.1036668361181753
48.72182229449347	0.1034880202334624
48.97481674326988	0.1033095127899234
49.2291248988844	0.1031313132555253
49.48475358293191	0.1029534210991527
49.74170965242948	0.1027758357906064
49.99999999999997	0.1025985568006018
