1.00000 3.04063908
1.00100 3.03962635
1.00200 3.03861523
1.00300 3.03760571
1.00400 3.03659780
1.00500 3.03559149
1.00600 3.03458677
1.00700 3.03358363
1.00800 3.03258207
1.00900 3.03158208
1.01000 3.03058365
1.01100 3.02958679
1.01200 3.02859148
1.01300 3.02759771
1.01400 3.02660549
1.01500 3.02561481
1.01600 3.02462565
1.01700 3.02363802
1.01800 3.02265191
1.01900 3.02166731
1.02000 3.02068422
1.02100 3.01970263
1.02200 3.01872253
1.02300 3.01774393
1.02400 3.01676681
1.02500 3.01579118
1.02600 3.01481701
1.02700 3.01384432
1.02800 3.01287309
1.02900 3.01190331
1.03000 3.01093499
1.03100 3.00996812
1.03200 3.00900269
1.03300 3.00803870
1.03400 3.00707614
1.03500 3.00611501
1.03600 3.00515530
1.03700 3.00419701
1.03800 3.00324012
1.03900 3.00228465
1.04000 3.00133058
1.04100 3.00037790
1.04200 2.99942662
1.04300 2.99847673
1.04400 2.99752822
1.04500 2.99658108
1.04600 2.99563532
1.04700 2.99469093
1.04800 2.99374790
1.04900 2.99280623
1.05000 2.99186592
1.05100 2.99092696
1.05200 2.98998934
1.05300 2.98905306
1.05400 2.98811812
1.05500 2.98718451
1.05600 2.98625223
1.05700 2.98532127
1.05800 2.98439163
1.05900 2.98346330
1.06000 2.98253628
1.06100 2.98161057
1.06200 2.98068616
1.06300 2.97976305
1.06400 2.97884123
1.06500 2.97792070
1.06600 2.97700145
1.06700 2.97608349
1.06800 2.97516680
1.06900 2.97425138
1.07000 2.97333723
1.07100 2.97242434
1.07200 2.97151272
1.07300 2.97060235
1.07400 2.96969323
1.07500 2.96878536
1.07600 2.96787873
1.07700 2.96697335
1.07800 2.96606920
1.07900 2.96516628
1.08000 2.96426459
1.08100 2.96336412
1.08200 2.96246488
1.08300 2.96156685
1.08400 2.96067004
1.08500 2.95977444
1.08600 2.95888004
1.08700 2.95798684
1.08800 2.95709484
1.08900 2.95620404
1.09000 2.95531443
1.09100 2.95442601
1.09200 2.95353877
1.09300 2.95265271
1.09400 2.95176783
1.09500 2.95088412
1.09600 2.95000158
1.09700 2.94912021
1.09800 2.94824000
1.09900 2.94736095
1.10000 2.94648306
1.10100 2.94560632
1.10200 2.94473072
1.10300 2.94385628
1.10400 2.94298298
1.10500 2.94211081
1.10600 2.94123979
1.10700 2.94036989
1.10800 2.93950113
1.10900 2.93863349
1.11000 2.93776697
1.11100 2.93690158
1.11200 2.93603730
1.11300 2.93517413
1.11400 2.93431207
1.11500 2.93345112
1.11600 2.93259128
1.11700 2.93173253
1.11800 2.93087489
1.11900 2.93001833
1.12000 2.92916287
1.12100 2.92830850
1.12200 2.92745521
1.12300 2.92660301
1.12400 2.92575188
1.12500 2.92490184
1.12600 2.92405286
1.12700 2.92320496
1.12800 2.92235812
1.12900 2.92151235
1.13000 2.92066763
1.13100 2.91982398
1.13200 2.91898139
1.13300 2.91813984
1.13400 2.91729935
1.13500 2.91645990
1.13600 2.91562150
1.13700 2.91478414
1.13800 2.91394782
1.13900 2.91311254
1.14000 2.91227829
1.14100 2.91144507
1.14200 2.91061288
1.14300 2.90978171
1.14400 2.90895157
1.14500 2.90812244
1.14600 2.90729433
1.14700 2.90646724
1.14800 2.90564116
1.14900 2.90481609
1.15000 2.90399202
1.15100 2.90316896
1.15200 2.90234690
1.15300 2.90152584
1.15400 2.90070577
1.15500 2.89988670
1.15600 2.89906862
1.15700 2.89825153
1.15800 2.89743542
1.15900 2.89662030
1.16000 2.89580616
1.16100 2.89499300
1.16200 2.89418081
1.16300 2.89336959
1.16400 2.89255935
1.16500 2.89175008
1.16600 2.89094177
1.16700 2.89013442
1.16800 2.88932804
1.16900 2.88852262
1.17000 2.88771815
1.17100 2.88691464
1.17200 2.88611207
1.17300 2.88531046
1.17400 2.88450980
1.17500 2.88371008
1.17600 2.88291130
1.17700 2.88211346
1.17800 2.88131656
1.17900 2.88052060
1.18000 2.87972556
1.18100 2.87893146
1.18200 2.87813829
1.18300 2.87734605
1.18400 2.87655473
1.18500 2.87576433
1.18600 2.87497485
1.18700 2.87418629
1.18800 2.87339864
1.18900 2.87261191
1.19000 2.87182609
1.19100 2.87104118
1.19200 2.87025717
1.19300 2.86947407
1.19400 2.86869187
1.19500 2.86791057
1.19600 2.86713017
1.19700 2.86635066
1.19800 2.86557205
1.19900 2.86479433
1.20000 2.86401751
1.20100 2.86324156
1.20200 2.86246651
1.20300 2.86169234
1.20400 2.86091904
1.20500 2.86014663
1.20600 2.85937510
1.20700 2.85860444
1.20800 2.85783465
1.20900 2.85706574
1.21000 2.85629770
1.21100 2.85553052
1.21200 2.85476421
1.21300 2.85399876
1.21400 2.85323417
1.21500 2.85247044
1.21600 2.85170758
1.21700 2.85094556
1.21800 2.85018440
1.21900 2.84942409
1.22000 2.84866463
1.22100 2.84790602
1.22200 2.84714826
1.22300 2.84639134
1.22400 2.84563526
1.22500 2.84488002
1.22600 2.84412562
1.22700 2.84337206
1.22800 2.84261933
1.22900 2.84186743
1.23000 2.84111637
1.23100 2.84036613
1.23200 2.83961673
1.23300 2.83886815
1.23400 2.83812039
1.23500 2.83737345
1.23600 2.83662734
1.23700 2.83588204
1.23800 2.83513756
1.23900 2.83439389
1.24000 2.83365104
1.24100 2.83290900
1.24200 2.83216777
1.24300 2.83142734
1.24400 2.83068772
1.24500 2.82994891
1.24600 2.82921090
1.24700 2.82847369
1.24800 2.82773728
1.24900 2.82700167
1.25000 2.82626685
1.25100 2.82553282
1.25200 2.82479959
1.25300 2.82406715
1.25400 2.82333550
1.25500 2.82260464
1.25600 2.82187456
1.25700 2.82114527
1.25800 2.82041675
1.25900 2.81968902
1.26000 2.81896207
1.26100 2.81823590
1.26200 2.81751050
1.26300 2.81678588
1.26400 2.81606202
1.26500 2.81533894
1.26600 2.81461663
1.26700 2.81389509
1.26800 2.81317431
1.26900 2.81245430
1.27000 2.81173505
1.27100 2.81101656
1.27200 2.81029884
1.27300 2.80958187
1.27400 2.80886565
1.27500 2.80815020
1.27600 2.80743549
1.27700 2.80672154
1.27800 2.80600834
1.27900 2.80529589
1.28000 2.80458419
1.28100 2.80387323
1.28200 2.80316302
1.28300 2.80245355
1.28400 2.80174482
1.28500 2.80103683
1.28600 2.80032958
1.28700 2.79962307
1.28800 2.79891729
1.28900 2.79821225
1.29000 2.79750794
1.29100 2.79680436
1.29200 2.79610151
1.29300 2.79539939
1.29400 2.79469799
1.29500 2.79399732
1.29600 2.79329738
1.29700 2.79259816
1.29800 2.79189966
1.29900 2.79120187
1.30000 2.79050481
1.30100 2.78980846
1.30200 2.78911283
1.30300 2.78841792
1.30400 2.78772371
1.30500 2.78703022
1.30600 2.78633744
1.30700 2.78564536
1.30800 2.78495399
1.30900 2.78426333
1.31000 2.78357338
1.31100 2.78288412
1.31200 2.78219557
1.31300 2.78150772
1.31400 2.78082056
1.31500 2.78013411
1.31600 2.77944835
1.31700 2.77876328
1.31800 2.77807891
1.31900 2.77739523
1.32000 2.77671224
1.32100 2.77602994
1.32200 2.77534833
1.32300 2.77466741
1.32400 2.77398717
1.32500 2.77330762
1.32600 2.77262875
1.32700 2.77195056
1.32800 2.77127305
1.32900 2.77059622
1.33000 2.76992007
1.33100 2.76924459
1.33200 2.76856979
1.33300 2.76789566
1.33400 2.76722221
1.33500 2.76654943
1.33600 2.76587732
1.33700 2.76520588
1.33800 2.76453510
1.33900 2.76386499
1.34000 2.76319555
1.34100 2.76252677
1.34200 2.76185865
1.34300 2.76119120
1.34400 2.76052440
1.34500 2.75985827
1.34600 2.75919279
1.34700 2.75852797
1.34800 2.75786380
1.34900 2.75720029
1.35000 2.75653743
1.35100 2.75587522
1.35200 2.75521367
1.35300 2.75455276
1.35400 2.75389250
1.35500 2.75323289
1.35600 2.75257392
1.35700 2.75191560
1.35800 2.75125792
1.35900 2.75060089
1.36000 2.74994449
1.36100 2.74928874
1.36200 2.74863362
1.36300 2.74797915
1.36400 2.74732530
1.36500 2.74667210
1.36600 2.74601953
1.36700 2.74536759
1.36800 2.74471628
1.36900 2.74406560
1.37000 2.74341556
1.37100 2.74276614
1.37200 2.74211735
1.37300 2.74146918
1.37400 2.74082164
1.37500 2.74017473
1.37600 2.73952843
1.37700 2.73888276
1.37800 2.73823771
1.37900 2.73759328
1.38000 2.73694947
1.38100 2.73630627
1.38200 2.73566369
1.38300 2.73502173
1.38400 2.73438038
1.38500 2.73373964
1.38600 2.73309952
1.38700 2.73246000
1.38800 2.73182110
1.38900 2.73118280
1.39000 2.73054512
1.39100 2.72990804
1.39200 2.72927156
1.39300 2.72863569
1.39400 2.72800042
1.39500 2.72736575
1.39600 2.72673169
1.39700 2.72609822
1.39800 2.72546536
1.39900 2.72483309
1.40000 2.72420142
1.40100 2.72357035
1.40200 2.72293987
1.40300 2.72230998
1.40400 2.72168069
1.40500 2.72105199
1.40600 2.72042388
1.40700 2.71979636
1.40800 2.71916943
1.40900 2.71854309
1.41000 2.71791733
1.41100 2.71729216
1.41200 2.71666757
1.41300 2.71604357
1.41400 2.71542015
1.41500 2.71479732
1.41600 2.71417506
1.41700 2.71355338
1.41800 2.71293229
1.41900 2.71231177
1.42000 2.71169182
1.42100 2.71107246
1.42200 2.71045366
1.42300 2.70983545
1.42400 2.70921780
1.42500 2.70860073
1.42600 2.70798422
1.42700 2.70736829
1.42800 2.70675293
1.42900 2.70613813
1.43000 2.70552390
1.43100 2.70491024
1.43200 2.70429715
1.43300 2.70368461
1.43400 2.70307264
1.43500 2.70246124
1.43600 2.70185039
1.43700 2.70124011
1.43800 2.70063038
1.43900 2.70002122
1.44000 2.69941261
1.44100 2.69880456
1.44200 2.69819706
1.44300 2.69759012
1.44400 2.69698373
1.44500 2.69637790
1.44600 2.69577262
1.44700 2.69516789
1.44800 2.69456371
1.44900 2.69396008
1.45000 2.69335699
1.45100 2.69275446
1.45200 2.69215247
1.45300 2.69155103
1.45400 2.69095013
1.45500 2.69034978
1.45600 2.68974997
1.45700 2.68915070
1.45800 2.68855198
1.45900 2.68795379
1.46000 2.68735614
1.46100 2.68675904
1.46200 2.68616247
1.46300 2.68556643
1.46400 2.68497094
1.46500 2.68437598
1.46600 2.68378155
1.46700 2.68318765
1.46800 2.68259429
1.46900 2.68200146
1.47000 2.68140917
1.47100 2.68081740
1.47200 2.68022616
1.47300 2.67963545
1.47400 2.67904526
1.47500 2.67845561
1.47600 2.67786647
1.47700 2.67727787
1.47800 2.67668978
1.47900 2.67610223
1.48000 2.67551519
1.48100 2.67492867
1.48200 2.67434268
1.48300 2.67375720
1.48400 2.67317225
1.48500 2.67258781
1.48600 2.67200389
1.48700 2.67142049
1.48800 2.67083760
1.48900 2.67025522
1.49000 2.66967336
1.49100 2.66909202
1.49200 2.66851118
1.49300 2.66793086
1.49400 2.66735105
1.49500 2.66677175
1.49600 2.66619296
1.49700 2.66561467
1.49800 2.66503690
1.49900 2.66445963
1.50000 2.66388287
1.50100 2.66330661
1.50200 2.66273085
1.50300 2.66215560
1.50400 2.66158086
1.50500 2.66100661
1.50600 2.66043287
1.50700 2.65985962
1.50800 2.65928688
1.50900 2.65871463
1.51000 2.65814289
1.51100 2.65757164
1.51200 2.65700088
1.51300 2.65643062
1.51400 2.65586086
1.51500 2.65529159
1.51600 2.65472282
1.51700 2.65415454
1.51800 2.65358674
1.51900 2.65301945
1.52000 2.65245264
1.52100 2.65188632
1.52200 2.65132049
1.52300 2.65075514
1.52400 2.65019029
1.52500 2.64962592
1.52600 2.64906204
1.52700 2.64849864
1.52800 2.64793573
1.52900 2.64737330
1.53000 2.64681135
1.53100 2.64624988
1.53200 2.64568890
1.53300 2.64512840
1.53400 2.64456837
1.53500 2.64400883
1.53600 2.64344976
1.53700 2.64289118
1.53800 2.64233306
1.53900 2.64177543
1.54000 2.64121827
1.54100 2.64066159
1.54200 2.64010538
1.54300 2.63954964
1.54400 2.63899437
1.54500 2.63843958
1.54600 2.63788526
1.54700 2.63733141
1.54800 2.63677803
1.54900 2.63622511
1.55000 2.63567267
1.55100 2.63512069
1.55200 2.63456918
1.55300 2.63401814
1.55400 2.63346756
1.55500 2.63291745
1.55600 2.63236780
1.55700 2.63181861
1.55800 2.63126989
1.55900 2.63072163
1.56000 2.63017383
1.56100 2.62962649
1.56200 2.62907961
1.56300 2.62853319
1.56400 2.62798723
1.56500 2.62744173
1.56600 2.62689668
1.56700 2.62635209
1.56800 2.62580796
1.56900 2.62526428
1.57000 2.62472105
1.57100 2.62417828
1.57200 2.62363596
1.57300 2.62309410
1.57400 2.62255268
1.57500 2.62201172
1.57600 2.62147121
1.57700 2.62093115
1.57800 2.62039153
1.57900 2.61985237
1.58000 2.61931365
1.58100 2.61877538
1.58200 2.61823755
1.58300 2.61770018
1.58400 2.61716324
1.58500 2.61662675
1.58600 2.61609071
1.58700 2.61555511
1.58800 2.61501995
1.58900 2.61448523
1.59000 2.61395095
1.59100 2.61341712
1.59200 2.61288372
1.59300 2.61235076
1.59400 2.61181825
1.59500 2.61128616
1.59600 2.61075452
1.59700 2.61022332
1.59800 2.60969254
1.59900 2.60916221
1.60000 2.60863231
1.60100 2.60810284
1.60200 2.60757381
1.60300 2.60704521
1.60400 2.60651704
1.60500 2.60598931
1.60600 2.60546200
1.60700 2.60493513
1.60800 2.60440868
1.60900 2.60388267
1.61000 2.60335708
1.61100 2.60283192
1.61200 2.60230719
1.61300 2.60178288
1.61400 2.60125900
1.61500 2.60073554
1.61600 2.60021252
1.61700 2.59968991
1.61800 2.59916773
1.61900 2.59864597
1.62000 2.59812463
1.62100 2.59760372
1.62200 2.59708322
1.62300 2.59656315
1.62400 2.59604350
1.62500 2.59552426
1.62600 2.59500545
1.62700 2.59448705
1.62800 2.59396907
1.62900 2.59345151
1.63000 2.59293436
1.63100 2.59241763
1.63200 2.59190131
1.63300 2.59138541
1.63400 2.59086992
1.63500 2.59035485
1.63600 2.58984019
1.63700 2.58932594
1.63800 2.58881210
1.63900 2.58829867
1.64000 2.58778566
1.64100 2.58727305
1.64200 2.58676086
1.64300 2.58624907
1.64400 2.58573769
1.64500 2.58522671
1.64600 2.58471615
1.64700 2.58420599
1.64800 2.58369624
1.64900 2.58318689
1.65000 2.58267794
1.65100 2.58216940
1.65200 2.58166127
1.65300 2.58115354
1.65400 2.58064621
1.65500 2.58013928
1.65600 2.57963275
1.65700 2.57912662
1.65800 2.57862090
1.65900 2.57811557
1.66000 2.57761064
1.66100 2.57710611
1.66200 2.57660198
1.66300 2.57609824
1.66400 2.57559491
1.66500 2.57509197
1.66600 2.57458942
1.66700 2.57408727
1.66800 2.57358551
1.66900 2.57308415
1.67000 2.57258318
1.67100 2.57208261
1.67200 2.57158243
1.67300 2.57108263
1.67400 2.57058323
1.67500 2.57008423
1.67600 2.56958561
1.67700 2.56908738
1.67800 2.56858954
1.67900 2.56809209
1.68000 2.56759502
1.68100 2.56709835
1.68200 2.56660206
1.68300 2.56610616
1.68400 2.56561064
1.68500 2.56511551
1.68600 2.56462076
1.68700 2.56412640
1.68800 2.56363242
1.68900 2.56313883
1.69000 2.56264562
1.69100 2.56215279
1.69200 2.56166034
1.69300 2.56116827
1.69400 2.56067659
1.69500 2.56018528
1.69600 2.55969436
1.69700 2.55920381
1.69800 2.55871364
1.69900 2.55822385
1.70000 2.55773444
1.70100 2.55724540
1.70200 2.55675674
1.70300 2.55626846
1.70400 2.55578055
1.70500 2.55529302
1.70600 2.55480586
1.70700 2.55431908
1.70800 2.55383267
1.70900 2.55334663
1.71000 2.55286096
1.71100 2.55237567
1.71200 2.55189075
1.71300 2.55140620
1.71400 2.55092202
1.71500 2.55043821
1.71600 2.54995477
1.71700 2.54947170
1.71800 2.54898899
1.71900 2.54850666
1.72000 2.54802469
1.72100 2.54754309
1.72200 2.54706185
1.72300 2.54658099
1.72400 2.54610048
1.72500 2.54562034
1.72600 2.54514057
1.72700 2.54466116
1.72800 2.54418212
1.72900 2.54370343
1.73000 2.54322511
1.73100 2.54274716
1.73200 2.54226956
1.73300 2.54179232
1.73400 2.54131545
1.73500 2.54083893
1.73600 2.54036278
1.73700 2.53988698
1.73800 2.53941155
1.73900 2.53893647
1.74000 2.53846175
1.74100 2.53798738
1.74200 2.53751338
1.74300 2.53703973
1.74400 2.53656643
1.74500 2.53609349
1.74600 2.53562091
1.74700 2.53514868
1.74800 2.53467680
1.74900 2.53420528
1.75000 2.53373411
1.75100 2.53326330
1.75200 2.53279283
1.75300 2.53232272
1.75400 2.53185296
1.75500 2.53138355
1.75600 2.53091449
1.75700 2.53044578
1.75800 2.52997741
1.75900 2.52950940
1.76000 2.52904174
1.76100 2.52857442
1.76200 2.52810745
1.76300 2.52764083
1.76400 2.52717456
1.76500 2.52670863
1.76600 2.52624305
1.76700 2.52577781
1.76800 2.52531292
1.76900 2.52484837
1.77000 2.52438416
1.77100 2.52392030
1.77200 2.52345678
1.77300 2.52299361
1.77400 2.52253078
1.77500 2.52206828
1.77600 2.52160613
1.77700 2.52114432
1.77800 2.52068285
1.77900 2.52022173
1.78000 2.51976094
1.78100 2.51930048
1.78200 2.51884037
1.78300 2.51838060
1.78400 2.51792116
1.78500 2.51746206
1.78600 2.51700330
1.78700 2.51654487
1.78800 2.51608678
1.78900 2.51562903
1.79000 2.51517161
1.79100 2.51471452
1.79200 2.51425777
1.79300 2.51380136
1.79400 2.51334527
1.79500 2.51288952
1.79600 2.51243411
1.79700 2.51197902
1.79800 2.51152427
1.79900 2.51106984
1.80000 2.51061575
1.80100 2.51016199
1.80200 2.50970856
1.80300 2.50925546
1.80400 2.50880268
1.80500 2.50835024
1.80600 2.50789812
1.80700 2.50744633
1.80800 2.50699487
1.80900 2.50654374
1.81000 2.50609293
1.81100 2.50564245
1.81200 2.50519230
1.81300 2.50474247
1.81400 2.50429296
1.81500 2.50384378
1.81600 2.50339492
1.81700 2.50294639
1.81800 2.50249818
1.81900 2.50205030
1.82000 2.50160273
1.82100 2.50115549
1.82200 2.50070857
1.82300 2.50026197
1.82400 2.49981569
1.82500 2.49936974
1.82600 2.49892410
1.82700 2.49847878
1.82800 2.49803378
1.82900 2.49758910
1.83000 2.49714474
1.83100 2.49670070
1.83200 2.49625697
1.83300 2.49581356
1.83400 2.49537047
1.83500 2.49492770
1.83600 2.49448524
1.83700 2.49404309
1.83800 2.49360127
1.83900 2.49315975
1.84000 2.49271855
1.84100 2.49227767
1.84200 2.49183710
1.84300 2.49139684
1.84400 2.49095689
1.84500 2.49051726
1.84600 2.49007794
1.84700 2.48963893
1.84800 2.48920023
1.84900 2.48876185
1.85000 2.48832377
1.85100 2.48788600
1.85200 2.48744855
1.85300 2.48701140
1.85400 2.48657456
1.85500 2.48613803
1.85600 2.48570181
1.85700 2.48526590
1.85800 2.48483030
1.85900 2.48439500
1.86000 2.48396000
1.86100 2.48352532
1.86200 2.48309094
1.86300 2.48265687
1.86400 2.48222310
1.86500 2.48178963
1.86600 2.48135647
1.86700 2.48092362
1.86800 2.48049107
1.86900 2.48005882
1.87000 2.47962687
1.87100 2.47919523
1.87200 2.47876389
1.87300 2.47833285
1.87400 2.47790211
1.87500 2.47747167
1.87600 2.47704154
1.87700 2.47661170
1.87800 2.47618217
1.87900 2.47575293
1.88000 2.47532399
1.88100 2.47489536
1.88200 2.47446702
1.88300 2.47403898
1.88400 2.47361123
1.88500 2.47318379
1.88600 2.47275664
1.88700 2.47232979
1.88800 2.47190323
1.88900 2.47147697
1.89000 2.47105101
1.89100 2.47062534
1.89200 2.47019996
1.89300 2.46977488
1.89400 2.46935010
1.89500 2.46892560
1.89600 2.46850141
1.89700 2.46807750
1.89800 2.46765389
1.89900 2.46723057
1.90000 2.46680754
1.90100 2.46638480
1.90200 2.46596236
1.90300 2.46554020
1.90400 2.46511834
1.90500 2.46469677
1.90600 2.46427548
1.90700 2.46385449
1.90800 2.46343378
1.90900 2.46301337
1.91000 2.46259324
1.91100 2.46217340
1.91200 2.46175385
1.91300 2.46133459
1.91400 2.46091561
1.91500 2.46049692
1.91600 2.46007852
1.91700 2.45966040
1.91800 2.45924257
1.91900 2.45882502
1.92000 2.45840776
1.92100 2.45799078
1.92200 2.45757409
1.92300 2.45715768
1.92400 2.45674156
1.92500 2.45632572
1.92600 2.45591016
1.92700 2.45549488
1.92800 2.45507989
1.92900 2.45466518
1.93000 2.45425075
1.93100 2.45383660
1.93200 2.45342273
1.93300 2.45300915
1.93400 2.45259584
1.93500 2.45218282
1.93600 2.45177007
1.93700 2.45135760
1.93800 2.45094541
1.93900 2.45053350
1.94000 2.45012187
1.94100 2.44971052
1.94200 2.44929944
1.94300 2.44888865
1.94400 2.44847813
1.94500 2.44806788
1.94600 2.44765791
1.94700 2.44724822
1.94800 2.44683880
1.94900 2.44642966
1.95000 2.44602080
1.95100 2.44561221
1.95200 2.44520389
1.95300 2.44479585
1.95400 2.44438808
1.95500 2.44398058
1.95600 2.44357336
1.95700 2.44316641
1.95800 2.44275973
1.95900 2.44235333
1.96000 2.44194719
1.96100 2.44154133
1.96200 2.44113574
1.96300 2.44073042
1.96400 2.44032537
1.96500 2.43992060
1.96600 2.43951609
1.96700 2.43911185
1.96800 2.43870788
1.96900 2.43830418
1.97000 2.43790074
1.97100 2.43749758
1.97200 2.43709468
1.97300 2.43669206
1.97400 2.43628969
1.97500 2.43588760
1.97600 2.43548577
1.97700 2.43508421
1.97800 2.43468292
1.97900 2.43428189
1.98000 2.43388113
1.98100 2.43348063
1.98200 2.43308040
1.98300 2.43268043
1.98400 2.43228073
1.98500 2.43188129
1.98600 2.43148211
1.98700 2.43108320
1.98800 2.43068455
1.98900 2.43028616
1.99000 2.42988804
1.99100 2.42949017
1.99200 2.42909257
1.99300 2.42869524
1.99400 2.42829816
1.99500 2.42790134
1.99600 2.42750479
1.99700 2.42710849
1.99800 2.42671246
1.99900 2.42631668
2.00000 2.42592116
2.00100 2.42552591
2.00200 2.42513091
2.00300 2.42473617
2.00400 2.42434169
2.00500 2.42394746
2.00600 2.42355350
2.00700 2.42315979
2.00800 2.42276634
2.00900 2.42237315
2.01000 2.42198021
2.01100 2.42158753
2.01200 2.42119510
2.01300 2.42080293
2.01400 2.42041102
2.01500 2.42001936
2.01600 2.41962795
2.01700 2.41923680
2.01800 2.41884591
2.01900 2.41845526
2.02000 2.41806487
2.02100 2.41767474
2.02200 2.41728486
2.02300 2.41689523
2.02400 2.41650585
2.02500 2.41611672
2.02600 2.41572785
2.02700 2.41533923
2.02800 2.41495086
2.02900 2.41456274
2.03000 2.41417487
2.03100 2.41378725
2.03200 2.41339989
2.03300 2.41301277
2.03400 2.41262590
2.03500 2.41223928
2.03600 2.41185291
2.03700 2.41146679
2.03800 2.41108091
2.03900 2.41069529
2.04000 2.41030991
2.04100 2.40992478
2.04200 2.40953990
2.04300 2.40915527
2.04400 2.40877088
2.04500 2.40838674
2.04600 2.40800284
2.04700 2.40761919
2.04800 2.40723579
2.04900 2.40685263
2.05000 2.40646972
2.05100 2.40608705
2.05200 2.40570462
2.05300 2.40532245
2.05400 2.40494051
2.05500 2.40455882
2.05600 2.40417737
2.05700 2.40379616
2.05800 2.40341520
2.05900 2.40303448
2.06000 2.40265401
2.06100 2.40227377
2.06200 2.40189378
2.06300 2.40151403
2.06400 2.40113452
2.06500 2.40075525
2.06600 2.40037622
2.06700 2.39999743
2.06800 2.39961888
2.06900 2.39924058
2.07000 2.39886251
2.07100 2.39848468
2.07200 2.39810709
2.07300 2.39772974
2.07400 2.39735263
2.07500 2.39697576
2.07600 2.39659912
2.07700 2.39622272
2.07800 2.39584656
2.07900 2.39547064
2.08000 2.39509496
2.08100 2.39471951
2.08200 2.39434429
2.08300 2.39396932
2.08400 2.39359458
2.08500 2.39322008
2.08600 2.39284581
2.08700 2.39247177
2.08800 2.39209797
2.08900 2.39172441
2.09000 2.39135108
2.09100 2.39097799
2.09200 2.39060513
2.09300 2.39023250
2.09400 2.38986011
2.09500 2.38948794
2.09600 2.38911602
2.09700 2.38874432
2.09800 2.38837286
2.09900 2.38800163
2.10000 2.38763063
2.10100 2.38725986
2.10200 2.38688933
2.10300 2.38651902
2.10400 2.38614895
2.10500 2.38577911
2.10600 2.38540949
2.10700 2.38504011
2.10800 2.38467096
2.10900 2.38430203
2.11000 2.38393334
2.11100 2.38356488
2.11200 2.38319664
2.11300 2.38282863
2.11400 2.38246086
2.11500 2.38209330
2.11600 2.38172598
2.11700 2.38135889
2.11800 2.38099202
2.11900 2.38062538
2.12000 2.38025897
2.12100 2.37989278
2.12200 2.37952682
2.12300 2.37916108
2.12400 2.37879557
2.12500 2.37843029
2.12600 2.37806523
2.12700 2.37770040
2.12800 2.37733579
2.12900 2.37697141
2.13000 2.37660725
2.13100 2.37624332
2.13200 2.37587961
2.13300 2.37551612
2.13400 2.37515286
2.13500 2.37478982
2.13600 2.37442700
2.13700 2.37406441
2.13800 2.37370204
2.13900 2.37333989
2.14000 2.37297796
2.14100 2.37261626
2.14200 2.37225477
2.14300 2.37189351
2.14400 2.37153247
2.14500 2.37117165
2.14600 2.37081105
2.14700 2.37045067
2.14800 2.37009051
2.14900 2.36973057
2.15000 2.36937085
2.15100 2.36901135
2.15200 2.36865207
2.15300 2.36829301
2.15400 2.36793416
2.15500 2.36757554
2.15600 2.36721713
2.15700 2.36685894
2.15800 2.36650097
2.15900 2.36614322
2.16000 2.36578568
2.16100 2.36542836
2.16200 2.36507126
2.16300 2.36471438
2.16400 2.36435771
2.16500 2.36400125
2.16600 2.36364502
2.16700 2.36328900
2.16800 2.36293319
2.16900 2.36257760
2.17000 2.36222223
2.17100 2.36186706
2.17200 2.36151212
2.17300 2.36115739
2.17400 2.36080287
2.17500 2.36044857
2.17600 2.36009448
2.17700 2.35974060
2.17800 2.35938694
2.17900 2.35903349
2.18000 2.35868025
2.18100 2.35832722
2.18200 2.35797441
2.18300 2.35762181
2.18400 2.35726942
2.18500 2.35691724
2.18600 2.35656528
2.18700 2.35621352
2.18800 2.35586198
2.18900 2.35551065
2.19000 2.35515952
2.19100 2.35480861
2.19200 2.35445791
2.19300 2.35410742
2.19400 2.35375714
2.19500 2.35340706
2.19600 2.35305720
2.19700 2.35270755
2.19800 2.35235810
2.19900 2.35200886
2.20000 2.35165983
2.20100 2.35131101
2.20200 2.35096240
2.20300 2.35061399
2.20400 2.35026580
2.20500 2.34991781
2.20600 2.34957002
2.20700 2.34922245
2.20800 2.34887508
2.20900 2.34852791
2.21000 2.34818095
2.21100 2.34783420
2.21200 2.34748766
2.21300 2.34714132
2.21400 2.34679518
2.21500 2.34644925
2.21600 2.34610353
2.21700 2.34575801
2.21800 2.34541269
2.21900 2.34506758
2.22000 2.34472267
2.22100 2.34437797
2.22200 2.34403347
2.22300 2.34368917
2.22400 2.34334508
2.22500 2.34300119
2.22600 2.34265750
2.22700 2.34231401
2.22800 2.34197073
2.22900 2.34162765
2.23000 2.34128477
2.23100 2.34094209
2.23200 2.34059962
2.23300 2.34025734
2.23400 2.33991527
2.23500 2.33957340
2.23600 2.33923173
2.23700 2.33889026
2.23800 2.33854899
2.23900 2.33820791
2.24000 2.33786704
2.24100 2.33752637
2.24200 2.33718590
2.24300 2.33684563
2.24400 2.33650556
2.24500 2.33616568
2.24600 2.33582601
2.24700 2.33548653
2.24800 2.33514725
2.24900 2.33480817
2.25000 2.33446928
2.25100 2.33413060
2.25200 2.33379211
2.25300 2.33345382
2.25400 2.33311572
2.25500 2.33277783
2.25600 2.33244013
2.25700 2.33210262
2.25800 2.33176531
2.25900 2.33142820
2.26000 2.33109129
2.26100 2.33075457
2.26200 2.33041804
2.26300 2.33008171
2.26400 2.32974558
2.26500 2.32940964
2.26600 2.32907389
2.26700 2.32873834
2.26800 2.32840298
2.26900 2.32806782
2.27000 2.32773285
2.27100 2.32739808
2.27200 2.32706350
2.27300 2.32672911
2.27400 2.32639491
2.27500 2.32606091
2.27600 2.32572710
2.27700 2.32539348
2.27800 2.32506006
2.27900 2.32472682
2.28000 2.32439378
2.28100 2.32406093
2.28200 2.32372827
2.28300 2.32339581
2.28400 2.32306353
2.28500 2.32273145
2.28600 2.32239955
2.28700 2.32206785
2.28800 2.32173634
2.28900 2.32140501
2.29000 2.32107388
2.29100 2.32074294
2.29200 2.32041218
2.29300 2.32008162
2.29400 2.31975124
2.29500 2.31942106
2.29600 2.31909106
2.29700 2.31876125
2.29800 2.31843163
2.29900 2.31810220
2.30000 2.31777296
2.30100 2.31744390
2.30200 2.31711503
2.30300 2.31678635
2.30400 2.31645786
2.30500 2.31612955
2.30600 2.31580143
2.30700 2.31547350
2.30800 2.31514575
2.30900 2.31481820
2.31000 2.31449082
2.31100 2.31416363
2.31200 2.31383663
2.31300 2.31350982
2.31400 2.31318319
2.31500 2.31285674
2.31600 2.31253048
2.31700 2.31220441
2.31800 2.31187851
2.31900 2.31155281
2.32000 2.31122729
2.32100 2.31090195
2.32200 2.31057680
2.32300 2.31025183
2.32400 2.30992704
2.32500 2.30960244
2.32600 2.30927802
2.32700 2.30895378
2.32800 2.30862973
2.32900 2.30830586
2.33000 2.30798217
2.33100 2.30765866
2.33200 2.30733534
2.33300 2.30701220
2.33400 2.30668924
2.33500 2.30636646
2.33600 2.30604386
2.33700 2.30572145
2.33800 2.30539921
2.33900 2.30507716
2.34000 2.30475529
2.34100 2.30443360
2.34200 2.30411208
2.34300 2.30379075
2.34400 2.30346960
2.34500 2.30314863
2.34600 2.30282784
2.34700 2.30250722
2.34800 2.30218679
2.34900 2.30186654
2.35000 2.30154646
2.35100 2.30122657
2.35200 2.30090685
2.35300 2.30058731
2.35400 2.30026795
2.35500 2.29994877
2.35600 2.29962976
2.35700 2.29931093
2.35800 2.29899228
2.35900 2.29867381
2.36000 2.29835552
2.36100 2.29803740
2.36200 2.29771946
2.36300 2.29740169
2.36400 2.29708411
2.36500 2.29676670
2.36600 2.29644946
2.36700 2.29613240
2.36800 2.29581552
2.36900 2.29549881
2.37000 2.29518228
2.37100 2.29486592
2.37200 2.29454974
2.37300 2.29423373
2.37400 2.29391790
2.37500 2.29360224
2.37600 2.29328676
2.37700 2.29297145
2.37800 2.29265632
2.37900 2.29234136
2.38000 2.29202657
2.38100 2.29171196
2.38200 2.29139752
2.38300 2.29108326
2.38400 2.29076916
2.38500 2.29045524
2.38600 2.29014150
2.38700 2.28982792
2.38800 2.28951452
2.38900 2.28920129
2.39000 2.28888824
2.39100 2.28857535
2.39200 2.28826264
2.39300 2.28795009
2.39400 2.28763772
2.39500 2.28732553
2.39600 2.28701350
2.39700 2.28670164
2.39800 2.28638996
2.39900 2.28607844
2.40000 2.28576710
2.40100 2.28545592
2.40200 2.28514492
2.40300 2.28483408
2.40400 2.28452342
2.40500 2.28421292
2.40600 2.28390260
2.40700 2.28359244
2.40800 2.28328246
2.40900 2.28297264
2.41000 2.28266299
2.41100 2.28235351
2.41200 2.28204420
2.41300 2.28173505
2.41400 2.28142608
2.41500 2.28111727
2.41600 2.28080863
2.41700 2.28050016
2.41800 2.28019186
2.41900 2.27988372
2.42000 2.27957575
2.42100 2.27926795
2.42200 2.27896032
2.42300 2.27865285
2.42400 2.27834555
2.42500 2.27803841
2.42600 2.27773145
2.42700 2.27742464
2.42800 2.27711801
2.42900 2.27681154
2.43000 2.27650523
2.43100 2.27619909
2.43200 2.27589312
2.43300 2.27558731
2.43400 2.27528167
2.43500 2.27497619
2.43600 2.27467087
2.43700 2.27436572
2.43800 2.27406074
2.43900 2.27375592
2.44000 2.27345126
2.44100 2.27314677
2.44200 2.27284244
2.44300 2.27253828
2.44400 2.27223427
2.44500 2.27193044
2.44600 2.27162676
2.44700 2.27132325
2.44800 2.27101990
2.44900 2.27071671
2.45000 2.27041369
2.45100 2.27011083
2.45200 2.26980813
2.45300 2.26950559
2.45400 2.26920322
2.45500 2.26890101
2.45600 2.26859895
2.45700 2.26829706
2.45800 2.26799534
2.45900 2.26769377
2.46000 2.26739236
2.46100 2.26709112
2.46200 2.26679003
2.46300 2.26648911
2.46400 2.26618835
2.46500 2.26588774
2.46600 2.26558730
2.46700 2.26528702
2.46800 2.26498689
2.46900 2.26468693
2.47000 2.26438713
2.47100 2.26408748
2.47200 2.26378800
2.47300 2.26348867
2.47400 2.26318951
2.47500 2.26289050
2.47600 2.26259165
2.47700 2.26229296
2.47800 2.26199443
2.47900 2.26169605
2.48000 2.26139784
2.48100 2.26109978
2.48200 2.26080188
2.48300 2.26050413
2.48400 2.26020655
2.48500 2.25990912
2.48600 2.25961185
2.48700 2.25931474
2.48800 2.25901778
2.48900 2.25872098
2.49000 2.25842434
2.49100 2.25812785
2.49200 2.25783152
2.49300 2.25753535
2.49400 2.25723933
2.49500 2.25694347
2.49600 2.25664776
2.49700 2.25635221
2.49800 2.25605681
2.49900 2.25576157
2.50000 2.25546649
2.50100 2.25517156
2.50200 2.25487678
2.50300 2.25458216
2.50400 2.25428770
2.50500 2.25399339
2.50600 2.25369923
2.50700 2.25340523
2.50800 2.25311138
2.50900 2.25281769
2.51000 2.25252415
2.51100 2.25223076
2.51200 2.25193753
2.51300 2.25164444
2.51400 2.25135152
2.51500 2.25105874
2.51600 2.25076612
2.51700 2.25047365
2.51800 2.25018134
2.51900 2.24988918
2.52000 2.24959717
2.52100 2.24930531
2.52200 2.24901360
2.52300 2.24872205
2.52400 2.24843064
2.52500 2.24813939
2.52600 2.24784829
2.52700 2.24755735
2.52800 2.24726655
2.52900 2.24697590
2.53000 2.24668541
2.53100 2.24639507
2.53200 2.24610487
2.53300 2.24581483
2.53400 2.24552494
2.53500 2.24523520
2.53600 2.24494561
2.53700 2.24465616
2.53800 2.24436687
2.53900 2.24407773
2.54000 2.24378874
2.54100 2.24349990
2.54200 2.24321120
2.54300 2.24292266
2.54400 2.24263426
2.54500 2.24234602
2.54600 2.24205792
2.54700 2.24176997
2.54800 2.24148217
2.54900 2.24119452
2.55000 2.24090702
2.55100 2.24061966
2.55200 2.24033245
2.55300 2.24004539
2.55400 2.23975848
2.55500 2.23947172
2.55600 2.23918510
2.55700 2.23889863
2.55800 2.23861231
2.55900 2.23832613
2.56000 2.23804011
2.56100 2.23775422
2.56200 2.23746849
2.56300 2.23718290
2.56400 2.23689746
2.56500 2.23661217
2.56600 2.23632702
2.56700 2.23604201
2.56800 2.23575716
2.56900 2.23547244
2.57000 2.23518788
2.57100 2.23490346
2.57200 2.23461918
2.57300 2.23433505
2.57400 2.23405107
2.57500 2.23376723
2.57600 2.23348353
2.57700 2.23319998
2.57800 2.23291658
2.57900 2.23263332
2.58000 2.23235020
2.58100 2.23206723
2.58200 2.23178440
2.58300 2.23150171
2.58400 2.23121917
2.58500 2.23093678
2.58600 2.23065452
2.58700 2.23037241
2.58800 2.23009044
2.58900 2.22980862
2.59000 2.22952694
2.59100 2.22924540
2.59200 2.22896401
2.59300 2.22868276
2.59400 2.22840165
2.59500 2.22812068
2.59600 2.22783985
2.59700 2.22755917
2.59800 2.22727863
2.59900 2.22699823
2.60000 2.22671797
2.60100 2.22643786
2.60200 2.22615788
2.60300 2.22587805
2.60400 2.22559836
2.60500 2.22531881
2.60600 2.22503940
2.60700 2.22476013
2.60800 2.22448101
2.60900 2.22420202
2.61000 2.22392317
2.61100 2.22364447
2.61200 2.22336590
2.61300 2.22308748
2.61400 2.22280919
2.61500 2.22253105
2.61600 2.22225304
2.61700 2.22197517
2.61800 2.22169745
2.61900 2.22141986
2.62000 2.22114241
2.62100 2.22086510
2.62200 2.22058793
2.62300 2.22031090
2.62400 2.22003401
2.62500 2.21975726
2.62600 2.21948064
2.62700 2.21920417
2.62800 2.21892783
2.62900 2.21865163
2.63000 2.21837557
2.63100 2.21809965
2.63200 2.21782386
2.63300 2.21754821
2.63400 2.21727270
2.63500 2.21699733
2.63600 2.21672209
2.63700 2.21644700
2.63800 2.21617203
2.63900 2.21589721
2.64000 2.21562252
2.64100 2.21534797
2.64200 2.21507356
2.64300 2.21479928
2.64400 2.21452514
2.64500 2.21425114
2.64600 2.21397727
2.64700 2.21370354
2.64800 2.21342994
2.64900 2.21315648
2.65000 2.21288315
2.65100 2.21260996
2.65200 2.21233691
2.65300 2.21206399
2.65400 2.21179121
2.65500 2.21151856
2.65600 2.21124605
2.65700 2.21097367
2.65800 2.21070142
2.65900 2.21042931
2.66000 2.21015734
2.66100 2.20988550
2.66200 2.20961379
2.66300 2.20934222
2.66400 2.20907078
2.66500 2.20879948
2.66600 2.20852831
2.66700 2.20825727
2.66800 2.20798637
2.66900 2.20771560
2.67000 2.20744497
2.67100 2.20717446
2.67200 2.20690409
2.67300 2.20663386
2.67400 2.20636375
2.67500 2.20609378
2.67600 2.20582394
2.67700 2.20555424
2.67800 2.20528467
2.67900 2.20501522
2.68000 2.20474592
2.68100 2.20447674
2.68200 2.20420770
2.68300 2.20393878
2.68400 2.20367000
2.68500 2.20340135
2.68600 2.20313283
2.68700 2.20286445
2.68800 2.20259619
2.68900 2.20232807
2.69000 2.20206008
2.69100 2.20179222
2.69200 2.20152448
2.69300 2.20125688
2.69400 2.20098941
2.69500 2.20072208
2.69600 2.20045487
2.69700 2.20018779
2.69800 2.19992084
2.69900 2.19965402
2.70000 2.19938733
2.70100 2.19912078
2.70200 2.19885435
2.70300 2.19858805
2.70400 2.19832188
2.70500 2.19805584
2.70600 2.19778993
2.70700 2.19752415
2.70800 2.19725850
2.70900 2.19699297
2.71000 2.19672758
2.71100 2.19646231
2.71200 2.19619717
2.71300 2.19593217
2.71400 2.19566729
2.71500 2.19540253
2.71600 2.19513791
2.71700 2.19487342
2.71800 2.19460905
2.71900 2.19434481
2.72000 2.19408070
2.72100 2.19381671
2.72200 2.19355285
2.72300 2.19328913
2.72400 2.19302552
2.72500 2.19276205
2.72600 2.19249870
2.72700 2.19223548
2.72800 2.19197239
2.72900 2.19170942
2.73000 2.19144658
2.73100 2.19118387
2.73200 2.19092128
2.73300 2.19065882
2.73400 2.19039648
2.73500 2.19013428
2.73600 2.18987219
2.73700 2.18961024
2.73800 2.18934841
2.73900 2.18908670
2.74000 2.18882512
2.74100 2.18856367
2.74200 2.18830234
2.74300 2.18804114
2.74400 2.18778006
2.74500 2.18751911
2.74600 2.18725828
2.74700 2.18699758
2.74800 2.18673700
2.74900 2.18647655
2.75000 2.18621622
2.75100 2.18595602
2.75200 2.18569594
2.75300 2.18543598
2.75400 2.18517615
2.75500 2.18491644
2.75600 2.18465686
2.75700 2.18439740
2.75800 2.18413806
2.75900 2.18387885
2.76000 2.18361976
2.76100 2.18336080
2.76200 2.18310196
2.76300 2.18284324
2.76400 2.18258464
2.76500 2.18232617
2.76600 2.18206782
2.76700 2.18180960
2.76800 2.18155149
2.76900 2.18129351
2.77000 2.18103565
2.77100 2.18077792
2.77200 2.18052030
2.77300 2.18026281
2.77400 2.18000544
2.77500 2.17974819
2.77600 2.17949107
2.77700 2.17923406
2.77800 2.17897718
2.77900 2.17872042
2.78000 2.17846378
2.78100 2.17820726
2.78200 2.17795087
2.78300 2.17769459
2.78400 2.17743844
2.78500 2.17718240
2.78600 2.17692649
2.78700 2.17667070
2.78800 2.17641503
2.78900 2.17615948
2.79000 2.17590405
2.79100 2.17564874
2.79200 2.17539355
2.79300 2.17513848
2.79400 2.17488353
2.79500 2.17462870
2.79600 2.17437400
2.79700 2.17411941
2.79800 2.17386494
2.79900 2.17361059
2.80000 2.17335636
2.80100 2.17310225
2.80200 2.17284826
2.80300 2.17259438
2.80400 2.17234063
2.80500 2.17208700
2.80600 2.17183348
2.80700 2.17158008
2.80800 2.17132681
2.80900 2.17107365
2.81000 2.17082061
2.81100 2.17056769
2.81200 2.17031488
2.81300 2.17006220
2.81400 2.16980963
2.81500 2.16955718
2.81600 2.16930485
2.81700 2.16905263
2.81800 2.16880054
2.81900 2.16854856
2.82000 2.16829670
2.82100 2.16804496
2.82200 2.16779333
2.82300 2.16754182
2.82400 2.16729043
2.82500 2.16703916
2.82600 2.16678800
2.82700 2.16653696
2.82800 2.16628604
2.82900 2.16603523
2.83000 2.16578454
2.83100 2.16553397
2.83200 2.16528351
2.83300 2.16503317
2.83400 2.16478294
2.83500 2.16453283
2.83600 2.16428284
2.83700 2.16403297
2.83800 2.16378321
2.83900 2.16353356
2.84000 2.16328403
2.84100 2.16303462
2.84200 2.16278532
2.84300 2.16253614
2.84400 2.16228707
2.84500 2.16203812
2.84600 2.16178928
2.84700 2.16154056
2.84800 2.16129195
2.84900 2.16104346
2.85000 2.16079508
2.85100 2.16054681
2.85200 2.16029867
2.85300 2.16005063
2.85400 2.15980271
2.85500 2.15955491
2.85600 2.15930721
2.85700 2.15905964
2.85800 2.15881217
2.85900 2.15856482
2.86000 2.15831759
2.86100 2.15807047
2.86200 2.15782346
2.86300 2.15757656
2.86400 2.15732978
2.86500 2.15708311
2.86600 2.15683656
2.86700 2.15659012
2.86800 2.15634379
2.86900 2.15609757
2.87000 2.15585147
2.87100 2.15560548
2.87200 2.15535960
2.87300 2.15511384
2.87400 2.15486819
2.87500 2.15462265
2.87600 2.15437722
2.87700 2.15413190
2.87800 2.15388670
2.87900 2.15364161
2.88000 2.15339663
2.88100 2.15315177
2.88200 2.15290701
2.88300 2.15266237
2.88400 2.15241784
2.88500 2.15217342
2.88600 2.15192911
2.88700 2.15168491
2.88800 2.15144082
2.88900 2.15119685
2.89000 2.15095298
2.89100 2.15070923
2.89200 2.15046559
2.89300 2.15022206
2.89400 2.14997864
2.89500 2.14973533
2.89600 2.14949213
2.89700 2.14924904
2.89800 2.14900606
2.89900 2.14876319
2.90000 2.14852044
2.90100 2.14827779
2.90200 2.14803525
2.90300 2.14779282
2.90400 2.14755051
2.90500 2.14730830
2.90600 2.14706620
2.90700 2.14682421
2.90800 2.14658233
2.90900 2.14634056
2.91000 2.14609890
2.91100 2.14585735
2.91200 2.14561591
2.91300 2.14537458
2.91400 2.14513335
2.91500 2.14489224
2.91600 2.14465123
2.91700 2.14441033
2.91800 2.14416954
2.91900 2.14392886
2.92000 2.14368829
2.92100 2.14344783
2.92200 2.14320747
2.92300 2.14296723
2.92400 2.14272709
2.92500 2.14248706
2.92600 2.14224713
2.92700 2.14200732
2.92800 2.14176761
2.92900 2.14152801
2.93000 2.14128852
2.93100 2.14104914
2.93200 2.14080986
2.93300 2.14057069
2.93400 2.14033163
2.93500 2.14009267
2.93600 2.13985383
2.93700 2.13961509
2.93800 2.13937645
2.93900 2.13913793
2.94000 2.13889951
2.94100 2.13866119
2.94200 2.13842299
2.94300 2.13818489
2.94400 2.13794689
2.94500 2.13770900
2.94600 2.13747122
2.94700 2.13723355
2.94800 2.13699598
2.94900 2.13675852
2.95000 2.13652116
2.95100 2.13628391
2.95200 2.13604676
2.95300 2.13580972
2.95400 2.13557279
2.95500 2.13533596
2.95600 2.13509924
2.95700 2.13486262
2.95800 2.13462611
2.95900 2.13438970
2.96000 2.13415340
2.96100 2.13391720
2.96200 2.13368111
2.96300 2.13344513
2.96400 2.13320924
2.96500 2.13297347
2.96600 2.13273779
2.96700 2.13250222
2.96800 2.13226676
2.96900 2.13203140
2.97000 2.13179615
2.97100 2.13156100
2.97200 2.13132595
2.97300 2.13109101
2.97400 2.13085617
2.97500 2.13062143
2.97600 2.13038680
2.97700 2.13015227
2.97800 2.12991785
2.97900 2.12968353
2.98000 2.12944931
2.98100 2.12921520
2.98200 2.12898119
2.98300 2.12874729
2.98400 2.12851348
2.98500 2.12827978
2.98600 2.12804618
2.98700 2.12781269
2.98800 2.12757930
2.98900 2.12734601
2.99000 2.12711282
2.99100 2.12687974
2.99200 2.12664676
2.99300 2.12641388
2.99400 2.12618111
2.99500 2.12594843
2.99600 2.12571586
2.99700 2.12548339
2.99800 2.12525103
2.99900 2.12501876
3.00000 2.12478660
3.00100 2.12455454
3.00200 2.12432258
3.00300 2.12409072
3.00400 2.12385896
3.00500 2.12362731
3.00600 2.12339576
3.00700 2.12316430
3.00800 2.12293295
3.00900 2.12270170
3.01000 2.12247056
3.01100 2.12223951
3.01200 2.12200856
3.01300 2.12177772
3.01400 2.12154697
3.01500 2.12131633
3.01600 2.12108579
3.01700 2.12085534
3.01800 2.12062500
3.01900 2.12039476
3.02000 2.12016462
3.02100 2.11993458
3.02200 2.11970464
3.02300 2.11947480
3.02400 2.11924506
3.02500 2.11901542
3.02600 2.11878588
3.02700 2.11855644
3.02800 2.11832710
3.02900 2.11809785
3.03000 2.11786871
3.03100 2.11763967
3.03200 2.11741073
3.03300 2.11718188
3.03400 2.11695314
3.03500 2.11672450
3.03600 2.11649595
3.03700 2.11626750
3.03800 2.11603916
3.03900 2.11581091
3.04000 2.11558276
3.04100 2.11535471
3.04200 2.11512676
3.04300 2.11489890
3.04400 2.11467115
3.04500 2.11444349
3.04600 2.11421593
3.04700 2.11398847
3.04800 2.11376111
3.04900 2.11353385
3.05000 2.11330668
3.05100 2.11307961
3.05200 2.11285265
3.05300 2.11262577
3.05400 2.11239900
3.05500 2.11217232
3.05600 2.11194575
3.05700 2.11171927
3.05800 2.11149288
3.05900 2.11126660
3.06000 2.11104041
3.06100 2.11081432
3.06200 2.11058832
3.06300 2.11036243
3.06400 2.11013663
3.06500 2.10991092
3.06600 2.10968532
3.06700 2.10945981
3.06800 2.10923440
3.06900 2.10900908
3.07000 2.10878386
3.07100 2.10855874
3.07200 2.10833372
3.07300 2.10810879
3.07400 2.10788395
3.07500 2.10765922
3.07600 2.10743458
3.07700 2.10721003
3.07800 2.10698558
3.07900 2.10676123
3.08000 2.10653697
3.08100 2.10631281
3.08200 2.10608875
3.08300 2.10586478
3.08400 2.10564091
3.08500 2.10541713
3.08600 2.10519345
3.08700 2.10496986
3.08800 2.10474637
3.08900 2.10452297
3.09000 2.10429967
3.09100 2.10407646
3.09200 2.10385335
3.09300 2.10363034
3.09400 2.10340742
3.09500 2.10318459
3.09600 2.10296186
3.09700 2.10273922
3.09800 2.10251668
3.09900 2.10229423
3.10000 2.10207188
3.10100 2.10184962
3.10200 2.10162745
3.10300 2.10140538
3.10400 2.10118341
3.10500 2.10096153
3.10600 2.10073974
3.10700 2.10051805
3.10800 2.10029645
3.10900 2.10007494
3.11000 2.09985353
3.11100 2.09963221
3.11200 2.09941098
3.11300 2.09918985
3.11400 2.09896882
3.11500 2.09874787
3.11600 2.09852702
3.11700 2.09830626
3.11800 2.09808560
3.11900 2.09786503
3.12000 2.09764455
3.12100 2.09742416
3.12200 2.09720387
3.12300 2.09698367
3.12400 2.09676357
3.12500 2.09654355
3.12600 2.09632363
3.12700 2.09610380
3.12800 2.09588407
3.12900 2.09566442
3.13000 2.09544487
3.13100 2.09522542
3.13200 2.09500605
3.13300 2.09478677
3.13400 2.09456759
3.13500 2.09434850
3.13600 2.09412951
3.13700 2.09391060
3.13800 2.09369178
3.13900 2.09347306
3.14000 2.09325443
3.14100 2.09303589
3.14200 2.09281745
3.14300 2.09259909
3.14400 2.09238083
3.14500 2.09216265
3.14600 2.09194457
3.14700 2.09172658
3.14800 2.09150868
3.14900 2.09129087
3.15000 2.09107316
3.15100 2.09085553
3.15200 2.09063800
3.15300 2.09042055
3.15400 2.09020320
3.15500 2.08998594
3.15600 2.08976876
3.15700 2.08955168
3.15800 2.08933469
3.15900 2.08911779
3.16000 2.08890098
3.16100 2.08868426
3.16200 2.08846763
3.16300 2.08825109
3.16400 2.08803464
3.16500 2.08781829
3.16600 2.08760202
3.16700 2.08738584
3.16800 2.08716975
3.16900 2.08695375
3.17000 2.08673784
3.17100 2.08652202
3.17200 2.08630629
3.17300 2.08609065
3.17400 2.08587510
3.17500 2.08565964
3.17600 2.08544426
3.17700 2.08522898
3.17800 2.08501379
3.17900 2.08479868
3.18000 2.08458366
3.18100 2.08436874
3.18200 2.08415390
3.18300 2.08393915
3.18400 2.08372449
3.18500 2.08350992
3.18600 2.08329544
3.18700 2.08308104
3.18800 2.08286674
3.18900 2.08265252
3.19000 2.08243839
3.19100 2.08222435
3.19200 2.08201040
3.19300 2.08179654
3.19400 2.08158276
3.19500 2.08136907
3.19600 2.08115548
3.19700 2.08094196
3.19800 2.08072854
3.19900 2.08051521
3.20000 2.08030196
3.20100 2.08008880
3.20200 2.07987573
3.20300 2.07966274
3.20400 2.07944984
3.20500 2.07923704
3.20600 2.07902431
3.20700 2.07881168
3.20800 2.07859913
3.20900 2.07838667
3.21000 2.07817430
3.21100 2.07796201
3.21200 2.07774981
3.21300 2.07753770
3.21400 2.07732568
3.21500 2.07711374
3.21600 2.07690189
3.21700 2.07669012
3.21800 2.07647845
3.21900 2.07626685
3.22000 2.07605535
3.22100 2.07584393
3.22200 2.07563260
3.22300 2.07542136
3.22400 2.07521020
3.22500 2.07499912
3.22600 2.07478814
3.22700 2.07457724
3.22800 2.07436642
3.22900 2.07415569
3.23000 2.07394505
3.23100 2.07373449
3.23200 2.07352402
3.23300 2.07331364
3.23400 2.07310334
3.23500 2.07289313
3.23600 2.07268300
3.23700 2.07247296
3.23800 2.07226300
3.23900 2.07205313
3.24000 2.07184334
3.24100 2.07163364
3.24200 2.07142402
3.24300 2.07121449
3.24400 2.07100505
3.24500 2.07079569
3.24600 2.07058641
3.24700 2.07037722
3.24800 2.07016811
3.24900 2.06995909
3.25000 2.06975016
3.25100 2.06954130
3.25200 2.06933254
3.25300 2.06912385
3.25400 2.06891526
3.25500 2.06870674
3.25600 2.06849831
3.25700 2.06828997
3.25800 2.06808171
3.25900 2.06787353
3.26000 2.06766544
3.26100 2.06745743
3.26200 2.06724950
3.26300 2.06704166
3.26400 2.06683391
3.26500 2.06662623
3.26600 2.06641864
3.26700 2.06621114
3.26800 2.06600372
3.26900 2.06579638
3.27000 2.06558912
3.27100 2.06538195
3.27200 2.06517487
3.27300 2.06496786
3.27400 2.06476094
3.27500 2.06455410
3.27600 2.06434735
3.27700 2.06414068
3.27800 2.06393409
3.27900 2.06372758
3.28000 2.06352116
3.28100 2.06331482
3.28200 2.06310856
3.28300 2.06290239
3.28400 2.06269630
3.28500 2.06249029
3.28600 2.06228436
3.28700 2.06207852
3.28800 2.06187276
3.28900 2.06166708
3.29000 2.06146148
3.29100 2.06125597
3.29200 2.06105053
3.29300 2.06084519
3.29400 2.06063992
3.29500 2.06043473
3.29600 2.06022963
3.29700 2.06002461
3.29800 2.05981967
3.29900 2.05961481
3.30000 2.05941003
3.30100 2.05920534
3.30200 2.05900073
3.30300 2.05879620
3.30400 2.05859175
3.30500 2.05838738
3.30600 2.05818309
3.30700 2.05797889
3.30800 2.05777476
3.30900 2.05757072
3.31000 2.05736676
3.31100 2.05716288
3.31200 2.05695908
3.31300 2.05675536
3.31400 2.05655173
3.31500 2.05634817
3.31600 2.05614469
3.31700 2.05594130
3.31800 2.05573799
3.31900 2.05553475
3.32000 2.05533160
3.32100 2.05512853
3.32200 2.05492554
3.32300 2.05472263
3.32400 2.05451980
3.32500 2.05431705
3.32600 2.05411438
3.32700 2.05391179
3.32800 2.05370928
3.32900 2.05350685
3.33000 2.05330450
3.33100 2.05310223
3.33200 2.05290004
3.33300 2.05269793
3.33400 2.05249591
3.33500 2.05229396
3.33600 2.05209209
3.33700 2.05189030
3.33800 2.05168859
3.33900 2.05148696
3.34000 2.05128541
3.34100 2.05108393
3.34200 2.05088254
3.34300 2.05068123
3.34400 2.05048000
3.34500 2.05027884
3.34600 2.05007777
3.34700 2.04987677
3.34800 2.04967586
3.34900 2.04947502
3.35000 2.04927426
3.35100 2.04907358
3.35200 2.04887298
3.35300 2.04867246
3.35400 2.04847201
3.35500 2.04827165
3.35600 2.04807136
3.35700 2.04787116
3.35800 2.04767103
3.35900 2.04747098
3.36000 2.04727101
3.36100 2.04707111
3.36200 2.04687130
3.36300 2.04667156
3.36400 2.04647190
3.36500 2.04627232
3.36600 2.04607282
3.36700 2.04587340
3.36800 2.04567405
3.36900 2.04547478
3.37000 2.04527559
3.37100 2.04507648
3.37200 2.04487745
3.37300 2.04467849
3.37400 2.04447961
3.37500 2.04428081
3.37600 2.04408208
3.37700 2.04388344
3.37800 2.04368487
3.37900 2.04348638
3.38000 2.04328796
3.38100 2.04308963
3.38200 2.04289137
3.38300 2.04269319
3.38400 2.04249508
3.38500 2.04229705
3.38600 2.04209910
3.38700 2.04190123
3.38800 2.04170343
3.38900 2.04150571
3.39000 2.04130807
3.39100 2.04111050
3.39200 2.04091301
3.39300 2.04071560
3.39400 2.04051826
3.39500 2.04032101
3.39600 2.04012382
3.39700 2.03992672
3.39800 2.03972969
3.39900 2.03953273
3.40000 2.03933585
3.40100 2.03913905
3.40200 2.03894233
3.40300 2.03874568
3.40400 2.03854911
3.40500 2.03835261
3.40600 2.03815619
3.40700 2.03795985
3.40800 2.03776358
3.40900 2.03756739
3.41000 2.03737127
3.41100 2.03717523
3.41200 2.03697926
3.41300 2.03678337
3.41400 2.03658756
3.41500 2.03639182
3.41600 2.03619616
3.41700 2.03600057
3.41800 2.03580506
3.41900 2.03560962
3.42000 2.03541426
3.42100 2.03521897
3.42200 2.03502376
3.42300 2.03482863
3.42400 2.03463357
3.42500 2.03443858
3.42600 2.03424367
3.42700 2.03404883
3.42800 2.03385407
3.42900 2.03365939
3.43000 2.03346477
3.43100 2.03327024
3.43200 2.03307578
3.43300 2.03288139
3.43400 2.03268708
3.43500 2.03249284
3.43600 2.03229868
3.43700 2.03210459
3.43800 2.03191057
3.43900 2.03171663
3.44000 2.03152277
3.44100 2.03132897
3.44200 2.03113526
3.44300 2.03094161
3.44400 2.03074804
3.44500 2.03055455
3.44600 2.03036113
3.44700 2.03016778
3.44800 2.02997451
3.44900 2.02978131
3.45000 2.02958818
3.45100 2.02939513
3.45200 2.02920215
3.45300 2.02900925
3.45400 2.02881642
3.45500 2.02862366
3.45600 2.02843097
3.45700 2.02823836
3.45800 2.02804583
3.45900 2.02785336
3.46000 2.02766097
3.46100 2.02746866
3.46200 2.02727641
3.46300 2.02708424
3.46400 2.02689214
3.46500 2.02670012
3.46600 2.02650817
3.46700 2.02631629
3.46800 2.02612448
3.46900 2.02593275
3.47000 2.02574109
3.47100 2.02554950
3.47200 2.02535799
3.47300 2.02516655
3.47400 2.02497518
3.47500 2.02478388
3.47600 2.02459266
3.47700 2.02440150
3.47800 2.02421043
3.47900 2.02401942
3.48000 2.02382848
3.48100 2.02363762
3.48200 2.02344683
3.48300 2.02325611
3.48400 2.02306547
3.48500 2.02287490
3.48600 2.02268439
3.48700 2.02249396
3.48800 2.02230361
3.48900 2.02211332
3.49000 2.02192311
3.49100 2.02173297
3.49200 2.02154290
3.49300 2.02135290
3.49400 2.02116297
3.49500 2.02097312
3.49600 2.02078333
3.49700 2.02059362
3.49800 2.02040398
3.49900 2.02021441
3.50000 2.02002491
3.50100 2.01983549
3.50200 2.01964613
3.50300 2.01945685
3.50400 2.01926764
3.50500 2.01907849
3.50600 2.01888942
3.50700 2.01870042
3.50800 2.01851150
3.50900 2.01832264
3.51000 2.01813385
3.51100 2.01794514
3.51200 2.01775649
3.51300 2.01756792
3.51400 2.01737941
3.51500 2.01719098
3.51600 2.01700262
3.51700 2.01681433
3.51800 2.01662611
3.51900 2.01643796
3.52000 2.01624988
3.52100 2.01606187
3.52200 2.01587393
3.52300 2.01568606
3.52400 2.01549826
3.52500 2.01531054
3.52600 2.01512288
3.52700 2.01493529
3.52800 2.01474777
3.52900 2.01456032
3.53000 2.01437295
3.53100 2.01418564
3.53200 2.01399840
3.53300 2.01381123
3.53400 2.01362413
3.53500 2.01343711
3.53600 2.01325015
3.53700 2.01306326
3.53800 2.01287644
3.53900 2.01268969
3.54000 2.01250301
3.54100 2.01231640
3.54200 2.01212986
3.54300 2.01194338
3.54400 2.01175698
3.54500 2.01157065
3.54600 2.01138438
3.54700 2.01119819
3.54800 2.01101206
3.54900 2.01082601
3.55000 2.01064002
3.55100 2.01045410
3.55200 2.01026825
3.55300 2.01008247
3.55400 2.00989676
3.55500 2.00971112
3.55600 2.00952554
3.55700 2.00934004
3.55800 2.00915460
3.55900 2.00896923
3.56000 2.00878394
3.56100 2.00859870
3.56200 2.00841354
3.56300 2.00822845
3.56400 2.00804342
3.56500 2.00785847
3.56600 2.00767358
3.56700 2.00748876
3.56800 2.00730401
3.56900 2.00711933
3.57000 2.00693471
3.57100 2.00675016
3.57200 2.00656568
3.57300 2.00638127
3.57400 2.00619693
3.57500 2.00601266
3.57600 2.00582845
3.57700 2.00564431
3.57800 2.00546024
3.57900 2.00527624
3.58000 2.00509230
3.58100 2.00490843
3.58200 2.00472463
3.58300 2.00454090
3.58400 2.00435723
3.58500 2.00417364
3.58600 2.00399011
3.58700 2.00380664
3.58800 2.00362325
3.58900 2.00343992
3.59000 2.00325666
3.59100 2.00307347
3.59200 2.00289034
3.59300 2.00270728
3.59400 2.00252429
3.59500 2.00234137
3.59600 2.00215851
3.59700 2.00197572
3.59800 2.00179300
3.59900 2.00161034
3.60000 2.00142775
3.60100 2.00124523
3.60200 2.00106277
3.60300 2.00088038
3.60400 2.00069806
3.60500 2.00051580
3.60600 2.00033361
3.60700 2.00015149
3.60800 1.99996944
3.60900 1.99978745
3.61000 1.99960552
3.61100 1.99942367
3.61200 1.99924188
3.61300 1.99906015
3.61400 1.99887849
3.61500 1.99869690
3.61600 1.99851538
3.61700 1.99833392
3.61800 1.99815253
3.61900 1.99797120
3.62000 1.99778994
3.62100 1.99760874
3.62200 1.99742761
3.62300 1.99724655
3.62400 1.99706555
3.62500 1.99688462
3.62600 1.99670376
3.62700 1.99652296
3.62800 1.99634222
3.62900 1.99616156
3.63000 1.99598095
3.63100 1.99580042
3.63200 1.99561994
3.63300 1.99543954
3.63400 1.99525920
3.63500 1.99507892
3.63600 1.99489871
3.63700 1.99471857
3.63800 1.99453849
3.63900 1.99435847
3.64000 1.99417853
3.64100 1.99399864
3.64200 1.99381882
3.64300 1.99363907
3.64400 1.99345938
3.64500 1.99327976
3.64600 1.99310020
3.64700 1.99292071
3.64800 1.99274128
3.64900 1.99256191
3.65000 1.99238261
3.65100 1.99220338
3.65200 1.99202421
3.65300 1.99184510
3.65400 1.99166606
3.65500 1.99148709
3.65600 1.99130818
3.65700 1.99112933
3.65800 1.99095055
3.65900 1.99077183
3.66000 1.99059318
3.66100 1.99041459
3.66200 1.99023606
3.66300 1.99005760
3.66400 1.98987921
3.66500 1.98970087
3.66600 1.98952261
3.66700 1.98934440
3.66800 1.98916626
3.66900 1.98898819
3.67000 1.98881017
3.67100 1.98863223
3.67200 1.98845434
3.67300 1.98827652
3.67400 1.98809876
3.67500 1.98792107
3.67600 1.98774344
3.67700 1.98756588
3.67800 1.98738838
3.67900 1.98721094
3.68000 1.98703356
3.68100 1.98685625
3.68200 1.98667901
3.68300 1.98650182
3.68400 1.98632470
3.68500 1.98614764
3.68600 1.98597065
3.68700 1.98579372
3.68800 1.98561685
3.68900 1.98544005
3.69000 1.98526331
3.69100 1.98508663
3.69200 1.98491002
3.69300 1.98473346
3.69400 1.98455698
3.69500 1.98438055
3.69600 1.98420419
3.69700 1.98402789
3.69800 1.98385165
3.69900 1.98367548
3.70000 1.98349937
3.70100 1.98332332
3.70200 1.98314733
3.70300 1.98297141
3.70400 1.98279555
3.70500 1.98261975
3.70600 1.98244402
3.70700 1.98226834
3.70800 1.98209273
3.70900 1.98191718
3.71000 1.98174170
3.71100 1.98156628
3.71200 1.98139091
3.71300 1.98121562
3.71400 1.98104038
3.71500 1.98086521
3.71600 1.98069009
3.71700 1.98051504
3.71800 1.98034006
3.71900 1.98016513
3.72000 1.97999027
3.72100 1.97981546
3.72200 1.97964073
3.72300 1.97946605
3.72400 1.97929143
3.72500 1.97911688
3.72600 1.97894238
3.72700 1.97876795
3.72800 1.97859358
3.72900 1.97841928
3.73000 1.97824503
3.73100 1.97807085
3.73200 1.97789672
3.73300 1.97772266
3.73400 1.97754866
3.73500 1.97737473
3.73600 1.97720085
3.73700 1.97702703
3.73800 1.97685328
3.73900 1.97667959
3.74000 1.97650595
3.74100 1.97633238
3.74200 1.97615887
3.74300 1.97598543
3.74400 1.97581204
3.74500 1.97563871
3.74600 1.97546545
3.74700 1.97529224
3.74800 1.97511910
3.74900 1.97494602
3.75000 1.97477300
3.75100 1.97460004
3.75200 1.97442714
3.75300 1.97425430
3.75400 1.97408152
3.75500 1.97390880
3.75600 1.97373615
3.75700 1.97356355
3.75800 1.97339101
3.75900 1.97321854
3.76000 1.97304612
3.76100 1.97287377
3.76200 1.97270148
3.76300 1.97252924
3.76400 1.97235707
3.76500 1.97218496
3.76600 1.97201290
3.76700 1.97184091
3.76800 1.97166898
3.76900 1.97149711
3.77000 1.97132529
3.77100 1.97115354
3.77200 1.97098185
3.77300 1.97081022
3.77400 1.97063865
3.77500 1.97046714
3.77600 1.97029568
3.77700 1.97012429
3.77800 1.96995296
3.77900 1.96978169
3.78000 1.96961047
3.78100 1.96943932
3.78200 1.96926823
3.78300 1.96909719
3.78400 1.96892622
3.78500 1.96875531
3.78600 1.96858445
3.78700 1.96841366
3.78800 1.96824292
3.78900 1.96807224
3.79000 1.96790163
3.79100 1.96773107
3.79200 1.96756057
3.79300 1.96739013
3.79400 1.96721975
3.79500 1.96704943
3.79600 1.96687917
3.79700 1.96670897
3.79800 1.96653882
3.79900 1.96636874
3.80000 1.96619871
3.80100 1.96602875
3.80200 1.96585884
3.80300 1.96568899
3.80400 1.96551920
3.80500 1.96534947
3.80600 1.96517980
3.80700 1.96501019
3.80800 1.96484063
3.80900 1.96467114
3.81000 1.96450170
3.81100 1.96433232
3.81200 1.96416300
3.81300 1.96399374
3.81400 1.96382454
3.81500 1.96365539
3.81600 1.96348631
3.81700 1.96331728
3.81800 1.96314831
3.81900 1.96297940
3.82000 1.96281055
3.82100 1.96264176
3.82200 1.96247302
3.82300 1.96230434
3.82400 1.96213572
3.82500 1.96196716
3.82600 1.96179866
3.82700 1.96163021
3.82800 1.96146183
3.82900 1.96129350
3.83000 1.96112523
3.83100 1.96095701
3.83200 1.96078886
3.83300 1.96062076
3.83400 1.96045272
3.83500 1.96028474
3.83600 1.96011682
3.83700 1.95994895
3.83800 1.95978114
3.83900 1.95961339
3.84000 1.95944570
3.84100 1.95927806
3.84200 1.95911049
3.84300 1.95894296
3.84400 1.95877550
3.84500 1.95860810
3.84600 1.95844075
3.84700 1.95827346
3.84800 1.95810622
3.84900 1.95793905
3.85000 1.95777193
3.85100 1.95760487
3.85200 1.95743786
3.85300 1.95727091
3.85400 1.95710402
3.85500 1.95693719
3.85600 1.95677042
3.85700 1.95660370
3.85800 1.95643703
3.85900 1.95627043
3.86000 1.95610388
3.86100 1.95593739
3.86200 1.95577096
3.86300 1.95560458
3.86400 1.95543826
3.86500 1.95527199
3.86600 1.95510579
3.86700 1.95493964
3.86800 1.95477354
3.86900 1.95460750
3.87000 1.95444152
3.87100 1.95427560
3.87200 1.95410973
3.87300 1.95394392
3.87400 1.95377817
3.87500 1.95361247
3.87600 1.95344683
3.87700 1.95328124
3.87800 1.95311571
3.87900 1.95295024
3.88000 1.95278482
3.88100 1.95261946
3.88200 1.95245416
3.88300 1.95228891
3.88400 1.95212372
3.88500 1.95195858
3.88600 1.95179350
3.88700 1.95162848
3.88800 1.95146351
3.88900 1.95129860
3.89000 1.95113374
3.89100 1.95096894
3.89200 1.95080420
3.89300 1.95063951
3.89400 1.95047488
3.89500 1.95031030
3.89600 1.95014578
3.89700 1.94998131
3.89800 1.94981690
3.89900 1.94965255
3.90000 1.94948825
3.90100 1.94932401
3.90200 1.94915982
3.90300 1.94899569
3.90400 1.94883161
3.90500 1.94866759
3.90600 1.94850363
3.90700 1.94833971
3.90800 1.94817586
3.90900 1.94801206
3.91000 1.94784832
3.91100 1.94768463
3.91200 1.94752099
3.91300 1.94735741
3.91400 1.94719389
3.91500 1.94703042
3.91600 1.94686701
3.91700 1.94670365
3.91800 1.94654035
3.91900 1.94637710
3.92000 1.94621390
3.92100 1.94605076
3.92200 1.94588768
3.92300 1.94572465
3.92400 1.94556168
3.92500 1.94539876
3.92600 1.94523589
3.92700 1.94507308
3.92800 1.94491033
3.92900 1.94474763
3.93000 1.94458498
3.93100 1.94442239
3.93200 1.94425985
3.93300 1.94409737
3.93400 1.94393494
3.93500 1.94377257
3.93600 1.94361025
3.93700 1.94344798
3.93800 1.94328577
3.93900 1.94312362
3.94000 1.94296152
3.94100 1.94279947
3.94200 1.94263747
3.94300 1.94247554
3.94400 1.94231365
3.94500 1.94215182
3.94600 1.94199004
3.94700 1.94182832
3.94800 1.94166665
3.94900 1.94150504
3.95000 1.94134348
3.95100 1.94118197
3.95200 1.94102052
3.95300 1.94085912
3.95400 1.94069777
3.95500 1.94053648
3.95600 1.94037524
3.95700 1.94021406
3.95800 1.94005293
3.95900 1.93989185
3.96000 1.93973083
3.96100 1.93956986
3.96200 1.93940895
3.96300 1.93924809
3.96400 1.93908728
3.96500 1.93892652
3.96600 1.93876582
3.96700 1.93860517
3.96800 1.93844458
3.96900 1.93828404
3.97000 1.93812355
3.97100 1.93796312
3.97200 1.93780273
3.97300 1.93764241
3.97400 1.93748213
3.97500 1.93732191
3.97600 1.93716174
3.97700 1.93700163
3.97800 1.93684157
3.97900 1.93668156
3.98000 1.93652160
3.98100 1.93636170
3.98200 1.93620185
3.98300 1.93604205
3.98400 1.93588231
3.98500 1.93572262
3.98600 1.93556298
3.98700 1.93540339
3.98800 1.93524386
3.98900 1.93508438
3.99000 1.93492495
3.99100 1.93476558
3.99200 1.93460625
3.99300 1.93444699
3.99400 1.93428777
3.99500 1.93412860
3.99600 1.93396949
3.99700 1.93381043
3.99800 1.93365143
3.99900 1.93349247
4.00000 1.93333357
4.00100 1.93317472
4.00200 1.93301593
4.00300 1.93285718
4.00400 1.93269849
4.00500 1.93253985
4.00600 1.93238126
4.00700 1.93222273
4.00800 1.93206424
4.00900 1.93190581
4.01000 1.93174743
4.01100 1.93158911
4.01200 1.93143083
4.01300 1.93127261
4.01400 1.93111444
4.01500 1.93095632
4.01600 1.93079825
4.01700 1.93064024
4.01800 1.93048227
4.01900 1.93032436
4.02000 1.93016650
4.02100 1.93000869
4.02200 1.92985094
4.02300 1.92969323
4.02400 1.92953558
4.02500 1.92937798
4.02600 1.92922043
4.02700 1.92906294
4.02800 1.92890549
4.02900 1.92874810
4.03000 1.92859075
4.03100 1.92843346
4.03200 1.92827622
4.03300 1.92811903
4.03400 1.92796190
4.03500 1.92780481
4.03600 1.92764778
4.03700 1.92749079
4.03800 1.92733386
4.03900 1.92717698
4.04000 1.92702015
4.04100 1.92686337
4.04200 1.92670665
4.04300 1.92654997
4.04400 1.92639335
4.04500 1.92623677
4.04600 1.92608025
4.04700 1.92592378
4.04800 1.92576736
4.04900 1.92561099
4.05000 1.92545467
4.05100 1.92529840
4.05200 1.92514219
4.05300 1.92498602
4.05400 1.92482991
4.05500 1.92467384
4.05600 1.92451783
4.05700 1.92436187
4.05800 1.92420595
4.05900 1.92405009
4.06000 1.92389428
4.06100 1.92373852
4.06200 1.92358281
4.06300 1.92342715
4.06400 1.92327155
4.06500 1.92311599
4.06600 1.92296048
4.06700 1.92280502
4.06800 1.92264962
4.06900 1.92249426
4.07000 1.92233896
4.07100 1.92218370
4.07200 1.92202850
4.07300 1.92187334
4.07400 1.92171824
4.07500 1.92156318
4.07600 1.92140818
4.07700 1.92125322
4.07800 1.92109832
4.07900 1.92094347
4.08000 1.92078866
4.08100 1.92063391
4.08200 1.92047921
4.08300 1.92032455
4.08400 1.92016995
4.08500 1.92001540
4.08600 1.91986089
4.08700 1.91970644
4.08800 1.91955203
4.08900 1.91939768
4.09000 1.91924338
4.09100 1.91908912
4.09200 1.91893492
4.09300 1.91878076
4.09400 1.91862666
4.09500 1.91847260
4.09600 1.91831859
4.09700 1.91816464
4.09800 1.91801073
4.09900 1.91785687
4.10000 1.91770307
4.10100 1.91754931
4.10200 1.91739560
4.10300 1.91724194
4.10400 1.91708833
4.10500 1.91693477
4.10600 1.91678126
4.10700 1.91662779
4.10800 1.91647438
4.10900 1.91632102
4.11000 1.91616770
4.11100 1.91601444
4.11200 1.91586122
4.11300 1.91570806
4.11400 1.91555494
4.11500 1.91540187
4.11600 1.91524885
4.11700 1.91509588
4.11800 1.91494296
4.11900 1.91479009
4.12000 1.91463726
4.12100 1.91448449
4.12200 1.91433176
4.12300 1.91417909
4.12400 1.91402646
4.12500 1.91387388
4.12600 1.91372135
4.12700 1.91356887
4.12800 1.91341644
4.12900 1.91326405
4.13000 1.91311172
4.13100 1.91295943
4.13200 1.91280719
4.13300 1.91265500
4.13400 1.91250286
4.13500 1.91235077
4.13600 1.91219873
4.13700 1.91204673
4.13800 1.91189478
4.13900 1.91174288
4.14000 1.91159103
4.14100 1.91143923
4.14200 1.91128748
4.14300 1.91113578
4.14400 1.91098412
4.14500 1.91083251
4.14600 1.91068095
4.14700 1.91052944
4.14800 1.91037798
4.14900 1.91022656
4.15000 1.91007519
4.15100 1.90992387
4.15200 1.90977260
4.15300 1.90962138
4.15400 1.90947020
4.15500 1.90931908
4.15600 1.90916800
4.15700 1.90901697
4.15800 1.90886598
4.15900 1.90871505
4.16000 1.90856416
4.16100 1.90841332
4.16200 1.90826253
4.16300 1.90811179
4.16400 1.90796109
4.16500 1.90781044
4.16600 1.90765984
4.16700 1.90750929
4.16800 1.90735879
4.16900 1.90720833
4.17000 1.90705792
4.17100 1.90690756
4.17200 1.90675724
4.17300 1.90660697
4.17400 1.90645675
4.17500 1.90630658
4.17600 1.90615646
4.17700 1.90600638
4.17800 1.90585635
4.17900 1.90570637
4.18000 1.90555643
4.18100 1.90540654
4.18200 1.90525670
4.18300 1.90510691
4.18400 1.90495716
4.18500 1.90480747
4.18600 1.90465781
4.18700 1.90450821
4.18800 1.90435865
4.18900 1.90420914
4.19000 1.90405968
4.19100 1.90391026
4.19200 1.90376089
4.19300 1.90361157
4.19400 1.90346230
4.19500 1.90331307
4.19600 1.90316389
4.19700 1.90301475
4.19800 1.90286567
4.19900 1.90271663
4.20000 1.90256763
4.20100 1.90241869
4.20200 1.90226979
4.20300 1.90212093
4.20400 1.90197213
4.20500 1.90182337
4.20600 1.90167465
4.20700 1.90152599
4.20800 1.90137737
4.20900 1.90122879
4.21000 1.90108027
4.21100 1.90093179
4.21200 1.90078335
4.21300 1.90063497
4.21400 1.90048662
4.21500 1.90033833
4.21600 1.90019008
4.21700 1.90004188
4.21800 1.89989373
4.21900 1.89974562
4.22000 1.89959755
4.22100 1.89944954
4.22200 1.89930157
4.22300 1.89915365
4.22400 1.89900577
4.22500 1.89885794
4.22600 1.89871015
4.22700 1.89856241
4.22800 1.89841472
4.22900 1.89826707
4.23000 1.89811947
4.23100 1.89797192
4.23200 1.89782441
4.23300 1.89767695
4.23400 1.89752953
4.23500 1.89738216
4.23600 1.89723484
4.23700 1.89708756
4.23800 1.89694032
4.23900 1.89679314
4.24000 1.89664600
4.24100 1.89649890
4.24200 1.89635185
4.24300 1.89620485
4.24400 1.89605789
4.24500 1.89591098
4.24600 1.89576411
4.24700 1.89561729
4.24800 1.89547051
4.24900 1.89532378
4.25000 1.89517710
4.25100 1.89503046
4.25200 1.89488386
4.25300 1.89473732
4.25400 1.89459081
4.25500 1.89444436
4.25600 1.89429795
4.25700 1.89415158
4.25800 1.89400526
4.25900 1.89385898
4.26000 1.89371275
4.26100 1.89356657
4.26200 1.89342043
4.26300 1.89327433
4.26400 1.89312829
4.26500 1.89298228
4.26600 1.89283632
4.26700 1.89269041
4.26800 1.89254454
4.26900 1.89239872
4.27000 1.89225294
4.27100 1.89210721
4.27200 1.89196152
4.27300 1.89181587
4.27400 1.89167028
4.27500 1.89152472
4.27600 1.89137921
4.27700 1.89123375
4.27800 1.89108833
4.27900 1.89094296
4.28000 1.89079763
4.28100 1.89065235
4.28200 1.89050711
4.28300 1.89036191
4.28400 1.89021676
4.28500 1.89007166
4.28600 1.88992660
4.28700 1.88978158
4.28800 1.88963661
4.28900 1.88949168
4.29000 1.88934680
4.29100 1.88920196
4.29200 1.88905717
4.29300 1.88891242
4.29400 1.88876772
4.29500 1.88862306
4.29600 1.88847844
4.29700 1.88833387
4.29800 1.88818935
4.29900 1.88804487
4.30000 1.88790043
4.30100 1.88775604
4.30200 1.88761169
4.30300 1.88746738
4.30400 1.88732312
4.30500 1.88717891
4.30600 1.88703473
4.30700 1.88689061
4.30800 1.88674652
4.30900 1.88660248
4.31000 1.88645849
4.31100 1.88631454
4.31200 1.88617063
4.31300 1.88602677
4.31400 1.88588295
4.31500 1.88573917
4.31600 1.88559544
4.31700 1.88545176
4.31800 1.88530811
4.31900 1.88516451
4.32000 1.88502096
4.32100 1.88487745
4.32200 1.88473398
4.32300 1.88459056
4.32400 1.88444718
4.32500 1.88430384
4.32600 1.88416055
4.32700 1.88401730
4.32800 1.88387409
4.32900 1.88373093
4.33000 1.88358781
4.33100 1.88344474
4.33200 1.88330171
4.33300 1.88315872
4.33400 1.88301578
4.33500 1.88287288
4.33600 1.88273002
4.33700 1.88258721
4.33800 1.88244444
4.33900 1.88230171
4.34000 1.88215903
4.34100 1.88201639
4.34200 1.88187379
4.34300 1.88173124
4.34400 1.88158873
4.34500 1.88144627
4.34600 1.88130384
4.34700 1.88116146
4.34800 1.88101913
4.34900 1.88087684
4.35000 1.88073459
4.35100 1.88059238
4.35200 1.88045022
4.35300 1.88030810
4.35400 1.88016602
4.35500 1.88002398
4.35600 1.87988199
4.35700 1.87974004
4.35800 1.87959814
4.35900 1.87945628
4.36000 1.87931446
4.36100 1.87917268
4.36200 1.87903095
4.36300 1.87888926
4.36400 1.87874761
4.36500 1.87860600
4.36600 1.87846444
4.36700 1.87832292
4.36800 1.87818145
4.36900 1.87804001
4.37000 1.87789862
4.37100 1.87775727
4.37200 1.87761597
4.37300 1.87747470
4.37400 1.87733348
4.37500 1.87719231
4.37600 1.87705117
4.37700 1.87691008
4.37800 1.87676903
4.37900 1.87662802
4.38000 1.87648706
4.38100 1.87634613
4.38200 1.87620525
4.38300 1.87606442
4.38400 1.87592362
4.38500 1.87578287
4.38600 1.87564216
4.38700 1.87550149
4.38800 1.87536086
4.38900 1.87522028
4.39000 1.87507974
4.39100 1.87493924
4.39200 1.87479878
4.39300 1.87465837
4.39400 1.87451799
4.39500 1.87437766
4.39600 1.87423738
4.39700 1.87409713
4.39800 1.87395693
4.39900 1.87381676
4.40000 1.87367665
4.40100 1.87353657
4.40200 1.87339653
4.40300 1.87325654
4.40400 1.87311659
4.40500 1.87297668
4.40600 1.87283681
4.40700 1.87269698
4.40800 1.87255720
4.40900 1.87241746
4.41000 1.87227776
4.41100 1.87213810
4.41200 1.87199848
4.41300 1.87185890
4.41400 1.87171937
4.41500 1.87157988
4.41600 1.87144043
4.41700 1.87130102
4.41800 1.87116166
4.41900 1.87102233
4.42000 1.87088305
4.42100 1.87074381
4.42200 1.87060461
4.42300 1.87046545
4.42400 1.87032633
4.42500 1.87018725
4.42600 1.87004822
4.42700 1.86990923
4.42800 1.86977028
4.42900 1.86963137
4.43000 1.86949250
4.43100 1.86935367
4.43200 1.86921489
4.43300 1.86907614
4.43400 1.86893744
4.43500 1.86879878
4.43600 1.86866016
4.43700 1.86852158
4.43800 1.86838304
4.43900 1.86824454
4.44000 1.86810609
4.44100 1.86796767
4.44200 1.86782930
4.44300 1.86769097
4.44400 1.86755268
4.44500 1.86741443
4.44600 1.86727622
4.44700 1.86713805
4.44800 1.86699992
4.44900 1.86686184
4.45000 1.86672379
4.45100 1.86658579
4.45200 1.86644782
4.45300 1.86630990
4.45400 1.86617202
4.45500 1.86603418
4.45600 1.86589638
4.45700 1.86575862
4.45800 1.86562090
4.45900 1.86548323
4.46000 1.86534559
4.46100 1.86520799
4.46200 1.86507044
4.46300 1.86493292
4.46400 1.86479545
4.46500 1.86465802
4.46600 1.86452063
4.46700 1.86438327
4.46800 1.86424596
4.46900 1.86410869
4.47000 1.86397146
4.47100 1.86383427
4.47200 1.86369712
4.47300 1.86356002
4.47400 1.86342295
4.47500 1.86328592
4.47600 1.86314893
4.47700 1.86301199
4.47800 1.86287508
4.47900 1.86273821
4.48000 1.86260139
4.48100 1.86246460
4.48200 1.86232786
4.48300 1.86219115
4.48400 1.86205449
4.48500 1.86191786
4.48600 1.86178128
4.48700 1.86164474
4.48800 1.86150823
4.48900 1.86137177
4.49000 1.86123534
4.49100 1.86109896
4.49200 1.86096262
4.49300 1.86082631
4.49400 1.86069005
4.49500 1.86055383
4.49600 1.86041764
4.49700 1.86028150
4.49800 1.86014540
4.49900 1.86000933
4.50000 1.85987331
4.50100 1.85973733
4.50200 1.85960138
4.50300 1.85946548
4.50400 1.85932962
4.50500 1.85919379
4.50600 1.85905801
4.50700 1.85892226
4.50800 1.85878656
4.50900 1.85865089
4.51000 1.85851527
4.51100 1.85837968
4.51200 1.85824414
4.51300 1.85810863
4.51400 1.85797316
4.51500 1.85783774
4.51600 1.85770235
4.51700 1.85756700
4.51800 1.85743169
4.51900 1.85729643
4.52000 1.85716120
4.52100 1.85702601
4.52200 1.85689086
4.52300 1.85675575
4.52400 1.85662067
4.52500 1.85648564
4.52600 1.85635065
4.52700 1.85621570
4.52800 1.85608078
4.52900 1.85594591
4.53000 1.85581107
4.53100 1.85567628
4.53200 1.85554152
4.53300 1.85540680
4.53400 1.85527212
4.53500 1.85513749
4.53600 1.85500289
4.53700 1.85486833
4.53800 1.85473380
4.53900 1.85459932
4.54000 1.85446488
4.54100 1.85433047
4.54200 1.85419611
4.54300 1.85406178
4.54400 1.85392750
4.54500 1.85379325
4.54600 1.85365904
4.54700 1.85352487
4.54800 1.85339074
4.54900 1.85325665
4.55000 1.85312259
4.55100 1.85298858
4.55200 1.85285460
4.55300 1.85272067
4.55400 1.85258677
4.55500 1.85245291
4.55600 1.85231909
4.55700 1.85218531
4.55800 1.85205157
4.55900 1.85191786
4.56000 1.85178420
4.56100 1.85165057
4.56200 1.85151699
4.56300 1.85138344
4.56400 1.85124993
4.56500 1.85111645
4.56600 1.85098302
4.56700 1.85084963
4.56800 1.85071627
4.56900 1.85058295
4.57000 1.85044967
4.57100 1.85031643
4.57200 1.85018323
4.57300 1.85005007
4.57400 1.84991694
4.57500 1.84978386
4.57600 1.84965081
4.57700 1.84951780
4.57800 1.84938483
4.57900 1.84925189
4.58000 1.84911900
4.58100 1.84898614
4.58200 1.84885332
4.58300 1.84872054
4.58400 1.84858780
4.58500 1.84845510
4.58600 1.84832243
4.58700 1.84818981
4.58800 1.84805722
4.58900 1.84792467
4.59000 1.84779215
4.59100 1.84765968
4.59200 1.84752724
4.59300 1.84739484
4.59400 1.84726248
4.59500 1.84713016
4.59600 1.84699788
4.59700 1.84686563
4.59800 1.84673342
4.59900 1.84660125
4.60000 1.84646912
4.60100 1.84633703
4.60200 1.84620497
4.60300 1.84607295
4.60400 1.84594097
4.60500 1.84580903
4.60600 1.84567712
4.60700 1.84554526
4.60800 1.84541343
4.60900 1.84528163
4.61000 1.84514988
4.61100 1.84501816
4.61200 1.84488649
4.61300 1.84475485
4.61400 1.84462324
4.61500 1.84449168
4.61600 1.84436015
4.61700 1.84422866
4.61800 1.84409721
4.61900 1.84396579
4.62000 1.84383441
4.62100 1.84370307
4.62200 1.84357177
4.62300 1.84344051
4.62400 1.84330928
4.62500 1.84317809
4.62600 1.84304694
4.62700 1.84291582
4.62800 1.84278474
4.62900 1.84265370
4.63000 1.84252270
4.63100 1.84239174
4.63200 1.84226081
4.63300 1.84212992
4.63400 1.84199906
4.63500 1.84186825
4.63600 1.84173747
4.63700 1.84160673
4.63800 1.84147602
4.63900 1.84134535
4.64000 1.84121472
4.64100 1.84108413
4.64200 1.84095357
4.64300 1.84082306
4.64400 1.84069257
4.64500 1.84056213
4.64600 1.84043172
4.64700 1.84030135
4.64800 1.84017102
4.64900 1.84004072
4.65000 1.83991046
4.65100 1.83978024
4.65200 1.83965006
4.65300 1.83951991
4.65400 1.83938980
4.65500 1.83925972
4.65600 1.83912968
4.65700 1.83899968
4.65800 1.83886972
4.65900 1.83873979
4.66000 1.83860990
4.66100 1.83848005
4.66200 1.83835023
4.66300 1.83822045
4.66400 1.83809071
4.66500 1.83796100
4.66600 1.83783133
4.66700 1.83770170
4.66800 1.83757210
4.66900 1.83744254
4.67000 1.83731302
4.67100 1.83718354
4.67200 1.83705409
4.67300 1.83692467
4.67400 1.83679530
4.67500 1.83666596
4.67600 1.83653665
4.67700 1.83640738
4.67800 1.83627815
4.67900 1.83614896
4.68000 1.83601980
4.68100 1.83589068
4.68200 1.83576160
4.68300 1.83563255
4.68400 1.83550354
4.68500 1.83537456
4.68600 1.83524562
4.68700 1.83511672
4.68800 1.83498785
4.68900 1.83485902
4.69000 1.83473023
4.69100 1.83460147
4.69200 1.83447275
4.69300 1.83434406
4.69400 1.83421541
4.69500 1.83408680
4.69600 1.83395822
4.69700 1.83382968
4.69800 1.83370118
4.69900 1.83357271
4.70000 1.83344428
4.70100 1.83331588
4.70200 1.83318752
4.70300 1.83305920
4.70400 1.83293091
4.70500 1.83280266
4.70600 1.83267444
4.70700 1.83254626
4.70800 1.83241812
4.70900 1.83229001
4.71000 1.83216194
4.71100 1.83203390
4.71200 1.83190590
4.71300 1.83177794
4.71400 1.83165001
4.71500 1.83152212
4.71600 1.83139426
4.71700 1.83126644
4.71800 1.83113865
4.71900 1.83101090
4.72000 1.83088319
4.72100 1.83075551
4.72200 1.83062787
4.72300 1.83050026
4.72400 1.83037269
4.72500 1.83024516
4.72600 1.83011766
4.72700 1.82999019
4.72800 1.82986276
4.72900 1.82973537
4.73000 1.82960801
4.73100 1.82948069
4.73200 1.82935340
4.73300 1.82922615
4.73400 1.82909894
4.73500 1.82897176
4.73600 1.82884461
4.73700 1.82871750
4.73800 1.82859043
4.73900 1.82846339
4.74000 1.82833639
4.74100 1.82820942
4.74200 1.82808249
4.74300 1.82795559
4.74400 1.82782873
4.74500 1.82770191
4.74600 1.82757512
4.74700 1.82744836
4.74800 1.82732164
4.74900 1.82719496
4.75000 1.82706831
4.75100 1.82694169
4.75200 1.82681511
4.75300 1.82668857
4.75400 1.82656206
4.75500 1.82643559
4.75600 1.82630915
4.75700 1.82618275
4.75800 1.82605638
4.75900 1.82593004
4.76000 1.82580375
4.76100 1.82567748
4.76200 1.82555125
4.76300 1.82542506
4.76400 1.82529890
4.76500 1.82517278
4.76600 1.82504669
4.76700 1.82492064
4.76800 1.82479462
4.76900 1.82466864
4.77000 1.82454269
4.77100 1.82441677
4.77200 1.82429089
4.77300 1.82416505
4.77400 1.82403924
4.77500 1.82391347
4.77600 1.82378773
4.77700 1.82366202
4.77800 1.82353635
4.77900 1.82341072
4.78000 1.82328512
4.78100 1.82315955
4.78200 1.82303402
4.78300 1.82290852
4.78400 1.82278306
4.78500 1.82265763
4.78600 1.82253224
4.78700 1.82240688
4.78800 1.82228156
4.78900 1.82215627
4.79000 1.82203101
4.79100 1.82190579
4.79200 1.82178061
4.79300 1.82165546
4.79400 1.82153034
4.79500 1.82140526
4.79600 1.82128021
4.79700 1.82115520
4.79800 1.82103022
4.79900 1.82090528
4.80000 1.82078037
4.80100 1.82065549
4.80200 1.82053065
4.80300 1.82040584
4.80400 1.82028107
4.80500 1.82015633
4.80600 1.82003163
4.80700 1.81990696
4.80800 1.81978232
4.80900 1.81965772
4.81000 1.81953315
4.81100 1.81940862
4.81200 1.81928412
4.81300 1.81915966
4.81400 1.81903523
4.81500 1.81891083
4.81600 1.81878647
4.81700 1.81866214
4.81800 1.81853785
4.81900 1.81841359
4.82000 1.81828936
4.82100 1.81816517
4.82200 1.81804101
4.82300 1.81791689
4.82400 1.81779280
4.82500 1.81766874
4.82600 1.81754472
4.82700 1.81742073
4.82800 1.81729678
4.82900 1.81717286
4.83000 1.81704897
4.83100 1.81692512
4.83200 1.81680130
4.83300 1.81667752
4.83400 1.81655377
4.83500 1.81643005
4.83600 1.81630637
4.83700 1.81618272
4.83800 1.81605910
4.83900 1.81593552
4.84000 1.81581197
4.84100 1.81568846
4.84200 1.81556498
4.84300 1.81544153
4.84400 1.81531812
4.84500 1.81519474
4.84600 1.81507139
4.84700 1.81494808
4.84800 1.81482480
4.84900 1.81470156
4.85000 1.81457835
4.85100 1.81445517
4.85200 1.81433202
4.85300 1.81420891
4.85400 1.81408583
4.85500 1.81396279
4.85600 1.81383978
4.85700 1.81371680
4.85800 1.81359386
4.85900 1.81347095
4.86000 1.81334807
4.86100 1.81322523
4.86200 1.81310242
4.86300 1.81297964
4.86400 1.81285690
4.86500 1.81273419
4.86600 1.81261151
4.86700 1.81248887
4.86800 1.81236626
4.86900 1.81224368
4.87000 1.81212114
4.87100 1.81199863
4.87200 1.81187615
4.87300 1.81175371
4.87400 1.81163130
4.87500 1.81150892
4.87600 1.81138657
4.87700 1.81126426
4.87800 1.81114198
4.87900 1.81101974
4.88000 1.81089753
4.88100 1.81077535
4.88200 1.81065320
4.88300 1.81053109
4.88400 1.81040901
4.88500 1.81028696
4.88600 1.81016495
4.88700 1.81004297
4.88800 1.80992102
4.88900 1.80979911
4.89000 1.80967722
4.89100 1.80955537
4.89200 1.80943356
4.89300 1.80931177
4.89400 1.80919002
4.89500 1.80906831
4.89600 1.80894662
4.89700 1.80882497
4.89800 1.80870335
4.89900 1.80858177
4.90000 1.80846021
4.90100 1.80833869
4.90200 1.80821720
4.90300 1.80809575
4.90400 1.80797433
4.90500 1.80785294
4.90600 1.80773158
4.90700 1.80761025
4.90800 1.80748896
4.90900 1.80736770
4.91000 1.80724648
4.91100 1.80712528
4.91200 1.80700412
4.91300 1.80688299
4.91400 1.80676190
4.91500 1.80664083
4.91600 1.80651980
4.91700 1.80639880
4.91800 1.80627784
4.91900 1.80615690
4.92000 1.80603600
4.92100 1.80591513
4.92200 1.80579430
4.92300 1.80567349
4.92400 1.80555272
4.92500 1.80543198
4.92600 1.80531128
4.92700 1.80519060
4.92800 1.80506996
4.92900 1.80494935
4.93000 1.80482878
4.93100 1.80470823
4.93200 1.80458772
4.93300 1.80446724
4.93400 1.80434679
4.93500 1.80422637
4.93600 1.80410599
4.93700 1.80398564
4.93800 1.80386532
4.93900 1.80374503
4.94000 1.80362478
4.94100 1.80350456
4.94200 1.80338436
4.94300 1.80326421
4.94400 1.80314408
4.94500 1.80302399
4.94600 1.80290392
4.94700 1.80278389
4.94800 1.80266390
4.94900 1.80254393
4.95000 1.80242400
4.95100 1.80230409
4.95200 1.80218422
4.95300 1.80206439
4.95400 1.80194458
4.95500 1.80182481
4.95600 1.80170506
4.95700 1.80158535
4.95800 1.80146568
4.95900 1.80134603
4.96000 1.80122641
4.96100 1.80110683
4.96200 1.80098728
4.96300 1.80086776
4.96400 1.80074827
4.96500 1.80062882
4.96600 1.80050940
4.96700 1.80039000
4.96800 1.80027064
4.96900 1.80015132
4.97000 1.80003202
4.97100 1.79991275
4.97200 1.79979352
4.97300 1.79967432
4.97400 1.79955515
4.97500 1.79943601
4.97600 1.79931690
4.97700 1.79919783
4.97800 1.79907879
4.97900 1.79895977
4.98000 1.79884079
4.98100 1.79872184
4.98200 1.79860293
4.98300 1.79848404
4.98400 1.79836519
4.98500 1.79824636
4.98600 1.79812757
4.98700 1.79800881
4.98800 1.79789009
4.98900 1.79777139
4.99000 1.79765272
4.99100 1.79753409
4.99200 1.79741549
4.99300 1.79729692
4.99400 1.79717838
4.99500 1.79705987
4.99600 1.79694139
4.99700 1.79682294
4.99800 1.79670453
4.99900 1.79658615
5.00000 1.79646780
