1 1.0000000000e+00 1.5757470480e-01
1 1.0039062500e+00 1.5675101704e-01
1 1.0078125000e+00 1.5592175995e-01
1 1.0117187500e+00 1.5508750336e-01
1 1.0156250000e+00 1.5424879107e-01
1 1.0195312500e+00 1.5340614127e-01
1 1.0234375000e+00 1.5256004781e-01
1 1.0273437500e+00 1.5171097982e-01
1 1.0312500000e+00 1.5085938407e-01
1 1.0351562500e+00 1.5000568660e-01
1 1.0390625000e+00 1.4915029202e-01
1 1.0429687500e+00 1.4829358492e-01
1 1.0468750000e+00 1.4743593591e-01
1 1.0507812500e+00 1.4657768480e-01
1 1.0546875000e+00 1.4571917044e-01
1 1.0585937500e+00 1.4486070243e-01
1 1.0625000000e+00 1.4400257934e-01
1 1.0664062500e+00 1.4314508748e-01
1 1.0703125000e+00 1.4228849602e-01
1 1.0742187500e+00 1.4143305878e-01
1 1.0781250000e+00 1.4057901285e-01
1 1.0820312500e+00 1.3972660905e-01
1 1.0859375000e+00 1.3887601935e-01
1 1.0898437500e+00 1.3802750363e-01
1 1.0937500000e+00 1.3718123135e-01
1 1.0976562500e+00 1.3633737159e-01
1 1.1015625000e+00 1.3549612146e-01
1 1.1054687500e+00 1.3465764431e-01
1 1.1093750000e+00 1.3382209081e-01
1 1.1132812500e+00 1.3298960611e-01
1 1.1171875000e+00 1.3216032403e-01
1 1.1210937500e+00 1.3133437615e-01
1 1.1250000000e+00 1.3051189053e-01
1 1.1289062500e+00 1.2969298504e-01
1 1.1328125000e+00 1.2887776197e-01
1 1.1367187500e+00 1.2806632299e-01
1 1.1406250000e+00 1.2725876533e-01
1 1.1445312500e+00 1.2645517361e-01
1 1.1484375000e+00 1.2565563530e-01
1 1.1523437500e+00 1.2486022267e-01
1 1.1562500000e+00 1.2406901003e-01
1 1.1601562500e+00 1.2328205719e-01
1 1.1640625000e+00 1.2249945376e-01
1 1.1679687500e+00 1.2172120369e-01
1 1.1718750000e+00 1.2094742195e-01
1 1.1757812500e+00 1.2017812072e-01
1 1.1796875000e+00 1.1941333592e-01
1 1.1835937500e+00 1.1865313960e-01
1 1.1875000000e+00 1.1789755593e-01
1 1.1914062500e+00 1.1714660401e-01
1 1.1953125000e+00 1.1640032133e-01
1 1.1992187500e+00 1.1565874475e-01
1 1.2031250000e+00 1.1492189478e-01
1 1.2070312500e+00 1.1418978635e-01
1 1.2109375000e+00 1.1346243291e-01
1 1.2148437500e+00 1.1273985457e-01
1 1.2187500000e+00 1.1202206902e-01
1 1.2226562500e+00 1.1130908805e-01
1 1.2265625000e+00 1.1060091275e-01
1 1.2304687500e+00 1.0989754974e-01
1 1.2343750000e+00 1.0919899823e-01
1 1.2382812500e+00 1.0850527005e-01
1 1.2421875000e+00 1.0781634979e-01
1 1.2460937500e+00 1.0713226995e-01
1 1.2500000000e+00 1.0645297251e-01
1 1.2539062500e+00 1.0577851115e-01
1 1.2578125000e+00 1.0510883916e-01
1 1.2617187500e+00 1.0444395255e-01
1 1.2656250000e+00 1.0378386093e-01
1 1.2695312500e+00 1.0312853645e-01
1 1.2734375000e+00 1.0247795986e-01
1 1.2773437500e+00 1.0183214134e-01
1 1.2812500000e+00 1.0119105574e-01
1 1.2851562500e+00 1.0055468533e-01
1 1.2890625000e+00 9.9923007062e-02
1 1.2929687500e+00 9.9296018695e-02
1 1.2968750000e+00 9.8673694923e-02
1 1.3007812500e+00 9.8056016391e-02
1 1.3046875000e+00 9.7442954606e-02
1 1.3085937500e+00 9.6834493244e-02
1 1.3125000000e+00 9.6230617677e-02
1 1.3164062500e+00 9.5631303452e-02
1 1.3203125000e+00 9.5036530381e-02
1 1.3242187500e+00 9.4446258807e-02
1 1.3281250000e+00 9.3860487579e-02
1 1.3320312500e+00 9.3279163666e-02
1 1.3359375000e+00 9.2702298399e-02
1 1.3398437500e+00 9.2129845317e-02
1 1.3437500000e+00 9.1561773528e-02
1 1.3476562500e+00 9.0998076390e-02
1 1.3515625000e+00 9.0438705794e-02
1 1.3554687500e+00 8.9883638108e-02
1 1.3593750000e+00 8.9332864969e-02
1 1.3632812500e+00 8.8786345238e-02
1 1.3671875000e+00 8.8244044350e-02
1 1.3710937500e+00 8.7705948656e-02
1 1.3750000000e+00 8.7172027363e-02
1 1.3789062500e+00 8.6642250145e-02
1 1.3828125000e+00 8.6116573549e-02
1 1.3867187500e+00 8.5594987136e-02
1 1.3906250000e+00 8.5077463496e-02
1 1.3945312500e+00 8.4563970010e-02
1 1.3984375000e+00 8.4054470528e-02
1 1.4023437500e+00 8.3548945134e-02
1 1.4062500000e+00 8.3047355452e-02
1 1.4101562500e+00 8.2549694767e-02
1 1.4140625000e+00 8.2055899054e-02
1 1.4179687500e+00 8.1565971067e-02
1 1.4218750000e+00 8.1079854704e-02
1 1.4257812500e+00 8.0597534263e-02
1 1.4296875000e+00 8.0118991819e-02
1 1.4335937500e+00 7.9644183350e-02
1 1.4375000000e+00 7.9173081745e-02
1 1.4414062500e+00 7.8705663013e-02
1 1.4453125000e+00 7.8241891728e-02
1 1.4492187500e+00 7.7781736923e-02
1 1.4531250000e+00 7.7325184094e-02
1 1.4570312500e+00 7.6872197098e-02
1 1.4609375000e+00 7.6422738859e-02
1 1.4648437500e+00 7.5976786782e-02
1 1.4687500000e+00 7.5534314483e-02
1 1.4726562500e+00 7.5095293914e-02
1 1.4765625000e+00 7.4659690099e-02
1 1.4804687500e+00 7.4227478552e-02
1 1.4843750000e+00 7.3798643352e-02
1 1.4882812500e+00 7.3373137106e-02
1 1.4921875000e+00 7.2950952825e-02
1 1.4960937500e+00 7.2532031775e-02
1 1.5000000000e+00 7.2116376033e-02
1 1.5039062500e+00 7.1703946469e-02
1 1.5078125000e+00 7.1294716910e-02
1 1.5117187500e+00 7.0888666950e-02
1 1.5156250000e+00 7.0485753377e-02
1 1.5195312500e+00 7.0085962314e-02
1 1.5234375000e+00 6.9689271709e-02
1 1.5273437500e+00 6.9295642582e-02
1 1.5312500000e+00 6.8905051070e-02
1 1.5351562500e+00 6.8517474551e-02
1 1.5390625000e+00 6.8132888303e-02
1 1.5429687500e+00 6.7751258686e-02
1 1.5468750000e+00 6.7372572350e-02
1 1.5507812500e+00 6.6996802539e-02
1 1.5546875000e+00 6.6623917927e-02
1 1.5585937500e+00 6.6253887461e-02
1 1.5625000000e+00 6.5886695575e-02
1 1.5664062500e+00 6.5522326280e-02
1 1.5703125000e+00 6.5160734668e-02
1 1.5742187500e+00 6.4801909834e-02
1 1.5781250000e+00 6.4445818891e-02
1 1.5820312500e+00 6.4092451730e-02
1 1.5859375000e+00 6.3741773799e-02
1 1.5898437500e+00 6.3393755995e-02
1 1.5937500000e+00 6.3048392192e-02
1 1.5976562500e+00 6.2705646597e-02
1 1.6015625000e+00 6.2365503699e-02
1 1.6054687500e+00 6.2027936873e-02
1 1.6093750000e+00 6.1692917160e-02
1 1.6132812500e+00 6.1360426889e-02
1 1.6171875000e+00 6.1030450125e-02
1 1.6210937500e+00 6.0702959852e-02
1 1.6250000000e+00 6.0377930306e-02
1 1.6289062500e+00 6.0055342816e-02
1 1.6328125000e+00 5.9735180788e-02
1 1.6367187500e+00 5.9417416031e-02
1 1.6406250000e+00 5.9102032841e-02
1 1.6445312500e+00 5.8789007753e-02
1 1.6484375000e+00 5.8478322283e-02
1 1.6523437500e+00 5.8169939758e-02
1 1.6562500000e+00 5.7863863862e-02
1 1.6601562500e+00 5.7560060369e-02
1 1.6640625000e+00 5.7258518944e-02
1 1.6679687500e+00 5.6959209736e-02
1 1.6718750000e+00 5.6662114759e-02
1 1.6757812500e+00 5.6367219317e-02
1 1.6796875000e+00 5.6074496674e-02
1 1.6835937500e+00 5.5783931728e-02
1 1.6875000000e+00 5.5495506773e-02
1 1.6914062500e+00 5.5209200186e-02
1 1.6953125000e+00 5.4924998668e-02
1 1.6992187500e+00 5.4642880335e-02
1 1.7031250000e+00 5.4362822813e-02
1 1.7070312500e+00 5.4084808957e-02
1 1.7109375000e+00 5.3808829047e-02
1 1.7148437500e+00 5.3534862252e-02
1 1.7187500000e+00 5.3262885653e-02
1 1.7226562500e+00 5.2992882966e-02
1 1.7265625000e+00 5.2724836813e-02
1 1.7304687500e+00 5.2458733713e-02
1 1.7343750000e+00 5.2194546472e-02
1 1.7382812500e+00 5.1932275846e-02
1 1.7421875000e+00 5.1671890873e-02
1 1.7460937500e+00 5.1413378661e-02
1 1.7500000000e+00 5.1156724743e-02
1 1.7539062500e+00 5.0901912211e-02
1 1.7578125000e+00 5.0648929904e-02
1 1.7617187500e+00 5.0397748211e-02
1 1.7656250000e+00 5.0148358479e-02
1 1.7695312500e+00 4.9900749561e-02
1 1.7734375000e+00 4.9654900650e-02
1 1.7773437500e+00 4.9410800948e-02
1 1.7812500000e+00 4.9168430850e-02
1 1.7851562500e+00 4.8927777546e-02
1 1.7890625000e+00 4.8688825474e-02
1 1.7929687500e+00 4.8451560036e-02
1 1.7968750000e+00 4.8215966062e-02
1 1.8007812500e+00 4.7982025621e-02
1 1.8046875000e+00 4.7749732521e-02
1 1.8085937500e+00 4.7519069058e-02
1 1.8125000000e+00 4.7290021198e-02
1 1.8164062500e+00 4.7062569218e-02
1 1.8203125000e+00 4.6836707558e-02
1 1.8242187500e+00 4.6612417543e-02
1 1.8281250000e+00 4.6389687918e-02
1 1.8320312500e+00 4.6168506673e-02
1 1.8359375000e+00 4.5948855387e-02
1 1.8398437500e+00 4.5730723250e-02
1 1.8437500000e+00 4.5514094655e-02
1 1.8476562500e+00 4.5298961919e-02
1 1.8515625000e+00 4.5085313143e-02
1 1.8554687500e+00 4.4873130196e-02
1 1.8593750000e+00 4.4662401417e-02
1 1.8632812500e+00 4.4453118910e-02
1 1.8671875000e+00 4.4245267102e-02
1 1.8710937500e+00 4.4038836639e-02
1 1.8750000000e+00 4.3833811114e-02
1 1.8789062500e+00 4.3630178040e-02
1 1.8828125000e+00 4.3427927134e-02
1 1.8867187500e+00 4.3227049251e-02
1 1.8906250000e+00 4.3027529460e-02
1 1.8945312500e+00 4.2829357510e-02
1 1.8984375000e+00 4.2632522361e-02
1 1.9023437500e+00 4.2437018398e-02
1 1.9062500000e+00 4.2242822718e-02
1 1.9101562500e+00 4.2049929556e-02
1 1.9140625000e+00 4.1858328905e-02
1 1.9179687500e+00 4.1668009204e-02
1 1.9218750000e+00 4.1478960840e-02
1 1.9257812500e+00 4.1291173347e-02
1 1.9296875000e+00 4.1104635546e-02
1 1.9335937500e+00 4.0919336603e-02
1 1.9375000000e+00 4.0735261112e-02
1 1.9414062500e+00 4.0552406321e-02
1 1.9453125000e+00 4.0370763507e-02
1 1.9492187500e+00 4.0190316781e-02
1 1.9531250000e+00 4.0011055196e-02
1 1.9570312500e+00 3.9832972972e-02
1 1.9609375000e+00 3.9656060014e-02
1 1.9648437500e+00 3.9480305759e-02
1 1.9687500000e+00 3.9305700891e-02
1 1.9726562500e+00 3.9132234180e-02
1 1.9765625000e+00 3.8959898446e-02
1 1.9804687500e+00 3.8788683823e-02
1 1.9843750000e+00 3.8618583466e-02
1 1.9882812500e+00 3.8449581196e-02
1 1.9921875000e+00 3.8281672882e-02
1 1.9960937500e+00 3.8114850091e-02
1 2.0000000000e+00 3.7949100420e-02
1 2.0039062500e+00 3.7784418837e-02
1 2.0078125000e+00 3.7620795014e-02
1 2.0117187500e+00 3.7458222546e-02
1 2.0156250000e+00 3.7296692378e-02
1 2.0195312500e+00 3.7136194381e-02
1 2.0234375000e+00 3.6976719919e-02
1 2.0273437500e+00 3.6818260579e-02
1 2.0312500000e+00 3.6660806597e-02
1 2.0351562500e+00 3.6504353459e-02
1 2.0390625000e+00 3.6348894044e-02
1 2.0429687500e+00 3.6194417376e-02
1 2.0468750000e+00 3.6040913473e-02
1 2.0507812500e+00 3.5888378939e-02
1 2.0546875000e+00 3.5736802552e-02
1 2.0585937500e+00 3.5586180229e-02
1 2.0625000000e+00 3.5436502215e-02
1 2.0664062500e+00 3.5287760731e-02
1 2.0703125000e+00 3.5139945507e-02
1 2.0742187500e+00 3.4993055333e-02
1 2.0781250000e+00 3.4847081865e-02
1 2.0820312500e+00 3.4702011961e-02
1 2.0859375000e+00 3.4557843004e-02
1 2.0898437500e+00 3.4414568438e-02
1 2.0937500000e+00 3.4272178573e-02
1 2.0976562500e+00 3.4130667306e-02
1 2.1015625000e+00 3.3990028325e-02
1 2.1054687500e+00 3.3850255071e-02
1 2.1093750000e+00 3.3711340861e-02
1 2.1132812500e+00 3.3573275384e-02
1 2.1171875000e+00 3.3436055446e-02
1 2.1210937500e+00 3.3299674652e-02
1 2.1250000000e+00 3.3164125378e-02
1 2.1289062500e+00 3.3029401457e-02
1 2.1328125000e+00 3.2895498893e-02
1 2.1367187500e+00 3.2762407313e-02
1 2.1406250000e+00 3.2630120336e-02
1 2.1445312500e+00 3.2498629243e-02
1 2.1484375000e+00 3.2367934168e-02
1 2.1523437500e+00 3.2238026454e-02
1 2.1562500000e+00 3.2108902625e-02
1 2.1601562500e+00 3.1980552514e-02
1 2.1640625000e+00 3.1852969963e-02
1 2.1679687500e+00 3.1726153086e-02
1 2.1718750000e+00 3.1600093688e-02
1 2.1757812500e+00 3.1474785404e-02
1 2.1796875000e+00 3.1350222689e-02
1 2.1835937500e+00 3.1226399865e-02
1 2.1875000000e+00 3.1103312436e-02
1 2.1914062500e+00 3.0980953893e-02
1 2.1953125000e+00 3.0859317533e-02
1 2.1992187500e+00 3.0738398469e-02
1 2.2031250000e+00 3.0618192873e-02
1 2.2070312500e+00 3.0498692734e-02
1 2.2109375000e+00 3.0379893831e-02
1 2.2148437500e+00 3.0261792790e-02
1 2.2187500000e+00 3.0144380541e-02
1 2.2226562500e+00 3.0027655267e-02
1 2.2265625000e+00 2.9911610683e-02
1 2.2304687500e+00 2.9796241166e-02
1 2.2343750000e+00 2.9681540987e-02
1 2.2382812500e+00 2.9567506680e-02
1 2.2421875000e+00 2.9454134095e-02
1 2.2460937500e+00 2.9341416263e-02
1 2.2500000000e+00 2.9229350782e-02
1 2.2539062500e+00 2.9117929222e-02
1 2.2578125000e+00 2.9007145328e-02
1 2.2617187500e+00 2.8896998785e-02
1 2.2656250000e+00 2.8787484839e-02
1 2.2695312500e+00 2.8678598439e-02
1 2.2734375000e+00 2.8570332834e-02
1 2.2773437500e+00 2.8462684620e-02
1 2.2812500000e+00 2.8355650574e-02
1 2.2851562500e+00 2.8249224135e-02
1 2.2890625000e+00 2.8143400515e-02
1 2.2929687500e+00 2.8038176407e-02
1 2.2968750000e+00 2.7933548023e-02
1 2.3007812500e+00 2.7829507701e-02
1 2.3046875000e+00 2.7726054707e-02
1 2.3085937500e+00 2.7623184289e-02
1 2.3125000000e+00 2.7520891518e-02
1 2.3164062500e+00 2.7419171800e-02
1 2.3203125000e+00 2.7318022189e-02
1 2.3242187500e+00 2.7217437645e-02
1 2.3281250000e+00 2.7117413387e-02
1 2.3320312500e+00 2.7017946645e-02
1 2.3359375000e+00 2.6919032399e-02
1 2.3398437500e+00 2.6820667625e-02
1 2.3437500000e+00 2.6722849171e-02
1 2.3476562500e+00 2.6625569843e-02
1 2.3515625000e+00 2.6528826391e-02
1 2.3554687500e+00 2.6432617273e-02
1 2.3593750000e+00 2.6336938138e-02
1 2.3632812500e+00 2.6241785903e-02
1 2.3671875000e+00 2.6147154585e-02
1 2.3710937500e+00 2.6053040379e-02
1 2.3750000000e+00 2.5959440194e-02
1 2.3789062500e+00 2.5866352098e-02
1 2.3828125000e+00 2.5773770410e-02
1 2.3867187500e+00 2.5681693367e-02
1 2.3906250000e+00 2.5590117283e-02
1 2.3945312500e+00 2.5499036980e-02
1 2.3984375000e+00 2.5408449941e-02
1 2.4023437500e+00 2.5318352635e-02
1 2.4062500000e+00 2.5228740279e-02
1 2.4101562500e+00 2.5139609841e-02
1 2.4140625000e+00 2.5050959477e-02
1 2.4179687500e+00 2.4962784742e-02
1 2.4218750000e+00 2.4875082797e-02
1 2.4257812500e+00 2.4787850896e-02
1 2.4296875000e+00 2.4701084883e-02
1 2.4335937500e+00 2.4614780865e-02
1 2.4375000000e+00 2.4528937198e-02
1 2.4414062500e+00 2.4443549092e-02
1 2.4453125000e+00 2.4358613213e-02
1 2.4492187500e+00 2.4274127196e-02
1 2.4531250000e+00 2.4190088694e-02
1 2.4570312500e+00 2.4106494824e-02
1 2.4609375000e+00 2.4023340304e-02
1 2.4648437500e+00 2.3940621793e-02
1 2.4687500000e+00 2.3858339479e-02
1 2.4726562500e+00 2.3776489808e-02
1 2.4765625000e+00 2.3695068762e-02
1 2.4804687500e+00 2.3614073871e-02
1 2.4843750000e+00 2.3533502000e-02
1 2.4882812500e+00 2.3453348932e-02
1 2.4921875000e+00 2.3373612226e-02
1 2.4960937500e+00 2.3294291057e-02
1 2.5000000000e+00 2.3215381258e-02
1 2.5039062500e+00 2.3136880437e-02
1 2.5078125000e+00 2.3058785149e-02
1 2.5117187500e+00 2.2981092171e-02
1 2.5156250000e+00 2.2903800094e-02
1 2.5195312500e+00 2.2826905420e-02
1 2.5234375000e+00 2.2750404795e-02
1 2.5273437500e+00 2.2674296898e-02
1 2.5312500000e+00 2.2598579284e-02
1 2.5351562500e+00 2.2523248757e-02
1 2.5390625000e+00 2.2448302546e-02
1 2.5429687500e+00 2.2373738579e-02
1 2.5468750000e+00 2.2299554493e-02
1 2.5507812500e+00 2.2225747680e-02
1 2.5546875000e+00 2.2152314872e-02
1 2.5585937500e+00 2.2079251988e-02
1 2.5625000000e+00 2.2006558111e-02
1 2.5664062500e+00 2.1934232122e-02
1 2.5703125000e+00 2.1862270603e-02
1 2.5742187500e+00 2.1790671444e-02
1 2.5781250000e+00 2.1719431322e-02
1 2.5820312500e+00 2.1648548178e-02
1 2.5859375000e+00 2.1578019889e-02
1 2.5898437500e+00 2.1507844900e-02
1 2.5937500000e+00 2.1438020416e-02
1 2.5976562500e+00 2.1368543896e-02
1 2.6015625000e+00 2.1299412745e-02
1 2.6054687500e+00 2.1230624531e-02
1 2.6093750000e+00 2.1162177151e-02
1 2.6132812500e+00 2.1094068590e-02
1 2.6171875000e+00 2.1026297009e-02
1 2.6210937500e+00 2.0958860607e-02
1 2.6250000000e+00 2.0891756667e-02
1 2.6289062500e+00 2.0824983263e-02
1 2.6328125000e+00 2.0758538244e-02
1 2.6367187500e+00 2.0692417711e-02
1 2.6406250000e+00 2.0626621078e-02
1 2.6445312500e+00 2.0561147244e-02
1 2.6484375000e+00 2.0495993328e-02
1 2.6523437500e+00 2.0431155878e-02
1 2.6562500000e+00 2.0366634918e-02
1 2.6601562500e+00 2.0302428063e-02
1 2.6640625000e+00 2.0238531939e-02
1 2.6679687500e+00 2.0174944939e-02
1 2.6718750000e+00 2.0111665272e-02
1 2.6757812500e+00 2.0048690656e-02
1 2.6796875000e+00 1.9986020348e-02
1 2.6835937500e+00 1.9923651855e-02
1 2.6875000000e+00 1.9861583663e-02
1 2.6914062500e+00 1.9799813483e-02
1 2.6953125000e+00 1.9738338774e-02
1 2.6992187500e+00 1.9677157800e-02
1 2.7031250000e+00 1.9616270154e-02
1 2.7070312500e+00 1.9555673271e-02
1 2.7109375000e+00 1.9495365431e-02
1 2.7148437500e+00 1.9435343169e-02
1 2.7187500000e+00 1.9375605692e-02
1 2.7226562500e+00 1.9316151618e-02
1 2.7265625000e+00 1.9256978986e-02
1 2.7304687500e+00 1.9198085996e-02
1 2.7343750000e+00 1.9139471140e-02
1 2.7382812500e+00 1.9081133024e-02
1 2.7421875000e+00 1.9023069673e-02
1 2.7460937500e+00 1.8965278312e-02
1 2.7500000000e+00 1.8907758355e-02
1 2.7539062500e+00 1.8850507414e-02
1 2.7578125000e+00 1.8793524545e-02
1 2.7617187500e+00 1.8736808263e-02
1 2.7656250000e+00 1.8680355180e-02
1 2.7695312500e+00 1.8624165263e-02
1 2.7734375000e+00 1.8568236959e-02
1 2.7773437500e+00 1.8512568706e-02
1 2.7812500000e+00 1.8457158531e-02
1 2.7851562500e+00 1.8402004277e-02
1 2.7890625000e+00 1.8347104282e-02
1 2.7929687500e+00 1.8292457828e-02
1 2.7968750000e+00 1.8238063493e-02
1 2.8007812500e+00 1.8183919775e-02
1 2.8046875000e+00 1.8130024618e-02
1 2.8085937500e+00 1.8076377034e-02
1 2.8125000000e+00 1.8022973519e-02
1 2.8164062500e+00 1.7969814625e-02
1 2.8203125000e+00 1.7916898467e-02
1 2.8242187500e+00 1.7864223561e-02
1 2.8281250000e+00 1.7811787934e-02
1 2.8320312500e+00 1.7759591253e-02
1 2.8359375000e+00 1.7707631580e-02
1 2.8398437500e+00 1.7655906953e-02
1 2.8437500000e+00 1.7604416150e-02
1 2.8476562500e+00 1.7553158748e-02
1 2.8515625000e+00 1.7502133229e-02
1 2.8554687500e+00 1.7451337572e-02
1 2.8593750000e+00 1.7400770239e-02
1 2.8632812500e+00 1.7350430163e-02
1 2.8671875000e+00 1.7300315940e-02
1 2.8710937500e+00 1.7250425086e-02
1 2.8750000000e+00 1.7200757739e-02
1 2.8789062500e+00 1.7151312103e-02
1 2.8828125000e+00 1.7102087021e-02
1 2.8867187500e+00 1.7053081203e-02
1 2.8906250000e+00 1.7004293496e-02
1 2.8945312500e+00 1.6955722944e-02
1 2.8984375000e+00 1.6907367242e-02
1 2.9023437500e+00 1.6859225376e-02
1 2.9062500000e+00 1.6811295756e-02
1 2.9101562500e+00 1.6763578045e-02
1 2.9140625000e+00 1.6716071453e-02
1 2.9179687500e+00 1.6668773789e-02
1 2.9218750000e+00 1.6621683566e-02
1 2.9257812500e+00 1.6574799943e-02
1 2.9296875000e+00 1.6528121404e-02
1 2.9335937500e+00 1.6481647425e-02
1 2.9375000000e+00 1.6435376207e-02
1 2.9414062500e+00 1.6389307151e-02
1 2.9453125000e+00 1.6343439111e-02
1 2.9492187500e+00 1.6297770898e-02
1 2.9531250000e+00 1.6252300535e-02
1 2.9570312500e+00 1.6207027534e-02
1 2.9609375000e+00 1.6161950421e-02
1 2.9648437500e+00 1.6117068676e-02
1 2.9687500000e+00 1.6072381058e-02
1 2.9726562500e+00 1.6027885846e-02
1 2.9765625000e+00 1.5983581974e-02
1 2.9804687500e+00 1.5939468404e-02
1 2.9843750000e+00 1.5895544489e-02
1 2.9882812500e+00 1.5851808758e-02
1 2.9921875000e+00 1.5808260655e-02
1 2.9960937500e+00 1.5764898771e-02
1 3.0000000000e+00 1.5721721849e-02
1 3.0039062500e+00 1.5678729637e-02
1 3.0078125000e+00 1.5635921050e-02
1 3.0117187500e+00 1.5593294522e-02
1 3.0156250000e+00 1.5550848616e-02
1 3.0195312500e+00 1.5508582063e-02
1 3.0234375000e+00 1.5466494710e-02
1 3.0273437500e+00 1.5424585226e-02
1 3.0312500000e+00 1.5382852677e-02
1 3.0351562500e+00 1.5341296270e-02
1 3.0390625000e+00 1.5299915116e-02
1 3.0429687500e+00 1.5258707539e-02
1 3.0468750000e+00 1.5217672536e-02
1 3.0507812500e+00 1.5176809737e-02
1 3.0546875000e+00 1.5136118102e-02
1 3.0585937500e+00 1.5095596785e-02
1 3.0625000000e+00 1.5055244891e-02
1 3.0664062500e+00 1.5015061263e-02
1 3.0703125000e+00 1.4975044872e-02
1 3.0742187500e+00 1.4935194821e-02
1 3.0781250000e+00 1.4895510052e-02
1 3.0820312500e+00 1.4855990069e-02
1 3.0859375000e+00 1.4816633983e-02
1 3.0898437500e+00 1.4777440569e-02
1 3.0937500000e+00 1.4738408562e-02
1 3.0976562500e+00 1.4699537894e-02
1 3.1015625000e+00 1.4660827369e-02
1 3.1054687500e+00 1.4622276090e-02
1 3.1093750000e+00 1.4583883037e-02
1 3.1132812500e+00 1.4545647170e-02
1 3.1171875000e+00 1.4507568013e-02
1 3.1210937500e+00 1.4469645147e-02
1 3.1250000000e+00 1.4431877163e-02
1 3.1289062500e+00 1.4394263197e-02
1 3.1328125000e+00 1.4356801457e-02
1 3.1367187500e+00 1.4319491913e-02
1 3.1406250000e+00 1.4282334395e-02
1 3.1445312500e+00 1.4245327492e-02
1 3.1484375000e+00 1.4208470950e-02
1 3.1523437500e+00 1.4171763892e-02
1 3.1562500000e+00 1.4135205414e-02
1 3.1601562500e+00 1.4098794118e-02
1 3.1640625000e+00 1.4062528859e-02
1 3.1679687500e+00 1.4026409818e-02
1 3.1718750000e+00 1.3990435846e-02
1 3.1757812500e+00 1.3954606226e-02
1 3.1796875000e+00 1.3918920718e-02
1 3.1835937500e+00 1.3883377064e-02
1 3.1875000000e+00 1.3847975670e-02
1 3.1914062500e+00 1.3812715063e-02
1 3.1953125000e+00 1.3777595480e-02
1 3.1992187500e+00 1.3742615808e-02
1 3.2031250000e+00 1.3707775470e-02
1 3.2070312500e+00 1.3673072794e-02
1 3.2109375000e+00 1.3638507963e-02
1 3.2148437500e+00 1.3604080208e-02
1 3.2187500000e+00 1.3569788511e-02
1 3.2226562500e+00 1.3535632095e-02
1 3.2265625000e+00 1.3501610539e-02
1 3.2304687500e+00 1.3467723043e-02
1 3.2343750000e+00 1.3433968607e-02
1 3.2382812500e+00 1.3400346761e-02
1 3.2421875000e+00 1.3366857104e-02
1 3.2460937500e+00 1.3333498479e-02
1 3.2500000000e+00 1.3300269988e-02
1 3.2539062500e+00 1.3267171342e-02
1 3.2578125000e+00 1.3234201847e-02
1 3.2617187500e+00 1.3201361149e-02
1 3.2656250000e+00 1.3168648125e-02
1 3.2695312500e+00 1.3136062627e-02
1 3.2734375000e+00 1.3103603609e-02
1 3.2773437500e+00 1.3071270173e-02
1 3.2812500000e+00 1.3039061710e-02
1 3.2851562500e+00 1.3006977104e-02
1 3.2890625000e+00 1.2975016344e-02
1 3.2929687500e+00 1.2943179299e-02
1 3.2968750000e+00 1.2911464842e-02
1 3.3007812500e+00 1.2879872145e-02
1 3.3046875000e+00 1.2848401226e-02
1 3.3085937500e+00 1.2817050882e-02
1 3.3125000000e+00 1.2785820876e-02
1 3.3164062500e+00 1.2754710408e-02
1 3.3203125000e+00 1.2723718709e-02
1 3.3242187500e+00 1.2692845152e-02
1 3.3281250000e+00 1.2662089476e-02
1 3.3320312500e+00 1.2631451032e-02
1 3.3359375000e+00 1.2600928690e-02
1 3.3398437500e+00 1.2570521555e-02
1 3.3437500000e+00 1.2540230139e-02
1 3.3476562500e+00 1.2510053182e-02
1 3.3515625000e+00 1.2479990698e-02
1 3.3554687500e+00 1.2450041829e-02
1 3.3593750000e+00 1.2420205979e-02
1 3.3632812500e+00 1.2390482394e-02
1 3.3671875000e+00 1.2360870530e-02
1 3.3710937500e+00 1.2331369750e-02
1 3.3750000000e+00 1.2301979942e-02
1 3.3789062500e+00 1.2272700609e-02
1 3.3828125000e+00 1.2243530933e-02
1 3.3867187500e+00 1.2214470748e-02
1 3.3906250000e+00 1.2185518445e-02
1 3.3945312500e+00 1.2156673860e-02
1 3.3984375000e+00 1.2127936368e-02
1 3.4023437500e+00 1.2099305867e-02
1 3.4062500000e+00 1.2070781882e-02
1 3.4101562500e+00 1.2042363822e-02
1 3.4140625000e+00 1.2014050712e-02
1 3.4179687500e+00 1.1985842507e-02
1 3.4218750000e+00 1.1957738680e-02
1 3.4257812500e+00 1.1929738544e-02
1 3.4296875000e+00 1.1901841468e-02
1 3.4335937500e+00 1.1874047459e-02
1 3.4375000000e+00 1.1846355263e-02
1 3.4414062500e+00 1.1818764592e-02
1 3.4453125000e+00 1.1791274989e-02
1 3.4492187500e+00 1.1763886352e-02
1 3.4531250000e+00 1.1736597803e-02
1 3.4570312500e+00 1.1709409120e-02
1 3.4609375000e+00 1.1682319757e-02
1 3.4648437500e+00 1.1655329082e-02
1 3.4687500000e+00 1.1628436962e-02
1 3.4726562500e+00 1.1601642575e-02
1 3.4765625000e+00 1.1574945490e-02
1 3.4804687500e+00 1.1548345403e-02
1 3.4843750000e+00 1.1521841177e-02
1 3.4882812500e+00 1.1495432944e-02
1 3.4921875000e+00 1.1469119760e-02
1 3.4960937500e+00 1.1442901599e-02
1 3.5000000000e+00 1.1416778314e-02
1 3.5039062500e+00 1.1390748980e-02
1 3.5078125000e+00 1.1364813317e-02
1 3.5117187500e+00 1.1338970172e-02
1 3.5156250000e+00 1.1313220074e-02
1 3.5195312500e+00 1.1287562296e-02
1 3.5234375000e+00 1.1261996262e-02
1 3.5273437500e+00 1.1236521562e-02
1 3.5312500000e+00 1.1211137987e-02
1 3.5351562500e+00 1.1185844930e-02
1 3.5390625000e+00 1.1160641981e-02
1 3.5429687500e+00 1.1135528542e-02
1 3.5468750000e+00 1.1110504019e-02
1 3.5507812500e+00 1.1085568229e-02
1 3.5546875000e+00 1.1060720590e-02
1 3.5585937500e+00 1.1035961164e-02
1 3.5625000000e+00 1.1011289271e-02
1 3.5664062500e+00 1.0986704369e-02
1 3.5703125000e+00 1.0962206102e-02
1 3.5742187500e+00 1.0937794198e-02
1 3.5781250000e+00 1.0913468086e-02
1 3.5820312500e+00 1.0889227708e-02
1 3.5859375000e+00 1.0865072163e-02
1 3.5898437500e+00 1.0841001468e-02
1 3.5937500000e+00 1.0817014917e-02
1 3.5976562500e+00 1.0793112045e-02
1 3.6015625000e+00 1.0769292238e-02
1 3.6054687500e+00 1.0745555843e-02
1 3.6093750000e+00 1.0721902208e-02
1 3.6132812500e+00 1.0698331223e-02
1 3.6171875000e+00 1.0674842105e-02
1 3.6210937500e+00 1.0651434571e-02
1 3.6250000000e+00 1.0628108197e-02
1 3.6289062500e+00 1.0604862099e-02
1 3.6328125000e+00 1.0581696705e-02
1 3.6367187500e+00 1.0558611387e-02
1 3.6406250000e+00 1.0535605497e-02
1 3.6445312500e+00 1.0512678822e-02
1 3.6484375000e+00 1.0489830727e-02
1 3.6523437500e+00 1.0467061346e-02
1 3.6562500000e+00 1.0444370094e-02
1 3.6601562500e+00 1.0421756516e-02
1 3.6640625000e+00 1.0399220321e-02
1 3.6679687500e+00 1.0376761091e-02
1 3.6718750000e+00 1.0354378943e-02
1 3.6757812500e+00 1.0332072983e-02
1 3.6796875000e+00 1.0309843496e-02
1 3.6835937500e+00 1.0287689796e-02
1 3.6875000000e+00 1.0265611328e-02
1 3.6914062500e+00 1.0243607874e-02
1 3.6953125000e+00 1.0221679186e-02
1 3.6992187500e+00 1.0199824648e-02
1 3.7031250000e+00 1.0178043790e-02
1 3.7070312500e+00 1.0156336890e-02
1 3.7109375000e+00 1.0134703252e-02
1 3.7148437500e+00 1.0113142406e-02
1 3.7187500000e+00 1.0091653882e-02
1 3.7226562500e+00 1.0070237763e-02
1 3.7265625000e+00 1.0048893957e-02
1 3.7304687500e+00 1.0027621845e-02
1 3.7343750000e+00 1.0006421291e-02
1 3.7382812500e+00 9.9852917217e-03
1 3.7421875000e+00 9.9642325506e-03
1 3.7460937500e+00 9.9432437853e-03
1 3.7500000000e+00 9.9223248912e-03
1 3.7539062500e+00 9.9014758870e-03
1 3.7578125000e+00 9.8806963137e-03
1 3.7617187500e+00 9.8599860026e-03
1 3.7656250000e+00 9.8393442629e-03
1 3.7695312500e+00 9.8187712371e-03
1 3.7734375000e+00 9.7982663113e-03
1 3.7773437500e+00 9.7778292382e-03
1 3.7812500000e+00 9.7574596793e-03
1 3.7851562500e+00 9.7371574593e-03
1 3.7890625000e+00 9.7169223126e-03
1 3.7929687500e+00 9.6967535663e-03
1 3.7968750000e+00 9.6766515692e-03
1 3.8007812500e+00 9.6566157757e-03
1 3.8046875000e+00 9.6366452518e-03
1 3.8085937500e+00 9.6167402997e-03
1 3.8125000000e+00 9.5969006126e-03
1 3.8164062500e+00 9.5771257936e-03
1 3.8203125000e+00 9.5574157269e-03
1 3.8242187500e+00 9.5377700920e-03
1 3.8281250000e+00 9.5181889204e-03
1 3.8320312500e+00 9.4986711101e-03
1 3.8359375000e+00 9.4792170005e-03
1 3.8398437500e+00 9.4598261648e-03
1 3.8437500000e+00 9.4404985758e-03
1 3.8476562500e+00 9.4212337280e-03
1 3.8515625000e+00 9.4020314458e-03
1 3.8554687500e+00 9.3828906478e-03
1 3.8593750000e+00 9.3638118457e-03
1 3.8632812500e+00 9.3447945016e-03
1 3.8671875000e+00 9.3258383400e-03
1 3.8710937500e+00 9.3069435327e-03
1 3.8750000000e+00 9.2881093858e-03
1 3.8789062500e+00 9.2693360360e-03
1 3.8828125000e+00 9.2506228267e-03
1 3.8867187500e+00 9.2319694830e-03
1 3.8906250000e+00 9.2133758644e-03
1 3.8945312500e+00 9.1948415884e-03
1 3.8984375000e+00 9.1763666485e-03
1 3.9023437500e+00 9.1579507329e-03
1 3.9062500000e+00 9.1395934052e-03
1 3.9101562500e+00 9.1212947403e-03
1 3.9140625000e+00 9.1030542422e-03
1 3.9179687500e+00 9.0848720109e-03
1 3.9218750000e+00 9.0667471903e-03
1 3.9257812500e+00 9.0486799725e-03
1 3.9296875000e+00 9.0306698580e-03
1 3.9335937500e+00 9.0127168938e-03
1 3.9375000000e+00 8.9948207236e-03
1 3.9414062500e+00 8.9769810623e-03
1 3.9453125000e+00 8.9591975792e-03
1 3.9492187500e+00 8.9414699869e-03
1 3.9531250000e+00 8.9237983550e-03
1 3.9570312500e+00 8.9061820966e-03
1 3.9609375000e+00 8.8886212405e-03
1 3.9648437500e+00 8.8711155097e-03
1 3.9687500000e+00 8.8536644190e-03
1 3.9726562500e+00 8.8362680784e-03
1 3.9765625000e+00 8.8189260568e-03
1 3.9804687500e+00 8.8016381309e-03
1 3.9843750000e+00 8.7844043445e-03
1 3.9882812500e+00 8.7672243200e-03
1 3.9921875000e+00 8.7500980257e-03
1 3.9960937500e+00 8.7330247502e-03
1 4.0000000000e+00 8.7160048315e-03
1 4.0039062500e+00 8.6990374677e-03
1 4.0078125000e+00 8.6821224760e-03
1 4.0117187500e+00 8.6652595270e-03
1 4.0156250000e+00 8.6484488000e-03
1 4.0195312500e+00 8.6316897412e-03
1 4.0234375000e+00 8.6149826031e-03
1 4.0273437500e+00 8.5983270215e-03
1 4.0312500000e+00 8.5817228858e-03
1 4.0351562500e+00 8.5651698893e-03
1 4.0390625000e+00 8.5486674687e-03
1 4.0429687500e+00 8.5322158592e-03
1 4.0468750000e+00 8.5158146043e-03
1 4.0507812500e+00 8.4994635231e-03
1 4.0546875000e+00 8.4831627844e-03
1 4.0585937500e+00 8.4669118727e-03
1 4.0625000000e+00 8.4507103292e-03
1 4.0664062500e+00 8.4345581297e-03
1 4.0703125000e+00 8.4184550999e-03
1 4.0742187500e+00 8.4024012787e-03
1 4.0781250000e+00 8.3863962186e-03
1 4.0820312500e+00 8.3704399121e-03
1 4.0859375000e+00 8.3545317789e-03
1 4.0898437500e+00 8.3386719827e-03
1 4.0937500000e+00 8.3228598750e-03
1 4.0976562500e+00 8.3070956051e-03
1 4.1015625000e+00 8.2913790099e-03
1 4.1054687500e+00 8.2757099357e-03
1 4.1093750000e+00 8.2600880684e-03
1 4.1132812500e+00 8.2445130910e-03
1 4.1171875000e+00 8.2289850224e-03
1 4.1210937500e+00 8.2135032769e-03
1 4.1250000000e+00 8.1980679018e-03
1 4.1289062500e+00 8.1826788075e-03
1 4.1328125000e+00 8.1673356703e-03
1 4.1367187500e+00 8.1520387112e-03
1 4.1406250000e+00 8.1367875123e-03
1 4.1445312500e+00 8.1215819008e-03
1 4.1484375000e+00 8.1064218807e-03
1 4.1523437500e+00 8.0913068197e-03
1 4.1562500000e+00 8.0762367310e-03
1 4.1601562500e+00 8.0612112168e-03
1 4.1640625000e+00 8.0462306231e-03
1 4.1679687500e+00 8.0312938307e-03
1 4.1718750000e+00 8.0164015317e-03
1 4.1757812500e+00 8.0015533656e-03
1 4.1796875000e+00 7.9867491496e-03
1 4.1835937500e+00 7.9719884625e-03
1 4.1875000000e+00 7.9572715060e-03
1 4.1914062500e+00 7.9425980220e-03
1 4.1953125000e+00 7.9279676614e-03
1 4.1992187500e+00 7.9133804199e-03
1 4.2031250000e+00 7.8988359760e-03
1 4.2070312500e+00 7.8843344271e-03
1 4.2109375000e+00 7.8698752908e-03
1 4.2148437500e+00 7.8554584664e-03
1 4.2187500000e+00 7.8410839074e-03
1 4.2226562500e+00 7.8267513081e-03
1 4.2265625000e+00 7.8124604326e-03
1 4.2304687500e+00 7.7982115625e-03
1 4.2343750000e+00 7.7840039706e-03
1 4.2382812500e+00 7.7698379049e-03
1 4.2421875000e+00 7.7557126450e-03
1 4.2460937500e+00 7.7416283767e-03
1 4.2500000000e+00 7.7275848722e-03
1 4.2539062500e+00 7.7135822850e-03
1 4.2578125000e+00 7.6996203158e-03
1 4.2617187500e+00 7.6856987785e-03
1 4.2656250000e+00 7.6718175775e-03
1 4.2695312500e+00 7.6579763680e-03
1 4.2734375000e+00 7.6441746301e-03
1 4.2773437500e+00 7.6304126929e-03
1 4.2812500000e+00 7.6166905515e-03
1 4.2851562500e+00 7.6030078338e-03
1 4.2890625000e+00 7.5893646797e-03
1 4.2929687500e+00 7.5757606260e-03
1 4.2968750000e+00 7.5621954845e-03
1 4.3007812500e+00 7.5486694032e-03
1 4.3046875000e+00 7.5351819942e-03
1 4.3085937500e+00 7.5217330598e-03
1 4.3125000000e+00 7.5083226595e-03
1 4.3164062500e+00 7.4949502918e-03
1 4.3203125000e+00 7.4816159548e-03
1 4.3242187500e+00 7.4683193380e-03
1 4.3281250000e+00 7.4550606082e-03
1 4.3320312500e+00 7.4418394381e-03
1 4.3359375000e+00 7.4286559517e-03
1 4.3398437500e+00 7.4155098782e-03
1 4.3437500000e+00 7.4024010116e-03
1 4.3476562500e+00 7.3893291798e-03
1 4.3515625000e+00 7.3762943490e-03
1 4.3554687500e+00 7.3632963875e-03
1 4.3593750000e+00 7.3503349872e-03
1 4.3632812500e+00 7.3374101330e-03
1 4.3671875000e+00 7.3245215566e-03
1 4.3710937500e+00 7.3116694010e-03
1 4.3750000000e+00 7.2988531033e-03
1 4.3789062500e+00 7.2860728495e-03
1 4.3828125000e+00 7.2733287108e-03
1 4.3867187500e+00 7.2606198552e-03
1 4.3906250000e+00 7.2479464335e-03
1 4.3945312500e+00 7.2353085620e-03
1 4.3984375000e+00 7.2227058153e-03
1 4.4023437500e+00 7.2101384345e-03
1 4.4062500000e+00 7.1976061237e-03
1 4.4101562500e+00 7.1851088694e-03
1 4.4140625000e+00 7.1726461941e-03
1 4.4179687500e+00 7.1602183121e-03
1 4.4218750000e+00 7.1478248780e-03
1 4.4257812500e+00 7.1354655321e-03
1 4.4296875000e+00 7.1231404527e-03
1 4.4335937500e+00 7.1108495761e-03
1 4.4375000000e+00 7.0985927277e-03
1 4.4414062500e+00 7.0863697771e-03
1 4.4453125000e+00 7.0741806007e-03
1 4.4492187500e+00 7.0620249186e-03
1 4.4531250000e+00 7.0499029132e-03
1 4.4570312500e+00 7.0378142927e-03
1 4.4609375000e+00 7.0257588091e-03
1 4.4648437500e+00 7.0137365675e-03
1 4.4687500000e+00 7.0017470896e-03
1 4.4726562500e+00 6.9897903759e-03
1 4.4765625000e+00 6.9778665155e-03
1 4.4804687500e+00 6.9659749447e-03
1 4.4843750000e+00 6.9541158417e-03
1 4.4882812500e+00 6.9422891799e-03
1 4.4921875000e+00 6.9304949294e-03
1 4.4960937500e+00 6.9187327551e-03
1 4.5000000000e+00 6.9070027024e-03
1 4.5039062500e+00 6.8953042891e-03
1 4.5078125000e+00 6.8836377125e-03
1 4.5117187500e+00 6.8720028995e-03
1 4.5156250000e+00 6.8603996525e-03
1 4.5195312500e+00 6.8488279437e-03
1 4.5234375000e+00 6.8372876023e-03
1 4.5273437500e+00 6.8257785819e-03
1 4.5312500000e+00 6.8143002599e-03
1 4.5351562500e+00 6.8028530515e-03
1 4.5390625000e+00 6.7914365982e-03
1 4.5429687500e+00 6.7800507657e-03
1 4.5468750000e+00 6.7686956865e-03
1 4.5507812500e+00 6.7573709291e-03
1 4.5546875000e+00 6.7460766180e-03
1 4.5585937500e+00 6.7348128494e-03
1 4.5625000000e+00 6.7235790063e-03
1 4.5664062500e+00 6.7123754706e-03
1 4.5703125000e+00 6.7012019287e-03
1 4.5742187500e+00 6.6900582700e-03
1 4.5781250000e+00 6.6789441200e-03
1 4.5820312500e+00 6.6678596572e-03
1 4.5859375000e+00 6.6568047466e-03
1 4.5898437500e+00 6.6457792437e-03
1 4.5937500000e+00 6.6347831468e-03
1 4.5976562500e+00 6.6238162382e-03
1 4.6015625000e+00 6.6128785011e-03
1 4.6054687500e+00 6.6019696752e-03
1 4.6093750000e+00 6.5910899121e-03
1 4.6132812500e+00 6.5802387450e-03
1 4.6171875000e+00 6.5694164013e-03
1 4.6210937500e+00 6.5586223591e-03
1 4.6250000000e+00 6.5478567345e-03
1 4.6289062500e+00 6.5371197310e-03
1 4.6328125000e+00 6.5264109088e-03
1 4.6367187500e+00 6.5157301464e-03
1 4.6406250000e+00 6.5050777412e-03
1 4.6445312500e+00 6.4944530967e-03
1 4.6484375000e+00 6.4838565722e-03
1 4.6523437500e+00 6.4732876520e-03
1 4.6562500000e+00 6.4627464139e-03
1 4.6601562500e+00 6.4522327773e-03
1 4.6640625000e+00 6.4417468304e-03
1 4.6679687500e+00 6.4312881969e-03
1 4.6718750000e+00 6.4208569008e-03
1 4.6757812500e+00 6.4104529600e-03
1 4.6796875000e+00 6.4000761187e-03
1 4.6835937500e+00 6.3897262084e-03
1 4.6875000000e+00 6.3794030526e-03
1 4.6914062500e+00 6.3691067073e-03
1 4.6953125000e+00 6.3588369281e-03
1 4.6992187500e+00 6.3485938164e-03
1 4.7031250000e+00 6.3383773303e-03
1 4.7070312500e+00 6.3281871342e-03
1 4.7109375000e+00 6.3180234547e-03
1 4.7148437500e+00 6.3078860441e-03
1 4.7187500000e+00 6.2977747922e-03
1 4.7226562500e+00 6.2876897435e-03
1 4.7265625000e+00 6.2776303976e-03
1 4.7304687500e+00 6.2675970873e-03
1 4.7343750000e+00 6.2575894767e-03
1 4.7382812500e+00 6.2476073487e-03
1 4.7421875000e+00 6.2376509391e-03
1 4.7460937500e+00 6.2277201781e-03
1 4.7500000000e+00 6.2178148099e-03
1 4.7539062500e+00 6.2079347956e-03
1 4.7578125000e+00 6.1980802622e-03
1 4.7617187500e+00 6.1882508565e-03
1 4.7656250000e+00 6.1784464569e-03
1 4.7695312500e+00 6.1686668926e-03
1 4.7734375000e+00 6.1589121942e-03
1 4.7773437500e+00 6.1491823005e-03
1 4.7812500000e+00 6.1394772088e-03
1 4.7851562500e+00 6.1297968396e-03
1 4.7890625000e+00 6.1201408799e-03
1 4.7929687500e+00 6.1105095404e-03
1 4.7968750000e+00 6.1009025581e-03
1 4.8007812500e+00 6.0913198130e-03
1 4.8046875000e+00 6.0817613927e-03
1 4.8085937500e+00 6.0722269769e-03
1 4.8125000000e+00 6.0627168276e-03
1 4.8164062500e+00 6.0532305739e-03
1 4.8203125000e+00 6.0437683089e-03
1 4.8242187500e+00 6.0343299381e-03
1 4.8281250000e+00 6.0249153452e-03
1 4.8320312500e+00 6.0155243720e-03
1 4.8359375000e+00 6.0061570307e-03
1 4.8398437500e+00 5.9968132685e-03
1 4.8437500000e+00 5.9874924319e-03
1 4.8476562500e+00 5.9781948107e-03
1 4.8515625000e+00 5.9689205048e-03
1 4.8554687500e+00 5.9596694493e-03
1 4.8593750000e+00 5.9504414138e-03
1 4.8632812500e+00 5.9412365105e-03
1 4.8671875000e+00 5.9320546423e-03
1 4.8710937500e+00 5.9228956116e-03
1 4.8750000000e+00 5.9137594647e-03
1 4.8789062500e+00 5.9046460830e-03
1 4.8828125000e+00 5.8955550981e-03
1 4.8867187500e+00 5.8864869014e-03
1 4.8906250000e+00 5.8774410097e-03
1 4.8945312500e+00 5.8684175658e-03
1 4.8984375000e+00 5.8594163785e-03
1 4.9023437500e+00 5.8504375252e-03
1 4.9062500000e+00 5.8414809531e-03
1 4.9101562500e+00 5.8325465453e-03
1 4.9140625000e+00 5.8236340745e-03
1 4.9179687500e+00 5.8147435549e-03
1 4.9218750000e+00 5.8058747436e-03
1 4.9257812500e+00 5.7970277454e-03
1 4.9296875000e+00 5.7882025540e-03
1 4.9335937500e+00 5.7793991456e-03
1 4.9375000000e+00 5.7706173847e-03
1 4.9414062500e+00 5.7618570082e-03
1 4.9453125000e+00 5.7531180592e-03
1 4.9492187500e+00 5.7444005348e-03
1 4.9531250000e+00 5.7357042119e-03
1 4.9570312500e+00 5.7270291932e-03
1 4.9609375000e+00 5.7183753372e-03
1 4.9648437500e+00 5.7097424015e-03
1 4.9687500000e+00 5.7011307014e-03
1 4.9726562500e+00 5.6925397919e-03
1 4.9765625000e+00 5.6839698728e-03
1 4.9804687500e+00 5.6754208224e-03
1 4.9843750000e+00 5.6668925707e-03
1 4.9882812500e+00 5.6583850188e-03
1 4.9921875000e+00 5.6498980889e-03
1 4.9960937500e+00 5.6414313040e-03
1 5.0000000000e+00 5.6329849113e-03
