76 1.0000000000e+00 1.5757470480e-01
76 1.0039062500e+00 1.5675814981e-01
76 1.0078125000e+00 1.5594980547e-01
76 1.0117187500e+00 1.5514954672e-01
76 1.0156250000e+00 1.5435725251e-01
76 1.0195312500e+00 1.5357280395e-01
76 1.0234375000e+00 1.5279608416e-01
76 1.0273437500e+00 1.5202697933e-01
76 1.0312500000e+00 1.5126537764e-01
76 1.0351562500e+00 1.5051116880e-01
76 1.0390625000e+00 1.4976424517e-01
76 1.0429687500e+00 1.4902450138e-01
76 1.0468750000e+00 1.4829183019e-01
76 1.0507812500e+00 1.4756613634e-01
76 1.0546875000e+00 1.4684731364e-01
76 1.0585937500e+00 1.4613526783e-01
76 1.0625000000e+00 1.4542990272e-01
76 1.0664062500e+00 1.4473112160e-01
76 1.0703125000e+00 1.4403883165e-01
76 1.0742187500e+00 1.4335294299e-01
76 1.0781250000e+00 1.4267337054e-01
76 1.0820312500e+00 1.4200000829e-01
76 1.0859375000e+00 1.4133280909e-01
76 1.0898437500e+00 1.4067164186e-01
76 1.0937500000e+00 1.4001644527e-01
76 1.0976562500e+00 1.3936715102e-01
76 1.1015625000e+00 1.3872365900e-01
76 1.1054687500e+00 1.3808589140e-01
76 1.1093750000e+00 1.3745377490e-01
76 1.1132812500e+00 1.3682723473e-01
76 1.1171875000e+00 1.3620620000e-01
76 1.1210937500e+00 1.3559059596e-01
76 1.1250000000e+00 1.3498034533e-01
76 1.1289062500e+00 1.3437537454e-01
76 1.1328125000e+00 1.3377561899e-01
76 1.1367187500e+00 1.3318100989e-01
76 1.1406250000e+00 1.3259147742e-01
76 1.1445312500e+00 1.3200695931e-01
76 1.1484375000e+00 1.3142738591e-01
76 1.1523437500e+00 1.3085269790e-01
76 1.1562500000e+00 1.3028282962e-01
76 1.1601562500e+00 1.2971772673e-01
76 1.1640625000e+00 1.2915729979e-01
76 1.1679687500e+00 1.2860154320e-01
76 1.1718750000e+00 1.2805033453e-01
76 1.1757812500e+00 1.2750365288e-01
76 1.1796875000e+00 1.2696144975e-01
76 1.1835937500e+00 1.2642363684e-01
76 1.1875000000e+00 1.2589017181e-01
76 1.1914062500e+00 1.2536101479e-01
76 1.1953125000e+00 1.2483610464e-01
76 1.1992187500e+00 1.2431537847e-01
76 1.2031250000e+00 1.2379878754e-01
76 1.2070312500e+00 1.2328628658e-01
76 1.2109375000e+00 1.2277783007e-01
76 1.2148437500e+00 1.2227336380e-01
76 1.2187500000e+00 1.2177283407e-01
76 1.2226562500e+00 1.2127619155e-01
76 1.2265625000e+00 1.2078339622e-01
76 1.2304687500e+00 1.2029440028e-01
76 1.2343750000e+00 1.1980916371e-01
76 1.2382812500e+00 1.1932762967e-01
76 1.2421875000e+00 1.1884977236e-01
76 1.2460937500e+00 1.1837550747e-01
76 1.2500000000e+00 1.1790485668e-01
76 1.2539062500e+00 1.1743770780e-01
76 1.2578125000e+00 1.1697406576e-01
76 1.2617187500e+00 1.1651388464e-01
76 1.2656250000e+00 1.1605710113e-01
76 1.2695312500e+00 1.1560369567e-01
76 1.2734375000e+00 1.1515363699e-01
76 1.2773437500e+00 1.1470685950e-01
76 1.2812500000e+00 1.1426333720e-01
76 1.2851562500e+00 1.1382303530e-01
76 1.2890625000e+00 1.1338592468e-01
76 1.2929687500e+00 1.1295195039e-01
76 1.2968750000e+00 1.1252108483e-01
76 1.3007812500e+00 1.1209329334e-01
76 1.3046875000e+00 1.1166855003e-01
76 1.3085937500e+00 1.1124681543e-01
76 1.3125000000e+00 1.1082804827e-01
76 1.3164062500e+00 1.1041221827e-01
76 1.3203125000e+00 1.0999928790e-01
76 1.3242187500e+00 1.0958924679e-01
76 1.3281250000e+00 1.0918203136e-01
76 1.3320312500e+00 1.0877765145e-01
76 1.3359375000e+00 1.0837602567e-01
76 1.3398437500e+00 1.0797715319e-01
76 1.3437500000e+00 1.0758100941e-01
76 1.3476562500e+00 1.0718753866e-01
76 1.3515625000e+00 1.0679674004e-01
76 1.3554687500e+00 1.0640858052e-01
76 1.3593750000e+00 1.0602300818e-01
76 1.3632812500e+00 1.0564001268e-01
76 1.3671875000e+00 1.0525957464e-01
76 1.3710937500e+00 1.0488164915e-01
76 1.3750000000e+00 1.0450621212e-01
76 1.3789062500e+00 1.0413324026e-01
76 1.3828125000e+00 1.0376272567e-01
76 1.3867187500e+00 1.0339461993e-01
76 1.3906250000e+00 1.0302889694e-01
76 1.3945312500e+00 1.0266553584e-01
76 1.3984375000e+00 1.0230452180e-01
76 1.4023437500e+00 1.0194581648e-01
76 1.4062500000e+00 1.0158941311e-01
76 1.4101562500e+00 1.0123525178e-01
76 1.4140625000e+00 1.0088336237e-01
76 1.4179687500e+00 1.0053367222e-01
76 1.4218750000e+00 1.0018619754e-01
76 1.4257812500e+00 9.9840899340e-02
76 1.4296875000e+00 9.9497738492e-02
76 1.4335937500e+00 9.9156715447e-02
76 1.4375000000e+00 9.8817804968e-02
76 1.4414062500e+00 9.8480977157e-02
76 1.4453125000e+00 9.8146221127e-02
76 1.4492187500e+00 9.7813519786e-02
76 1.4531250000e+00 9.7482832089e-02
76 1.4570312500e+00 9.7154147615e-02
76 1.4609375000e+00 9.6827458956e-02
76 1.4648437500e+00 9.6502737756e-02
76 1.4687500000e+00 9.6179960407e-02
76 1.4726562500e+00 9.5859108415e-02
76 1.4765625000e+00 9.5540172492e-02
76 1.4804687500e+00 9.5223129928e-02
76 1.4843750000e+00 9.4907942275e-02
76 1.4882812500e+00 9.4594624678e-02
76 1.4921875000e+00 9.4283121545e-02
76 1.4960937500e+00 9.3973467588e-02
76 1.5000000000e+00 9.3665595241e-02
76 1.5039062500e+00 9.3359509643e-02
76 1.5078125000e+00 9.3055192225e-02
76 1.5117187500e+00 9.2752613547e-02
76 1.5156250000e+00 9.2451782754e-02
76 1.5195312500e+00 9.2152664970e-02
76 1.5234375000e+00 9.1855235897e-02
76 1.5273437500e+00 9.1559499116e-02
76 1.5312500000e+00 9.1265435026e-02
76 1.5351562500e+00 9.0973021454e-02
76 1.5390625000e+00 9.0682242240e-02
76 1.5429687500e+00 9.0393095852e-02
76 1.5468750000e+00 9.0105548316e-02
76 1.5507812500e+00 8.9819586522e-02
76 1.5546875000e+00 8.9535205194e-02
76 1.5585937500e+00 8.9252397081e-02
76 1.5625000000e+00 8.8971137191e-02
76 1.5664062500e+00 8.8691394671e-02
76 1.5703125000e+00 8.8413192829e-02
76 1.5742187500e+00 8.8136487307e-02
76 1.5781250000e+00 8.7861288594e-02
76 1.5820312500e+00 8.7587554576e-02
76 1.5859375000e+00 8.7315291358e-02
76 1.5898437500e+00 8.7044495170e-02
76 1.5937500000e+00 8.6775124429e-02
76 1.5976562500e+00 8.6507189826e-02
76 1.6015625000e+00 8.6240664710e-02
76 1.6054687500e+00 8.5975540374e-02
76 1.6093750000e+00 8.5711816373e-02
76 1.6132812500e+00 8.5449472198e-02
76 1.6171875000e+00 8.5188486130e-02
76 1.6210937500e+00 8.4928855268e-02
76 1.6250000000e+00 8.4670574363e-02
76 1.6289062500e+00 8.4413623986e-02
76 1.6328125000e+00 8.4157987236e-02
76 1.6367187500e+00 8.3903664564e-02
76 1.6406250000e+00 8.3650634604e-02
76 1.6445312500e+00 8.3398891776e-02
76 1.6484375000e+00 8.3148415902e-02
76 1.6523437500e+00 8.2899229579e-02
76 1.6562500000e+00 8.2651276184e-02
76 1.6601562500e+00 8.2404575642e-02
76 1.6640625000e+00 8.2159096089e-02
76 1.6679687500e+00 8.1914845040e-02
76 1.6718750000e+00 8.1671810963e-02
76 1.6757812500e+00 8.1429970295e-02
76 1.6796875000e+00 8.1189330417e-02
76 1.6835937500e+00 8.0949872880e-02
76 1.6875000000e+00 8.0711584134e-02
76 1.6914062500e+00 8.0474462630e-02
76 1.6953125000e+00 8.0238489644e-02
76 1.6992187500e+00 8.0003658731e-02
76 1.7031250000e+00 7.9769968361e-02
76 1.7070312500e+00 7.9537408894e-02
76 1.7109375000e+00 7.9305956937e-02
76 1.7148437500e+00 7.9075608642e-02
76 1.7187500000e+00 7.8846364962e-02
76 1.7226562500e+00 7.8618210677e-02
76 1.7265625000e+00 7.8391141067e-02
76 1.7304687500e+00 7.8165135934e-02
76 1.7343750000e+00 7.7940212180e-02
76 1.7382812500e+00 7.7716324475e-02
76 1.7421875000e+00 7.7493495495e-02
76 1.7460937500e+00 7.7271704279e-02
76 1.7500000000e+00 7.7050942653e-02
76 1.7539062500e+00 7.6831205752e-02
76 1.7578125000e+00 7.6612472877e-02
76 1.7617187500e+00 7.6394760991e-02
76 1.7656250000e+00 7.6178049559e-02
76 1.7695312500e+00 7.5962322762e-02
76 1.7734375000e+00 7.5747585738e-02
76 1.7773437500e+00 7.5533821038e-02
76 1.7812500000e+00 7.5321026605e-02
76 1.7851562500e+00 7.5109194829e-02
76 1.7890625000e+00 7.4898318291e-02
76 1.7929687500e+00 7.4688387436e-02
76 1.7968750000e+00 7.4479397433e-02
76 1.8007812500e+00 7.4271348220e-02
76 1.8046875000e+00 7.4064216761e-02
76 1.8085937500e+00 7.3858006610e-02
76 1.8125000000e+00 7.3652704893e-02
76 1.8164062500e+00 7.3448321207e-02
76 1.8203125000e+00 7.3244825641e-02
76 1.8242187500e+00 7.3042229304e-02
76 1.8281250000e+00 7.2840517269e-02
76 1.8320312500e+00 7.2639680459e-02
76 1.8359375000e+00 7.2439722908e-02
76 1.8398437500e+00 7.2240629544e-02
76 1.8437500000e+00 7.2042404006e-02
76 1.8476562500e+00 7.1845029480e-02
76 1.8515625000e+00 7.1648497136e-02
76 1.8554687500e+00 7.1452813402e-02
76 1.8593750000e+00 7.1257967991e-02
76 1.8632812500e+00 7.1063947430e-02
76 1.8671875000e+00 7.0870754023e-02
76 1.8710937500e+00 7.0678375715e-02
76 1.8750000000e+00 7.0486812545e-02
76 1.8789062500e+00 7.0296058450e-02
76 1.8828125000e+00 7.0106108856e-02
76 1.8867187500e+00 6.9916949125e-02
76 1.8906250000e+00 6.9728585768e-02
76 1.8945312500e+00 6.9541004634e-02
76 1.8984375000e+00 6.9354207738e-02
76 1.9023437500e+00 6.9168172114e-02
76 1.9062500000e+00 6.8982917654e-02
76 1.9101562500e+00 6.8798425041e-02
76 1.9140625000e+00 6.8614689579e-02
76 1.9179687500e+00 6.8431710285e-02
76 1.9218750000e+00 6.8249476682e-02
76 1.9257812500e+00 6.8067986913e-02
76 1.9296875000e+00 6.7887234344e-02
76 1.9335937500e+00 6.7707213593e-02
76 1.9375000000e+00 6.7527929555e-02
76 1.9414062500e+00 6.7349365176e-02
76 1.9453125000e+00 6.7171513046e-02
76 1.9492187500e+00 6.6994380224e-02
76 1.9531250000e+00 6.6817959731e-02
76 1.9570312500e+00 6.6642241675e-02
76 1.9609375000e+00 6.6467222718e-02
76 1.9648437500e+00 6.6292900260e-02
76 1.9687500000e+00 6.6119266061e-02
76 1.9726562500e+00 6.5946324521e-02
76 1.9765625000e+00 6.5774060245e-02
76 1.9804687500e+00 6.5602477609e-02
76 1.9843750000e+00 6.5431560535e-02
76 1.9882812500e+00 6.5261322598e-02
76 1.9921875000e+00 6.5091745908e-02
76 1.9960937500e+00 6.4922826648e-02
76 2.0000000000e+00 6.4754570280e-02
76 2.0039062500e+00 6.4586962680e-02
76 2.0078125000e+00 6.4420005471e-02
76 2.0117187500e+00 6.4253689613e-02
76 2.0156250000e+00 6.4088011589e-02
76 2.0195312500e+00 6.3922972132e-02
76 2.0234375000e+00 6.3758563753e-02
76 2.0273437500e+00 6.3594783666e-02
76 2.0312500000e+00 6.3431632963e-02
76 2.0351562500e+00 6.3269100294e-02
76 2.0390625000e+00 6.3107180020e-02
76 2.0429687500e+00 6.2945873865e-02
76 2.0468750000e+00 6.2785181578e-02
76 2.0507812500e+00 6.2625090081e-02
76 2.0546875000e+00 6.2465606354e-02
76 2.0585937500e+00 6.2306713840e-02
76 2.0625000000e+00 6.2148420076e-02
76 2.0664062500e+00 6.1990714334e-02
76 2.0703125000e+00 6.1833603173e-02
76 2.0742187500e+00 6.1677069913e-02
76 2.0781250000e+00 6.1521113425e-02
76 2.0820312500e+00 6.1365742867e-02
76 2.0859375000e+00 6.1210941924e-02
76 2.0898437500e+00 6.1056710548e-02
76 2.0937500000e+00 6.0903046819e-02
76 2.0976562500e+00 6.0749947232e-02
76 2.1015625000e+00 6.0597409206e-02
76 2.1054687500e+00 6.0445425913e-02
76 2.1093750000e+00 6.0293994624e-02
76 2.1132812500e+00 6.0143120120e-02
76 2.1171875000e+00 5.9992790522e-02
76 2.1210937500e+00 5.9843003988e-02
76 2.1250000000e+00 5.9693759473e-02
76 2.1289062500e+00 5.9545054336e-02
76 2.1328125000e+00 5.9396877241e-02
76 2.1367187500e+00 5.9249237910e-02
76 2.1406250000e+00 5.9102125555e-02
76 2.1445312500e+00 5.8955546662e-02
76 2.1484375000e+00 5.8809484782e-02
76 2.1523437500e+00 5.8663945488e-02
76 2.1562500000e+00 5.8518918421e-02
76 2.1601562500e+00 5.8374407520e-02
76 2.1640625000e+00 5.8230413437e-02
76 2.1679687500e+00 5.8086921991e-02
76 2.1718750000e+00 5.7943936729e-02
76 2.1757812500e+00 5.7801456279e-02
76 2.1796875000e+00 5.7659475569e-02
76 2.1835937500e+00 5.7517993401e-02
76 2.1875000000e+00 5.7377003523e-02
76 2.1914062500e+00 5.7236506416e-02
76 2.1953125000e+00 5.7096501452e-02
76 2.1992187500e+00 5.6956981918e-02
76 2.2031250000e+00 5.6817945059e-02
76 2.2070312500e+00 5.6679392277e-02
76 2.2109375000e+00 5.6541319067e-02
76 2.2148437500e+00 5.6403717077e-02
76 2.2187500000e+00 5.6266596134e-02
76 2.2226562500e+00 5.6129941167e-02
76 2.2265625000e+00 5.5993757651e-02
76 2.2304687500e+00 5.5858038653e-02
76 2.2343750000e+00 5.5722786850e-02
76 2.2382812500e+00 5.5587995178e-02
76 2.2421875000e+00 5.5453659952e-02
76 2.2460937500e+00 5.5319785134e-02
76 2.2500000000e+00 5.5186358811e-02
76 2.2539062500e+00 5.5053387944e-02
76 2.2578125000e+00 5.4920871115e-02
76 2.2617187500e+00 5.4788798181e-02
76 2.2656250000e+00 5.4657169672e-02
76 2.2695312500e+00 5.4525981951e-02
76 2.2734375000e+00 5.4395236768e-02
76 2.2773437500e+00 5.4264931055e-02
76 2.2812500000e+00 5.4135057720e-02
76 2.2851562500e+00 5.4005619429e-02
76 2.2890625000e+00 5.3876613838e-02
76 2.2929687500e+00 5.3748038133e-02
76 2.2968750000e+00 5.3619885315e-02
76 2.3007812500e+00 5.3492164857e-02
76 2.3046875000e+00 5.3364862295e-02
76 2.3085937500e+00 5.3237981907e-02
76 2.3125000000e+00 5.3111519500e-02
76 2.3164062500e+00 5.2985475149e-02
76 2.3203125000e+00 5.2859843884e-02
76 2.3242187500e+00 5.2734624066e-02
76 2.3281250000e+00 5.2609818390e-02
76 2.3320312500e+00 5.2485418047e-02
76 2.3359375000e+00 5.2361425514e-02
76 2.3398437500e+00 5.2237837782e-02
76 2.3437500000e+00 5.2114649056e-02
76 2.3476562500e+00 5.1991864357e-02
76 2.3515625000e+00 5.1869479398e-02
76 2.3554687500e+00 5.1747489428e-02
76 2.3593750000e+00 5.1625894761e-02
76 2.3632812500e+00 5.1504689621e-02
76 2.3671875000e+00 5.1383878528e-02
76 2.3710937500e+00 5.1263457244e-02
76 2.3750000000e+00 5.1143423847e-02
76 2.3789062500e+00 5.1023772013e-02
76 2.3828125000e+00 5.0904509130e-02
76 2.3867187500e+00 5.0785623318e-02
76 2.3906250000e+00 5.0667118131e-02
76 2.3945312500e+00 5.0548991612e-02
76 2.3984375000e+00 5.0431241925e-02
76 2.4023437500e+00 5.0313865391e-02
76 2.4062500000e+00 5.0196862799e-02
76 2.4101562500e+00 5.0080233352e-02
76 2.4140625000e+00 4.9963970787e-02
76 2.4179687500e+00 4.9848076701e-02
76 2.4218750000e+00 4.9732549569e-02
76 2.4257812500e+00 4.9617384093e-02
76 2.4296875000e+00 4.9502583074e-02
76 2.4335937500e+00 4.9388143013e-02
76 2.4375000000e+00 4.9274060199e-02
76 2.4414062500e+00 4.9160337242e-02
76 2.4453125000e+00 4.9046970379e-02
76 2.4492187500e+00 4.8933958646e-02
76 2.4531250000e+00 4.8821298151e-02
76 2.4570312500e+00 4.8708988074e-02
76 2.4609375000e+00 4.8597027944e-02
76 2.4648437500e+00 4.8485421215e-02
76 2.4687500000e+00 4.8374155594e-02
76 2.4726562500e+00 4.8263235497e-02
76 2.4765625000e+00 4.8152659069e-02
76 2.4804687500e+00 4.8042423983e-02
76 2.4843750000e+00 4.7932528488e-02
76 2.4882812500e+00 4.7822972901e-02
76 2.4921875000e+00 4.7713756926e-02
76 2.4960937500e+00 4.7604873368e-02
76 2.5000000000e+00 4.7496325277e-02
76 2.5039062500e+00 4.7388110367e-02
76 2.5078125000e+00 4.7280225410e-02
76 2.5117187500e+00 4.7172672306e-02
76 2.5156250000e+00 4.7065446976e-02
76 2.5195312500e+00 4.6958548231e-02
76 2.5234375000e+00 4.6851977606e-02
76 2.5273437500e+00 4.6745729608e-02
76 2.5312500000e+00 4.6639804124e-02
76 2.5351562500e+00 4.6534199754e-02
76 2.5390625000e+00 4.6428916841e-02
76 2.5429687500e+00 4.6323951213e-02
76 2.5468750000e+00 4.6219304524e-02
76 2.5507812500e+00 4.6114969933e-02
76 2.5546875000e+00 4.6010952525e-02
76 2.5585937500e+00 4.5907250398e-02
76 2.5625000000e+00 4.5803859297e-02
76 2.5664062500e+00 4.5700777416e-02
76 2.5703125000e+00 4.5598005245e-02
76 2.5742187500e+00 4.5495541907e-02
76 2.5781250000e+00 4.5393384145e-02
76 2.5820312500e+00 4.5291533190e-02
76 2.5859375000e+00 4.5189986787e-02
76 2.5898437500e+00 4.5088740940e-02
76 2.5937500000e+00 4.4987797631e-02
76 2.5976562500e+00 4.4887154860e-02
76 2.6015625000e+00 4.4786810171e-02
76 2.6054687500e+00 4.4686765755e-02
76 2.6093750000e+00 4.4587017074e-02
76 2.6132812500e+00 4.4487563963e-02
76 2.6171875000e+00 4.4388404581e-02
76 2.6210937500e+00 4.4289538652e-02
76 2.6250000000e+00 4.4190962853e-02
76 2.6289062500e+00 4.4092679325e-02
76 2.6328125000e+00 4.3994682601e-02
76 2.6367187500e+00 4.3896977710e-02
76 2.6406250000e+00 4.3799559066e-02
76 2.6445312500e+00 4.3702424138e-02
76 2.6484375000e+00 4.3605574080e-02
76 2.6523437500e+00 4.3509009795e-02
76 2.6562500000e+00 4.3412727193e-02
76 2.6601562500e+00 4.3316723468e-02
76 2.6640625000e+00 4.3221001494e-02
76 2.6679687500e+00 4.3125559667e-02
76 2.6718750000e+00 4.3030394829e-02
76 2.6757812500e+00 4.2935508139e-02
76 2.6796875000e+00 4.2840896207e-02
76 2.6835937500e+00 4.2746558006e-02
76 2.6875000000e+00 4.2652493886e-02
76 2.6914062500e+00 4.2558701797e-02
76 2.6953125000e+00 4.2465181334e-02
76 2.6992187500e+00 4.2371931878e-02
76 2.7031250000e+00 4.2278951356e-02
76 2.7070312500e+00 4.2186237078e-02
76 2.7109375000e+00 4.2093791625e-02
76 2.7148437500e+00 4.2001611063e-02
76 2.7187500000e+00 4.1909697323e-02
76 2.7226562500e+00 4.1818046948e-02
76 2.7265625000e+00 4.1726658704e-02
76 2.7304687500e+00 4.1635533755e-02
76 2.7343750000e+00 4.1544669023e-02
76 2.7382812500e+00 4.1454063504e-02
76 2.7421875000e+00 4.1363715624e-02
76 2.7460937500e+00 4.1273628060e-02
76 2.7500000000e+00 4.1183797050e-02
76 2.7539062500e+00 4.1094220578e-02
76 2.7578125000e+00 4.1004899916e-02
76 2.7617187500e+00 4.0915832941e-02
76 2.7656250000e+00 4.0827019043e-02
76 2.7695312500e+00 4.0738458215e-02
76 2.7734375000e+00 4.0650146892e-02
76 2.7773437500e+00 4.0562085360e-02
76 2.7812500000e+00 4.0474272659e-02
76 2.7851562500e+00 4.0386709762e-02
76 2.7890625000e+00 4.0299393031e-02
76 2.7929687500e+00 4.0212324441e-02
76 2.7968750000e+00 4.0125498992e-02
76 2.8007812500e+00 4.0038918523e-02
76 2.8046875000e+00 3.9952581656e-02
76 2.8085937500e+00 3.9866486188e-02
76 2.8125000000e+00 3.9780635022e-02
76 2.8164062500e+00 3.9695023675e-02
76 2.8203125000e+00 3.9609651894e-02
76 2.8242187500e+00 3.9524519108e-02
76 2.8281250000e+00 3.9439625475e-02
76 2.8320312500e+00 3.9354968284e-02
76 2.8359375000e+00 3.9270545964e-02
76 2.8398437500e+00 3.9186361498e-02
76 2.8437500000e+00 3.9102411822e-02
76 2.8476562500e+00 3.9018693765e-02
76 2.8515625000e+00 3.8935209371e-02
76 2.8554687500e+00 3.8851956078e-02
76 2.8593750000e+00 3.8768934794e-02
76 2.8632812500e+00 3.8686143412e-02
76 2.8671875000e+00 3.8603582314e-02
76 2.8710937500e+00 3.8521249039e-02
76 2.8750000000e+00 3.8439144829e-02
76 2.8789062500e+00 3.8357266503e-02
76 2.8828125000e+00 3.8275615048e-02
76 2.8867187500e+00 3.8194188617e-02
76 2.8906250000e+00 3.8112985864e-02
76 2.8945312500e+00 3.8032007091e-02
76 2.8984375000e+00 3.7951251168e-02
76 2.9023437500e+00 3.7870717697e-02
76 2.9062500000e+00 3.7790406231e-02
76 2.9101562500e+00 3.7710314797e-02
76 2.9140625000e+00 3.7630442347e-02
76 2.9179687500e+00 3.7550788204e-02
76 2.9218750000e+00 3.7471353934e-02
76 2.9257812500e+00 3.7392136153e-02
76 2.9296875000e+00 3.7313134365e-02
76 2.9335937500e+00 3.7234349584e-02
76 2.9375000000e+00 3.7155779602e-02
76 2.9414062500e+00 3.7077423364e-02
76 2.9453125000e+00 3.6999280214e-02
76 2.9492187500e+00 3.6921350198e-02
76 2.9531250000e+00 3.6843631666e-02
76 2.9570312500e+00 3.6766125753e-02
76 2.9609375000e+00 3.6688829356e-02
76 2.9648437500e+00 3.6611742495e-02
76 2.9687500000e+00 3.6534864801e-02
76 2.9726562500e+00 3.6458194967e-02
76 2.9765625000e+00 3.6381733865e-02
76 2.9804687500e+00 3.6305478881e-02
76 2.9843750000e+00 3.6229430112e-02
76 2.9882812500e+00 3.6153586809e-02
76 2.9921875000e+00 3.6077948039e-02
76 2.9960937500e+00 3.6002513249e-02
76 3.0000000000e+00 3.5927281667e-02
76 3.0039062500e+00 3.5852252760e-02
76 3.0078125000e+00 3.5777424603e-02
76 3.0117187500e+00 3.5702796708e-02
76 3.0156250000e+00 3.5628371555e-02
76 3.0195312500e+00 3.5554145524e-02
76 3.0234375000e+00 3.5480118212e-02
76 3.0273437500e+00 3.5406289232e-02
76 3.0312500000e+00 3.5332659187e-02
76 3.0351562500e+00 3.5259224532e-02
76 3.0390625000e+00 3.5185986740e-02
76 3.0429687500e+00 3.5112944102e-02
76 3.0468750000e+00 3.5040097181e-02
76 3.0507812500e+00 3.4967444948e-02
76 3.0546875000e+00 3.4894985484e-02
76 3.0585937500e+00 3.4822719240e-02
76 3.0625000000e+00 3.4750644926e-02
76 3.0664062500e+00 3.4678762469e-02
76 3.0703125000e+00 3.4607071335e-02
76 3.0742187500e+00 3.4535570193e-02
76 3.0781250000e+00 3.4464259114e-02
76 3.0820312500e+00 3.4393136650e-02
76 3.0859375000e+00 3.4322202846e-02
76 3.0898437500e+00 3.4251456842e-02
76 3.0937500000e+00 3.4180897783e-02
76 3.0976562500e+00 3.4110526415e-02
76 3.1015625000e+00 3.4040339483e-02
76 3.1054687500e+00 3.3970337916e-02
76 3.1093750000e+00 3.3900521657e-02
76 3.1132812500e+00 3.3830890119e-02
76 3.1171875000e+00 3.3761440564e-02
76 3.1210937500e+00 3.3692174168e-02
76 3.1250000000e+00 3.3623089738e-02
76 3.1289062500e+00 3.3554187214e-02
76 3.1328125000e+00 3.3485465999e-02
76 3.1367187500e+00 3.3416925096e-02
76 3.1406250000e+00 3.3348564223e-02
76 3.1445312500e+00 3.3280382534e-02
76 3.1484375000e+00 3.3212379061e-02
76 3.1523437500e+00 3.3144553115e-02
76 3.1562500000e+00 3.3076904215e-02
76 3.1601562500e+00 3.3009432726e-02
76 3.1640625000e+00 3.2942138082e-02
76 3.1679687500e+00 3.2875018873e-02
76 3.1718750000e+00 3.2808074540e-02
76 3.1757812500e+00 3.2741304268e-02
76 3.1796875000e+00 3.2674708566e-02
76 3.1835937500e+00 3.2608286104e-02
76 3.1875000000e+00 3.2542036234e-02
76 3.1914062500e+00 3.2475959601e-02
76 3.1953125000e+00 3.2410054219e-02
76 3.1992187500e+00 3.2344318769e-02
76 3.2031250000e+00 3.2278755006e-02
76 3.2070312500e+00 3.2213361215e-02
76 3.2109375000e+00 3.2148136610e-02
76 3.2148437500e+00 3.2083080621e-02
76 3.2187500000e+00 3.2018192821e-02
76 3.2226562500e+00 3.1953473684e-02
76 3.2265625000e+00 3.1888921094e-02
76 3.2304687500e+00 3.1824535371e-02
76 3.2343750000e+00 3.1760315533e-02
76 3.2382812500e+00 3.1696261547e-02
76 3.2421875000e+00 3.1632372508e-02
76 3.2460937500e+00 3.1568647945e-02
76 3.2500000000e+00 3.1505087684e-02
76 3.2539062500e+00 3.1441691246e-02
76 3.2578125000e+00 3.1378457663e-02
76 3.2617187500e+00 3.1315386804e-02
76 3.2656250000e+00 3.1252476630e-02
76 3.2695312500e+00 3.1189728382e-02
76 3.2734375000e+00 3.1127140930e-02
76 3.2773437500e+00 3.1064714372e-02
76 3.2812500000e+00 3.1002446951e-02
76 3.2851562500e+00 3.0940340733e-02
76 3.2890625000e+00 3.0878392210e-02
76 3.2929687500e+00 3.0816601512e-02
76 3.2968750000e+00 3.0754969280e-02
76 3.3007812500e+00 3.0693494414e-02
76 3.3046875000e+00 3.0632176315e-02
76 3.3085937500e+00 3.0571014078e-02
76 3.3125000000e+00 3.0510007662e-02
76 3.3164062500e+00 3.0449157027e-02
76 3.3203125000e+00 3.0388461004e-02
76 3.3242187500e+00 3.0327919698e-02
76 3.3281250000e+00 3.0267531621e-02
76 3.3320312500e+00 3.0207297099e-02
76 3.3359375000e+00 3.0147215924e-02
76 3.3398437500e+00 3.0087287190e-02
76 3.3437500000e+00 3.0027510574e-02
76 3.3476562500e+00 2.9967884838e-02
76 3.3515625000e+00 2.9908410551e-02
76 3.3554687500e+00 2.9849086775e-02
76 3.3593750000e+00 2.9789912729e-02
76 3.3632812500e+00 2.9730887878e-02
76 3.3671875000e+00 2.9672013400e-02
76 3.3710937500e+00 2.9613286990e-02
76 3.3750000000e+00 2.9554708541e-02
76 3.3789062500e+00 2.9496278163e-02
76 3.3828125000e+00 2.9437994326e-02
76 3.3867187500e+00 2.9379857201e-02
76 3.3906250000e+00 2.9321866646e-02
76 3.3945312500e+00 2.9264022654e-02
76 3.3984375000e+00 2.9206324221e-02
76 3.4023437500e+00 2.9148770211e-02
76 3.4062500000e+00 2.9091360724e-02
76 3.4101562500e+00 2.9034095549e-02
76 3.4140625000e+00 2.8976974131e-02
76 3.4179687500e+00 2.8919995760e-02
76 3.4218750000e+00 2.8863159786e-02
76 3.4257812500e+00 2.8806466562e-02
76 3.4296875000e+00 2.8749914938e-02
76 3.4335937500e+00 2.8693504875e-02
76 3.4375000000e+00 2.8637235962e-02
76 3.4414062500e+00 2.8581107761e-02
76 3.4453125000e+00 2.8525119446e-02
76 3.4492187500e+00 2.8469271285e-02
76 3.4531250000e+00 2.8413561800e-02
76 3.4570312500e+00 2.8357991075e-02
76 3.4609375000e+00 2.8302559614e-02
76 3.4648437500e+00 2.8247265441e-02
76 3.4687500000e+00 2.8192109062e-02
76 3.4726562500e+00 2.8137089622e-02
76 3.4765625000e+00 2.8082207119e-02
76 3.4804687500e+00 2.8027460621e-02
76 3.4843750000e+00 2.7972850284e-02
76 3.4882812500e+00 2.7918375922e-02
76 3.4921875000e+00 2.7864036604e-02
76 3.4960937500e+00 2.7809831592e-02
76 3.5000000000e+00 2.7755760779e-02
76 3.5039062500e+00 2.7701823547e-02
76 3.5078125000e+00 2.7648020660e-02
76 3.5117187500e+00 2.7594350401e-02
76 3.5156250000e+00 2.7540813125e-02
76 3.5195312500e+00 2.7487407572e-02
76 3.5234375000e+00 2.7434134286e-02
76 3.5273437500e+00 2.7380992050e-02
76 3.5312500000e+00 2.7327981302e-02
76 3.5351562500e+00 2.7275100394e-02
76 3.5390625000e+00 2.7222349955e-02
76 3.5429687500e+00 2.7169730262e-02
76 3.5468750000e+00 2.7117239217e-02
76 3.5507812500e+00 2.7064877569e-02
76 3.5546875000e+00 2.7012645093e-02
76 3.5585937500e+00 2.6960540586e-02
76 3.5625000000e+00 2.6908563885e-02
76 3.5664062500e+00 2.6856714469e-02
76 3.5703125000e+00 2.6804992838e-02
76 3.5742187500e+00 2.6753397658e-02
76 3.5781250000e+00 2.6701928759e-02
76 3.5820312500e+00 2.6650586220e-02
76 3.5859375000e+00 2.6599369067e-02
76 3.5898437500e+00 2.6548277421e-02
76 3.5937500000e+00 2.6497309999e-02
76 3.5976562500e+00 2.6446467661e-02
76 3.6015625000e+00 2.6395750101e-02
76 3.6054687500e+00 2.6345156001e-02
76 3.6093750000e+00 2.6294685013e-02
76 3.6132812500e+00 2.6244336939e-02
76 3.6171875000e+00 2.6194111329e-02
76 3.6210937500e+00 2.6144008316e-02
76 3.6250000000e+00 2.6094027675e-02
76 3.6289062500e+00 2.6044168224e-02
76 3.6328125000e+00 2.5994430195e-02
76 3.6367187500e+00 2.5944813411e-02
76 3.6406250000e+00 2.5895316841e-02
76 3.6445312500e+00 2.5845940334e-02
76 3.6484375000e+00 2.5796683888e-02
76 3.6523437500e+00 2.5747546844e-02
76 3.6562500000e+00 2.5698528940e-02
76 3.6601562500e+00 2.5649629709e-02
76 3.6640625000e+00 2.5600849308e-02
76 3.6679687500e+00 2.5552186610e-02
76 3.6718750000e+00 2.5503641799e-02
76 3.6757812500e+00 2.5455214169e-02
76 3.6796875000e+00 2.5406903771e-02
76 3.6835937500e+00 2.5358709792e-02
76 3.6875000000e+00 2.5310632061e-02
76 3.6914062500e+00 2.5262670369e-02
76 3.6953125000e+00 2.5214824897e-02
76 3.6992187500e+00 2.5167094333e-02
76 3.7031250000e+00 2.5119478989e-02
76 3.7070312500e+00 2.5071978162e-02
76 3.7109375000e+00 2.5024591183e-02
76 3.7148437500e+00 2.4977319076e-02
76 3.7187500000e+00 2.4930160771e-02
76 3.7226562500e+00 2.4883115289e-02
76 3.7265625000e+00 2.4836182668e-02
76 3.7304687500e+00 2.4789362877e-02
76 3.7343750000e+00 2.4742655267e-02
76 3.7382812500e+00 2.4696059617e-02
76 3.7421875000e+00 2.4649575729e-02
76 3.7460937500e+00 2.4603203815e-02
76 3.7500000000e+00 2.4556942513e-02
76 3.7539062500e+00 2.4510791993e-02
76 3.7578125000e+00 2.4464751532e-02
76 3.7617187500e+00 2.4418821704e-02
76 3.7656250000e+00 2.4373001345e-02
76 3.7695312500e+00 2.4327290421e-02
76 3.7734375000e+00 2.4281688504e-02
76 3.7773437500e+00 2.4236195758e-02
76 3.7812500000e+00 2.4190811145e-02
76 3.7851562500e+00 2.4145534896e-02
76 3.7890625000e+00 2.4100366753e-02
76 3.7929687500e+00 2.4055305932e-02
76 3.7968750000e+00 2.4010352488e-02
76 3.8007812500e+00 2.3965505706e-02
76 3.8046875000e+00 2.3920765475e-02
76 3.8085937500e+00 2.3876132361e-02
76 3.8125000000e+00 2.3831605123e-02
76 3.8164062500e+00 2.3787183482e-02
76 3.8203125000e+00 2.3742867026e-02
76 3.8242187500e+00 2.3698655677e-02
76 3.8281250000e+00 2.3654549368e-02
76 3.8320312500e+00 2.3610547361e-02
76 3.8359375000e+00 2.3566649782e-02
76 3.8398437500e+00 2.3522856125e-02
76 3.8437500000e+00 2.3479166104e-02
76 3.8476562500e+00 2.3435579128e-02
76 3.8515625000e+00 2.3392095045e-02
76 3.8554687500e+00 2.3348714230e-02
76 3.8593750000e+00 2.3305435829e-02
76 3.8632812500e+00 2.3262259516e-02
76 3.8671875000e+00 2.3219185258e-02
76 3.8710937500e+00 2.3176212686e-02
76 3.8750000000e+00 2.3133340745e-02
76 3.8789062500e+00 2.3090570407e-02
76 3.8828125000e+00 2.3047900597e-02
76 3.8867187500e+00 2.3005331116e-02
76 3.8906250000e+00 2.2962862044e-02
76 3.8945312500e+00 2.2920492861e-02
76 3.8984375000e+00 2.2878222897e-02
76 3.9023437500e+00 2.2836052744e-02
76 3.9062500000e+00 2.2793981561e-02
76 3.9101562500e+00 2.2752009071e-02
76 3.9140625000e+00 2.2710134551e-02
76 3.9179687500e+00 2.2668358347e-02
76 3.9218750000e+00 2.2626680361e-02
76 3.9257812500e+00 2.2585100211e-02
76 3.9296875000e+00 2.2543617017e-02
76 3.9335937500e+00 2.2502231128e-02
76 3.9375000000e+00 2.2460941890e-02
76 3.9414062500e+00 2.2419749321e-02
76 3.9453125000e+00 2.2378652705e-02
76 3.9492187500e+00 2.2337652517e-02
76 3.9531250000e+00 2.2296748143e-02
76 3.9570312500e+00 2.2255938652e-02
76 3.9609375000e+00 2.2215224899e-02
76 3.9648437500e+00 2.2174605808e-02
76 3.9687500000e+00 2.2134081427e-02
76 3.9726562500e+00 2.2093651665e-02
76 3.9765625000e+00 2.2053315883e-02
76 3.9804687500e+00 2.2013074057e-02
76 3.9843750000e+00 2.1972925817e-02
76 3.9882812500e+00 2.1932870695e-02
76 3.9921875000e+00 2.1892908613e-02
76 3.9960937500e+00 2.1853039252e-02
76 4.0000000000e+00 2.1813262897e-02
76 4.0039062500e+00 2.1773578476e-02
76 4.0078125000e+00 2.1733986272e-02
76 4.0117187500e+00 2.1694485815e-02
76 4.0156250000e+00 2.1655077405e-02
76 4.0195312500e+00 2.1615760084e-02
76 4.0234375000e+00 2.1576533726e-02
76 4.0273437500e+00 2.1537398011e-02
76 4.0312500000e+00 2.1498352746e-02
76 4.0351562500e+00 2.1459397911e-02
76 4.0390625000e+00 2.1420532857e-02
76 4.0429687500e+00 2.1381758051e-02
76 4.0468750000e+00 2.1343072696e-02
76 4.0507812500e+00 2.1304476106e-02
76 4.0546875000e+00 2.1265968943e-02
76 4.0585937500e+00 2.1227550330e-02
76 4.0625000000e+00 2.1189220303e-02
76 4.0664062500e+00 2.1150978950e-02
76 4.0703125000e+00 2.1112825323e-02
76 4.0742187500e+00 2.1074759697e-02
76 4.0781250000e+00 2.1036781470e-02
76 4.0820312500e+00 2.0998890742e-02
76 4.0859375000e+00 2.0961086845e-02
76 4.0898437500e+00 2.0923369821e-02
76 4.0937500000e+00 2.0885739729e-02
76 4.0976562500e+00 2.0848195998e-02
76 4.1015625000e+00 2.0810738126e-02
76 4.1054687500e+00 2.0773365915e-02
76 4.1093750000e+00 2.0736079755e-02
76 4.1132812500e+00 2.0698879042e-02
76 4.1171875000e+00 2.0661763423e-02
76 4.1210937500e+00 2.0624732563e-02
76 4.1250000000e+00 2.0587786968e-02
76 4.1289062500e+00 2.0550925681e-02
76 4.1328125000e+00 2.0514148535e-02
76 4.1367187500e+00 2.0477455702e-02
76 4.1406250000e+00 2.0440846435e-02
76 4.1445312500e+00 2.0404320409e-02
76 4.1484375000e+00 2.0367877995e-02
76 4.1523437500e+00 2.0331518403e-02
76 4.1562500000e+00 2.0295242201e-02
76 4.1601562500e+00 2.0259048428e-02
76 4.1640625000e+00 2.0222937176e-02
76 4.1679687500e+00 2.0186908117e-02
76 4.1718750000e+00 2.0150961291e-02
76 4.1757812500e+00 2.0115095972e-02
76 4.1796875000e+00 2.0079312195e-02
76 4.1835937500e+00 2.0043609590e-02
76 4.1875000000e+00 2.0007988462e-02
76 4.1914062500e+00 1.9972448101e-02
76 4.1953125000e+00 1.9936988244e-02
76 4.1992187500e+00 1.9901608756e-02
76 4.2031250000e+00 1.9866309596e-02
76 4.2070312500e+00 1.9831090623e-02
76 4.2109375000e+00 1.9795951322e-02
76 4.2148437500e+00 1.9760891398e-02
76 4.2187500000e+00 1.9725911136e-02
76 4.2226562500e+00 1.9691009833e-02
76 4.2265625000e+00 1.9656187393e-02
76 4.2304687500e+00 1.9621443859e-02
76 4.2343750000e+00 1.9586778631e-02
76 4.2382812500e+00 1.9552191690e-02
76 4.2421875000e+00 1.9517683024e-02
76 4.2460937500e+00 1.9483252293e-02
76 4.2500000000e+00 1.9448899153e-02
76 4.2539062500e+00 1.9414623472e-02
76 4.2578125000e+00 1.9380424832e-02
76 4.2617187500e+00 1.9346303248e-02
76 4.2656250000e+00 1.9312258387e-02
76 4.2695312500e+00 1.9278290402e-02
76 4.2734375000e+00 1.9244399062e-02
76 4.2773437500e+00 1.9210583683e-02
76 4.2812500000e+00 1.9176844397e-02
76 4.2851562500e+00 1.9143180850e-02
76 4.2890625000e+00 1.9109592887e-02
76 4.2929687500e+00 1.9076079984e-02
76 4.2968750000e+00 1.9042642266e-02
76 4.3007812500e+00 1.9009280172e-02
76 4.3046875000e+00 1.8975992556e-02
76 4.3085937500e+00 1.8942779304e-02
76 4.3125000000e+00 1.8909640688e-02
76 4.3164062500e+00 1.8876575909e-02
76 4.3203125000e+00 1.8843585536e-02
76 4.3242187500e+00 1.8810668901e-02
76 4.3281250000e+00 1.8777826026e-02
76 4.3320312500e+00 1.8745056271e-02
76 4.3359375000e+00 1.8712359758e-02
76 4.3398437500e+00 1.8679736308e-02
76 4.3437500000e+00 1.8647185599e-02
76 4.3476562500e+00 1.8614707551e-02
76 4.3515625000e+00 1.8582301946e-02
76 4.3554687500e+00 1.8549968448e-02
76 4.3593750000e+00 1.8517707094e-02
76 4.3632812500e+00 1.8485517789e-02
76 4.3671875000e+00 1.8453399913e-02
76 4.3710937500e+00 1.8421353497e-02
76 4.3750000000e+00 1.8389378308e-02
76 4.3789062500e+00 1.8357474252e-02
76 4.3828125000e+00 1.8325641190e-02
76 4.3867187500e+00 1.8293878808e-02
76 4.3906250000e+00 1.8262186878e-02
76 4.3945312500e+00 1.8230565825e-02
76 4.3984375000e+00 1.8199014397e-02
76 4.4023437500e+00 1.8167532880e-02
76 4.4062500000e+00 1.8136121119e-02
76 4.4101562500e+00 1.8104779115e-02
76 4.4140625000e+00 1.8073506359e-02
76 4.4179687500e+00 1.8042303129e-02
76 4.4218750000e+00 1.8011168744e-02
76 4.4257812500e+00 1.7980103331e-02
76 4.4296875000e+00 1.7949106497e-02
76 4.4335937500e+00 1.7918178401e-02
76 4.4375000000e+00 1.7887318446e-02
76 4.4414062500e+00 1.7856526541e-02
76 4.4453125000e+00 1.7825802781e-02
76 4.4492187500e+00 1.7795146525e-02
76 4.4531250000e+00 1.7764558013e-02
76 4.4570312500e+00 1.7734036915e-02
76 4.4609375000e+00 1.7703583078e-02
76 4.4648437500e+00 1.7673196431e-02
76 4.4687500000e+00 1.7642876380e-02
76 4.4726562500e+00 1.7612623124e-02
76 4.4765625000e+00 1.7582436707e-02
76 4.4804687500e+00 1.7552316514e-02
76 4.4843750000e+00 1.7522262561e-02
76 4.4882812500e+00 1.7492274614e-02
76 4.4921875000e+00 1.7462352576e-02
76 4.4960937500e+00 1.7432495915e-02
76 4.5000000000e+00 1.7402704911e-02
76 4.5039062500e+00 1.7372979305e-02
76 4.5078125000e+00 1.7343318938e-02
76 4.5117187500e+00 1.7313723543e-02
76 4.5156250000e+00 1.7284192926e-02
76 4.5195312500e+00 1.7254726854e-02
76 4.5234375000e+00 1.7225325003e-02
76 4.5273437500e+00 1.7195987889e-02
76 4.5312500000e+00 1.7166714725e-02
76 4.5351562500e+00 1.7137505736e-02
76 4.5390625000e+00 1.7108360596e-02
76 4.5429687500e+00 1.7079278821e-02
76 4.5468750000e+00 1.7050260832e-02
76 4.5507812500e+00 1.7021306080e-02
76 4.5546875000e+00 1.6992414400e-02
76 4.5585937500e+00 1.6963585800e-02
76 4.5625000000e+00 1.6934819711e-02
76 4.5664062500e+00 1.6906116517e-02
76 4.5703125000e+00 1.6877475827e-02
76 4.5742187500e+00 1.6848897515e-02
76 4.5781250000e+00 1.6820381168e-02
76 4.5820312500e+00 1.6791927107e-02
76 4.5859375000e+00 1.6763534811e-02
76 4.5898437500e+00 1.6735204116e-02
76 4.5937500000e+00 1.6706934974e-02
76 4.5976562500e+00 1.6678727267e-02
76 4.6015625000e+00 1.6650580747e-02
76 4.6054687500e+00 1.6622495236e-02
76 4.6093750000e+00 1.6594470732e-02
76 4.6132812500e+00 1.6566506665e-02
76 4.6171875000e+00 1.6538603344e-02
76 4.6210937500e+00 1.6510760723e-02
76 4.6250000000e+00 1.6482978228e-02
76 4.6289062500e+00 1.6455255866e-02
76 4.6328125000e+00 1.6427593425e-02
76 4.6367187500e+00 1.6399990646e-02
76 4.6406250000e+00 1.6372447678e-02
76 4.6445312500e+00 1.6344964077e-02
76 4.6484375000e+00 1.6317539994e-02
76 4.6523437500e+00 1.6290175047e-02
76 4.6562500000e+00 1.6262869064e-02
76 4.6601562500e+00 1.6235621891e-02
76 4.6640625000e+00 1.6208433782e-02
76 4.6679687500e+00 1.6181304020e-02
76 4.6718750000e+00 1.6154232485e-02
76 4.6757812500e+00 1.6127219291e-02
76 4.6796875000e+00 1.6100264404e-02
76 4.6835937500e+00 1.6073367374e-02
76 4.6875000000e+00 1.6046528191e-02
76 4.6914062500e+00 1.6019746907e-02
76 4.6953125000e+00 1.5993023076e-02
76 4.6992187500e+00 1.5966356680e-02
76 4.7031250000e+00 1.5939747498e-02
76 4.7070312500e+00 1.5913195194e-02
76 4.7109375000e+00 1.5886700043e-02
76 4.7148437500e+00 1.5860261736e-02
76 4.7187500000e+00 1.5833879998e-02
76 4.7226562500e+00 1.5807554764e-02
76 4.7265625000e+00 1.5781285701e-02
76 4.7304687500e+00 1.5755073185e-02
76 4.7343750000e+00 1.5728916552e-02
76 4.7382812500e+00 1.5702816096e-02
76 4.7421875000e+00 1.5676771447e-02
76 4.7460937500e+00 1.5650782505e-02
76 4.7500000000e+00 1.5624848824e-02
76 4.7539062500e+00 1.5598970375e-02
76 4.7578125000e+00 1.5573147466e-02
76 4.7617187500e+00 1.5547379516e-02
76 4.7656250000e+00 1.5521666507e-02
76 4.7695312500e+00 1.5496008408e-02
76 4.7734375000e+00 1.5470405078e-02
76 4.7773437500e+00 1.5444856136e-02
76 4.7812500000e+00 1.5419361596e-02
76 4.7851562500e+00 1.5393921363e-02
76 4.7890625000e+00 1.5368535105e-02
76 4.7929687500e+00 1.5343202983e-02
76 4.7968750000e+00 1.5317924768e-02
76 4.8007812500e+00 1.5292699980e-02
76 4.8046875000e+00 1.5267529080e-02
76 4.8085937500e+00 1.5242411440e-02
76 4.8125000000e+00 1.5217347290e-02
76 4.8164062500e+00 1.5192336085e-02
76 4.8203125000e+00 1.5167377835e-02
76 4.8242187500e+00 1.5142472613e-02
76 4.8281250000e+00 1.5117620155e-02
76 4.8320312500e+00 1.5092820271e-02
76 4.8359375000e+00 1.5068072851e-02
76 4.8398437500e+00 1.5043377975e-02
76 4.8437500000e+00 1.5018735147e-02
76 4.8476562500e+00 1.4994144484e-02
76 4.8515625000e+00 1.4969605951e-02
76 4.8554687500e+00 1.4945119374e-02
76 4.8593750000e+00 1.4920684260e-02
76 4.8632812500e+00 1.4896300805e-02
76 4.8671875000e+00 1.4871968707e-02
76 4.8710937500e+00 1.4847687891e-02
76 4.8750000000e+00 1.4823458345e-02
76 4.8789062500e+00 1.4799279763e-02
76 4.8828125000e+00 1.4775152146e-02
76 4.8867187500e+00 1.4751075568e-02
76 4.8906250000e+00 1.4727049413e-02
76 4.8945312500e+00 1.4703073922e-02
76 4.8984375000e+00 1.4679148768e-02
76 4.9023437500e+00 1.4655273960e-02
76 4.9062500000e+00 1.4631449351e-02
76 4.9101562500e+00 1.4607674724e-02
76 4.9140625000e+00 1.4583949930e-02
76 4.9179687500e+00 1.4560275060e-02
76 4.9218750000e+00 1.4536650003e-02
76 4.9257812500e+00 1.4513074369e-02
76 4.9296875000e+00 1.4489548061e-02
76 4.9335937500e+00 1.4466071143e-02
76 4.9375000000e+00 1.4442643372e-02
76 4.9414062500e+00 1.4419264460e-02
76 4.9453125000e+00 1.4395934832e-02
76 4.9492187500e+00 1.4372654019e-02
76 4.9531250000e+00 1.4349421686e-02
76 4.9570312500e+00 1.4326237926e-02
76 4.9609375000e+00 1.4303102568e-02
76 4.9648437500e+00 1.4280015594e-02
76 4.9687500000e+00 1.4256977001e-02
76 4.9726562500e+00 1.4233986238e-02
76 4.9765625000e+00 1.4211043551e-02
76 4.9804687500e+00 1.4188148676e-02
76 4.9843750000e+00 1.4165301490e-02
76 4.9882812500e+00 1.4142501811e-02
76 4.9921875000e+00 1.4119749738e-02
76 4.9960937500e+00 1.4097045022e-02
76 5.0000000000e+00 1.4074387807e-02
