126 1.0000000000e+00 1.5757470480e-01
126 1.0039062500e+00 1.5675814981e-01
126 1.0078125000e+00 1.5594980547e-01
126 1.0117187500e+00 1.5514954673e-01
126 1.0156250000e+00 1.5435725254e-01
126 1.0195312500e+00 1.5357280404e-01
126 1.0234375000e+00 1.5279608436e-01
126 1.0273437500e+00 1.5202697973e-01
126 1.0312500000e+00 1.5126537840e-01
126 1.0351562500e+00 1.5051117013e-01
126 1.0390625000e+00 1.4976424737e-01
126 1.0429687500e+00 1.4902450483e-01
126 1.0468750000e+00 1.4829183541e-01
126 1.0507812500e+00 1.4756614397e-01
126 1.0546875000e+00 1.4684732446e-01
126 1.0585937500e+00 1.4613528281e-01
126 1.0625000000e+00 1.4542992304e-01
126 1.0664062500e+00 1.4473114863e-01
126 1.0703125000e+00 1.4403886698e-01
126 1.0742187500e+00 1.4335298848e-01
126 1.0781250000e+00 1.4267342836e-01
126 1.0820312500e+00 1.4200008076e-01
126 1.0859375000e+00 1.4133289918e-01
126 1.0898437500e+00 1.4067175246e-01
126 1.0937500000e+00 1.4001657979e-01
126 1.0976562500e+00 1.3936731345e-01
126 1.1015625000e+00 1.3872385350e-01
126 1.1054687500e+00 1.3808612251e-01
126 1.1093750000e+00 1.3745404765e-01
126 1.1132812500e+00 1.3682755461e-01
126 1.1171875000e+00 1.3620657307e-01
126 1.1210937500e+00 1.3559102877e-01
126 1.1250000000e+00 1.3498084480e-01
126 1.1289062500e+00 1.3437594807e-01
126 1.1328125000e+00 1.3377627455e-01
126 1.1367187500e+00 1.3318175609e-01
126 1.1406250000e+00 1.3259232327e-01
126 1.1445312500e+00 1.3200791458e-01
126 1.1484375000e+00 1.3142846082e-01
126 1.1523437500e+00 1.3085390337e-01
126 1.1562500000e+00 1.3028417717e-01
126 1.1601562500e+00 1.2971922873e-01
126 1.1640625000e+00 1.2915896832e-01
126 1.1679687500e+00 1.2860339275e-01
126 1.1718750000e+00 1.2805237810e-01
126 1.1757812500e+00 1.2750590539e-01
126 1.1796875000e+00 1.2696392726e-01
126 1.1835937500e+00 1.2642635469e-01
126 1.1875000000e+00 1.2589314652e-01
126 1.1914062500e+00 1.2536426426e-01
126 1.1953125000e+00 1.2483964720e-01
126 1.1992187500e+00 1.2431923258e-01
126 1.2031250000e+00 1.2380297249e-01
126 1.2070312500e+00 1.2329082255e-01
126 1.2109375000e+00 1.2278273851e-01
126 1.2148437500e+00 1.2227866636e-01
126 1.2187500000e+00 1.2177855288e-01
126 1.2226562500e+00 1.2128234947e-01
126 1.2265625000e+00 1.2079001706e-01
126 1.2304687500e+00 1.2030150847e-01
126 1.2343750000e+00 1.1981678506e-01
126 1.2382812500e+00 1.1933578980e-01
126 1.2421875000e+00 1.1885849863e-01
126 1.2460937500e+00 1.1838482525e-01
126 1.2500000000e+00 1.1791479683e-01
126 1.2539062500e+00 1.1744829667e-01
126 1.2578125000e+00 1.1698533369e-01
126 1.2617187500e+00 1.1652586251e-01
126 1.2656250000e+00 1.1606981855e-01
126 1.2695312500e+00 1.1561718510e-01
126 1.2734375000e+00 1.1516793152e-01
126 1.2773437500e+00 1.1472199107e-01
126 1.2812500000e+00 1.1427933923e-01
126 1.2851562500e+00 1.1383994207e-01
126 1.2890625000e+00 1.1340377249e-01
126 1.2929687500e+00 1.1297077371e-01
126 1.2968750000e+00 1.1254091965e-01
126 1.3007812500e+00 1.1211417670e-01
126 1.3046875000e+00 1.1169052037e-01
126 1.3085937500e+00 1.1126991111e-01
126 1.3125000000e+00 1.1085230804e-01
126 1.3164062500e+00 1.1043768144e-01
126 1.3203125000e+00 1.1002599369e-01
126 1.3242187500e+00 1.0961723751e-01
126 1.3281250000e+00 1.0921134671e-01
126 1.3320312500e+00 1.0880833648e-01
126 1.3359375000e+00 1.0840811953e-01
126 1.3398437500e+00 1.0801069956e-01
126 1.3437500000e+00 1.0761605321e-01
126 1.3476562500e+00 1.0722412192e-01
126 1.3515625000e+00 1.0683490931e-01
126 1.3554687500e+00 1.0644838168e-01
126 1.3593750000e+00 1.0606448511e-01
126 1.3632812500e+00 1.0568321210e-01
126 1.3671875000e+00 1.0530454467e-01
126 1.3710937500e+00 1.0492843621e-01
126 1.3750000000e+00 1.0455486330e-01
126 1.3789062500e+00 1.0418380322e-01
126 1.3828125000e+00 1.0381525244e-01
126 1.3867187500e+00 1.0344915845e-01
126 1.3906250000e+00 1.0308549590e-01
126 1.3945312500e+00 1.0272424466e-01
126 1.3984375000e+00 1.0236539249e-01
126 1.4023437500e+00 1.0200889876e-01
126 1.4062500000e+00 1.0165476049e-01
126 1.4101562500e+00 1.0130291144e-01
126 1.4140625000e+00 1.0095339132e-01
126 1.4179687500e+00 1.0060611899e-01
126 1.4218750000e+00 1.0026111811e-01
126 1.4257812500e+00 9.9918346999e-02
126 1.4296875000e+00 9.9577763900e-02
126 1.4335937500e+00 9.9239373495e-02
126 1.4375000000e+00 9.8903150531e-02
126 1.4414062500e+00 9.8569063675e-02
126 1.4453125000e+00 9.8237103856e-02
126 1.4492187500e+00 9.7907255402e-02
126 1.4531250000e+00 9.7579473135e-02
126 1.4570312500e+00 9.7253749090e-02
126 1.4609375000e+00 9.6930079053e-02
126 1.4648437500e+00 9.6608432541e-02
126 1.4687500000e+00 9.6288785635e-02
126 1.4726562500e+00 9.5971119698e-02
126 1.4765625000e+00 9.5655428204e-02
126 1.4804687500e+00 9.5341687578e-02
126 1.4843750000e+00 9.5029855136e-02
126 1.4882812500e+00 9.4719954229e-02
126 1.4921875000e+00 9.4411919270e-02
126 1.4960937500e+00 9.4105799349e-02
126 1.5000000000e+00 9.3801514146e-02
126 1.5039062500e+00 9.3499074221e-02
126 1.5078125000e+00 9.3198460987e-02
126 1.5117187500e+00 9.2899642030e-02
126 1.5156250000e+00 9.2602632774e-02
126 1.5195312500e+00 9.2307394253e-02
126 1.5234375000e+00 9.2013899801e-02
126 1.5273437500e+00 9.1722157939e-02
126 1.5312500000e+00 9.1432148680e-02
126 1.5351562500e+00 9.1143848700e-02
126 1.5390625000e+00 9.0857240215e-02
126 1.5429687500e+00 9.0572326029e-02
126 1.5468750000e+00 9.0289067456e-02
126 1.5507812500e+00 9.0007451785e-02
126 1.5546875000e+00 8.9727475835e-02
126 1.5585937500e+00 8.9449134551e-02
126 1.5625000000e+00 8.9172400761e-02
126 1.5664062500e+00 8.8897237104e-02
126 1.5703125000e+00 8.8623679194e-02
126 1.5742187500e+00 8.8351673231e-02
126 1.5781250000e+00 8.8081237276e-02
126 1.5820312500e+00 8.7812319390e-02
126 1.5859375000e+00 8.7544931859e-02
126 1.5898437500e+00 8.7279074271e-02
126 1.5937500000e+00 8.7014695660e-02
126 1.5976562500e+00 8.6751814901e-02
126 1.6015625000e+00 8.6490399514e-02
126 1.6054687500e+00 8.6230441971e-02
126 1.6093750000e+00 8.5971946756e-02
126 1.6132812500e+00 8.5714889253e-02
126 1.6171875000e+00 8.5459245256e-02
126 1.6210937500e+00 8.5205014570e-02
126 1.6250000000e+00 8.4952194495e-02
126 1.6289062500e+00 8.4700761337e-02
126 1.6328125000e+00 8.4450697466e-02
126 1.6367187500e+00 8.4202007285e-02
126 1.6406250000e+00 8.3954664596e-02
126 1.6445312500e+00 8.3708666916e-02
126 1.6484375000e+00 8.3463989458e-02
126 1.6523437500e+00 8.3220667764e-02
126 1.6562500000e+00 8.2978627723e-02
126 1.6601562500e+00 8.2737900268e-02
126 1.6640625000e+00 8.2498445250e-02
126 1.6679687500e+00 8.2260277329e-02
126 1.6718750000e+00 8.2023384147e-02
126 1.6757812500e+00 8.1787735816e-02
126 1.6796875000e+00 8.1553346677e-02
126 1.6835937500e+00 8.1320195146e-02
126 1.6875000000e+00 8.1088265504e-02
126 1.6914062500e+00 8.0857558880e-02
126 1.6953125000e+00 8.0628054137e-02
126 1.6992187500e+00 8.0399743621e-02
126 1.7031250000e+00 8.0172630203e-02
126 1.7070312500e+00 7.9946704340e-02
126 1.7109375000e+00 7.9721934578e-02
126 1.7148437500e+00 7.9498319577e-02
126 1.7187500000e+00 7.9275865564e-02
126 1.7226562500e+00 7.9054552385e-02
126 1.7265625000e+00 7.8834378524e-02
126 1.7304687500e+00 7.8615315840e-02
126 1.7343750000e+00 7.8397395096e-02
126 1.7382812500e+00 7.8180551529e-02
126 1.7421875000e+00 7.7964824697e-02
126 1.7460937500e+00 7.7750185204e-02
126 1.7500000000e+00 7.7536624412e-02
126 1.7539062500e+00 7.7324140067e-02
126 1.7578125000e+00 7.7112704003e-02
126 1.7617187500e+00 7.6902344925e-02
126 1.7656250000e+00 7.6693036165e-02
126 1.7695312500e+00 7.6484756743e-02
126 1.7734375000e+00 7.6277519209e-02
126 1.7773437500e+00 7.6071299421e-02
126 1.7812500000e+00 7.5866097846e-02
126 1.7851562500e+00 7.5661908382e-02
126 1.7890625000e+00 7.5458721173e-02
126 1.7929687500e+00 7.5256525032e-02
126 1.7968750000e+00 7.5055315734e-02
126 1.8007812500e+00 7.4855098874e-02
126 1.8046875000e+00 7.4655840519e-02
126 1.8085937500e+00 7.4457550801e-02
126 1.8125000000e+00 7.4260211557e-02
126 1.8164062500e+00 7.4063842799e-02
126 1.8203125000e+00 7.3868398720e-02
126 1.8242187500e+00 7.3673902188e-02
126 1.8281250000e+00 7.3480333422e-02
126 1.8320312500e+00 7.3287680621e-02
126 1.8359375000e+00 7.3095953165e-02
126 1.8398437500e+00 7.2905129995e-02
126 1.8437500000e+00 7.2715221321e-02
126 1.8476562500e+00 7.2526203927e-02
126 1.8515625000e+00 7.2338066309e-02
126 1.8554687500e+00 7.2150822865e-02
126 1.8593750000e+00 7.1964458575e-02
126 1.8632812500e+00 7.1778957245e-02
126 1.8671875000e+00 7.1594325178e-02
126 1.8710937500e+00 7.1410545296e-02
126 1.8750000000e+00 7.1227620666e-02
126 1.8789062500e+00 7.1045544148e-02
126 1.8828125000e+00 7.0864314098e-02
126 1.8867187500e+00 7.0683906241e-02
126 1.8906250000e+00 7.0504337968e-02
126 1.8945312500e+00 7.0325586073e-02
126 1.8984375000e+00 7.0147659508e-02
126 1.9023437500e+00 6.9970521751e-02
126 1.9062500000e+00 6.9794210061e-02
126 1.9101562500e+00 6.9618692928e-02
126 1.9140625000e+00 6.9443967571e-02
126 1.9179687500e+00 6.9270036412e-02
126 1.9218750000e+00 6.9096882792e-02
126 1.9257812500e+00 6.8924508579e-02
126 1.9296875000e+00 6.8752904657e-02
126 1.9335937500e+00 6.8582064236e-02
126 1.9375000000e+00 6.8411998882e-02
126 1.9414062500e+00 6.8242683694e-02
126 1.9453125000e+00 6.8074108720e-02
126 1.9492187500e+00 6.7906288408e-02
126 1.9531250000e+00 6.7739213005e-02
126 1.9570312500e+00 6.7572869700e-02
126 1.9609375000e+00 6.7407255651e-02
126 1.9648437500e+00 6.7242369897e-02
126 1.9687500000e+00 6.7078198522e-02
126 1.9726562500e+00 6.6914755255e-02
126 1.9765625000e+00 6.6752012841e-02
126 1.9804687500e+00 6.6589986112e-02
126 1.9843750000e+00 6.6428645754e-02
126 1.9882812500e+00 6.6268020600e-02
126 1.9921875000e+00 6.6108081315e-02
126 1.9960937500e+00 6.5948823076e-02
126 2.0000000000e+00 6.5790259791e-02
126 2.0039062500e+00 6.5632368069e-02
126 2.0078125000e+00 6.5475155779e-02
126 2.0117187500e+00 6.5318608418e-02
126 2.0156250000e+00 6.5162722012e-02
126 2.0195312500e+00 6.5007501430e-02
126 2.0234375000e+00 6.4852934371e-02
126 2.0273437500e+00 6.4699019808e-02
126 2.0312500000e+00 6.4545762002e-02
126 2.0351562500e+00 6.4393143301e-02
126 2.0390625000e+00 6.4241156633e-02
126 2.0429687500e+00 6.4089808100e-02
126 2.0468750000e+00 6.3939098259e-02
126 2.0507812500e+00 6.3789006355e-02
126 2.0546875000e+00 6.3639549347e-02
126 2.0585937500e+00 6.3490697498e-02
126 2.0625000000e+00 6.3342471065e-02
126 2.0664062500e+00 6.3194847431e-02
126 2.0703125000e+00 6.3047844649e-02
126 2.0742187500e+00 6.2901433593e-02
126 2.0781250000e+00 6.2755615211e-02
126 2.0820312500e+00 6.2610410385e-02
126 2.0859375000e+00 6.2465788090e-02
126 2.0898437500e+00 6.2321754048e-02
126 2.0937500000e+00 6.2178304250e-02
126 2.0976562500e+00 6.2035435499e-02
126 2.1015625000e+00 6.1893147847e-02
126 2.1054687500e+00 6.1751428052e-02
126 2.1093750000e+00 6.1610274265e-02
126 2.1132812500e+00 6.1469698839e-02
126 2.1171875000e+00 6.1329680304e-02
126 2.1210937500e+00 6.1190219382e-02
126 2.1250000000e+00 6.1051315289e-02
126 2.1289062500e+00 6.0912966181e-02
126 2.1328125000e+00 6.0775151835e-02
126 2.1367187500e+00 6.0637895566e-02
126 2.1406250000e+00 6.0501176185e-02
126 2.1445312500e+00 6.0365008818e-02
126 2.1484375000e+00 6.0229364924e-02
126 2.1523437500e+00 6.0094258338e-02
126 2.1562500000e+00 5.9959671305e-02
126 2.1601562500e+00 5.9825612679e-02
126 2.1640625000e+00 5.9692087402e-02
126 2.1679687500e+00 5.9559069152e-02
126 2.1718750000e+00 5.9426568120e-02
126 2.1757812500e+00 5.9294583307e-02
126 2.1796875000e+00 5.9163106343e-02
126 2.1835937500e+00 5.9032138944e-02
126 2.1875000000e+00 5.8901669489e-02
126 2.1914062500e+00 5.8771702007e-02
126 2.1953125000e+00 5.8642237079e-02
126 2.1992187500e+00 5.8513262939e-02
126 2.2031250000e+00 5.8384778907e-02
126 2.2070312500e+00 5.8256787752e-02
126 2.2109375000e+00 5.8129283696e-02
126 2.2148437500e+00 5.8002251382e-02
126 2.2187500000e+00 5.7875714187e-02
126 2.2226562500e+00 5.7749641049e-02
126 2.2265625000e+00 5.7624050299e-02
126 2.2304687500e+00 5.7498924940e-02
126 2.2343750000e+00 5.7374275632e-02
126 2.2382812500e+00 5.7250089319e-02
126 2.2421875000e+00 5.7126361049e-02
126 2.2460937500e+00 5.7003101908e-02
126 2.2500000000e+00 5.6880287609e-02
126 2.2539062500e+00 5.6757935261e-02
126 2.2578125000e+00 5.6636043862e-02
126 2.2617187500e+00 5.6514594510e-02
126 2.2656250000e+00 5.6393592659e-02
126 2.2695312500e+00 5.6273031433e-02
126 2.2734375000e+00 5.6152915956e-02
126 2.2773437500e+00 5.6033243716e-02
126 2.2812500000e+00 5.5914000361e-02
126 2.2851562500e+00 5.5795194402e-02
126 2.2890625000e+00 5.5676821707e-02
126 2.2929687500e+00 5.5558880223e-02
126 2.2968750000e+00 5.5441355568e-02
126 2.3007812500e+00 5.5324273117e-02
126 2.3046875000e+00 5.5207599494e-02
126 2.3085937500e+00 5.5091349947e-02
126 2.3125000000e+00 5.4975515614e-02
126 2.3164062500e+00 5.4860099784e-02
126 2.3203125000e+00 5.4745092880e-02
126 2.3242187500e+00 5.4630493241e-02
126 2.3281250000e+00 5.4516310870e-02
126 2.3320312500e+00 5.4402525906e-02
126 2.3359375000e+00 5.4289148041e-02
126 2.3398437500e+00 5.4176172366e-02
126 2.3437500000e+00 5.4063587856e-02
126 2.3476562500e+00 5.3951407511e-02
126 2.3515625000e+00 5.3839622109e-02
126 2.3554687500e+00 5.3728225191e-02
126 2.3593750000e+00 5.3617221054e-02
126 2.3632812500e+00 5.3506597024e-02
126 2.3671875000e+00 5.3396366135e-02
126 2.3710937500e+00 5.3286518796e-02
126 2.3750000000e+00 5.3177054644e-02
126 2.3789062500e+00 5.3067960800e-02
126 2.3828125000e+00 5.2959257846e-02
126 2.3867187500e+00 5.2850918093e-02
126 2.3906250000e+00 5.2742954726e-02
126 2.3945312500e+00 5.2635362322e-02
126 2.3984375000e+00 5.2528141484e-02
126 2.4023437500e+00 5.2421283333e-02
126 2.4062500000e+00 5.2314791762e-02
126 2.4101562500e+00 5.2208668438e-02
126 2.4140625000e+00 5.2102899657e-02
126 2.4179687500e+00 5.1997492024e-02
126 2.4218750000e+00 5.1892445173e-02
126 2.4257812500e+00 5.1787746631e-02
126 2.4296875000e+00 5.1683405844e-02
126 2.4335937500e+00 5.1579416151e-02
126 2.4375000000e+00 5.1475772046e-02
126 2.4414062500e+00 5.1372480339e-02
126 2.4453125000e+00 5.1269532931e-02
126 2.4492187500e+00 5.1166932731e-02
126 2.4531250000e+00 5.1064670231e-02
126 2.4570312500e+00 5.0962747879e-02
126 2.4609375000e+00 5.0861162556e-02
126 2.4648437500e+00 5.0759926980e-02
126 2.4687500000e+00 5.0659012754e-02
126 2.4726562500e+00 5.0558435576e-02
126 2.4765625000e+00 5.0458189965e-02
126 2.4804687500e+00 5.0358273568e-02
126 2.4843750000e+00 5.0258683358e-02
126 2.4882812500e+00 5.0159420207e-02
126 2.4921875000e+00 5.0060487827e-02
126 2.4960937500e+00 4.9961869993e-02
126 2.5000000000e+00 4.9863576300e-02
126 2.5039062500e+00 4.9765603272e-02
126 2.5078125000e+00 4.9667943807e-02
126 2.5117187500e+00 4.9570605231e-02
126 2.5156250000e+00 4.9473579497e-02
126 2.5195312500e+00 4.9376865068e-02
126 2.5234375000e+00 4.9280467940e-02
126 2.5273437500e+00 4.9184375802e-02
126 2.5312500000e+00 4.9088591681e-02
126 2.5351562500e+00 4.8993112779e-02
126 2.5390625000e+00 4.8897943004e-02
126 2.5429687500e+00 4.8803072720e-02
126 2.5468750000e+00 4.8708510007e-02
126 2.5507812500e+00 4.8614236286e-02
126 2.5546875000e+00 4.8520269437e-02
126 2.5585937500e+00 4.8426602193e-02
126 2.5625000000e+00 4.8333228040e-02
126 2.5664062500e+00 4.8240146296e-02
126 2.5703125000e+00 4.8147358358e-02
126 2.5742187500e+00 4.8054863659e-02
126 2.5781250000e+00 4.7962654519e-02
126 2.5820312500e+00 4.7870738398e-02
126 2.5859375000e+00 4.7779110276e-02
126 2.5898437500e+00 4.7687760982e-02
126 2.5937500000e+00 4.7596699479e-02
126 2.5976562500e+00 4.7505921394e-02
126 2.6015625000e+00 4.7415420601e-02
126 2.6054687500e+00 4.7325206589e-02
126 2.6093750000e+00 4.7235267938e-02
126 2.6132812500e+00 4.7145606672e-02
126 2.6171875000e+00 4.7056219481e-02
126 2.6210937500e+00 4.6967109396e-02
126 2.6250000000e+00 4.6878267158e-02
126 2.6289062500e+00 4.6789702732e-02
126 2.6328125000e+00 4.6701400425e-02
126 2.6367187500e+00 4.6613376898e-02
126 2.6406250000e+00 4.6525618623e-02
126 2.6445312500e+00 4.6438121897e-02
126 2.6484375000e+00 4.6350891263e-02
126 2.6523437500e+00 4.6263928770e-02
126 2.6562500000e+00 4.6177228044e-02
126 2.6601562500e+00 4.6090782242e-02
126 2.6640625000e+00 4.6004600664e-02
126 2.6679687500e+00 4.5918680293e-02
126 2.6718750000e+00 4.5833014191e-02
126 2.6757812500e+00 4.5747607808e-02
126 2.6796875000e+00 4.5662454692e-02
126 2.6835937500e+00 4.5577552989e-02
126 2.6875000000e+00 4.5492906581e-02
126 2.6914062500e+00 4.5408509685e-02
126 2.6953125000e+00 4.5324363756e-02
126 2.6992187500e+00 4.5240467898e-02
126 2.7031250000e+00 4.5156820682e-02
126 2.7070312500e+00 4.5073414150e-02
126 2.7109375000e+00 4.4990260245e-02
126 2.7148437500e+00 4.4907345338e-02
126 2.7187500000e+00 4.4824677954e-02
126 2.7226562500e+00 4.4742251174e-02
126 2.7265625000e+00 4.4660063310e-02
126 2.7304687500e+00 4.4578118912e-02
126 2.7343750000e+00 4.4496411171e-02
126 2.7382812500e+00 4.4414940069e-02
126 2.7421875000e+00 4.4333701905e-02
126 2.7460937500e+00 4.4252705286e-02
126 2.7500000000e+00 4.4171942406e-02
126 2.7539062500e+00 4.4091407679e-02
126 2.7578125000e+00 4.4011108624e-02
126 2.7617187500e+00 4.3931040636e-02
126 2.7656250000e+00 4.3851200523e-02
126 2.7695312500e+00 4.3771593450e-02
126 2.7734375000e+00 4.3692209890e-02
126 2.7773437500e+00 4.3613053545e-02
126 2.7812500000e+00 4.3534121338e-02
126 2.7851562500e+00 4.3455418514e-02
126 2.7890625000e+00 4.3376934636e-02
126 2.7929687500e+00 4.3298680052e-02
126 2.7968750000e+00 4.3220640174e-02
126 2.8007812500e+00 4.3142823479e-02
126 2.8046875000e+00 4.3065226303e-02
126 2.8085937500e+00 4.2987844194e-02
126 2.8125000000e+00 4.2910685658e-02
126 2.8164062500e+00 4.2833741515e-02
126 2.8203125000e+00 4.2757012397e-02
126 2.8242187500e+00 4.2680497216e-02
126 2.8281250000e+00 4.2604198552e-02
126 2.8320312500e+00 4.2528111558e-02
126 2.8359375000e+00 4.2452231321e-02
126 2.8398437500e+00 4.2376568674e-02
126 2.8437500000e+00 4.2301116341e-02
126 2.8476562500e+00 4.2225867117e-02
126 2.8515625000e+00 4.2150830061e-02
126 2.8554687500e+00 4.2075997125e-02
126 2.8593750000e+00 4.2001372362e-02
126 2.8632812500e+00 4.1926950937e-02
126 2.8671875000e+00 4.1852737776e-02
126 2.8710937500e+00 4.1778723889e-02
126 2.8750000000e+00 4.1704917002e-02
126 2.8789062500e+00 4.1631307717e-02
126 2.8828125000e+00 4.1557901990e-02
126 2.8867187500e+00 4.1484695741e-02
126 2.8906250000e+00 4.1411686065e-02
126 2.8945312500e+00 4.1338876344e-02
126 2.8984375000e+00 4.1266262809e-02
126 2.9023437500e+00 4.1193847016e-02
126 2.9062500000e+00 4.1121627779e-02
126 2.9101562500e+00 4.1049602703e-02
126 2.9140625000e+00 4.0977770390e-02
126 2.9179687500e+00 4.0906128842e-02
126 2.9218750000e+00 4.0834684828e-02
126 2.9257812500e+00 4.0763430301e-02
126 2.9296875000e+00 4.0692363617e-02
126 2.9335937500e+00 4.0621490998e-02
126 2.9375000000e+00 4.0550805458e-02
126 2.9414062500e+00 4.0480307797e-02
126 2.9453125000e+00 4.0409996723e-02
126 2.9492187500e+00 4.0339874288e-02
126 2.9531250000e+00 4.0269934341e-02
126 2.9570312500e+00 4.0200183911e-02
126 2.9609375000e+00 4.0130614127e-02
126 2.9648437500e+00 4.0061228724e-02
126 2.9687500000e+00 3.9992026812e-02
126 2.9726562500e+00 3.9923004448e-02
126 2.9765625000e+00 3.9854166658e-02
126 2.9804687500e+00 3.9785506495e-02
126 2.9843750000e+00 3.9717026688e-02
126 2.9882812500e+00 3.9648725733e-02
126 2.9921875000e+00 3.9580602977e-02
126 2.9960937500e+00 3.9512658206e-02
126 3.0000000000e+00 3.9444889201e-02
126 3.0039062500e+00 3.9377297465e-02
126 3.0078125000e+00 3.9309878892e-02
126 3.0117187500e+00 3.9242631823e-02
126 3.0156250000e+00 3.9175564816e-02
126 3.0195312500e+00 3.9108667464e-02
126 3.0234375000e+00 3.9041942481e-02
126 3.0273437500e+00 3.8975388928e-02
126 3.0312500000e+00 3.8909010189e-02
126 3.0351562500e+00 3.8842796259e-02
126 3.0390625000e+00 3.8776755158e-02
126 3.0429687500e+00 3.8710880088e-02
126 3.0468750000e+00 3.8645174722e-02
126 3.0507812500e+00 3.8579638016e-02
126 3.0546875000e+00 3.8514265263e-02
126 3.0585937500e+00 3.8449060771e-02
126 3.0625000000e+00 3.8384020475e-02
126 3.0664062500e+00 3.8319145157e-02
126 3.0703125000e+00 3.8254434261e-02
126 3.0742187500e+00 3.8189885796e-02
126 3.0781250000e+00 3.8125501160e-02
126 3.0820312500e+00 3.8061277106e-02
126 3.0859375000e+00 3.7997215726e-02
126 3.0898437500e+00 3.7933314665e-02
126 3.0937500000e+00 3.7869572151e-02
126 3.0976562500e+00 3.7805994120e-02
126 3.1015625000e+00 3.7742570201e-02
126 3.1054687500e+00 3.7679304703e-02
126 3.1093750000e+00 3.7616198211e-02
126 3.1132812500e+00 3.7553251265e-02
126 3.1171875000e+00 3.7490455803e-02
126 3.1210937500e+00 3.7427818518e-02
126 3.1250000000e+00 3.7365335086e-02
126 3.1289062500e+00 3.7303007351e-02
126 3.1328125000e+00 3.7240833483e-02
126 3.1367187500e+00 3.7178811767e-02
126 3.1406250000e+00 3.7116945071e-02
126 3.1445312500e+00 3.7055229896e-02
126 3.1484375000e+00 3.6993665580e-02
126 3.1523437500e+00 3.6932251259e-02
126 3.1562500000e+00 3.6870986442e-02
126 3.1601562500e+00 3.6809872736e-02
126 3.1640625000e+00 3.6748909220e-02
126 3.1679687500e+00 3.6688094043e-02
126 3.1718750000e+00 3.6627426420e-02
126 3.1757812500e+00 3.6566904838e-02
126 3.1796875000e+00 3.6506532854e-02
126 3.1835937500e+00 3.6446304619e-02
126 3.1875000000e+00 3.6386222690e-02
126 3.1914062500e+00 3.6326288100e-02
126 3.1953125000e+00 3.6266498294e-02
126 3.1992187500e+00 3.6206848802e-02
126 3.2031250000e+00 3.6147346411e-02
126 3.2070312500e+00 3.6087985485e-02
126 3.2109375000e+00 3.6028767147e-02
126 3.2148437500e+00 3.5969690925e-02
126 3.2187500000e+00 3.5910754735e-02
126 3.2226562500e+00 3.5851962319e-02
126 3.2265625000e+00 3.5793308108e-02
126 3.2304687500e+00 3.5734794432e-02
126 3.2343750000e+00 3.5676418998e-02
126 3.2382812500e+00 3.5618182649e-02
126 3.2421875000e+00 3.5560084838e-02
126 3.2460937500e+00 3.5502124208e-02
126 3.2500000000e+00 3.5444301241e-02
126 3.2539062500e+00 3.5386615987e-02
126 3.2578125000e+00 3.5329066061e-02
126 3.2617187500e+00 3.5271653278e-02
126 3.2656250000e+00 3.5214371560e-02
126 3.2695312500e+00 3.5157227242e-02
126 3.2734375000e+00 3.5100216675e-02
126 3.2773437500e+00 3.5043340989e-02
126 3.2812500000e+00 3.4986595718e-02
126 3.2851562500e+00 3.4929988029e-02
126 3.2890625000e+00 3.4873509070e-02
126 3.2929687500e+00 3.4817161210e-02
126 3.2968750000e+00 3.4760946197e-02
126 3.3007812500e+00 3.4704861304e-02
126 3.3046875000e+00 3.4648907921e-02
126 3.3085937500e+00 3.4593082506e-02
126 3.3125000000e+00 3.4537386763e-02
126 3.3164062500e+00 3.4481820819e-02
126 3.3203125000e+00 3.4426382466e-02
126 3.3242187500e+00 3.4371073017e-02
126 3.3281250000e+00 3.4315889262e-02
126 3.3320312500e+00 3.4260833237e-02
126 3.3359375000e+00 3.4205904940e-02
126 3.3398437500e+00 3.4151101898e-02
126 3.3437500000e+00 3.4096425895e-02
126 3.3476562500e+00 3.4041872593e-02
126 3.3515625000e+00 3.3987446159e-02
126 3.3554687500e+00 3.3933143609e-02
126 3.3593750000e+00 3.3878964765e-02
126 3.3632812500e+00 3.3824907689e-02
126 3.3671875000e+00 3.3770976959e-02
126 3.3710937500e+00 3.3717166559e-02
126 3.3750000000e+00 3.3663478271e-02
126 3.3789062500e+00 3.3609913164e-02
126 3.3828125000e+00 3.3556466889e-02
126 3.3867187500e+00 3.3503142463e-02
126 3.3906250000e+00 3.3449938214e-02
126 3.3945312500e+00 3.3396855398e-02
126 3.3984375000e+00 3.3343892271e-02
126 3.4023437500e+00 3.3291046855e-02
126 3.4062500000e+00 3.3238320925e-02
126 3.4101562500e+00 3.3185713361e-02
126 3.4140625000e+00 3.3133223852e-02
126 3.4179687500e+00 3.3080852009e-02
126 3.4218750000e+00 3.3028595748e-02
126 3.4257812500e+00 3.2976457992e-02
126 3.4296875000e+00 3.2924434639e-02
126 3.4335937500e+00 3.2872528949e-02
126 3.4375000000e+00 3.2820738292e-02
126 3.4414062500e+00 3.2769063415e-02
126 3.4453125000e+00 3.2717502083e-02
126 3.4492187500e+00 3.2666056738e-02
126 3.4531250000e+00 3.2614722968e-02
126 3.4570312500e+00 3.2563503061e-02
126 3.4609375000e+00 3.2512398955e-02
126 3.4648437500e+00 3.2461404942e-02
126 3.4687500000e+00 3.2410524426e-02
126 3.4726562500e+00 3.2359755079e-02
126 3.4765625000e+00 3.2309098039e-02
126 3.4804687500e+00 3.2258551818e-02
126 3.4843750000e+00 3.2208116289e-02
126 3.4882812500e+00 3.2157792656e-02
126 3.4921875000e+00 3.2107578625e-02
126 3.4960937500e+00 3.2057473603e-02
126 3.5000000000e+00 3.2007478349e-02
126 3.5039062500e+00 3.1957590810e-02
126 3.5078125000e+00 3.1907814728e-02
126 3.5117187500e+00 3.1858144788e-02
126 3.5156250000e+00 3.1808584288e-02
126 3.5195312500e+00 3.1759130012e-02
126 3.5234375000e+00 3.1709784249e-02
126 3.5273437500e+00 3.1660544010e-02
126 3.5312500000e+00 3.1611412133e-02
126 3.5351562500e+00 3.1562384066e-02
126 3.5390625000e+00 3.1513462328e-02
126 3.5429687500e+00 3.1464648020e-02
126 3.5468750000e+00 3.1415936263e-02
126 3.5507812500e+00 3.1367330677e-02
126 3.5546875000e+00 3.1318830241e-02
126 3.5585937500e+00 3.1270433218e-02
126 3.5625000000e+00 3.1222139753e-02
126 3.5664062500e+00 3.1173948844e-02
126 3.5703125000e+00 3.1125862804e-02
126 3.5742187500e+00 3.1077878604e-02
126 3.5781250000e+00 3.1029996170e-02
126 3.5820312500e+00 3.0982217009e-02
126 3.5859375000e+00 3.0934538449e-02
126 3.5898437500e+00 3.0886962591e-02
126 3.5937500000e+00 3.0839485649e-02
126 3.5976562500e+00 3.0792111328e-02
126 3.6015625000e+00 3.0744837955e-02
126 3.6054687500e+00 3.0697664425e-02
126 3.6093750000e+00 3.0650589697e-02
126 3.6132812500e+00 3.0603614784e-02
126 3.6171875000e+00 3.0556738069e-02
126 3.6210937500e+00 3.0509960859e-02
126 3.6250000000e+00 3.0463283551e-02
126 3.6289062500e+00 3.0416702362e-02
126 3.6328125000e+00 3.0370220191e-02
126 3.6367187500e+00 3.0323836532e-02
126 3.6406250000e+00 3.0277549325e-02
126 3.6445312500e+00 3.0231358706e-02
126 3.6484375000e+00 3.0185264998e-02
126 3.6523437500e+00 3.0139267967e-02
126 3.6562500000e+00 3.0093366872e-02
126 3.6601562500e+00 3.0047560852e-02
126 3.6640625000e+00 3.0001851879e-02
126 3.6679687500e+00 2.9956236474e-02
126 3.6718750000e+00 2.9910717156e-02
126 3.6757812500e+00 2.9865291228e-02
126 3.6796875000e+00 2.9819960765e-02
126 3.6835937500e+00 2.9774723384e-02
126 3.6875000000e+00 2.9729579834e-02
126 3.6914062500e+00 2.9684529372e-02
126 3.6953125000e+00 2.9639573403e-02
126 3.6992187500e+00 2.9594708890e-02
126 3.7031250000e+00 2.9549937533e-02
126 3.7070312500e+00 2.9505258694e-02
126 3.7109375000e+00 2.9460670092e-02
126 3.7148437500e+00 2.9416175475e-02
126 3.7187500000e+00 2.9371772335e-02
126 3.7226562500e+00 2.9327459132e-02
126 3.7265625000e+00 2.9283236704e-02
126 3.7304687500e+00 2.9239105224e-02
126 3.7343750000e+00 2.9195063982e-02
126 3.7382812500e+00 2.9151112348e-02
126 3.7421875000e+00 2.9107250245e-02
126 3.7460937500e+00 2.9063479565e-02
126 3.7500000000e+00 2.9019796512e-02
126 3.7539062500e+00 2.8976202949e-02
126 3.7578125000e+00 2.8932696916e-02
126 3.7617187500e+00 2.8889281168e-02
126 3.7656250000e+00 2.8845952515e-02
126 3.7695312500e+00 2.8802712026e-02
126 3.7734375000e+00 2.8759558523e-02
126 3.7773437500e+00 2.8716493354e-02
126 3.7812500000e+00 2.8673514069e-02
126 3.7851562500e+00 2.8630622047e-02
126 3.7890625000e+00 2.8587817652e-02
126 3.7929687500e+00 2.8545098351e-02
126 3.7968750000e+00 2.8502465925e-02
126 3.8007812500e+00 2.8459918602e-02
126 3.8046875000e+00 2.8417456236e-02
126 3.8085937500e+00 2.8375080814e-02
126 3.8125000000e+00 2.8332790192e-02
126 3.8164062500e+00 2.8290584123e-02
126 3.8203125000e+00 2.8248462007e-02
126 3.8242187500e+00 2.8206423990e-02
126 3.8281250000e+00 2.8164470948e-02
126 3.8320312500e+00 2.8122600604e-02
126 3.8359375000e+00 2.8080814743e-02
126 3.8398437500e+00 2.8039111701e-02
126 3.8437500000e+00 2.7997492539e-02
126 3.8476562500e+00 2.7955955314e-02
126 3.8515625000e+00 2.7914500530e-02
126 3.8554687500e+00 2.7873128629e-02
126 3.8593750000e+00 2.7831839068e-02
126 3.8632812500e+00 2.7790630816e-02
126 3.8671875000e+00 2.7749504543e-02
126 3.8710937500e+00 2.7708460183e-02
126 3.8750000000e+00 2.7667495158e-02
126 3.8789062500e+00 2.7626612848e-02
126 3.8828125000e+00 2.7585810750e-02
126 3.8867187500e+00 2.7545088669e-02
126 3.8906250000e+00 2.7504447564e-02
126 3.8945312500e+00 2.7463886086e-02
126 3.8984375000e+00 2.7423403669e-02
126 3.9023437500e+00 2.7383002021e-02
126 3.9062500000e+00 2.7342679517e-02
126 3.9101562500e+00 2.7302436293e-02
126 3.9140625000e+00 2.7262270388e-02
126 3.9179687500e+00 2.7222184042e-02
126 3.9218750000e+00 2.7182176057e-02
126 3.9257812500e+00 2.7142247157e-02
126 3.9296875000e+00 2.7102395048e-02
126 3.9335937500e+00 2.7062621546e-02
126 3.9375000000e+00 2.7022925057e-02
126 3.9414062500e+00 2.6983306184e-02
126 3.9453125000e+00 2.6943763785e-02
126 3.9492187500e+00 2.6904299095e-02
126 3.9531250000e+00 2.6864911377e-02
126 3.9570312500e+00 2.6825598497e-02
126 3.9609375000e+00 2.6786363388e-02
126 3.9648437500e+00 2.6747203770e-02
126 3.9687500000e+00 2.6708119710e-02
126 3.9726562500e+00 2.6669112018e-02
126 3.9765625000e+00 2.6630179067e-02
126 3.9804687500e+00 2.6591321426e-02
126 3.9843750000e+00 2.6552539164e-02
126 3.9882812500e+00 2.6513831034e-02
126 3.9921875000e+00 2.6475197646e-02
126 3.9960937500e+00 2.6436638004e-02
126 4.0000000000e+00 2.6398154020e-02
126 4.0039062500e+00 2.6359742773e-02
126 4.0078125000e+00 2.6321405780e-02
126 4.0117187500e+00 2.6283141937e-02
126 4.0156250000e+00 2.6244952418e-02
126 4.0195312500e+00 2.6206835506e-02
126 4.0234375000e+00 2.6168791685e-02
126 4.0273437500e+00 2.6130820316e-02
126 4.0312500000e+00 2.6092921274e-02
126 4.0351562500e+00 2.6055095161e-02
126 4.0390625000e+00 2.6017340390e-02
126 4.0429687500e+00 2.5979658752e-02
126 4.0468750000e+00 2.5942048553e-02
126 4.0507812500e+00 2.5904508824e-02
126 4.0546875000e+00 2.5867041702e-02
126 4.0585937500e+00 2.5829645079e-02
126 4.0625000000e+00 2.5792319418e-02
126 4.0664062500e+00 2.5755065227e-02
126 4.0703125000e+00 2.5717880881e-02
126 4.0742187500e+00 2.5680767814e-02
126 4.0781250000e+00 2.5643724273e-02
126 4.0820312500e+00 2.5606751540e-02
126 4.0859375000e+00 2.5569847626e-02
126 4.0898437500e+00 2.5533013877e-02
126 4.0937500000e+00 2.5496249874e-02
126 4.0976562500e+00 2.5459555278e-02
126 4.1015625000e+00 2.5422929237e-02
126 4.1054687500e+00 2.5386371932e-02
126 4.1093750000e+00 2.5349883962e-02
126 4.1132812500e+00 2.5313464358e-02
126 4.1171875000e+00 2.5277113270e-02
126 4.1210937500e+00 2.5240829692e-02
126 4.1250000000e+00 2.5204615442e-02
126 4.1289062500e+00 2.5168468620e-02
126 4.1328125000e+00 2.5132388991e-02
126 4.1367187500e+00 2.5096377679e-02
126 4.1406250000e+00 2.5060433091e-02
126 4.1445312500e+00 2.5024555040e-02
126 4.1484375000e+00 2.4988744827e-02
126 4.1523437500e+00 2.4953000498e-02
126 4.1562500000e+00 2.4917323942e-02
126 4.1601562500e+00 2.4881713000e-02
126 4.1640625000e+00 2.4846168850e-02
126 4.1679687500e+00 2.4810690316e-02
126 4.1718750000e+00 2.4775278454e-02
126 4.1757812500e+00 2.4739931902e-02
126 4.1796875000e+00 2.4704650945e-02
126 4.1835937500e+00 2.4669435063e-02
126 4.1875000000e+00 2.4634285056e-02
126 4.1914062500e+00 2.4599200012e-02
126 4.1953125000e+00 2.4564179519e-02
126 4.1992187500e+00 2.4529223878e-02
126 4.2031250000e+00 2.4494332777e-02
126 4.2070312500e+00 2.4459506578e-02
126 4.2109375000e+00 2.4424744180e-02
126 4.2148437500e+00 2.4390045411e-02
126 4.2187500000e+00 2.4355411544e-02
126 4.2226562500e+00 2.4320840798e-02
126 4.2265625000e+00 2.4286333449e-02
126 4.2304687500e+00 2.4251890352e-02
126 4.2343750000e+00 2.4217509743e-02
126 4.2382812500e+00 2.4183192622e-02
126 4.2421875000e+00 2.4148938284e-02
126 4.2460937500e+00 2.4114747246e-02
126 4.2500000000e+00 2.4080618410e-02
126 4.2539062500e+00 2.4046552246e-02
126 4.2578125000e+00 2.4012547998e-02
126 4.2617187500e+00 2.3978605950e-02
126 4.2656250000e+00 2.3944725798e-02
126 4.2695312500e+00 2.3910907908e-02
126 4.2734375000e+00 2.3877151972e-02
126 4.2773437500e+00 2.3843457142e-02
126 4.2812500000e+00 2.3809823948e-02
126 4.2851562500e+00 2.3776251729e-02
126 4.2890625000e+00 2.3742740817e-02
126 4.2929687500e+00 2.3709290269e-02
126 4.2968750000e+00 2.3675900397e-02
126 4.3007812500e+00 2.3642572413e-02
126 4.3046875000e+00 2.3609304203e-02
126 4.3085937500e+00 2.3576095811e-02
126 4.3125000000e+00 2.3542948305e-02
126 4.3164062500e+00 2.3509859991e-02
126 4.3203125000e+00 2.3476832340e-02
126 4.3242187500e+00 2.3443864090e-02
126 4.3281250000e+00 2.3410955894e-02
126 4.3320312500e+00 2.3378106552e-02
126 4.3359375000e+00 2.3345316804e-02
126 4.3398437500e+00 2.3312586119e-02
126 4.3437500000e+00 2.3279914231e-02
126 4.3476562500e+00 2.3247301283e-02
126 4.3515625000e+00 2.3214747147e-02
126 4.3554687500e+00 2.3182251398e-02
126 4.3593750000e+00 2.3149814033e-02
126 4.3632812500e+00 2.3117435421e-02
126 4.3671875000e+00 2.3085114398e-02
126 4.3710937500e+00 2.3052851557e-02
126 4.3750000000e+00 2.3020646433e-02
126 4.3789062500e+00 2.2988499086e-02
126 4.3828125000e+00 2.2956409761e-02
126 4.3867187500e+00 2.2924377472e-02
126 4.3906250000e+00 2.2892402185e-02
126 4.3945312500e+00 2.2860485198e-02
126 4.3984375000e+00 2.2828624126e-02
126 4.4023437500e+00 2.2796820101e-02
126 4.4062500000e+00 2.2765072605e-02
126 4.4101562500e+00 2.2733382148e-02
126 4.4140625000e+00 2.2701747798e-02
126 4.4179687500e+00 2.2670170521e-02
126 4.4218750000e+00 2.2638649014e-02
126 4.4257812500e+00 2.2607183518e-02
126 4.4296875000e+00 2.2575773760e-02
126 4.4335937500e+00 2.2544420246e-02
126 4.4375000000e+00 2.2513122155e-02
126 4.4414062500e+00 2.2481879409e-02
126 4.4453125000e+00 2.2450692463e-02
126 4.4492187500e+00 2.2419560212e-02
126 4.4531250000e+00 2.2388483446e-02
126 4.4570312500e+00 2.2357461645e-02
126 4.4609375000e+00 2.2326494548e-02
126 4.4648437500e+00 2.2295582581e-02
126 4.4687500000e+00 2.2264724624e-02
126 4.4726562500e+00 2.2233921306e-02
126 4.4765625000e+00 2.2203173007e-02
126 4.4804687500e+00 2.2172478278e-02
126 4.4843750000e+00 2.2141838012e-02
126 4.4882812500e+00 2.2111251634e-02
126 4.4921875000e+00 2.2080719277e-02
126 4.4960937500e+00 2.2050240003e-02
126 4.5000000000e+00 2.2019814748e-02
126 4.5039062500e+00 2.1989442930e-02
126 4.5078125000e+00 2.1959124499e-02
126 4.5117187500e+00 2.1928859355e-02
126 4.5156250000e+00 2.1898647235e-02
126 4.5195312500e+00 2.1868487945e-02
126 4.5234375000e+00 2.1838381116e-02
126 4.5273437500e+00 2.1808327653e-02
126 4.5312500000e+00 2.1778326322e-02
126 4.5351562500e+00 2.1748377913e-02
126 4.5390625000e+00 2.1718481891e-02
126 4.5429687500e+00 2.1688637610e-02
126 4.5468750000e+00 2.1658845991e-02
126 4.5507812500e+00 2.1629106171e-02
126 4.5546875000e+00 2.1599418127e-02
126 4.5585937500e+00 2.1569782201e-02
126 4.5625000000e+00 2.1540197096e-02
126 4.5664062500e+00 2.1510664042e-02
126 4.5703125000e+00 2.1481182332e-02
126 4.5742187500e+00 2.1451752074e-02
126 4.5781250000e+00 2.1422372512e-02
126 4.5820312500e+00 2.1393044414e-02
126 4.5859375000e+00 2.1363767072e-02
126 4.5898437500e+00 2.1334540360e-02
126 4.5937500000e+00 2.1305364564e-02
126 4.5976562500e+00 2.1276239358e-02
126 4.6015625000e+00 2.1247164604e-02
126 4.6054687500e+00 2.1218140122e-02
126 4.6093750000e+00 2.1189166136e-02
126 4.6132812500e+00 2.1160241726e-02
126 4.6171875000e+00 2.1131367599e-02
126 4.6210937500e+00 2.1102543613e-02
126 4.6250000000e+00 2.1073769064e-02
126 4.6289062500e+00 2.1045044481e-02
126 4.6328125000e+00 2.1016369341e-02
126 4.6367187500e+00 2.0987743313e-02
126 4.6406250000e+00 2.0959167108e-02
126 4.6445312500e+00 2.0930639621e-02
126 4.6484375000e+00 2.0902161753e-02
126 4.6523437500e+00 2.0873732599e-02
126 4.6562500000e+00 2.0845352202e-02
126 4.6601562500e+00 2.0817020499e-02
126 4.6640625000e+00 2.0788738157e-02
126 4.6679687500e+00 2.0760503933e-02
126 4.6718750000e+00 2.0732317816e-02
126 4.6757812500e+00 2.0704180234e-02
126 4.6796875000e+00 2.0676091019e-02
126 4.6835937500e+00 2.0648049788e-02
126 4.6875000000e+00 2.0620056591e-02
126 4.6914062500e+00 2.0592111623e-02
126 4.6953125000e+00 2.0564214201e-02
126 4.6992187500e+00 2.0536364612e-02
126 4.7031250000e+00 2.0508562672e-02
126 4.7070312500e+00 2.0480807786e-02
126 4.7109375000e+00 2.0453100630e-02
126 4.7148437500e+00 2.0425440726e-02
126 4.7187500000e+00 2.0397827776e-02
126 4.7226562500e+00 2.0370262123e-02
126 4.7265625000e+00 2.0342742960e-02
126 4.7304687500e+00 2.0315271216e-02
126 4.7343750000e+00 2.0287845906e-02
126 4.7382812500e+00 2.0260467454e-02
126 4.7421875000e+00 2.0233135532e-02
126 4.7460937500e+00 2.0205850252e-02
126 4.7500000000e+00 2.0178610897e-02
126 4.7539062500e+00 2.0151417604e-02
126 4.7578125000e+00 2.0124270941e-02
126 4.7617187500e+00 2.0097170122e-02
126 4.7656250000e+00 2.0070115225e-02
126 4.7695312500e+00 2.0043106164e-02
126 4.7734375000e+00 2.0016143102e-02
126 4.7773437500e+00 1.9989225343e-02
126 4.7812500000e+00 1.9962353208e-02
126 4.7851562500e+00 1.9935526560e-02
126 4.7890625000e+00 1.9908745015e-02
126 4.7929687500e+00 1.9882009022e-02
126 4.7968750000e+00 1.9855318179e-02
126 4.8007812500e+00 1.9828671956e-02
126 4.8046875000e+00 1.9802071285e-02
126 4.8085937500e+00 1.9775515009e-02
126 4.8125000000e+00 1.9749003825e-02
126 4.8164062500e+00 1.9722536999e-02
126 4.8203125000e+00 1.9696114749e-02
126 4.8242187500e+00 1.9669737070e-02
126 4.8281250000e+00 1.9643403776e-02
126 4.8320312500e+00 1.9617114614e-02
126 4.8359375000e+00 1.9590869651e-02
126 4.8398437500e+00 1.9564668966e-02
126 4.8437500000e+00 1.9538512007e-02
126 4.8476562500e+00 1.9512398929e-02
126 4.8515625000e+00 1.9486329889e-02
126 4.8554687500e+00 1.9460304711e-02
126 4.8593750000e+00 1.9434322797e-02
126 4.8632812500e+00 1.9408384524e-02
126 4.8671875000e+00 1.9382489634e-02
126 4.8710937500e+00 1.9356637992e-02
126 4.8750000000e+00 1.9330829663e-02
126 4.8789062500e+00 1.9305064405e-02
126 4.8828125000e+00 1.9279342040e-02
126 4.8867187500e+00 1.9253663181e-02
126 4.8906250000e+00 1.9228026726e-02
126 4.8945312500e+00 1.9202433255e-02
126 4.8984375000e+00 1.9176882313e-02
126 4.9023437500e+00 1.9151374037e-02
126 4.9062500000e+00 1.9125908307e-02
126 4.9101562500e+00 1.9100484948e-02
126 4.9140625000e+00 1.9075103745e-02
126 4.9179687500e+00 1.9049764969e-02
126 4.9218750000e+00 1.9024468517e-02
126 4.9257812500e+00 1.8999213876e-02
126 4.9296875000e+00 1.8974001128e-02
126 4.9335937500e+00 1.8948830408e-02
126 4.9375000000e+00 1.8923701491e-02
126 4.9414062500e+00 1.8898613992e-02
126 4.9453125000e+00 1.8873568542e-02
126 4.9492187500e+00 1.8848564723e-02
126 4.9531250000e+00 1.8823602041e-02
126 4.9570312500e+00 1.8798680697e-02
126 4.9609375000e+00 1.8773800567e-02
126 4.9648437500e+00 1.8748961587e-02
126 4.9687500000e+00 1.8724164073e-02
126 4.9726562500e+00 1.8699407179e-02
126 4.9765625000e+00 1.8674691394e-02
126 4.9804687500e+00 1.8650016378e-02
126 4.9843750000e+00 1.8625382061e-02
126 4.9882812500e+00 1.8600788340e-02
126 4.9921875000e+00 1.8576235301e-02
126 4.9960937500e+00 1.8551722768e-02
126 5.0000000000e+00 1.8527250929e-02
