26 1.0000000000e+00 1.5757470480e-01
26 1.0039062500e+00 1.5675812885e-01
26 1.0078125000e+00 1.5594968164e-01
26 1.0117187500e+00 1.5514916113e-01
26 1.0156250000e+00 1.5435637339e-01
26 1.0195312500e+00 1.5357113249e-01
26 1.0234375000e+00 1.5279326056e-01
26 1.0273437500e+00 1.5202258352e-01
26 1.0312500000e+00 1.5125893442e-01
26 1.0351562500e+00 1.5050215474e-01
26 1.0390625000e+00 1.4975208982e-01
26 1.0429687500e+00 1.4900858999e-01
26 1.0468750000e+00 1.4827152365e-01
26 1.0507812500e+00 1.4754073153e-01
26 1.0546875000e+00 1.4681610134e-01
26 1.0585937500e+00 1.4609749280e-01
26 1.0625000000e+00 1.4538478243e-01
26 1.0664062500e+00 1.4467785839e-01
26 1.0703125000e+00 1.4397660608e-01
26 1.0742187500e+00 1.4328091107e-01
26 1.0781250000e+00 1.4259065406e-01
26 1.0820312500e+00 1.4190578496e-01
26 1.0859375000e+00 1.4122609168e-01
26 1.0898437500e+00 1.4055161163e-01
26 1.0937500000e+00 1.3988218943e-01
26 1.0976562500e+00 1.3921769798e-01
26 1.1015625000e+00 1.3855810683e-01
26 1.1054687500e+00 1.3790332931e-01
26 1.1093750000e+00 1.3725327311e-01
26 1.1132812500e+00 1.3660785668e-01
26 1.1171875000e+00 1.3596699391e-01
26 1.1210937500e+00 1.3533061536e-01
26 1.1250000000e+00 1.3469866417e-01
26 1.1289062500e+00 1.3407107841e-01
26 1.1328125000e+00 1.3344777875e-01
26 1.1367187500e+00 1.3282870152e-01
26 1.1406250000e+00 1.3221379075e-01
26 1.1445312500e+00 1.3160297644e-01
26 1.1484375000e+00 1.3099621108e-01
26 1.1523437500e+00 1.3039342705e-01
26 1.1562500000e+00 1.2979457475e-01
26 1.1601562500e+00 1.2919958580e-01
26 1.1640625000e+00 1.2860847118e-01
26 1.1679687500e+00 1.2802106154e-01
26 1.1718750000e+00 1.2743744799e-01
26 1.1757812500e+00 1.2685750211e-01
26 1.1796875000e+00 1.2628115892e-01
26 1.1835937500e+00 1.2570844487e-01
26 1.1875000000e+00 1.2513928866e-01
26 1.1914062500e+00 1.2457361659e-01
26 1.1953125000e+00 1.2401140447e-01
26 1.1992187500e+00 1.2345263551e-01
26 1.2031250000e+00 1.2289726439e-01
26 1.2070312500e+00 1.2234524095e-01
26 1.2109375000e+00 1.2179651785e-01
26 1.2148437500e+00 1.2125107126e-01
26 1.2187500000e+00 1.2070887715e-01
26 1.2226562500e+00 1.2016990448e-01
26 1.2265625000e+00 1.1963410612e-01
26 1.2304687500e+00 1.1910145125e-01
26 1.2343750000e+00 1.1857189866e-01
26 1.2382812500e+00 1.1804543875e-01
26 1.2421875000e+00 1.1752201193e-01
26 1.2460937500e+00 1.1700165804e-01
26 1.2500000000e+00 1.1648423863e-01
26 1.2539062500e+00 1.1596984482e-01
26 1.2578125000e+00 1.1545836950e-01
26 1.2617187500e+00 1.1494979439e-01
26 1.2656250000e+00 1.1444413186e-01
26 1.2695312500e+00 1.1394132164e-01
26 1.2734375000e+00 1.1344132700e-01
26 1.2773437500e+00 1.1294416954e-01
26 1.2812500000e+00 1.1244980464e-01
26 1.2851562500e+00 1.1195820465e-01
26 1.2890625000e+00 1.1146933245e-01
26 1.2929687500e+00 1.1098319713e-01
26 1.2968750000e+00 1.1049976322e-01
26 1.3007812500e+00 1.1001900850e-01
26 1.3046875000e+00 1.0954089458e-01
26 1.3085937500e+00 1.0906540988e-01
26 1.3125000000e+00 1.0859254676e-01
26 1.3164062500e+00 1.0812228145e-01
26 1.3203125000e+00 1.0765459847e-01
26 1.3242187500e+00 1.0718944977e-01
26 1.3281250000e+00 1.0672685382e-01
26 1.3320312500e+00 1.0626674506e-01
26 1.3359375000e+00 1.0580916739e-01
26 1.3398437500e+00 1.0535406615e-01
26 1.3437500000e+00 1.0490141326e-01
26 1.3476562500e+00 1.0445122554e-01
26 1.3515625000e+00 1.0400344694e-01
26 1.3554687500e+00 1.0355806739e-01
26 1.3593750000e+00 1.0311510229e-01
26 1.3632812500e+00 1.0267451057e-01
26 1.3671875000e+00 1.0223626408e-01
26 1.3710937500e+00 1.0180037116e-01
26 1.3750000000e+00 1.0136681081e-01
26 1.3789062500e+00 1.0093556556e-01
26 1.3828125000e+00 1.0050659001e-01
26 1.3867187500e+00 1.0007990273e-01
26 1.3906250000e+00 9.9655490800e-02
26 1.3945312500e+00 9.9233333223e-02
26 1.3984375000e+00 9.8813402099e-02
26 1.4023437500e+00 9.8395696300e-02
26 1.4062500000e+00 9.7980190325e-02
26 1.4101562500e+00 9.7566900927e-02
26 1.4140625000e+00 9.7155763586e-02
26 1.4179687500e+00 9.6746809505e-02
26 1.4218750000e+00 9.6339983824e-02
26 1.4257812500e+00 9.5935296380e-02
26 1.4296875000e+00 9.5532749215e-02
26 1.4335937500e+00 9.5132307573e-02
26 1.4375000000e+00 9.4733960249e-02
26 1.4414062500e+00 9.4337699811e-02
26 1.4453125000e+00 9.3943505902e-02
26 1.4492187500e+00 9.3551362557e-02
26 1.4531250000e+00 9.3161278429e-02
26 1.4570312500e+00 9.2773228773e-02
26 1.4609375000e+00 9.2387188883e-02
26 1.4648437500e+00 9.2003156115e-02
26 1.4687500000e+00 9.1621119520e-02
26 1.4726562500e+00 9.1241068996e-02
26 1.4765625000e+00 9.0862982513e-02
26 1.4804687500e+00 9.0486855048e-02
26 1.4843750000e+00 9.0112688720e-02
26 1.4882812500e+00 8.9740449392e-02
26 1.4921875000e+00 8.9370148136e-02
26 1.4960937500e+00 8.9001735320e-02
26 1.5000000000e+00 8.8635234384e-02
26 1.5039062500e+00 8.8270623985e-02
26 1.5078125000e+00 8.7907893644e-02
26 1.5117187500e+00 8.7547038058e-02
26 1.5156250000e+00 8.7188026762e-02
26 1.5195312500e+00 8.6830865042e-02
26 1.5234375000e+00 8.6475547170e-02
26 1.5273437500e+00 8.6122047506e-02
26 1.5312500000e+00 8.5770356609e-02
26 1.5351562500e+00 8.5420466303e-02
26 1.5390625000e+00 8.5072370898e-02
26 1.5429687500e+00 8.4726051067e-02
26 1.5468750000e+00 8.4381510231e-02
26 1.5507812500e+00 8.4038736107e-02
26 1.5546875000e+00 8.3697711865e-02
26 1.5585937500e+00 8.3358417070e-02
26 1.5625000000e+00 8.3020855859e-02
26 1.5664062500e+00 8.2685025941e-02
26 1.5703125000e+00 8.2350899283e-02
26 1.5742187500e+00 8.2018469746e-02
26 1.5781250000e+00 8.1687729636e-02
26 1.5820312500e+00 8.1358677573e-02
26 1.5859375000e+00 8.1031294690e-02
26 1.5898437500e+00 8.0705564931e-02
26 1.5937500000e+00 8.0381495849e-02
26 1.5976562500e+00 8.0059068061e-02
26 1.6015625000e+00 7.9738278848e-02
26 1.6054687500e+00 7.9419111950e-02
26 1.6093750000e+00 7.9101552708e-02
26 1.6132812500e+00 7.8785597157e-02
26 1.6171875000e+00 7.8471241396e-02
26 1.6210937500e+00 7.8158473292e-02
26 1.6250000000e+00 7.7847280263e-02
26 1.6289062500e+00 7.7537653920e-02
26 1.6328125000e+00 7.7229591267e-02
26 1.6367187500e+00 7.6923078398e-02
26 1.6406250000e+00 7.6618111017e-02
26 1.6445312500e+00 7.6314678823e-02
26 1.6484375000e+00 7.6012768848e-02
26 1.6523437500e+00 7.5712366158e-02
26 1.6562500000e+00 7.5413476029e-02
26 1.6601562500e+00 7.5116087833e-02
26 1.6640625000e+00 7.4820193542e-02
26 1.6679687500e+00 7.4525777684e-02
26 1.6718750000e+00 7.4232835505e-02
26 1.6757812500e+00 7.3941356235e-02
26 1.6796875000e+00 7.3651332365e-02
26 1.6835937500e+00 7.3362756042e-02
26 1.6875000000e+00 7.3075618747e-02
26 1.6914062500e+00 7.2789915065e-02
26 1.6953125000e+00 7.2505638330e-02
26 1.6992187500e+00 7.2222776864e-02
26 1.7031250000e+00 7.1941319325e-02
26 1.7070312500e+00 7.1661260274e-02
26 1.7109375000e+00 7.1382598771e-02
26 1.7148437500e+00 7.1105324051e-02
26 1.7187500000e+00 7.0829425159e-02
26 1.7226562500e+00 7.0554890778e-02
26 1.7265625000e+00 7.0281717104e-02
26 1.7304687500e+00 7.0009894434e-02
26 1.7343750000e+00 6.9739416375e-02
26 1.7382812500e+00 6.9470279350e-02
26 1.7421875000e+00 6.9202473109e-02
26 1.7460937500e+00 6.8935986162e-02
26 1.7500000000e+00 6.8670817130e-02
26 1.7539062500e+00 6.8406959076e-02
26 1.7578125000e+00 6.8144402756e-02
26 1.7617187500e+00 6.7883134641e-02
26 1.7656250000e+00 6.7623150550e-02
26 1.7695312500e+00 6.7364445773e-02
26 1.7734375000e+00 6.7107014186e-02
26 1.7773437500e+00 6.6850849507e-02
26 1.7812500000e+00 6.6595939062e-02
26 1.7851562500e+00 6.6342280207e-02
26 1.7890625000e+00 6.6089865668e-02
26 1.7929687500e+00 6.5838685568e-02
26 1.7968750000e+00 6.5588735180e-02
26 1.8007812500e+00 6.5340004695e-02
26 1.8046875000e+00 6.5092490539e-02
26 1.8085937500e+00 6.4846189453e-02
26 1.8125000000e+00 6.4601087117e-02
26 1.8164062500e+00 6.4357182759e-02
26 1.8203125000e+00 6.4114462207e-02
26 1.8242187500e+00 6.3872928204e-02
26 1.8281250000e+00 6.3632567649e-02
26 1.8320312500e+00 6.3393375676e-02
26 1.8359375000e+00 6.3155346313e-02
26 1.8398437500e+00 6.2918467548e-02
26 1.8437500000e+00 6.2682738875e-02
26 1.8476562500e+00 6.2448153267e-02
26 1.8515625000e+00 6.2214703755e-02
26 1.8554687500e+00 6.1982385163e-02
26 1.8593750000e+00 6.1751189322e-02
26 1.8632812500e+00 6.1521110149e-02
26 1.8671875000e+00 6.1292144594e-02
26 1.8710937500e+00 6.1064286515e-02
26 1.8750000000e+00 6.0837525940e-02
26 1.8789062500e+00 6.0611854327e-02
26 1.8828125000e+00 6.0387269410e-02
26 1.8867187500e+00 6.0163762364e-02
26 1.8906250000e+00 5.9941333254e-02
26 1.8945312500e+00 5.9719968549e-02
26 1.8984375000e+00 5.9499672921e-02
26 1.9023437500e+00 5.9280431205e-02
26 1.9062500000e+00 5.9062241247e-02
26 1.9101562500e+00 5.8845092518e-02
26 1.9140625000e+00 5.8628981137e-02
26 1.9179687500e+00 5.8413905147e-02
26 1.9218750000e+00 5.8199855656e-02
26 1.9257812500e+00 5.7986830952e-02
26 1.9296875000e+00 5.7774821767e-02
26 1.9335937500e+00 5.7563821419e-02
26 1.9375000000e+00 5.7353824177e-02
26 1.9414062500e+00 5.7144826392e-02
26 1.9453125000e+00 5.6936822866e-02
26 1.9492187500e+00 5.6729810500e-02
26 1.9531250000e+00 5.6523777928e-02
26 1.9570312500e+00 5.6318722016e-02
26 1.9609375000e+00 5.6114638533e-02
26 1.9648437500e+00 5.5911522110e-02
26 1.9687500000e+00 5.5709363618e-02
26 1.9726562500e+00 5.5508165643e-02
26 1.9765625000e+00 5.5307913600e-02
26 1.9804687500e+00 5.5108611721e-02
26 1.9843750000e+00 5.4910245192e-02
26 1.9882812500e+00 5.4712816368e-02
26 1.9921875000e+00 5.4516312871e-02
26 1.9960937500e+00 5.4320732642e-02
26 2.0000000000e+00 5.4126074993e-02
26 2.0039062500e+00 5.3932329598e-02
26 2.0078125000e+00 5.3739494654e-02
26 2.0117187500e+00 5.3547564617e-02
26 2.0156250000e+00 5.3356533753e-02
26 2.0195312500e+00 5.3166400230e-02
26 2.0234375000e+00 5.2977153498e-02
26 2.0273437500e+00 5.2788788552e-02
26 2.0312500000e+00 5.2601305370e-02
26 2.0351562500e+00 5.2414696957e-02
26 2.0390625000e+00 5.2228958394e-02
26 2.0429687500e+00 5.2044084847e-02
26 2.0468750000e+00 5.1860072542e-02
26 2.0507812500e+00 5.1676912336e-02
26 2.0546875000e+00 5.1494608127e-02
26 2.0585937500e+00 5.1313144396e-02
26 2.0625000000e+00 5.1132527725e-02
26 2.0664062500e+00 5.0952743469e-02
26 2.0703125000e+00 5.0773794990e-02
26 2.0742187500e+00 5.0595672797e-02
26 2.0781250000e+00 5.0418373492e-02
26 2.0820312500e+00 5.0241895900e-02
26 2.0859375000e+00 5.0066229053e-02
26 2.0898437500e+00 4.9891373950e-02
26 2.0937500000e+00 4.9717322987e-02
26 2.0976562500e+00 4.9544073364e-02
26 2.1015625000e+00 4.9371621970e-02
26 2.1054687500e+00 4.9199961016e-02
26 2.1093750000e+00 4.9029087453e-02
26 2.1132812500e+00 4.8858999821e-02
26 2.1171875000e+00 4.8689689603e-02
26 2.1210937500e+00 4.8521154567e-02
26 2.1250000000e+00 4.8353391823e-02
26 2.1289062500e+00 4.8186399039e-02
26 2.1328125000e+00 4.8020164125e-02
26 2.1367187500e+00 4.7854694782e-02
26 2.1406250000e+00 4.7689970835e-02
26 2.1445312500e+00 4.7526001407e-02
26 2.1484375000e+00 4.7362773817e-02
26 2.1523437500e+00 4.7200293327e-02
26 2.1562500000e+00 4.7038549063e-02
26 2.1601562500e+00 4.6877538236e-02
26 2.1640625000e+00 4.6717262608e-02
26 2.1679687500e+00 4.6557708881e-02
26 2.1718750000e+00 4.6398878559e-02
26 2.1757812500e+00 4.6240768543e-02
26 2.1796875000e+00 4.6083371358e-02
26 2.1835937500e+00 4.5926685822e-02
26 2.1875000000e+00 4.5770705449e-02
26 2.1914062500e+00 4.5615429306e-02
26 2.1953125000e+00 4.5460855246e-02
26 2.1992187500e+00 4.5306972891e-02
26 2.2031250000e+00 4.5153781918e-02
26 2.2070312500e+00 4.5001279528e-02
26 2.2109375000e+00 4.4849462592e-02
26 2.2148437500e+00 4.4698321592e-02
26 2.2187500000e+00 4.4547865876e-02
26 2.2226562500e+00 4.4398077008e-02
26 2.2265625000e+00 4.4248962691e-02
26 2.2304687500e+00 4.4100510493e-02
26 2.2343750000e+00 4.3952723390e-02
26 2.2382812500e+00 4.3805594447e-02
26 2.2421875000e+00 4.3659119741e-02
26 2.2460937500e+00 4.3513302956e-02
26 2.2500000000e+00 4.3368129444e-02
26 2.2539062500e+00 4.3223603328e-02
26 2.2578125000e+00 4.3079718183e-02
26 2.2617187500e+00 4.2936469018e-02
26 2.2656250000e+00 4.2793856907e-02
26 2.2695312500e+00 4.2651875646e-02
26 2.2734375000e+00 4.2510523519e-02
26 2.2773437500e+00 4.2369798824e-02
26 2.2812500000e+00 4.2229692437e-02
26 2.2851562500e+00 4.2090204810e-02
26 2.2890625000e+00 4.1951332310e-02
26 2.2929687500e+00 4.1813073202e-02
26 2.2968750000e+00 4.1675416168e-02
26 2.3007812500e+00 4.1538371753e-02
26 2.3046875000e+00 4.1401922763e-02
26 2.3085937500e+00 4.1266077674e-02
26 2.3125000000e+00 4.1130826062e-02
26 2.3164062500e+00 4.0996167873e-02
26 2.3203125000e+00 4.0862098455e-02
26 2.3242187500e+00 4.0728613262e-02
26 2.3281250000e+00 4.0595716318e-02
26 2.3320312500e+00 4.0463394826e-02
26 2.3359375000e+00 4.0331651688e-02
26 2.3398437500e+00 4.0200484804e-02
26 2.3437500000e+00 4.0069885201e-02
26 2.3476562500e+00 3.9939855609e-02
26 2.3515625000e+00 3.9810390602e-02
26 2.3554687500e+00 3.9681487206e-02
26 2.3593750000e+00 3.9553144645e-02
26 2.3632812500e+00 3.9425355094e-02
26 2.3671875000e+00 3.9298121872e-02
26 2.3710937500e+00 3.9171437545e-02
26 2.3750000000e+00 3.9045300889e-02
26 2.3789062500e+00 3.8919704158e-02
26 2.3828125000e+00 3.8794658718e-02
26 2.3867187500e+00 3.8670144789e-02
26 2.3906250000e+00 3.8546171584e-02
26 2.3945312500e+00 3.8422730500e-02
26 2.3984375000e+00 3.8299821008e-02
26 2.4023437500e+00 3.8177437724e-02
26 2.4062500000e+00 3.8055578078e-02
26 2.4101562500e+00 3.7934244544e-02
26 2.4140625000e+00 3.7813427054e-02
26 2.4179687500e+00 3.7693127618e-02
26 2.4218750000e+00 3.7573344386e-02
26 2.4257812500e+00 3.7454069605e-02
26 2.4296875000e+00 3.7335307393e-02
26 2.4335937500e+00 3.7217049930e-02
26 2.4375000000e+00 3.7099294223e-02
26 2.4414062500e+00 3.6982042592e-02
26 2.4453125000e+00 3.6865287711e-02
26 2.4492187500e+00 3.6749029234e-02
26 2.4531250000e+00 3.6633262996e-02
26 2.4570312500e+00 3.6517988097e-02
26 2.4609375000e+00 3.6403198568e-02
26 2.4648437500e+00 3.6288902034e-02
26 2.4687500000e+00 3.6175081248e-02
26 2.4726562500e+00 3.6061745690e-02
26 2.4765625000e+00 3.5948888472e-02
26 2.4804687500e+00 3.5836507134e-02
26 2.4843750000e+00 3.5724598208e-02
26 2.4882812500e+00 3.5613159742e-02
26 2.4921875000e+00 3.5502193471e-02
26 2.4960937500e+00 3.5391689462e-02
26 2.5000000000e+00 3.5281651357e-02
26 2.5039062500e+00 3.5172076561e-02
26 2.5078125000e+00 3.5062956853e-02
26 2.5117187500e+00 3.4954295626e-02
26 2.5156250000e+00 3.4846089167e-02
26 2.5195312500e+00 3.4738332424e-02
26 2.5234375000e+00 3.4631029150e-02
26 2.5273437500e+00 3.4524170781e-02
26 2.5312500000e+00 3.4417758885e-02
26 2.5351562500e+00 3.4311788578e-02
26 2.5390625000e+00 3.4206261892e-02
26 2.5429687500e+00 3.4101170499e-02
26 2.5468750000e+00 3.3996521675e-02
26 2.5507812500e+00 3.3892299194e-02
26 2.5546875000e+00 3.3788513983e-02
26 2.5585937500e+00 3.3685158096e-02
26 2.5625000000e+00 3.3582227211e-02
26 2.5664062500e+00 3.3479720880e-02
26 2.5703125000e+00 3.3377638546e-02
26 2.5742187500e+00 3.3275980787e-02
26 2.5781250000e+00 3.3174738027e-02
26 2.5820312500e+00 3.3073913725e-02
26 2.5859375000e+00 3.2973505273e-02
26 2.5898437500e+00 3.2873506534e-02
26 2.5937500000e+00 3.2773921170e-02
26 2.5976562500e+00 3.2674744300e-02
26 2.6015625000e+00 3.2575971313e-02
26 2.6054687500e+00 3.2477606613e-02
26 2.6093750000e+00 3.2379641012e-02
26 2.6132812500e+00 3.2282076665e-02
26 2.6171875000e+00 3.2184910387e-02
26 2.6210937500e+00 3.2088143601e-02
26 2.6250000000e+00 3.1991767101e-02
26 2.6289062500e+00 3.1895788932e-02
26 2.6328125000e+00 3.1800195127e-02
26 2.6367187500e+00 3.1704995098e-02
26 2.6406250000e+00 3.1610180083e-02
26 2.6445312500e+00 3.1515747973e-02
26 2.6484375000e+00 3.1421699740e-02
26 2.6523437500e+00 3.1328034242e-02
26 2.6562500000e+00 3.1234749137e-02
26 2.6601562500e+00 3.1141836901e-02
26 2.6640625000e+00 3.1049301464e-02
26 2.6679687500e+00 3.0957141097e-02
26 2.6718750000e+00 3.0865349085e-02
26 2.6757812500e+00 3.0773929757e-02
26 2.6796875000e+00 3.0682877526e-02
26 2.6835937500e+00 3.0592189427e-02
26 2.6875000000e+00 3.0501868977e-02
26 2.6914062500e+00 3.0411909524e-02
26 2.6953125000e+00 3.0322310506e-02
26 2.6992187500e+00 3.0233071037e-02
26 2.7031250000e+00 3.0144190895e-02
26 2.7070312500e+00 3.0055661983e-02
26 2.7109375000e+00 2.9967492167e-02
26 2.7148437500e+00 2.9879668318e-02
26 2.7187500000e+00 2.9792199681e-02
26 2.7226562500e+00 2.9705078010e-02
26 2.7265625000e+00 2.9618300775e-02
26 2.7304687500e+00 2.9531872160e-02
26 2.7343750000e+00 2.9445786062e-02
26 2.7382812500e+00 2.9360042162e-02
26 2.7421875000e+00 2.9274635073e-02
26 2.7460937500e+00 2.9189570793e-02
26 2.7500000000e+00 2.9104843808e-02
26 2.7539062500e+00 2.9020447428e-02
26 2.7578125000e+00 2.8936388233e-02
26 2.7617187500e+00 2.8852660515e-02
26 2.7656250000e+00 2.8769261247e-02
26 2.7695312500e+00 2.8686194012e-02
26 2.7734375000e+00 2.8603451280e-02
26 2.7773437500e+00 2.8521034723e-02
26 2.7812500000e+00 2.8438941632e-02
26 2.7851562500e+00 2.8357174435e-02
26 2.7890625000e+00 2.8275722871e-02
26 2.7929687500e+00 2.8194596217e-02
26 2.7968750000e+00 2.8113782323e-02
26 2.8007812500e+00 2.8033287972e-02
26 2.8046875000e+00 2.7953107708e-02
26 2.8085937500e+00 2.7873238969e-02
26 2.8125000000e+00 2.7793684568e-02
26 2.8164062500e+00 2.7714438351e-02
26 2.8203125000e+00 2.7635501134e-02
26 2.8242187500e+00 2.7556870326e-02
26 2.8281250000e+00 2.7478546820e-02
26 2.8320312500e+00 2.7400527626e-02
26 2.8359375000e+00 2.7322807861e-02
26 2.8398437500e+00 2.7245394428e-02
26 2.8437500000e+00 2.7168280267e-02
26 2.8476562500e+00 2.7091461396e-02
26 2.8515625000e+00 2.7014943504e-02
26 2.8554687500e+00 2.6938718786e-02
26 2.8593750000e+00 2.6862789875e-02
26 2.8632812500e+00 2.6787153370e-02
26 2.8671875000e+00 2.6711810631e-02
26 2.8710937500e+00 2.6636752725e-02
26 2.8750000000e+00 2.6561989000e-02
26 2.8789062500e+00 2.6487508741e-02
26 2.8828125000e+00 2.6413317328e-02
26 2.8867187500e+00 2.6339409768e-02
26 2.8906250000e+00 2.6265783638e-02
26 2.8945312500e+00 2.6192442243e-02
26 2.8984375000e+00 2.6119380276e-02
26 2.9023437500e+00 2.6046597863e-02
26 2.9062500000e+00 2.5974093280e-02
26 2.9101562500e+00 2.5901865707e-02
26 2.9140625000e+00 2.5829913638e-02
26 2.9179687500e+00 2.5758233676e-02
26 2.9218750000e+00 2.5686830218e-02
26 2.9257812500e+00 2.5615696484e-02
26 2.9296875000e+00 2.5544829793e-02
26 2.9335937500e+00 2.5474236952e-02
26 2.9375000000e+00 2.5403909920e-02
26 2.9414062500e+00 2.5333849318e-02
26 2.9453125000e+00 2.5264052824e-02
26 2.9492187500e+00 2.5194523166e-02
26 2.9531250000e+00 2.5125253298e-02
26 2.9570312500e+00 2.5056249266e-02
26 2.9609375000e+00 2.4987501759e-02
26 2.9648437500e+00 2.4919014130e-02
26 2.9687500000e+00 2.4850785166e-02
26 2.9726562500e+00 2.4782810927e-02
26 2.9765625000e+00 2.4715095226e-02
26 2.9804687500e+00 2.4647631469e-02
26 2.9843750000e+00 2.4580422030e-02
26 2.9882812500e+00 2.4513464187e-02
26 2.9921875000e+00 2.4446756889e-02
26 2.9960937500e+00 2.4380299738e-02
26 3.0000000000e+00 2.4314090089e-02
26 3.0039062500e+00 2.4248130123e-02
26 3.0078125000e+00 2.4182414932e-02
26 3.0117187500e+00 2.4116942260e-02
26 3.0156250000e+00 2.4051719689e-02
26 3.0195312500e+00 2.3986735638e-02
26 3.0234375000e+00 2.3921993661e-02
26 3.0273437500e+00 2.3857491260e-02
26 3.0312500000e+00 2.3793232102e-02
26 3.0351562500e+00 2.3729206900e-02
26 3.0390625000e+00 2.3665422020e-02
26 3.0429687500e+00 2.3601870481e-02
26 3.0468750000e+00 2.3538556216e-02
26 3.0507812500e+00 2.3475476630e-02
26 3.0546875000e+00 2.3412627652e-02
26 3.0585937500e+00 2.3350012569e-02
26 3.0625000000e+00 2.3287626805e-02
26 3.0664062500e+00 2.3225471701e-02
26 3.0703125000e+00 2.3163546013e-02
26 3.0742187500e+00 2.3101847176e-02
26 3.0781250000e+00 2.3040375546e-02
26 3.0820312500e+00 2.2979128291e-02
26 3.0859375000e+00 2.2918107329e-02
26 3.0898437500e+00 2.2857309668e-02
26 3.0937500000e+00 2.2796732656e-02
26 3.0976562500e+00 2.2736381076e-02
26 3.1015625000e+00 2.2676246008e-02
26 3.1054687500e+00 2.2616331497e-02
26 3.1093750000e+00 2.2556636833e-02
26 3.1132812500e+00 2.2497161381e-02
26 3.1171875000e+00 2.2437898186e-02
26 3.1210937500e+00 2.2378854224e-02
26 3.1250000000e+00 2.2320022912e-02
26 3.1289062500e+00 2.2261406231e-02
26 3.1328125000e+00 2.2203002155e-02
26 3.1367187500e+00 2.2144808405e-02
26 3.1406250000e+00 2.2086827668e-02
26 3.1445312500e+00 2.2029056023e-02
26 3.1484375000e+00 2.1971493588e-02
26 3.1523437500e+00 2.1914138619e-02
26 3.1562500000e+00 2.1856990175e-02
26 3.1601562500e+00 2.1800049134e-02
26 3.1640625000e+00 2.1743312954e-02
26 3.1679687500e+00 2.1686781583e-02
26 3.1718750000e+00 2.1630452904e-02
26 3.1757812500e+00 2.1574325520e-02
26 3.1796875000e+00 2.1518402425e-02
26 3.1835937500e+00 2.1462677206e-02
26 3.1875000000e+00 2.1407152591e-02
26 3.1914062500e+00 2.1351827776e-02
26 3.1953125000e+00 2.1296701300e-02
26 3.1992187500e+00 2.1241768225e-02
26 3.2031250000e+00 2.1187036112e-02
26 3.2070312500e+00 2.1132497546e-02
26 3.2109375000e+00 2.1078153255e-02
26 3.2148437500e+00 2.1024002957e-02
26 3.2187500000e+00 2.0970043921e-02
26 3.2226562500e+00 2.0916280003e-02
26 3.2265625000e+00 2.0862705122e-02
26 3.2304687500e+00 2.0809321153e-02
26 3.2343750000e+00 2.0756126004e-02
26 3.2382812500e+00 2.0703119891e-02
26 3.2421875000e+00 2.0650302204e-02
26 3.2460937500e+00 2.0597670168e-02
26 3.2500000000e+00 2.0545224400e-02
26 3.2539062500e+00 2.0492964878e-02
26 3.2578125000e+00 2.0440888724e-02
26 3.2617187500e+00 2.0388998869e-02
26 3.2656250000e+00 2.0337287793e-02
26 3.2695312500e+00 2.0285761046e-02
26 3.2734375000e+00 2.0234415429e-02
26 3.2773437500e+00 2.0183251619e-02
26 3.2812500000e+00 2.0132264004e-02
26 3.2851562500e+00 2.0081459516e-02
26 3.2890625000e+00 2.0030829951e-02
26 3.2929687500e+00 1.9980377504e-02
26 3.2968750000e+00 1.9930103548e-02
26 3.3007812500e+00 1.9880004275e-02
26 3.3046875000e+00 1.9830081645e-02
26 3.3085937500e+00 1.9780331141e-02
26 3.3125000000e+00 1.9730755161e-02
26 3.3164062500e+00 1.9681352694e-02
26 3.3203125000e+00 1.9632121461e-02
26 3.3242187500e+00 1.9583062182e-02
26 3.3281250000e+00 1.9534172462e-02
26 3.3320312500e+00 1.9485453219e-02
26 3.3359375000e+00 1.9436903640e-02
26 3.3398437500e+00 1.9388520599e-02
26 3.3437500000e+00 1.9340307108e-02
26 3.3476562500e+00 1.9292258050e-02
26 3.3515625000e+00 1.9244377513e-02
26 3.3554687500e+00 1.9196661821e-02
26 3.3593750000e+00 1.9149110922e-02
26 3.3632812500e+00 1.9101721926e-02
26 3.3671875000e+00 1.9054500289e-02
26 3.3710937500e+00 1.9007438800e-02
26 3.3750000000e+00 1.8960539188e-02
26 3.3789062500e+00 1.8913802821e-02
26 3.3828125000e+00 1.8867224687e-02
26 3.3867187500e+00 1.8820807746e-02
26 3.3906250000e+00 1.8774549068e-02
26 3.3945312500e+00 1.8728450144e-02
26 3.3984375000e+00 1.8682508890e-02
26 3.4023437500e+00 1.8636723218e-02
26 3.4062500000e+00 1.8591094879e-02
26 3.4101562500e+00 1.8545622389e-02
26 3.4140625000e+00 1.8500305212e-02
26 3.4179687500e+00 1.8455142968e-02
26 3.4218750000e+00 1.8410132723e-02
26 3.4257812500e+00 1.8365278098e-02
26 3.4296875000e+00 1.8320573949e-02
26 3.4335937500e+00 1.8276023612e-02
26 3.4375000000e+00 1.8231623502e-02
26 3.4414062500e+00 1.8187374028e-02
26 3.4453125000e+00 1.8143273424e-02
26 3.4492187500e+00 1.8099325223e-02
26 3.4531250000e+00 1.8055522955e-02
26 3.4570312500e+00 1.8011868576e-02
26 3.4609375000e+00 1.7968364476e-02
26 3.4648437500e+00 1.7925004309e-02
26 3.4687500000e+00 1.7881792488e-02
26 3.4726562500e+00 1.7838725286e-02
26 3.4765625000e+00 1.7795803397e-02
26 3.4804687500e+00 1.7753025543e-02
26 3.4843750000e+00 1.7710391067e-02
26 3.4882812500e+00 1.7667901405e-02
26 3.4921875000e+00 1.7625553710e-02
26 3.4960937500e+00 1.7583346791e-02
26 3.5000000000e+00 1.7541282187e-02
26 3.5039062500e+00 1.7499356962e-02
26 3.5078125000e+00 1.7457575061e-02
26 3.5117187500e+00 1.7415929791e-02
26 3.5156250000e+00 1.7374425538e-02
26 3.5195312500e+00 1.7333058358e-02
26 3.5234375000e+00 1.7291830250e-02
26 3.5273437500e+00 1.7250738224e-02
26 3.5312500000e+00 1.7209784790e-02
26 3.5351562500e+00 1.7168965137e-02
26 3.5390625000e+00 1.7128282009e-02
26 3.5429687500e+00 1.7087736137e-02
26 3.5468750000e+00 1.7047321517e-02
26 3.5507812500e+00 1.7007042105e-02
26 3.5546875000e+00 1.6966896904e-02
26 3.5585937500e+00 1.6926883477e-02
26 3.5625000000e+00 1.6887003023e-02
26 3.5664062500e+00 1.6847252853e-02
26 3.5703125000e+00 1.6807635749e-02
26 3.5742187500e+00 1.6768148357e-02
26 3.5781250000e+00 1.6728790392e-02
26 3.5820312500e+00 1.6689564068e-02
26 3.5859375000e+00 1.6650465361e-02
26 3.5898437500e+00 1.6611496424e-02
26 3.5937500000e+00 1.6572652886e-02
26 3.5976562500e+00 1.6533938823e-02
26 3.6015625000e+00 1.6495351855e-02
26 3.6054687500e+00 1.6456891239e-02
26 3.6093750000e+00 1.6418555754e-02
26 3.6132812500e+00 1.6380346593e-02
26 3.6171875000e+00 1.6342261262e-02
26 3.6210937500e+00 1.6304300905e-02
26 3.6250000000e+00 1.6266465842e-02
26 3.6289062500e+00 1.6228751208e-02
26 3.6328125000e+00 1.6191161438e-02
26 3.6367187500e+00 1.6153694232e-02
26 3.6406250000e+00 1.6116347665e-02
26 3.6445312500e+00 1.6079122477e-02
26 3.6484375000e+00 1.6042018141e-02
26 3.6523437500e+00 1.6005034902e-02
26 3.6562500000e+00 1.5968171321e-02
26 3.6601562500e+00 1.5931426145e-02
26 3.6640625000e+00 1.5894801991e-02
26 3.6679687500e+00 1.5858294328e-02
26 3.6718750000e+00 1.5821906004e-02
26 3.6757812500e+00 1.5785633842e-02
26 3.6796875000e+00 1.5749480488e-02
26 3.6835937500e+00 1.5713442447e-02
26 3.6875000000e+00 1.5677520573e-02
26 3.6914062500e+00 1.5641713805e-02
26 3.6953125000e+00 1.5606024102e-02
26 3.6992187500e+00 1.5570447612e-02
26 3.7031250000e+00 1.5534985309e-02
26 3.7070312500e+00 1.5499637640e-02
26 3.7109375000e+00 1.5464401028e-02
26 3.7148437500e+00 1.5429279957e-02
26 3.7187500000e+00 1.5394270704e-02
26 3.7226562500e+00 1.5359372101e-02
26 3.7265625000e+00 1.5324585471e-02
26 3.7304687500e+00 1.5289910237e-02
26 3.7343750000e+00 1.5255345904e-02
26 3.7382812500e+00 1.5220891295e-02
26 3.7421875000e+00 1.5186545803e-02
26 3.7460937500e+00 1.5152311675e-02
26 3.7500000000e+00 1.5118184404e-02
26 3.7539062500e+00 1.5084166727e-02
26 3.7578125000e+00 1.5050255628e-02
26 3.7617187500e+00 1.5016453990e-02
26 3.7656250000e+00 1.4982757931e-02
26 3.7695312500e+00 1.4949169275e-02
26 3.7734375000e+00 1.4915686425e-02
26 3.7773437500e+00 1.4882310785e-02
26 3.7812500000e+00 1.4849038804e-02
26 3.7851562500e+00 1.4815872534e-02
26 3.7890625000e+00 1.4782812183e-02
26 3.7929687500e+00 1.4749854003e-02
26 3.7968750000e+00 1.4717001212e-02
26 3.8007812500e+00 1.4684250907e-02
26 3.8046875000e+00 1.4651602425e-02
26 3.8085937500e+00 1.4619058652e-02
26 3.8125000000e+00 1.4586616528e-02
26 3.8164062500e+00 1.4554275766e-02
26 3.8203125000e+00 1.4522036094e-02
26 3.8242187500e+00 1.4489897471e-02
26 3.8281250000e+00 1.4457860851e-02
26 3.8320312500e+00 1.4425922699e-02
26 3.8359375000e+00 1.4394085490e-02
26 3.8398437500e+00 1.4362346885e-02
26 3.8437500000e+00 1.4330708324e-02
26 3.8476562500e+00 1.4299167210e-02
26 3.8515625000e+00 1.4267724822e-02
26 3.8554687500e+00 1.4236380369e-02
26 3.8593750000e+00 1.4205133826e-02
26 3.8632812500e+00 1.4173983551e-02
26 3.8671875000e+00 1.4142930168e-02
26 3.8710937500e+00 1.4111974301e-02
26 3.8750000000e+00 1.4081112085e-02
26 3.8789062500e+00 1.4050347342e-02
26 3.8828125000e+00 1.4019677026e-02
26 3.8867187500e+00 1.3989101036e-02
26 3.8906250000e+00 1.3958620650e-02
26 3.8945312500e+00 1.3928233619e-02
26 3.8984375000e+00 1.3897939878e-02
26 3.9023437500e+00 1.3867740734e-02
26 3.9062500000e+00 1.3837634147e-02
26 3.9101562500e+00 1.3807620875e-02
26 3.9140625000e+00 1.3777697856e-02
26 3.9179687500e+00 1.3747868723e-02
26 3.9218750000e+00 1.3718130481e-02
26 3.9257812500e+00 1.3688484533e-02
26 3.9296875000e+00 1.3658927996e-02
26 3.9335937500e+00 1.3629463184e-02
26 3.9375000000e+00 1.3600087694e-02
26 3.9414062500e+00 1.3570802666e-02
26 3.9453125000e+00 1.3541606323e-02
26 3.9492187500e+00 1.3512499766e-02
26 3.9531250000e+00 1.3483482819e-02
26 3.9570312500e+00 1.3454552285e-02
26 3.9609375000e+00 1.3425711928e-02
26 3.9648437500e+00 1.3396958592e-02
26 3.9687500000e+00 1.3368291782e-02
26 3.9726562500e+00 1.3339713547e-02
26 3.9765625000e+00 1.3311221431e-02
26 3.9804687500e+00 1.3282816010e-02
26 3.9843750000e+00 1.3254497318e-02
26 3.9882812500e+00 1.3226263487e-02
26 3.9921875000e+00 1.3198115828e-02
26 3.9960937500e+00 1.3170052390e-02
26 4.0000000000e+00 1.3142075798e-02
26 4.0039062500e+00 1.3114181758e-02
26 4.0078125000e+00 1.3086372821e-02
26 4.0117187500e+00 1.3058646913e-02
26 4.0156250000e+00 1.3031005755e-02
26 4.0195312500e+00 1.3003447182e-02
26 4.0234375000e+00 1.2975971484e-02
26 4.0273437500e+00 1.2948578320e-02
26 4.0312500000e+00 1.2921267331e-02
26 4.0351562500e+00 1.2894039170e-02
26 4.0390625000e+00 1.2866891298e-02
26 4.0429687500e+00 1.2839826537e-02
26 4.0468750000e+00 1.2812842316e-02
26 4.0507812500e+00 1.2785937506e-02
26 4.0546875000e+00 1.2759115146e-02
26 4.0585937500e+00 1.2732371771e-02
26 4.0625000000e+00 1.2705708363e-02
26 4.0664062500e+00 1.2679125289e-02
26 4.0703125000e+00 1.2652620252e-02
26 4.0742187500e+00 1.2626195315e-02
26 4.0781250000e+00 1.2599847971e-02
26 4.0820312500e+00 1.2573580412e-02
26 4.0859375000e+00 1.2547389358e-02
26 4.0898437500e+00 1.2521277004e-02
26 4.0937500000e+00 1.2495242471e-02
26 4.0976562500e+00 1.2469285213e-02
26 4.1015625000e+00 1.2443403960e-02
26 4.1054687500e+00 1.2417599301e-02
26 4.1093750000e+00 1.2391871987e-02
26 4.1132812500e+00 1.2366220506e-02
26 4.1171875000e+00 1.2340644857e-02
26 4.1210937500e+00 1.2315143299e-02
26 4.1250000000e+00 1.2289718716e-02
26 4.1289062500e+00 1.2264368332e-02
26 4.1328125000e+00 1.2239091835e-02
26 4.1367187500e+00 1.2213891415e-02
26 4.1406250000e+00 1.2188764330e-02
26 4.1445312500e+00 1.2163710333e-02
26 4.1484375000e+00 1.2138731176e-02
26 4.1523437500e+00 1.2113824057e-02
26 4.1562500000e+00 1.2088991557e-02
26 4.1601562500e+00 1.2064230662e-02
26 4.1640625000e+00 1.2039543221e-02
26 4.1679687500e+00 1.2014926740e-02
26 4.1718750000e+00 1.1990383210e-02
26 4.1757812500e+00 1.1965910948e-02
26 4.1796875000e+00 1.1941510060e-02
26 4.1835937500e+00 1.1917179867e-02
26 4.1875000000e+00 1.1892921654e-02
26 4.1914062500e+00 1.1868733971e-02
26 4.1953125000e+00 1.1844615965e-02
26 4.1992187500e+00 1.1820568242e-02
26 4.2031250000e+00 1.1796590118e-02
26 4.2070312500e+00 1.1772682968e-02
26 4.2109375000e+00 1.1748844361e-02
26 4.2148437500e+00 1.1725073831e-02
26 4.2187500000e+00 1.1701373862e-02
26 4.2226562500e+00 1.1677741621e-02
26 4.2265625000e+00 1.1654177558e-02
26 4.2304687500e+00 1.1630682819e-02
26 4.2343750000e+00 1.1607254538e-02
26 4.2382812500e+00 1.1583894767e-02
26 4.2421875000e+00 1.1560601592e-02
26 4.2460937500e+00 1.1537376545e-02
26 4.2500000000e+00 1.1514217432e-02
26 4.2539062500e+00 1.1491125769e-02
26 4.2578125000e+00 1.1468100119e-02
26 4.2617187500e+00 1.1445140379e-02
26 4.2656250000e+00 1.1422246437e-02
26 4.2695312500e+00 1.1399418703e-02
26 4.2734375000e+00 1.1376656476e-02
26 4.2773437500e+00 1.1353958749e-02
26 4.2812500000e+00 1.1331326841e-02
26 4.2851562500e+00 1.1308759234e-02
26 4.2890625000e+00 1.1286256491e-02
26 4.2929687500e+00 1.1263817239e-02
26 4.2968750000e+00 1.1241441665e-02
26 4.3007812500e+00 1.1219131951e-02
26 4.3046875000e+00 1.1196884645e-02
26 4.3085937500e+00 1.1174699838e-02
26 4.3125000000e+00 1.1152579647e-02
26 4.3164062500e+00 1.1130521080e-02
26 4.3203125000e+00 1.1108526303e-02
26 4.3242187500e+00 1.1086593274e-02
26 4.3281250000e+00 1.1064723044e-02
26 4.3320312500e+00 1.1042913930e-02
26 4.3359375000e+00 1.1021167255e-02
26 4.3398437500e+00 1.0999482050e-02
26 4.3437500000e+00 1.0977858023e-02
26 4.3476562500e+00 1.0956295226e-02
26 4.3515625000e+00 1.0934793500e-02
26 4.3554687500e+00 1.0913352106e-02
26 4.3593750000e+00 1.0891971116e-02
26 4.3632812500e+00 1.0870651353e-02
26 4.3671875000e+00 1.0849390680e-02
26 4.3710937500e+00 1.0828190213e-02
26 4.3750000000e+00 1.0807048772e-02
26 4.3789062500e+00 1.0785966911e-02
26 4.3828125000e+00 1.0764945039e-02
26 4.3867187500e+00 1.0743981338e-02
26 4.3906250000e+00 1.0723076052e-02
26 4.3945312500e+00 1.0702231209e-02
26 4.3984375000e+00 1.0681443105e-02
26 4.4023437500e+00 1.0660713586e-02
26 4.4062500000e+00 1.0640041586e-02
26 4.4101562500e+00 1.0619428108e-02
26 4.4140625000e+00 1.0598871609e-02
26 4.4179687500e+00 1.0578373178e-02
26 4.4218750000e+00 1.0557931223e-02
26 4.4257812500e+00 1.0537546263e-02
26 4.4296875000e+00 1.0517217829e-02
26 4.4335937500e+00 1.0496946597e-02
26 4.4375000000e+00 1.0476731335e-02
26 4.4414062500e+00 1.0456572130e-02
26 4.4453125000e+00 1.0436469509e-02
26 4.4492187500e+00 1.0416421588e-02
26 4.4531250000e+00 1.0396429864e-02
26 4.4570312500e+00 1.0376493594e-02
26 4.4609375000e+00 1.0356612052e-02
26 4.4648437500e+00 1.0336786405e-02
26 4.4687500000e+00 1.0317014466e-02
26 4.4726562500e+00 1.0297297408e-02
26 4.4765625000e+00 1.0277635879e-02
26 4.4804687500e+00 1.0258026919e-02
26 4.4843750000e+00 1.0238472625e-02
26 4.4882812500e+00 1.0218972149e-02
26 4.4921875000e+00 1.0199525794e-02
26 4.4960937500e+00 1.0180131817e-02
26 4.5000000000e+00 1.0160791945e-02
26 4.5039062500e+00 1.0141505084e-02
26 4.5078125000e+00 1.0122271043e-02
26 4.5117187500e+00 1.0103089924e-02
26 4.5156250000e+00 1.0083961176e-02
26 4.5195312500e+00 1.0064884620e-02
26 4.5234375000e+00 1.0045859969e-02
26 4.5273437500e+00 1.0026888387e-02
26 4.5312500000e+00 1.0007967633e-02
26 4.5351562500e+00 9.9890991138e-03
26 4.5390625000e+00 9.9702819963e-03
26 4.5429687500e+00 9.9515153009e-03
26 4.5468750000e+00 9.9328007504e-03
26 4.5507812500e+00 9.9141366813e-03
26 4.5546875000e+00 9.8955232977e-03
26 4.5585937500e+00 9.8769612889e-03
26 4.5625000000e+00 9.8584480941e-03
26 4.5664062500e+00 9.8399865194e-03
26 4.5703125000e+00 9.8215746916e-03
26 4.5742187500e+00 9.8032129313e-03
26 4.5781250000e+00 9.7849001100e-03
26 4.5820312500e+00 9.7666378893e-03
26 4.5859375000e+00 9.7484247549e-03
26 4.5898437500e+00 9.7302603621e-03
26 4.5937500000e+00 9.7121453480e-03
26 4.5976562500e+00 9.6940792412e-03
26 4.6015625000e+00 9.6760618572e-03
26 4.6054687500e+00 9.6580927973e-03
26 4.6093750000e+00 9.6401725630e-03
26 4.6132812500e+00 9.6222995084e-03
26 4.6171875000e+00 9.6044751226e-03
26 4.6210937500e+00 9.5866990451e-03
26 4.6250000000e+00 9.5689700137e-03
26 4.6289062500e+00 9.5512892359e-03
26 4.6328125000e+00 9.5336555329e-03
26 4.6367187500e+00 9.5160684818e-03
26 4.6406250000e+00 9.4985295728e-03
26 4.6445312500e+00 9.4810363543e-03
26 4.6484375000e+00 9.4635912914e-03
26 4.6523437500e+00 9.4461922104e-03
26 4.6562500000e+00 9.4288394599e-03
26 4.6601562500e+00 9.4115326965e-03
26 4.6640625000e+00 9.3942731520e-03
26 4.6679687500e+00 9.3770589553e-03
26 4.6718750000e+00 9.3598900593e-03
26 4.6757812500e+00 9.3427673193e-03
26 4.6796875000e+00 9.3256904219e-03
26 4.6835937500e+00 9.3086586056e-03
26 4.6875000000e+00 9.2916717656e-03
26 4.6914062500e+00 9.2747304952e-03
26 4.6953125000e+00 9.2578334793e-03
26 4.6992187500e+00 9.2409817632e-03
26 4.7031250000e+00 9.2241746617e-03
26 4.7070312500e+00 9.2074111578e-03
26 4.7109375000e+00 9.1906930235e-03
26 4.7148437500e+00 9.1740189045e-03
26 4.7187500000e+00 9.1573883052e-03
26 4.7226562500e+00 9.1408023352e-03
26 4.7265625000e+00 9.1242588290e-03
26 4.7304687500e+00 9.1077599555e-03
26 4.7343750000e+00 9.0913039895e-03
26 4.7382812500e+00 9.0748916053e-03
26 4.7421875000e+00 9.0585224038e-03
26 4.7460937500e+00 9.0421964924e-03
26 4.7500000000e+00 9.0259126278e-03
26 4.7539062500e+00 9.0096712781e-03
26 4.7578125000e+00 8.9934735358e-03
26 4.7617187500e+00 8.9773177978e-03
26 4.7656250000e+00 8.9612041924e-03
26 4.7695312500e+00 8.9451326472e-03
26 4.7734375000e+00 8.9291037248e-03
26 4.7773437500e+00 8.9131159226e-03
26 4.7812500000e+00 8.8971701932e-03
26 4.7851562500e+00 8.8812661729e-03
26 4.7890625000e+00 8.8654029378e-03
26 4.7929687500e+00 8.8495817841e-03
26 4.7968750000e+00 8.8338018615e-03
26 4.8007812500e+00 8.8180620877e-03
26 4.8046875000e+00 8.8023643914e-03
26 4.8085937500e+00 8.7867063825e-03
26 4.8125000000e+00 8.7710901426e-03
26 4.8164062500e+00 8.7555136373e-03
26 4.8203125000e+00 8.7399774291e-03
26 4.8242187500e+00 8.7244817029e-03
26 4.8281250000e+00 8.7090263242e-03
26 4.8320312500e+00 8.6936105826e-03
26 4.8359375000e+00 8.6782346946e-03
26 4.8398437500e+00 8.6628989964e-03
26 4.8437500000e+00 8.6476022282e-03
26 4.8476562500e+00 8.6323447514e-03
26 4.8515625000e+00 8.6171272071e-03
26 4.8554687500e+00 8.6019492138e-03
26 4.8593750000e+00 8.5868094663e-03
26 4.8632812500e+00 8.5717088190e-03
26 4.8671875000e+00 8.5566471842e-03
26 4.8710937500e+00 8.5416239066e-03
26 4.8750000000e+00 8.5266395925e-03
26 4.8789062500e+00 8.5116937944e-03
26 4.8828125000e+00 8.4967855743e-03
26 4.8867187500e+00 8.4819168338e-03
26 4.8906250000e+00 8.4670851074e-03
26 4.8945312500e+00 8.4522918934e-03
26 4.8984375000e+00 8.4375360488e-03
26 4.9023437500e+00 8.4228180140e-03
26 4.9062500000e+00 8.4081377658e-03
26 4.9101562500e+00 8.3934949649e-03
26 4.9140625000e+00 8.3788889860e-03
26 4.9179687500e+00 8.3643205478e-03
26 4.9218750000e+00 8.3497895951e-03
26 4.9257812500e+00 8.3352951691e-03
26 4.9296875000e+00 8.3208376025e-03
26 4.9335937500e+00 8.3064169486e-03
26 4.9375000000e+00 8.2920328445e-03
26 4.9414062500e+00 8.2776845792e-03
26 4.9453125000e+00 8.2633735104e-03
26 4.9492187500e+00 8.2490989156e-03
26 4.9531250000e+00 8.2348597740e-03
26 4.9570312500e+00 8.2206568922e-03
26 4.9609375000e+00 8.2064899319e-03
26 4.9648437500e+00 8.1923585085e-03
26 4.9687500000e+00 8.1782636983e-03
26 4.9726562500e+00 8.1642035400e-03
26 4.9765625000e+00 8.1501792990e-03
26 4.9804687500e+00 8.1361901896e-03
26 4.9843750000e+00 8.1222364050e-03
26 4.9882812500e+00 8.1083176568e-03
26 4.9921875000e+00 8.0944338469e-03
26 4.9960937500e+00 8.0805847148e-03
26 5.0000000000e+00 8.0667707194e-03
