0 1.0000000000e+00 6.0000000000e-01
0 1.0039062500e+00 5.9922077834e-01
0 1.0078125000e+00 5.9844558889e-01
0 1.0117187500e+00 5.9767439527e-01
0 1.0156250000e+00 5.9690716157e-01
0 1.0195312500e+00 5.9614385234e-01
0 1.0234375000e+00 5.9538443260e-01
0 1.0273437500e+00 5.9462886779e-01
0 1.0312500000e+00 5.9387712379e-01
0 1.0351562500e+00 5.9312916693e-01
0 1.0390625000e+00 5.9238496393e-01
0 1.0429687500e+00 5.9164448195e-01
0 1.0468750000e+00 5.9090768856e-01
0 1.0507812500e+00 5.9017455171e-01
0 1.0546875000e+00 5.8944503978e-01
0 1.0585937500e+00 5.8871912151e-01
0 1.0625000000e+00 5.8799676604e-01
0 1.0664062500e+00 5.8727794287e-01
0 1.0703125000e+00 5.8656262189e-01
0 1.0742187500e+00 5.8585077335e-01
0 1.0781250000e+00 5.8514236785e-01
0 1.0820312500e+00 5.8443737636e-01
0 1.0859375000e+00 5.8373577019e-01
0 1.0898437500e+00 5.8303752100e-01
0 1.0937500000e+00 5.8234260077e-01
0 1.0976562500e+00 5.8165098183e-01
0 1.1015625000e+00 5.8096263683e-01
0 1.1054687500e+00 5.8027753874e-01
0 1.1093750000e+00 5.7959566087e-01
0 1.1132812500e+00 5.7891697680e-01
0 1.1171875000e+00 5.7824146046e-01
0 1.1210937500e+00 5.7756908606e-01
0 1.1250000000e+00 5.7689982812e-01
0 1.1289062500e+00 5.7623366145e-01
0 1.1328125000e+00 5.7557056114e-01
0 1.1367187500e+00 5.7491050257e-01
0 1.1406250000e+00 5.7425346143e-01
0 1.1445312500e+00 5.7359941364e-01
0 1.1484375000e+00 5.7294833542e-01
0 1.1523437500e+00 5.7230020327e-01
0 1.1562500000e+00 5.7165499393e-01
0 1.1601562500e+00 5.7101268440e-01
0 1.1640625000e+00 5.7037325197e-01
0 1.1679687500e+00 5.6973667415e-01
0 1.1718750000e+00 5.6910292872e-01
0 1.1757812500e+00 5.6847199369e-01
0 1.1796875000e+00 5.6784384733e-01
0 1.1835937500e+00 5.6721846814e-01
0 1.1875000000e+00 5.6659583485e-01
0 1.1914062500e+00 5.6597592644e-01
0 1.1953125000e+00 5.6535872210e-01
0 1.1992187500e+00 5.6474420127e-01
0 1.2031250000e+00 5.6413234359e-01
0 1.2070312500e+00 5.6352312892e-01
0 1.2109375000e+00 5.6291653735e-01
0 1.2148437500e+00 5.6231254919e-01
0 1.2187500000e+00 5.6171114493e-01
0 1.2226562500e+00 5.6111230530e-01
0 1.2265625000e+00 5.6051601123e-01
0 1.2304687500e+00 5.5992224382e-01
0 1.2343750000e+00 5.5933098441e-01
0 1.2382812500e+00 5.5874221452e-01
0 1.2421875000e+00 5.5815591586e-01
0 1.2460937500e+00 5.5757207033e-01
0 1.2500000000e+00 5.5699066003e-01
0 1.2539062500e+00 5.5641166725e-01
0 1.2578125000e+00 5.5583507443e-01
0 1.2617187500e+00 5.5526086424e-01
0 1.2656250000e+00 5.5468901948e-01
0 1.2695312500e+00 5.5411952317e-01
0 1.2734375000e+00 5.5355235847e-01
0 1.2773437500e+00 5.5298750873e-01
0 1.2812500000e+00 5.5242495747e-01
0 1.2851562500e+00 5.5186468836e-01
0 1.2890625000e+00 5.5130668527e-01
0 1.2929687500e+00 5.5075093218e-01
0 1.2968750000e+00 5.5019741328e-01
0 1.3007812500e+00 5.4964611290e-01
0 1.3046875000e+00 5.4909701552e-01
0 1.3085937500e+00 5.4855010578e-01
0 1.3125000000e+00 5.4800536848e-01
0 1.3164062500e+00 5.4746278855e-01
0 1.3203125000e+00 5.4692235109e-01
0 1.3242187500e+00 5.4638404134e-01
0 1.3281250000e+00 5.4584784469e-01
0 1.3320312500e+00 5.4531374665e-01
0 1.3359375000e+00 5.4478173290e-01
0 1.3398437500e+00 5.4425178925e-01
0 1.3437500000e+00 5.4372390163e-01
0 1.3476562500e+00 5.4319805614e-01
0 1.3515625000e+00 5.4267423898e-01
0 1.3554687500e+00 5.4215243650e-01
0 1.3593750000e+00 5.4163263519e-01
0 1.3632812500e+00 5.4111482165e-01
0 1.3671875000e+00 5.4059898261e-01
0 1.3710937500e+00 5.4008510494e-01
0 1.3750000000e+00 5.3957317563e-01
0 1.3789062500e+00 5.3906318177e-01
0 1.3828125000e+00 5.3855511061e-01
0 1.3867187500e+00 5.3804894950e-01
0 1.3906250000e+00 5.3754468589e-01
0 1.3945312500e+00 5.3704230739e-01
0 1.3984375000e+00 5.3654180169e-01
0 1.4023437500e+00 5.3604315660e-01
0 1.4062500000e+00 5.3554636007e-01
0 1.4101562500e+00 5.3505140012e-01
0 1.4140625000e+00 5.3455826491e-01
0 1.4179687500e+00 5.3406694269e-01
0 1.4218750000e+00 5.3357742185e-01
0 1.4257812500e+00 5.3308969084e-01
0 1.4296875000e+00 5.3260373826e-01
0 1.4335937500e+00 5.3211955278e-01
0 1.4375000000e+00 5.3163712318e-01
0 1.4414062500e+00 5.3115643836e-01
0 1.4453125000e+00 5.3067748730e-01
0 1.4492187500e+00 5.3020025908e-01
0 1.4531250000e+00 5.2972474290e-01
0 1.4570312500e+00 5.2925092803e-01
0 1.4609375000e+00 5.2877880385e-01
0 1.4648437500e+00 5.2830835982e-01
0 1.4687500000e+00 5.2783958552e-01
0 1.4726562500e+00 5.2737247060e-01
0 1.4765625000e+00 5.2690700481e-01
0 1.4804687500e+00 5.2644317798e-01
0 1.4843750000e+00 5.2598098004e-01
0 1.4882812500e+00 5.2552040102e-01
0 1.4921875000e+00 5.2506143100e-01
0 1.4960937500e+00 5.2460406018e-01
0 1.5000000000e+00 5.2414827884e-01
0 1.5039062500e+00 5.2369407733e-01
0 1.5078125000e+00 5.2324144610e-01
0 1.5117187500e+00 5.2279037566e-01
0 1.5156250000e+00 5.2234085663e-01
0 1.5195312500e+00 5.2189287969e-01
0 1.5234375000e+00 5.2144643561e-01
0 1.5273437500e+00 5.2100151522e-01
0 1.5312500000e+00 5.2055810946e-01
0 1.5351562500e+00 5.2011620933e-01
0 1.5390625000e+00 5.1967580589e-01
0 1.5429687500e+00 5.1923689031e-01
0 1.5468750000e+00 5.1879945380e-01
0 1.5507812500e+00 5.1836348767e-01
0 1.5546875000e+00 5.1792898328e-01
0 1.5585937500e+00 5.1749593209e-01
0 1.5625000000e+00 5.1706432561e-01
0 1.5664062500e+00 5.1663415542e-01
0 1.5703125000e+00 5.1620541319e-01
0 1.5742187500e+00 5.1577809063e-01
0 1.5781250000e+00 5.1535217954e-01
0 1.5820312500e+00 5.1492767179e-01
0 1.5859375000e+00 5.1450455930e-01
0 1.5898437500e+00 5.1408283406e-01
0 1.5937500000e+00 5.1366248814e-01
0 1.5976562500e+00 5.1324351365e-01
0 1.6015625000e+00 5.1282590280e-01
0 1.6054687500e+00 5.1240964783e-01
0 1.6093750000e+00 5.1199474105e-01
0 1.6132812500e+00 5.1158117484e-01
0 1.6171875000e+00 5.1116894164e-01
0 1.6210937500e+00 5.1075803396e-01
0 1.6250000000e+00 5.1034844434e-01
0 1.6289062500e+00 5.0994016541e-01
0 1.6328125000e+00 5.0953318985e-01
0 1.6367187500e+00 5.0912751038e-01
0 1.6406250000e+00 5.0872311982e-01
0 1.6445312500e+00 5.0832001099e-01
0 1.6484375000e+00 5.0791817683e-01
0 1.6523437500e+00 5.0751761027e-01
0 1.6562500000e+00 5.0711830436e-01
0 1.6601562500e+00 5.0672025215e-01
0 1.6640625000e+00 5.0632344678e-01
0 1.6679687500e+00 5.0592788142e-01
0 1.6718750000e+00 5.0553354932e-01
0 1.6757812500e+00 5.0514044376e-01
0 1.6796875000e+00 5.0474855808e-01
0 1.6835937500e+00 5.0435788566e-01
0 1.6875000000e+00 5.0396841996e-01
0 1.6914062500e+00 5.0358015446e-01
0 1.6953125000e+00 5.0319308270e-01
0 1.6992187500e+00 5.0280719829e-01
0 1.7031250000e+00 5.0242249485e-01
0 1.7070312500e+00 5.0203896608e-01
0 1.7109375000e+00 5.0165660571e-01
0 1.7148437500e+00 5.0127540753e-01
0 1.7187500000e+00 5.0089536538e-01
0 1.7226562500e+00 5.0051647313e-01
0 1.7265625000e+00 5.0013872470e-01
0 1.7304687500e+00 4.9976211408e-01
0 1.7343750000e+00 4.9938663526e-01
0 1.7382812500e+00 4.9901228232e-01
0 1.7421875000e+00 4.9863904936e-01
0 1.7460937500e+00 4.9826693053e-01
0 1.7500000000e+00 4.9789592002e-01
0 1.7539062500e+00 4.9752601207e-01
0 1.7578125000e+00 4.9715720095e-01
0 1.7617187500e+00 4.9678948100e-01
0 1.7656250000e+00 4.9642284656e-01
0 1.7695312500e+00 4.9605729205e-01
0 1.7734375000e+00 4.9569281191e-01
0 1.7773437500e+00 4.9532940062e-01
0 1.7812500000e+00 4.9496705273e-01
0 1.7851562500e+00 4.9460576278e-01
0 1.7890625000e+00 4.9424552539e-01
0 1.7929687500e+00 4.9388633520e-01
0 1.7968750000e+00 4.9352818690e-01
0 1.8007812500e+00 4.9317107520e-01
0 1.8046875000e+00 4.9281499488e-01
0 1.8085937500e+00 4.9245994073e-01
0 1.8125000000e+00 4.9210590758e-01
0 1.8164062500e+00 4.9175289031e-01
0 1.8203125000e+00 4.9140088382e-01
0 1.8242187500e+00 4.9104988307e-01
0 1.8281250000e+00 4.9069988304e-01
0 1.8320312500e+00 4.9035087874e-01
0 1.8359375000e+00 4.9000286522e-01
0 1.8398437500e+00 4.8965583758e-01
0 1.8437500000e+00 4.8930979094e-01
0 1.8476562500e+00 4.8896472045e-01
0 1.8515625000e+00 4.8862062130e-01
0 1.8554687500e+00 4.8827748873e-01
0 1.8593750000e+00 4.8793531799e-01
0 1.8632812500e+00 4.8759410437e-01
0 1.8671875000e+00 4.8725384320e-01
0 1.8710937500e+00 4.8691452982e-01
0 1.8750000000e+00 4.8657615965e-01
0 1.8789062500e+00 4.8623872808e-01
0 1.8828125000e+00 4.8590223058e-01
0 1.8867187500e+00 4.8556666264e-01
0 1.8906250000e+00 4.8523201976e-01
0 1.8945312500e+00 4.8489829750e-01
0 1.8984375000e+00 4.8456549142e-01
0 1.9023437500e+00 4.8423359715e-01
0 1.9062500000e+00 4.8390261031e-01
0 1.9101562500e+00 4.8357252657e-01
0 1.9140625000e+00 4.8324334163e-01
0 1.9179687500e+00 4.8291505121e-01
0 1.9218750000e+00 4.8258765108e-01
0 1.9257812500e+00 4.8226113701e-01
0 1.9296875000e+00 4.8193550481e-01
0 1.9335937500e+00 4.8161075033e-01
0 1.9375000000e+00 4.8128686943e-01
0 1.9414062500e+00 4.8096385801e-01
0 1.9453125000e+00 4.8064171199e-01
0 1.9492187500e+00 4.8032042733e-01
0 1.9531250000e+00 4.8000000000e-01
0 1.9570312500e+00 4.7968042600e-01
0 1.9609375000e+00 4.7936170137e-01
0 1.9648437500e+00 4.7904382217e-01
0 1.9687500000e+00 4.7872678447e-01
0 1.9726562500e+00 4.7841058439e-01
0 1.9765625000e+00 4.7809521806e-01
0 1.9804687500e+00 4.7778068164e-01
0 1.9843750000e+00 4.7746697132e-01
0 1.9882812500e+00 4.7715408331e-01
0 1.9921875000e+00 4.7684201384e-01
0 1.9960937500e+00 4.7653075917e-01
0 2.0000000000e+00 4.7622031559e-01
0 2.0039062500e+00 4.7591067941e-01
0 2.0078125000e+00 4.7560184695e-01
0 2.0117187500e+00 4.7529381458e-01
0 2.0156250000e+00 4.7498657868e-01
0 2.0195312500e+00 4.7468013564e-01
0 2.0234375000e+00 4.7437448189e-01
0 2.0273437500e+00 4.7406961389e-01
0 2.0312500000e+00 4.7376552810e-01
0 2.0351562500e+00 4.7346222102e-01
0 2.0390625000e+00 4.7315968917e-01
0 2.0429687500e+00 4.7285792908e-01
0 2.0468750000e+00 4.7255693732e-01
0 2.0507812500e+00 4.7225671047e-01
0 2.0546875000e+00 4.7195724513e-01
0 2.0585937500e+00 4.7165853793e-01
0 2.0625000000e+00 4.7136058552e-01
0 2.0664062500e+00 4.7106338457e-01
0 2.0703125000e+00 4.7076693177e-01
0 2.0742187500e+00 4.7047122382e-01
0 2.0781250000e+00 4.7017625745e-01
0 2.0820312500e+00 4.6988202943e-01
0 2.0859375000e+00 4.6958853652e-01
0 2.0898437500e+00 4.6929577551e-01
0 2.0937500000e+00 4.6900374322e-01
0 2.0976562500e+00 4.6871243647e-01
0 2.1015625000e+00 4.6842185212e-01
0 2.1054687500e+00 4.6813198704e-01
0 2.1093750000e+00 4.6784283811e-01
0 2.1132812500e+00 4.6755440226e-01
0 2.1171875000e+00 4.6726667640e-01
0 2.1210937500e+00 4.6697965749e-01
0 2.1250000000e+00 4.6669334248e-01
0 2.1289062500e+00 4.6640772837e-01
0 2.1328125000e+00 4.6612281215e-01
0 2.1367187500e+00 4.6583859085e-01
0 2.1406250000e+00 4.6555506151e-01
0 2.1445312500e+00 4.6527222119e-01
0 2.1484375000e+00 4.6499006695e-01
0 2.1523437500e+00 4.6470859590e-01
0 2.1562500000e+00 4.6442780514e-01
0 2.1601562500e+00 4.6414769180e-01
0 2.1640625000e+00 4.6386825302e-01
0 2.1679687500e+00 4.6358948598e-01
0 2.1718750000e+00 4.6331138784e-01
0 2.1757812500e+00 4.6303395580e-01
0 2.1796875000e+00 4.6275718709e-01
0 2.1835937500e+00 4.6248107891e-01
0 2.1875000000e+00 4.6220562853e-01
0 2.1914062500e+00 4.6193083321e-01
0 2.1953125000e+00 4.6165669022e-01
0 2.1992187500e+00 4.6138319685e-01
0 2.2031250000e+00 4.6111035043e-01
0 2.2070312500e+00 4.6083814827e-01
0 2.2109375000e+00 4.6056658772e-01
0 2.2148437500e+00 4.6029566613e-01
0 2.2187500000e+00 4.6002538089e-01
0 2.2226562500e+00 4.5975572937e-01
0 2.2265625000e+00 4.5948670899e-01
0 2.2304687500e+00 4.5921831716e-01
0 2.2343750000e+00 4.5895055131e-01
0 2.2382812500e+00 4.5868340891e-01
0 2.2421875000e+00 4.5841688740e-01
0 2.2460937500e+00 4.5815098427e-01
0 2.2500000000e+00 4.5788569702e-01
0 2.2539062500e+00 4.5762102315e-01
0 2.2578125000e+00 4.5735696018e-01
0 2.2617187500e+00 4.5709350565e-01
0 2.2656250000e+00 4.5683065711e-01
0 2.2695312500e+00 4.5656841213e-01
0 2.2734375000e+00 4.5630676829e-01
0 2.2773437500e+00 4.5604572317e-01
0 2.2812500000e+00 4.5578527438e-01
0 2.2851562500e+00 4.5552541955e-01
0 2.2890625000e+00 4.5526615631e-01
0 2.2929687500e+00 4.5500748230e-01
0 2.2968750000e+00 4.5474939519e-01
0 2.3007812500e+00 4.5449189264e-01
0 2.3046875000e+00 4.5423497236e-01
0 2.3085937500e+00 4.5397863202e-01
0 2.3125000000e+00 4.5372286936e-01
0 2.3164062500e+00 4.5346768209e-01
0 2.3203125000e+00 4.5321306795e-01
0 2.3242187500e+00 4.5295902470e-01
0 2.3281250000e+00 4.5270555010e-01
0 2.3320312500e+00 4.5245264192e-01
0 2.3359375000e+00 4.5220029795e-01
0 2.3398437500e+00 4.5194851599e-01
0 2.3437500000e+00 4.5169729386e-01
0 2.3476562500e+00 4.5144662939e-01
0 2.3515625000e+00 4.5119652040e-01
0 2.3554687500e+00 4.5094696475e-01
0 2.3593750000e+00 4.5069796030e-01
0 2.3632812500e+00 4.5044950493e-01
0 2.3671875000e+00 4.5020159651e-01
0 2.3710937500e+00 4.4995423294e-01
0 2.3750000000e+00 4.4970741214e-01
0 2.3789062500e+00 4.4946113202e-01
0 2.3828125000e+00 4.4921539051e-01
0 2.3867187500e+00 4.4897018555e-01
0 2.3906250000e+00 4.4872551510e-01
0 2.3945312500e+00 4.4848137713e-01
0 2.3984375000e+00 4.4823776959e-01
0 2.4023437500e+00 4.4799469050e-01
0 2.4062500000e+00 4.4775213783e-01
0 2.4101562500e+00 4.4751010960e-01
0 2.4140625000e+00 4.4726860383e-01
0 2.4179687500e+00 4.4702761854e-01
0 2.4218750000e+00 4.4678715178e-01
0 2.4257812500e+00 4.4654720160e-01
0 2.4296875000e+00 4.4630776606e-01
0 2.4335937500e+00 4.4606884322e-01
0 2.4375000000e+00 4.4583043118e-01
0 2.4414062500e+00 4.4559252803e-01
0 2.4453125000e+00 4.4535513186e-01
0 2.4492187500e+00 4.4511824078e-01
0 2.4531250000e+00 4.4488185293e-01
0 2.4570312500e+00 4.4464596643e-01
0 2.4609375000e+00 4.4441057943e-01
0 2.4648437500e+00 4.4417569007e-01
0 2.4687500000e+00 4.4394129653e-01
0 2.4726562500e+00 4.4370739696e-01
0 2.4765625000e+00 4.4347398955e-01
0 2.4804687500e+00 4.4324107250e-01
0 2.4843750000e+00 4.4300864400e-01
0 2.4882812500e+00 4.4277670226e-01
0 2.4921875000e+00 4.4254524550e-01
0 2.4960937500e+00 4.4231427194e-01
0 2.5000000000e+00 4.4208377984e-01
0 2.5039062500e+00 4.4185376742e-01
0 2.5078125000e+00 4.4162423296e-01
0 2.5117187500e+00 4.4139517470e-01
0 2.5156250000e+00 4.4116659094e-01
0 2.5195312500e+00 4.4093847994e-01
0 2.5234375000e+00 4.4071084000e-01
0 2.5273437500e+00 4.4048366943e-01
0 2.5312500000e+00 4.4025696652e-01
0 2.5351562500e+00 4.4003072960e-01
0 2.5390625000e+00 4.3980495700e-01
0 2.5429687500e+00 4.3957964704e-01
0 2.5468750000e+00 4.3935479808e-01
0 2.5507812500e+00 4.3913040846e-01
0 2.5546875000e+00 4.3890647654e-01
0 2.5585937500e+00 4.3868300070e-01
0 2.5625000000e+00 4.3845997931e-01
0 2.5664062500e+00 4.3823741075e-01
0 2.5703125000e+00 4.3801529343e-01
0 2.5742187500e+00 4.3779362573e-01
0 2.5781250000e+00 4.3757240607e-01
0 2.5820312500e+00 4.3735163288e-01
0 2.5859375000e+00 4.3713130456e-01
0 2.5898437500e+00 4.3691141956e-01
0 2.5937500000e+00 4.3669197632e-01
0 2.5976562500e+00 4.3647297329e-01
0 2.6015625000e+00 4.3625440892e-01
0 2.6054687500e+00 4.3603628167e-01
0 2.6093750000e+00 4.3581859004e-01
0 2.6132812500e+00 4.3560133248e-01
0 2.6171875000e+00 4.3538450749e-01
0 2.6210937500e+00 4.3516811356e-01
0 2.6250000000e+00 4.3495214920e-01
0 2.6289062500e+00 4.3473661292e-01
0 2.6328125000e+00 4.3452150323e-01
0 2.6367187500e+00 4.3430681866e-01
0 2.6406250000e+00 4.3409255773e-01
0 2.6445312500e+00 4.3387871900e-01
0 2.6484375000e+00 4.3366530100e-01
0 2.6523437500e+00 4.3345230229e-01
0 2.6562500000e+00 4.3323972143e-01
0 2.6601562500e+00 4.3302755699e-01
0 2.6640625000e+00 4.3281580754e-01
0 2.6679687500e+00 4.3260447167e-01
0 2.6718750000e+00 4.3239354795e-01
0 2.6757812500e+00 4.3218303499e-01
0 2.6796875000e+00 4.3197293139e-01
0 2.6835937500e+00 4.3176323576e-01
0 2.6875000000e+00 4.3155394672e-01
0 2.6914062500e+00 4.3134506287e-01
0 2.6953125000e+00 4.3113658287e-01
0 2.6992187500e+00 4.3092850534e-01
0 2.7031250000e+00 4.3072082892e-01
0 2.7070312500e+00 4.3051355226e-01
0 2.7109375000e+00 4.3030667402e-01
0 2.7148437500e+00 4.3010019286e-01
0 2.7187500000e+00 4.2989410744e-01
0 2.7226562500e+00 4.2968841645e-01
0 2.7265625000e+00 4.2948311856e-01
0 2.7304687500e+00 4.2927821246e-01
0 2.7343750000e+00 4.2907369685e-01
0 2.7382812500e+00 4.2886957041e-01
0 2.7421875000e+00 4.2866583187e-01
0 2.7460937500e+00 4.2846247993e-01
0 2.7500000000e+00 4.2825951330e-01
0 2.7539062500e+00 4.2805693072e-01
0 2.7578125000e+00 4.2785473091e-01
0 2.7617187500e+00 4.2765291261e-01
0 2.7656250000e+00 4.2745147457e-01
0 2.7695312500e+00 4.2725041552e-01
0 2.7734375000e+00 4.2704973422e-01
0 2.7773437500e+00 4.2684942944e-01
0 2.7812500000e+00 4.2664949993e-01
0 2.7851562500e+00 4.2644994448e-01
0 2.7890625000e+00 4.2625076185e-01
0 2.7929687500e+00 4.2605195083e-01
0 2.7968750000e+00 4.2585351021e-01
0 2.8007812500e+00 4.2565543878e-01
0 2.8046875000e+00 4.2545773535e-01
0 2.8085937500e+00 4.2526039871e-01
0 2.8125000000e+00 4.2506342767e-01
0 2.8164062500e+00 4.2486682106e-01
0 2.8203125000e+00 4.2467057770e-01
0 2.8242187500e+00 4.2447469641e-01
0 2.8281250000e+00 4.2427917603e-01
0 2.8320312500e+00 4.2408401538e-01
0 2.8359375000e+00 4.2388921333e-01
0 2.8398437500e+00 4.2369476871e-01
0 2.8437500000e+00 4.2350068038e-01
0 2.8476562500e+00 4.2330694719e-01
0 2.8515625000e+00 4.2311356802e-01
0 2.8554687500e+00 4.2292054173e-01
0 2.8593750000e+00 4.2272786720e-01
0 2.8632812500e+00 4.2253554330e-01
0 2.8671875000e+00 4.2234356892e-01
0 2.8710937500e+00 4.2215194296e-01
0 2.8750000000e+00 4.2196066430e-01
0 2.8789062500e+00 4.2176973185e-01
0 2.8828125000e+00 4.2157914450e-01
0 2.8867187500e+00 4.2138890118e-01
0 2.8906250000e+00 4.2119900080e-01
0 2.8945312500e+00 4.2100944226e-01
0 2.8984375000e+00 4.2082022451e-01
0 2.9023437500e+00 4.2063134647e-01
0 2.9062500000e+00 4.2044280707e-01
0 2.9101562500e+00 4.2025460525e-01
0 2.9140625000e+00 4.2006673995e-01
0 2.9179687500e+00 4.1987921014e-01
0 2.9218750000e+00 4.1969201474e-01
0 2.9257812500e+00 4.1950515273e-01
0 2.9296875000e+00 4.1931862307e-01
0 2.9335937500e+00 4.1913242473e-01
0 2.9375000000e+00 4.1894655666e-01
0 2.9414062500e+00 4.1876101786e-01
0 2.9453125000e+00 4.1857580731e-01
0 2.9492187500e+00 4.1839092397e-01
0 2.9531250000e+00 4.1820636686e-01
0 2.9570312500e+00 4.1802213496e-01
0 2.9609375000e+00 4.1783822726e-01
0 2.9648437500e+00 4.1765464278e-01
0 2.9687500000e+00 4.1747138052e-01
0 2.9726562500e+00 4.1728843949e-01
0 2.9765625000e+00 4.1710581870e-01
0 2.9804687500e+00 4.1692351718e-01
0 2.9843750000e+00 4.1674153396e-01
0 2.9882812500e+00 4.1655986805e-01
0 2.9921875000e+00 4.1637851850e-01
0 2.9960937500e+00 4.1619748434e-01
0 3.0000000000e+00 4.1601676461e-01
0 3.0039062500e+00 4.1583635836e-01
0 3.0078125000e+00 4.1565626463e-01
0 3.0117187500e+00 4.1547648249e-01
0 3.0156250000e+00 4.1529701098e-01
0 3.0195312500e+00 4.1511784918e-01
0 3.0234375000e+00 4.1493899614e-01
0 3.0273437500e+00 4.1476045094e-01
0 3.0312500000e+00 4.1458221265e-01
0 3.0351562500e+00 4.1440428035e-01
0 3.0390625000e+00 4.1422665312e-01
0 3.0429687500e+00 4.1404933004e-01
0 3.0468750000e+00 4.1387231021e-01
0 3.0507812500e+00 4.1369559272e-01
0 3.0546875000e+00 4.1351917667e-01
0 3.0585937500e+00 4.1334306116e-01
0 3.0625000000e+00 4.1316724529e-01
0 3.0664062500e+00 4.1299172817e-01
0 3.0703125000e+00 4.1281650892e-01
0 3.0742187500e+00 4.1264158665e-01
0 3.0781250000e+00 4.1246696048e-01
0 3.0820312500e+00 4.1229262954e-01
0 3.0859375000e+00 4.1211859295e-01
0 3.0898437500e+00 4.1194484984e-01
0 3.0937500000e+00 4.1177139936e-01
0 3.0976562500e+00 4.1159824064e-01
0 3.1015625000e+00 4.1142537281e-01
0 3.1054687500e+00 4.1125279503e-01
0 3.1093750000e+00 4.1108050645e-01
0 3.1132812500e+00 4.1090850622e-01
0 3.1171875000e+00 4.1073679349e-01
0 3.1210937500e+00 4.1056536743e-01
0 3.1250000000e+00 4.1039422720e-01
0 3.1289062500e+00 4.1022337197e-01
0 3.1328125000e+00 4.1005280090e-01
0 3.1367187500e+00 4.0988251317e-01
0 3.1406250000e+00 4.0971250796e-01
0 3.1445312500e+00 4.0954278445e-01
0 3.1484375000e+00 4.0937334182e-01
0 3.1523437500e+00 4.0920417927e-01
0 3.1562500000e+00 4.0903529597e-01
0 3.1601562500e+00 4.0886669113e-01
0 3.1640625000e+00 4.0869836394e-01
0 3.1679687500e+00 4.0853031361e-01
0 3.1718750000e+00 4.0836253934e-01
0 3.1757812500e+00 4.0819504033e-01
0 3.1796875000e+00 4.0802781579e-01
0 3.1835937500e+00 4.0786086495e-01
0 3.1875000000e+00 4.0769418701e-01
0 3.1914062500e+00 4.0752778120e-01
0 3.1953125000e+00 4.0736164675e-01
0 3.1992187500e+00 4.0719578286e-01
0 3.2031250000e+00 4.0703018879e-01
0 3.2070312500e+00 4.0686486376e-01
0 3.2109375000e+00 4.0669980700e-01
0 3.2148437500e+00 4.0653501776e-01
0 3.2187500000e+00 4.0637049527e-01
0 3.2226562500e+00 4.0620623879e-01
0 3.2265625000e+00 4.0604224755e-01
0 3.2304687500e+00 4.0587852082e-01
0 3.2343750000e+00 4.0571505785e-01
0 3.2382812500e+00 4.0555185789e-01
0 3.2421875000e+00 4.0538892020e-01
0 3.2460937500e+00 4.0522624405e-01
0 3.2500000000e+00 4.0506382871e-01
0 3.2539062500e+00 4.0490167343e-01
0 3.2578125000e+00 4.0473977751e-01
0 3.2617187500e+00 4.0457814020e-01
0 3.2656250000e+00 4.0441676079e-01
0 3.2695312500e+00 4.0425563855e-01
0 3.2734375000e+00 4.0409477278e-01
0 3.2773437500e+00 4.0393416276e-01
0 3.2812500000e+00 4.0377380778e-01
0 3.2851562500e+00 4.0361370712e-01
0 3.2890625000e+00 4.0345386009e-01
0 3.2929687500e+00 4.0329426599e-01
0 3.2968750000e+00 4.0313492410e-01
0 3.3007812500e+00 4.0297583375e-01
0 3.3046875000e+00 4.0281699422e-01
0 3.3085937500e+00 4.0265840484e-01
0 3.3125000000e+00 4.0250006490e-01
0 3.3164062500e+00 4.0234197374e-01
0 3.3203125000e+00 4.0218413066e-01
0 3.3242187500e+00 4.0202653498e-01
0 3.3281250000e+00 4.0186918603e-01
0 3.3320312500e+00 4.0171208312e-01
0 3.3359375000e+00 4.0155522560e-01
0 3.3398437500e+00 4.0139861278e-01
0 3.3437500000e+00 4.0124224400e-01
0 3.3476562500e+00 4.0108611860e-01
0 3.3515625000e+00 4.0093023591e-01
0 3.3554687500e+00 4.0077459527e-01
0 3.3593750000e+00 4.0061919603e-01
0 3.3632812500e+00 4.0046403754e-01
0 3.3671875000e+00 4.0030911913e-01
0 3.3710937500e+00 4.0015444017e-01
0 3.3750000000e+00 4.0000000000e-01
0 3.3789062500e+00 3.9984579798e-01
0 3.3828125000e+00 3.9969183347e-01
0 3.3867187500e+00 3.9953810582e-01
0 3.3906250000e+00 3.9938461441e-01
0 3.3945312500e+00 3.9923135860e-01
0 3.3984375000e+00 3.9907833775e-01
0 3.4023437500e+00 3.9892555123e-01
0 3.4062500000e+00 3.9877299843e-01
0 3.4101562500e+00 3.9862067870e-01
0 3.4140625000e+00 3.9846859144e-01
0 3.4179687500e+00 3.9831673602e-01
0 3.4218750000e+00 3.9816511182e-01
0 3.4257812500e+00 3.9801371822e-01
0 3.4296875000e+00 3.9786255462e-01
0 3.4335937500e+00 3.9771162041e-01
0 3.4375000000e+00 3.9756091497e-01
0 3.4414062500e+00 3.9741043769e-01
0 3.4453125000e+00 3.9726018799e-01
0 3.4492187500e+00 3.9711016524e-01
0 3.4531250000e+00 3.9696036886e-01
0 3.4570312500e+00 3.9681079825e-01
0 3.4609375000e+00 3.9666145281e-01
0 3.4648437500e+00 3.9651233195e-01
0 3.4687500000e+00 3.9636343508e-01
0 3.4726562500e+00 3.9621476161e-01
0 3.4765625000e+00 3.9606631095e-01
0 3.4804687500e+00 3.9591808253e-01
0 3.4843750000e+00 3.9577007575e-01
0 3.4882812500e+00 3.9562229005e-01
0 3.4921875000e+00 3.9547472484e-01
0 3.4960937500e+00 3.9532737955e-01
0 3.5000000000e+00 3.9518025361e-01
0 3.5039062500e+00 3.9503334643e-01
0 3.5078125000e+00 3.9488665747e-01
0 3.5117187500e+00 3.9474018614e-01
0 3.5156250000e+00 3.9459393189e-01
0 3.5195312500e+00 3.9444789415e-01
0 3.5234375000e+00 3.9430207237e-01
0 3.5273437500e+00 3.9415646598e-01
0 3.5312500000e+00 3.9401107442e-01
0 3.5351562500e+00 3.9386589715e-01
0 3.5390625000e+00 3.9372093362e-01
0 3.5429687500e+00 3.9357618326e-01
0 3.5468750000e+00 3.9343164554e-01
0 3.5507812500e+00 3.9328731990e-01
0 3.5546875000e+00 3.9314320581e-01
0 3.5585937500e+00 3.9299930272e-01
0 3.5625000000e+00 3.9285561009e-01
0 3.5664062500e+00 3.9271212739e-01
0 3.5703125000e+00 3.9256885407e-01
0 3.5742187500e+00 3.9242578961e-01
0 3.5781250000e+00 3.9228293347e-01
0 3.5820312500e+00 3.9214028511e-01
0 3.5859375000e+00 3.9199784402e-01
0 3.5898437500e+00 3.9185560967e-01
0 3.5937500000e+00 3.9171358153e-01
0 3.5976562500e+00 3.9157175907e-01
0 3.6015625000e+00 3.9143014179e-01
0 3.6054687500e+00 3.9128872915e-01
0 3.6093750000e+00 3.9114752065e-01
0 3.6132812500e+00 3.9100651576e-01
0 3.6171875000e+00 3.9086571398e-01
0 3.6210937500e+00 3.9072511479e-01
0 3.6250000000e+00 3.9058471769e-01
0 3.6289062500e+00 3.9044452215e-01
0 3.6328125000e+00 3.9030452769e-01
0 3.6367187500e+00 3.9016473379e-01
0 3.6406250000e+00 3.9002513996e-01
0 3.6445312500e+00 3.8988574569e-01
0 3.6484375000e+00 3.8974655048e-01
0 3.6523437500e+00 3.8960755384e-01
0 3.6562500000e+00 3.8946875527e-01
0 3.6601562500e+00 3.8933015427e-01
0 3.6640625000e+00 3.8919175037e-01
0 3.6679687500e+00 3.8905354306e-01
0 3.6718750000e+00 3.8891553186e-01
0 3.6757812500e+00 3.8877771628e-01
0 3.6796875000e+00 3.8864009584e-01
0 3.6835937500e+00 3.8850267005e-01
0 3.6875000000e+00 3.8836543843e-01
0 3.6914062500e+00 3.8822840051e-01
0 3.6953125000e+00 3.8809155581e-01
0 3.6992187500e+00 3.8795490384e-01
0 3.7031250000e+00 3.8781844414e-01
0 3.7070312500e+00 3.8768217622e-01
0 3.7109375000e+00 3.8754609963e-01
0 3.7148437500e+00 3.8741021389e-01
0 3.7187500000e+00 3.8727451853e-01
0 3.7226562500e+00 3.8713901309e-01
0 3.7265625000e+00 3.8700369710e-01
0 3.7304687500e+00 3.8686857010e-01
0 3.7343750000e+00 3.8673363163e-01
0 3.7382812500e+00 3.8659888123e-01
0 3.7421875000e+00 3.8646431843e-01
0 3.7460937500e+00 3.8632994279e-01
0 3.7500000000e+00 3.8619575384e-01
0 3.7539062500e+00 3.8606175114e-01
0 3.7578125000e+00 3.8592793423e-01
0 3.7617187500e+00 3.8579430267e-01
0 3.7656250000e+00 3.8566085599e-01
0 3.7695312500e+00 3.8552759376e-01
0 3.7734375000e+00 3.8539451554e-01
0 3.7773437500e+00 3.8526162087e-01
0 3.7812500000e+00 3.8512890931e-01
0 3.7851562500e+00 3.8499638042e-01
0 3.7890625000e+00 3.8486403377e-01
0 3.7929687500e+00 3.8473186891e-01
0 3.7968750000e+00 3.8459988542e-01
0 3.8007812500e+00 3.8446808284e-01
0 3.8046875000e+00 3.8433646075e-01
0 3.8085937500e+00 3.8420501873e-01
0 3.8125000000e+00 3.8407375632e-01
0 3.8164062500e+00 3.8394267312e-01
0 3.8203125000e+00 3.8381176869e-01
0 3.8242187500e+00 3.8368104260e-01
0 3.8281250000e+00 3.8355049443e-01
0 3.8320312500e+00 3.8342012375e-01
0 3.8359375000e+00 3.8328993015e-01
0 3.8398437500e+00 3.8315991321e-01
0 3.8437500000e+00 3.8303007249e-01
0 3.8476562500e+00 3.8290040760e-01
0 3.8515625000e+00 3.8277091810e-01
0 3.8554687500e+00 3.8264160359e-01
0 3.8593750000e+00 3.8251246366e-01
0 3.8632812500e+00 3.8238349788e-01
0 3.8671875000e+00 3.8225470585e-01
0 3.8710937500e+00 3.8212608717e-01
0 3.8750000000e+00 3.8199764141e-01
0 3.8789062500e+00 3.8186936819e-01
0 3.8828125000e+00 3.8174126708e-01
0 3.8867187500e+00 3.8161333769e-01
0 3.8906250000e+00 3.8148557962e-01
0 3.8945312500e+00 3.8135799246e-01
0 3.8984375000e+00 3.8123057581e-01
0 3.9023437500e+00 3.8110332928e-01
0 3.9062500000e+00 3.8097625247e-01
0 3.9101562500e+00 3.8084934498e-01
0 3.9140625000e+00 3.8072260642e-01
0 3.9179687500e+00 3.8059603640e-01
0 3.9218750000e+00 3.8046963452e-01
0 3.9257812500e+00 3.8034340039e-01
0 3.9296875000e+00 3.8021733363e-01
0 3.9335937500e+00 3.8009143384e-01
0 3.9375000000e+00 3.7996570064e-01
0 3.9414062500e+00 3.7984013364e-01
0 3.9453125000e+00 3.7971473247e-01
0 3.9492187500e+00 3.7958949673e-01
0 3.9531250000e+00 3.7946442604e-01
0 3.9570312500e+00 3.7933952004e-01
0 3.9609375000e+00 3.7921477832e-01
0 3.9648437500e+00 3.7909020053e-01
0 3.9687500000e+00 3.7896578628e-01
0 3.9726562500e+00 3.7884153519e-01
0 3.9765625000e+00 3.7871744690e-01
0 3.9804687500e+00 3.7859352102e-01
0 3.9843750000e+00 3.7846975719e-01
0 3.9882812500e+00 3.7834615504e-01
0 3.9921875000e+00 3.7822271420e-01
0 3.9960937500e+00 3.7809943430e-01
0 4.0000000000e+00 3.7797631497e-01
0 4.0039062500e+00 3.7785335585e-01
0 4.0078125000e+00 3.7773055657e-01
0 4.0117187500e+00 3.7760791677e-01
0 4.0156250000e+00 3.7748543609e-01
0 4.0195312500e+00 3.7736311416e-01
0 4.0234375000e+00 3.7724095063e-01
0 4.0273437500e+00 3.7711894514e-01
0 4.0312500000e+00 3.7699709733e-01
0 4.0351562500e+00 3.7687540684e-01
0 4.0390625000e+00 3.7675387333e-01
0 4.0429687500e+00 3.7663249643e-01
0 4.0468750000e+00 3.7651127579e-01
0 4.0507812500e+00 3.7639021106e-01
0 4.0546875000e+00 3.7626930190e-01
0 4.0585937500e+00 3.7614854794e-01
0 4.0625000000e+00 3.7602794885e-01
0 4.0664062500e+00 3.7590750427e-01
0 4.0703125000e+00 3.7578721386e-01
0 4.0742187500e+00 3.7566707727e-01
0 4.0781250000e+00 3.7554709417e-01
0 4.0820312500e+00 3.7542726420e-01
0 4.0859375000e+00 3.7530758703e-01
0 4.0898437500e+00 3.7518806231e-01
0 4.0937500000e+00 3.7506868971e-01
0 4.0976562500e+00 3.7494946888e-01
0 4.1015625000e+00 3.7483039950e-01
0 4.1054687500e+00 3.7471148122e-01
0 4.1093750000e+00 3.7459271370e-01
0 4.1132812500e+00 3.7447409662e-01
0 4.1171875000e+00 3.7435562964e-01
0 4.1210937500e+00 3.7423731243e-01
0 4.1250000000e+00 3.7411914466e-01
0 4.1289062500e+00 3.7400112599e-01
0 4.1328125000e+00 3.7388325611e-01
0 4.1367187500e+00 3.7376553467e-01
0 4.1406250000e+00 3.7364796136e-01
0 4.1445312500e+00 3.7353053584e-01
0 4.1484375000e+00 3.7341325780e-01
0 4.1523437500e+00 3.7329612691e-01
0 4.1562500000e+00 3.7317914285e-01
0 4.1601562500e+00 3.7306230529e-01
0 4.1640625000e+00 3.7294561391e-01
0 4.1679687500e+00 3.7282906840e-01
0 4.1718750000e+00 3.7271266843e-01
0 4.1757812500e+00 3.7259641369e-01
0 4.1796875000e+00 3.7248030386e-01
0 4.1835937500e+00 3.7236433863e-01
0 4.1875000000e+00 3.7224851768e-01
0 4.1914062500e+00 3.7213284069e-01
0 4.1953125000e+00 3.7201730736e-01
0 4.1992187500e+00 3.7190191737e-01
0 4.2031250000e+00 3.7178667041e-01
0 4.2070312500e+00 3.7167156617e-01
0 4.2109375000e+00 3.7155660434e-01
0 4.2148437500e+00 3.7144178462e-01
0 4.2187500000e+00 3.7132710669e-01
0 4.2226562500e+00 3.7121257025e-01
0 4.2265625000e+00 3.7109817500e-01
0 4.2304687500e+00 3.7098392063e-01
0 4.2343750000e+00 3.7086980683e-01
0 4.2382812500e+00 3.7075583332e-01
0 4.2421875000e+00 3.7064199977e-01
0 4.2460937500e+00 3.7052830590e-01
0 4.2500000000e+00 3.7041475140e-01
0 4.2539062500e+00 3.7030133598e-01
0 4.2578125000e+00 3.7018805933e-01
0 4.2617187500e+00 3.7007492116e-01
0 4.2656250000e+00 3.6996192118e-01
0 4.2695312500e+00 3.6984905908e-01
0 4.2734375000e+00 3.6973633459e-01
0 4.2773437500e+00 3.6962374739e-01
0 4.2812500000e+00 3.6951129720e-01
0 4.2851562500e+00 3.6939898373e-01
0 4.2890625000e+00 3.6928680668e-01
0 4.2929687500e+00 3.6917476578e-01
0 4.2968750000e+00 3.6906286072e-01
0 4.3007812500e+00 3.6895109122e-01
0 4.3046875000e+00 3.6883945699e-01
0 4.3085937500e+00 3.6872795776e-01
0 4.3125000000e+00 3.6861659322e-01
0 4.3164062500e+00 3.6850536310e-01
0 4.3203125000e+00 3.6839426711e-01
0 4.3242187500e+00 3.6828330498e-01
0 4.3281250000e+00 3.6817247641e-01
0 4.3320312500e+00 3.6806178113e-01
0 4.3359375000e+00 3.6795121886e-01
0 4.3398437500e+00 3.6784078932e-01
0 4.3437500000e+00 3.6773049222e-01
0 4.3476562500e+00 3.6762032730e-01
0 4.3515625000e+00 3.6751029427e-01
0 4.3554687500e+00 3.6740039286e-01
0 4.3593750000e+00 3.6729062279e-01
0 4.3632812500e+00 3.6718098379e-01
0 4.3671875000e+00 3.6707147559e-01
0 4.3710937500e+00 3.6696209791e-01
0 4.3750000000e+00 3.6685285048e-01
0 4.3789062500e+00 3.6674373303e-01
0 4.3828125000e+00 3.6663474529e-01
0 4.3867187500e+00 3.6652588698e-01
0 4.3906250000e+00 3.6641715785e-01
0 4.3945312500e+00 3.6630855762e-01
0 4.3984375000e+00 3.6620008602e-01
0 4.4023437500e+00 3.6609174279e-01
0 4.4062500000e+00 3.6598352767e-01
0 4.4101562500e+00 3.6587544038e-01
0 4.4140625000e+00 3.6576748067e-01
0 4.4179687500e+00 3.6565964827e-01
0 4.4218750000e+00 3.6555194292e-01
0 4.4257812500e+00 3.6544436436e-01
0 4.4296875000e+00 3.6533691232e-01
0 4.4335937500e+00 3.6522958654e-01
0 4.4375000000e+00 3.6512238678e-01
0 4.4414062500e+00 3.6501531276e-01
0 4.4453125000e+00 3.6490836423e-01
0 4.4492187500e+00 3.6480154093e-01
0 4.4531250000e+00 3.6469484261e-01
0 4.4570312500e+00 3.6458826901e-01
0 4.4609375000e+00 3.6448181987e-01
0 4.4648437500e+00 3.6437549495e-01
0 4.4687500000e+00 3.6426929398e-01
0 4.4726562500e+00 3.6416321672e-01
0 4.4765625000e+00 3.6405726291e-01
0 4.4804687500e+00 3.6395143230e-01
0 4.4843750000e+00 3.6384572465e-01
0 4.4882812500e+00 3.6374013970e-01
0 4.4921875000e+00 3.6363467720e-01
0 4.4960937500e+00 3.6352933690e-01
0 4.5000000000e+00 3.6342411857e-01
0 4.5039062500e+00 3.6331902194e-01
0 4.5078125000e+00 3.6321404677e-01
0 4.5117187500e+00 3.6310919283e-01
0 4.5156250000e+00 3.6300445986e-01
0 4.5195312500e+00 3.6289984762e-01
0 4.5234375000e+00 3.6279535586e-01
0 4.5273437500e+00 3.6269098435e-01
0 4.5312500000e+00 3.6258673284e-01
0 4.5351562500e+00 3.6248260109e-01
0 4.5390625000e+00 3.6237858886e-01
0 4.5429687500e+00 3.6227469591e-01
0 4.5468750000e+00 3.6217092200e-01
0 4.5507812500e+00 3.6206726689e-01
0 4.5546875000e+00 3.6196373035e-01
0 4.5585937500e+00 3.6186031214e-01
0 4.5625000000e+00 3.6175701201e-01
0 4.5664062500e+00 3.6165382975e-01
0 4.5703125000e+00 3.6155076510e-01
0 4.5742187500e+00 3.6144781784e-01
0 4.5781250000e+00 3.6134498773e-01
0 4.5820312500e+00 3.6124227453e-01
0 4.5859375000e+00 3.6113967803e-01
0 4.5898437500e+00 3.6103719798e-01
0 4.5937500000e+00 3.6093483415e-01
0 4.5976562500e+00 3.6083258632e-01
0 4.6015625000e+00 3.6073045425e-01
0 4.6054687500e+00 3.6062843771e-01
0 4.6093750000e+00 3.6052653648e-01
0 4.6132812500e+00 3.6042475033e-01
0 4.6171875000e+00 3.6032307902e-01
0 4.6210937500e+00 3.6022152234e-01
0 4.6250000000e+00 3.6012008006e-01
0 4.6289062500e+00 3.6001875195e-01
0 4.6328125000e+00 3.5991753779e-01
0 4.6367187500e+00 3.5981643736e-01
0 4.6406250000e+00 3.5971545042e-01
0 4.6445312500e+00 3.5961457676e-01
0 4.6484375000e+00 3.5951381615e-01
0 4.6523437500e+00 3.5941316838e-01
0 4.6562500000e+00 3.5931263323e-01
0 4.6601562500e+00 3.5921221046e-01
0 4.6640625000e+00 3.5911189987e-01
0 4.6679687500e+00 3.5901170123e-01
0 4.6718750000e+00 3.5891161433e-01
0 4.6757812500e+00 3.5881163895e-01
0 4.6796875000e+00 3.5871177486e-01
0 4.6835937500e+00 3.5861202186e-01
0 4.6875000000e+00 3.5851237972e-01
0 4.6914062500e+00 3.5841284824e-01
0 4.6953125000e+00 3.5831342720e-01
0 4.6992187500e+00 3.5821411638e-01
0 4.7031250000e+00 3.5811491556e-01
0 4.7070312500e+00 3.5801582455e-01
0 4.7109375000e+00 3.5791684311e-01
0 4.7148437500e+00 3.5781797105e-01
0 4.7187500000e+00 3.5771920815e-01
0 4.7226562500e+00 3.5762055420e-01
0 4.7265625000e+00 3.5752200899e-01
0 4.7304687500e+00 3.5742357231e-01
0 4.7343750000e+00 3.5732524395e-01
0 4.7382812500e+00 3.5722702370e-01
0 4.7421875000e+00 3.5712891136e-01
0 4.7460937500e+00 3.5703090671e-01
0 4.7500000000e+00 3.5693300956e-01
0 4.7539062500e+00 3.5683521968e-01
0 4.7578125000e+00 3.5673753689e-01
0 4.7617187500e+00 3.5663996098e-01
0 4.7656250000e+00 3.5654249173e-01
0 4.7695312500e+00 3.5644512895e-01
0 4.7734375000e+00 3.5634787242e-01
0 4.7773437500e+00 3.5625072196e-01
0 4.7812500000e+00 3.5615367736e-01
0 4.7851562500e+00 3.5605673841e-01
0 4.7890625000e+00 3.5595990492e-01
0 4.7929687500e+00 3.5586317668e-01
0 4.7968750000e+00 3.5576655349e-01
0 4.8007812500e+00 3.5567003516e-01
0 4.8046875000e+00 3.5557362148e-01
0 4.8085937500e+00 3.5547731227e-01
0 4.8125000000e+00 3.5538110730e-01
0 4.8164062500e+00 3.5528500641e-01
0 4.8203125000e+00 3.5518900937e-01
0 4.8242187500e+00 3.5509311601e-01
0 4.8281250000e+00 3.5499732611e-01
0 4.8320312500e+00 3.5490163950e-01
0 4.8359375000e+00 3.5480605596e-01
0 4.8398437500e+00 3.5471057532e-01
0 4.8437500000e+00 3.5461519737e-01
0 4.8476562500e+00 3.5451992192e-01
0 4.8515625000e+00 3.5442474879e-01
0 4.8554687500e+00 3.5432967777e-01
0 4.8593750000e+00 3.5423470867e-01
0 4.8632812500e+00 3.5413984131e-01
0 4.8671875000e+00 3.5404507549e-01
0 4.8710937500e+00 3.5395041103e-01
0 4.8750000000e+00 3.5385584773e-01
0 4.8789062500e+00 3.5376138541e-01
0 4.8828125000e+00 3.5366702387e-01
0 4.8867187500e+00 3.5357276293e-01
0 4.8906250000e+00 3.5347860240e-01
0 4.8945312500e+00 3.5338454210e-01
0 4.8984375000e+00 3.5329058184e-01
0 4.9023437500e+00 3.5319672142e-01
0 4.9062500000e+00 3.5310296067e-01
0 4.9101562500e+00 3.5300929941e-01
0 4.9140625000e+00 3.5291573744e-01
0 4.9179687500e+00 3.5282227458e-01
0 4.9218750000e+00 3.5272891065e-01
0 4.9257812500e+00 3.5263564546e-01
0 4.9296875000e+00 3.5254247884e-01
0 4.9335937500e+00 3.5244941060e-01
0 4.9375000000e+00 3.5235644056e-01
0 4.9414062500e+00 3.5226356854e-01
0 4.9453125000e+00 3.5217079435e-01
0 4.9492187500e+00 3.5207811782e-01
0 4.9531250000e+00 3.5198553877e-01
0 4.9570312500e+00 3.5189305701e-01
0 4.9609375000e+00 3.5180067238e-01
0 4.9648437500e+00 3.5170838469e-01
0 4.9687500000e+00 3.5161619376e-01
0 4.9726562500e+00 3.5152409941e-01
0 4.9765625000e+00 3.5143210147e-01
0 4.9804687500e+00 3.5134019977e-01
0 4.9843750000e+00 3.5124839412e-01
0 4.9882812500e+00 3.5115668435e-01
0 4.9921875000e+00 3.5106507029e-01
0 4.9960937500e+00 3.5097355176e-01
0 5.0000000000e+00 3.5088212859e-01
