151 1.0000000000e+00 1.0256736933e+01 6.0000000000e-01
151 1.0039062500e+00 1.0203586336e+01 5.9922118219e-01
151 1.0078125000e+00 1.0150970180e+01 5.9844719286e-01
151 1.0117187500e+00 1.0098880326e+01 5.9767797590e-01
151 1.0156250000e+00 1.0047308894e+01 5.9691347750e-01
151 1.0195312500e+00 9.9962481484e+00 5.9615364455e-01
151 1.0234375000e+00 9.9456904819e+00 5.9539842443e-01
151 1.0273437500e+00 9.8956284885e+00 5.9464776613e-01
151 1.0312500000e+00 9.8460548943e+00 5.9390161926e-01
151 1.0351562500e+00 9.7969625236e+00 5.9315993357e-01
151 1.0390625000e+00 9.7483443756e+00 5.9242266015e-01
151 1.0429687500e+00 9.7001935979e+00 5.9168975103e-01
151 1.0468750000e+00 9.6525032177e+00 5.9096115518e-01
151 1.0507812500e+00 9.6052670438e+00 5.9023683225e-01
151 1.0546875000e+00 9.5584781722e+00 5.8951672979e-01
151 1.0585937500e+00 9.5121304806e+00 5.8880080614e-01
151 1.0625000000e+00 9.4662177209e+00 5.8808901661e-01
151 1.0664062500e+00 9.4207336102e+00 5.8738131479e-01
151 1.0703125000e+00 9.3756721214e+00 5.8667765712e-01
151 1.0742187500e+00 9.3310274223e+00 5.8597800200e-01
151 1.0781250000e+00 9.2867939947e+00 5.8528231172e-01
151 1.0820312500e+00 9.2429649480e+00 5.8459052586e-01
151 1.0859375000e+00 9.1995372549e+00 5.8390264400e-01
151 1.0898437500e+00 9.1565023792e+00 5.8321857756e-01
151 1.0937500000e+00 9.1138563620e+00 5.8253830940e-01
151 1.0976562500e+00 9.0715947958e+00 5.8186181456e-01
151 1.1015625000e+00 9.0297111748e+00 5.8118903351e-01
151 1.1054687500e+00 8.9882004598e+00 5.8051992919e-01
151 1.1093750000e+00 8.9470579095e+00 5.7985446846e-01
151 1.1132812500e+00 8.9062786878e+00 5.7919261578e-01
151 1.1171875000e+00 8.8658582166e+00 5.7853433894e-01
151 1.1210937500e+00 8.8257916637e+00 5.7787960076e-01
151 1.1250000000e+00 8.7860740219e+00 5.7722836031e-01
151 1.1289062500e+00 8.7467005337e+00 5.7658057986e-01
151 1.1328125000e+00 8.7076670323e+00 5.7593623058e-01
151 1.1367187500e+00 8.6689690816e+00 5.7529527842e-01
151 1.1406250000e+00 8.6306021632e+00 5.7465768720e-01
151 1.1445312500e+00 8.5925622727e+00 5.7402342846e-01
151 1.1484375000e+00 8.5548449067e+00 5.7339246469e-01
151 1.1523437500e+00 8.5174462492e+00 5.7276476912e-01
151 1.1562500000e+00 8.4803620665e+00 5.7214030725e-01
151 1.1601562500e+00 8.4435888762e+00 5.7151905655e-01
151 1.1640625000e+00 8.4071208383e+00 5.7090095385e-01
151 1.1679687500e+00 8.3709577453e+00 5.7028603077e-01
151 1.1718750000e+00 8.3350915314e+00 5.6967418480e-01
151 1.1757812500e+00 8.2995209614e+00 5.6906542888e-01
151 1.1796875000e+00 8.2642429533e+00 5.6845974410e-01
151 1.1835937500e+00 8.2292517131e+00 5.6785706420e-01
151 1.1875000000e+00 8.1945445605e+00 5.6725737573e-01
151 1.1914062500e+00 8.1601189923e+00 5.6666066784e-01
151 1.1953125000e+00 8.1259710567e+00 5.6606690407e-01
151 1.1992187500e+00 8.0920966685e+00 5.6547604488e-01
151 1.2031250000e+00 8.0584927099e+00 5.6488806695e-01
151 1.2070312500e+00 8.0251562929e+00 5.6430295046e-01
151 1.2109375000e+00 7.9920845378e+00 5.6372067522e-01
151 1.2148437500e+00 7.9592739287e+00 5.6314120932e-01
151 1.2187500000e+00 7.9267210028e+00 5.6256452112e-01
151 1.2226562500e+00 7.8944225970e+00 5.6199058371e-01
151 1.2265625000e+00 7.8623761688e+00 5.6141938070e-01
151 1.2304687500e+00 7.8305786475e+00 5.6085088581e-01
151 1.2343750000e+00 7.7990275190e+00 5.6028508221e-01
151 1.2382812500e+00 7.7677190723e+00 5.5972193107e-01
151 1.2421875000e+00 7.7366517411e+00 5.5916143165e-01
151 1.2460937500e+00 7.7058199092e+00 5.5860350957e-01
151 1.2500000000e+00 7.6752253462e+00 5.5804822360e-01
151 1.2539062500e+00 7.6448604559e+00 5.5749546229e-01
151 1.2578125000e+00 7.6147258203e+00 5.5694526215e-01
151 1.2617187500e+00 7.5848184865e+00 5.5639759512e-01
151 1.2656250000e+00 7.5551342516e+00 5.5585240964e-01
151 1.2695312500e+00 7.5256720287e+00 5.5530971078e-01
151 1.2734375000e+00 7.4964298258e+00 5.5476948679e-01
151 1.2773437500e+00 7.4674032978e+00 5.5423168188e-01
151 1.2812500000e+00 7.4385908494e+00 5.5369629064e-01
151 1.2851562500e+00 7.4099902751e+00 5.5316329600e-01
151 1.2890625000e+00 7.3815998109e+00 5.5263268879e-01
151 1.2929687500e+00 7.3534157616e+00 5.5210442330e-01
151 1.2968750000e+00 7.3254364312e+00 5.5157849076e-01
151 1.3007812500e+00 7.2976596334e+00 5.5105487288e-01
151 1.3046875000e+00 7.2700837749e+00 5.5053356220e-01
151 1.3085937500e+00 7.2427062838e+00 5.5001453245e-01
151 1.3125000000e+00 7.2155244991e+00 5.4949775520e-01
151 1.3164062500e+00 7.1885364881e+00 5.4898321542e-01
151 1.3203125000e+00 7.1617398023e+00 5.4847088792e-01
151 1.3242187500e+00 7.1351339714e+00 5.4796078502e-01
151 1.3281250000e+00 7.1087146866e+00 5.4745284512e-01
151 1.3320312500e+00 7.0824829400e+00 5.4694710816e-01
151 1.3359375000e+00 7.0564330483e+00 5.4644348510e-01
151 1.3398437500e+00 7.0305652552e+00 5.4594200084e-01
151 1.3437500000e+00 7.0048780426e+00 5.4544264613e-01
151 1.3476562500e+00 6.9793675990e+00 5.4494536670e-01
151 1.3515625000e+00 6.9540341629e+00 5.4445018682e-01
151 1.3554687500e+00 6.9288755430e+00 5.4395708318e-01
151 1.3593750000e+00 6.9038882285e+00 5.4346600615e-01
151 1.3632812500e+00 6.8790717346e+00 5.4297696510e-01
151 1.3671875000e+00 6.8544248932e+00 5.4248995588e-01
151 1.3710937500e+00 6.8299446706e+00 5.4200493713e-01
151 1.3750000000e+00 6.8056295453e+00 5.4152189703e-01
151 1.3789062500e+00 6.7814780381e+00 5.4104082431e-01
151 1.3828125000e+00 6.7574899277e+00 5.4056173264e-01
151 1.3867187500e+00 6.7336617916e+00 5.4008457152e-01
151 1.3906250000e+00 6.7099919821e+00 5.3960932547e-01
151 1.3945312500e+00 6.6864791911e+00 5.3913598556e-01
151 1.3984375000e+00 6.6631226266e+00 5.3866455311e-01
151 1.4023437500e+00 6.6399196438e+00 5.3819499178e-01
151 1.4062500000e+00 6.6168700512e+00 5.3772731456e-01
151 1.4101562500e+00 6.5939695362e+00 5.3726145053e-01
151 1.4140625000e+00 6.5712206919e+00 5.3679746898e-01
151 1.4179687500e+00 6.5486182331e+00 5.3633527844e-01
151 1.4218750000e+00 6.5261637076e+00 5.3587492672e-01
151 1.4257812500e+00 6.5038544019e+00 5.3541637427e-01
151 1.4296875000e+00 6.4816875967e+00 5.3495958092e-01
151 1.4335937500e+00 6.4596636019e+00 5.3450456865e-01
151 1.4375000000e+00 6.4377807765e+00 5.3405131911e-01
151 1.4414062500e+00 6.4160370826e+00 5.3359980540e-01
151 1.4453125000e+00 6.3944319328e+00 5.3315003049e-01
151 1.4492187500e+00 6.3729643102e+00 5.3270198829e-01
151 1.4531250000e+00 6.3516312713e+00 5.3225563221e-01
151 1.4570312500e+00 6.3304323031e+00 5.3181096614e-01
151 1.4609375000e+00 6.3093671374e+00 5.3136799905e-01
151 1.4648437500e+00 6.2884337891e+00 5.3092670369e-01
151 1.4687500000e+00 6.2676307040e+00 5.3048706156e-01
151 1.4726562500e+00 6.2469566698e+00 5.3004906113e-01
151 1.4765625000e+00 6.2264112680e+00 5.2961270754e-01
151 1.4804687500e+00 6.2059929646e+00 5.2917798214e-01
151 1.4843750000e+00 6.1856989797e+00 5.2874483936e-01
151 1.4882812500e+00 6.1655308420e+00 5.2831332540e-01
151 1.4921875000e+00 6.1454842772e+00 5.2788336222e-01
151 1.4960937500e+00 6.1255624970e+00 5.2745503207e-01
151 1.5000000000e+00 6.1057602636e+00 5.2702823562e-01
151 1.5039062500e+00 6.0860782706e+00 5.2660300075e-01
151 1.5078125000e+00 6.0665153103e+00 5.2617931433e-01
151 1.5117187500e+00 6.0470692732e+00 5.2575714343e-01
151 1.5156250000e+00 6.0277411738e+00 5.2533652276e-01
151 1.5195312500e+00 6.0085284715e+00 5.2491740968e-01
151 1.5234375000e+00 5.9894294304e+00 5.2449977866e-01
151 1.5273437500e+00 5.9704446149e+00 5.2408365432e-01
151 1.5312500000e+00 5.9515727269e+00 5.2366902049e-01
151 1.5351562500e+00 5.9328122502e+00 5.2325585597e-01
151 1.5390625000e+00 5.9141620256e+00 5.2284414715e-01
151 1.5429687500e+00 5.8956222444e+00 5.2243391016e-01
151 1.5468750000e+00 5.8771903834e+00 5.2202510092e-01
151 1.5507812500e+00 5.8588656188e+00 5.2161771271e-01
151 1.5546875000e+00 5.8406477506e+00 5.2121175258e-01
151 1.5585937500e+00 5.8225364586e+00 5.2080722488e-01
151 1.5625000000e+00 5.8045299690e+00 5.2040410138e-01
151 1.5664062500e+00 5.7866258442e+00 5.2000233858e-01
151 1.5703125000e+00 5.7688264214e+00 5.1960200006e-01
151 1.5742187500e+00 5.7511281960e+00 5.1920301804e-01
151 1.5781250000e+00 5.7335323484e+00 5.1880543006e-01
151 1.5820312500e+00 5.7160354898e+00 5.1840917034e-01
151 1.5859375000e+00 5.6986384322e+00 5.1801426787e-01
151 1.5898437500e+00 5.6813411585e+00 5.1762073301e-01
151 1.5937500000e+00 5.6641403375e+00 5.1722850044e-01
151 1.5976562500e+00 5.6470372117e+00 5.1683760888e-01
151 1.6015625000e+00 5.6300296614e+00 5.1644802022e-01
151 1.6054687500e+00 5.6131172045e+00 5.1605973357e-01
151 1.6093750000e+00 5.5963001437e+00 5.1567276608e-01
151 1.6132812500e+00 5.5795768716e+00 5.1528709088e-01
151 1.6171875000e+00 5.5629458117e+00 5.1490268153e-01
151 1.6210937500e+00 5.5464069588e+00 5.1451954772e-01
151 1.6250000000e+00 5.5299601451e+00 5.1413769540e-01
151 1.6289062500e+00 5.5136038246e+00 5.1375709843e-01
151 1.6328125000e+00 5.4973368487e+00 5.1337773963e-01
151 1.6367187500e+00 5.4811595161e+00 5.1299963549e-01
151 1.6406250000e+00 5.4650701155e+00 5.1262275548e-01
151 1.6445312500e+00 5.4490684931e+00 5.1224710532e-01
151 1.6484375000e+00 5.4331530349e+00 5.1187265636e-01
151 1.6523437500e+00 5.4173260771e+00 5.1149947288e-01
151 1.6562500000e+00 5.4015827696e+00 5.1112744967e-01
151 1.6601562500e+00 5.3859251437e+00 5.1075664370e-01
151 1.6640625000e+00 5.3703505774e+00 5.1038700182e-01
151 1.6679687500e+00 5.3548600419e+00 5.1001855594e-01
151 1.6718750000e+00 5.3394527335e+00 5.0965129583e-01
151 1.6757812500e+00 5.3241267016e+00 5.0928518370e-01
151 1.6796875000e+00 5.3088828930e+00 5.0892025083e-01
151 1.6835937500e+00 5.2937199013e+00 5.0855647220e-01
151 1.6875000000e+00 5.2786367033e+00 5.0819383177e-01
151 1.6914062500e+00 5.2636333775e+00 5.0783233986e-01
151 1.6953125000e+00 5.2487085456e+00 5.0747197164e-01
151 1.6992187500e+00 5.2338617126e+00 5.0711272342e-01
151 1.7031250000e+00 5.2190930828e+00 5.0675460840e-01
151 1.7070312500e+00 5.2044020347e+00 5.0639761976e-01
151 1.7109375000e+00 5.1897865019e+00 5.0604171536e-01
151 1.7148437500e+00 5.1752464076e+00 5.0568690128e-01
151 1.7187500000e+00 5.1607821735e+00 5.0533319579e-01
151 1.7226562500e+00 5.1463924849e+00 5.0498057468e-01
151 1.7265625000e+00 5.1320772504e+00 5.0462904358e-01
151 1.7304687500e+00 5.1178346264e+00 5.0427856495e-01
151 1.7343750000e+00 5.1036666451e+00 5.0392919657e-01
151 1.7382812500e+00 5.0895690503e+00 5.0358084112e-01
151 1.7421875000e+00 5.0755444586e+00 5.0323357079e-01
151 1.7460937500e+00 5.0615909480e+00 5.0288734558e-01
151 1.7500000000e+00 5.0477079508e+00 5.0254215885e-01
151 1.7539062500e+00 5.0338953274e+00 5.0219801454e-01
151 1.7578125000e+00 5.0201512331e+00 5.0185487396e-01
151 1.7617187500e+00 5.0064775748e+00 5.0151279201e-01
151 1.7656250000e+00 4.9928726027e+00 5.0117173228e-01
151 1.7695312500e+00 4.9793349361e+00 5.0083166726e-01
151 1.7734375000e+00 4.9658654145e+00 5.0049262515e-01
151 1.7773437500e+00 4.9524624525e+00 5.0015457311e-01
151 1.7812500000e+00 4.9391260968e+00 4.9981751928e-01
151 1.7851562500e+00 4.9258559525e+00 4.9948146066e-01
151 1.7890625000e+00 4.9126513748e+00 4.9914638781e-01
151 1.7929687500e+00 4.8995116372e+00 4.9881228914e-01
151 1.7968750000e+00 4.8864364657e+00 4.9847916444e-01
151 1.8007812500e+00 4.8734262483e+00 4.9814703040e-01
151 1.8046875000e+00 4.8604787467e+00 4.9781583655e-01
151 1.8085937500e+00 4.8475946369e+00 4.9748560676e-01
151 1.8125000000e+00 4.8347727344e+00 4.9715631723e-01
151 1.8164062500e+00 4.8220143700e+00 4.9682800873e-01
151 1.8203125000e+00 4.8093165243e+00 4.9650061004e-01
151 1.8242187500e+00 4.7966807139e+00 4.9617416666e-01
151 1.8281250000e+00 4.7841056510e+00 4.9584865173e-01
151 1.8320312500e+00 4.7715905541e+00 4.9552405130e-01
151 1.8359375000e+00 4.7591360567e+00 4.9520038811e-01
151 1.8398437500e+00 4.7467407792e+00 4.9487763256e-01
151 1.8437500000e+00 4.7344054059e+00 4.9455580867e-01
151 1.8476562500e+00 4.7221284058e+00 4.9423488268e-01
151 1.8515625000e+00 4.7099090230e+00 4.9391484085e-01
151 1.8554687500e+00 4.6977482263e+00 4.9359571460e-01
151 1.8593750000e+00 4.6856450317e+00 4.9327748419e-01
151 1.8632812500e+00 4.6735983729e+00 4.9296012749e-01
151 1.8671875000e+00 4.6616086736e+00 4.9264366158e-01
151 1.8710937500e+00 4.6496748114e+00 4.9232806270e-01
151 1.8750000000e+00 4.6377970041e+00 4.9201334240e-01
151 1.8789062500e+00 4.6259747886e+00 4.9169949423e-01
151 1.8828125000e+00 4.6142080683e+00 4.9138652142e-01
151 1.8867187500e+00 4.6024952305e+00 4.9107438674e-01
151 1.8906250000e+00 4.5908374477e+00 4.9076312709e-01
151 1.8945312500e+00 4.5792331892e+00 4.9045270723e-01
151 1.8984375000e+00 4.5676830477e+00 4.9014314863e-01
151 1.9023437500e+00 4.5561846110e+00 4.8983439209e-01
151 1.9062500000e+00 4.5447403748e+00 4.8952651011e-01
151 1.9101562500e+00 4.5333482502e+00 4.8921945204e-01
151 1.9140625000e+00 4.5220080616e+00 4.8891321853e-01
151 1.9179687500e+00 4.5107199732e+00 4.8860781939e-01
151 1.9218750000e+00 4.4994828936e+00 4.8830323045e-01
151 1.9257812500e+00 4.4882969509e+00 4.8799946046e-01
151 1.9296875000e+00 4.4771615493e+00 4.8769649850e-01
151 1.9335937500e+00 4.4660762476e+00 4.8739433776e-01
151 1.9375000000e+00 4.4550418352e+00 4.8709300501e-01
151 1.9414062500e+00 4.4440566518e+00 4.8679246008e-01
151 1.9453125000e+00 4.4331200386e+00 4.8649268999e-01
151 1.9492187500e+00 4.4222329740e+00 4.8619372662e-01
151 1.9531250000e+00 4.4113948265e+00 4.8589555773e-01
151 1.9570312500e+00 4.4006047441e+00 4.8559816489e-01
151 1.9609375000e+00 4.3898625436e+00 4.8530154800e-01
151 1.9648437500e+00 4.3791681732e+00 4.8500571057e-01
151 1.9687500000e+00 4.3685207151e+00 4.8471063209e-01
151 1.9726562500e+00 4.3579210946e+00 4.8441634310e-01
151 1.9765625000e+00 4.3473674988e+00 4.8412279812e-01
151 1.9804687500e+00 4.3368609294e+00 4.8383002979e-01
151 1.9843750000e+00 4.3263994353e+00 4.8353798848e-01
151 1.9882812500e+00 4.3159849619e+00 4.8324673326e-01
151 1.9921875000e+00 4.3056155549e+00 4.8295621423e-01
151 1.9960937500e+00 4.2952908931e+00 4.8266642699e-01
151 2.0000000000e+00 4.2850119223e+00 4.8237740276e-01
151 2.0039062500e+00 4.2747770837e+00 4.8208910233e-01
151 2.0078125000e+00 4.2645869185e+00 4.8180154551e-01
151 2.0117187500e+00 4.2544404591e+00 4.8151470955e-01
151 2.0156250000e+00 4.2443374511e+00 4.8122859172e-01
151 2.0195312500e+00 4.2342782290e+00 4.8094320598e-01
151 2.0234375000e+00 4.2242619775e+00 4.8065853366e-01
151 2.0273437500e+00 4.2142886475e+00 4.8037457777e-01
151 2.0312500000e+00 4.2043585269e+00 4.8009135095e-01
151 2.0351562500e+00 4.1944704378e+00 4.7980882399e-01
151 2.0390625000e+00 4.1846239086e+00 4.7952698768e-01
151 2.0429687500e+00 4.1748193729e+00 4.7924585871e-01
151 2.0468750000e+00 4.1650568737e+00 4.7896544265e-01
151 2.0507812500e+00 4.1553350239e+00 4.7868570388e-01
151 2.0546875000e+00 4.1456549722e+00 4.7840667970e-01
151 2.0585937500e+00 4.1360147292e+00 4.7812831694e-01
151 2.0625000000e+00 4.1264156686e+00 4.7785065941e-01
151 2.0664062500e+00 4.1168562753e+00 4.7757366744e-01
151 2.0703125000e+00 4.1073377822e+00 4.7729738087e-01
151 2.0742187500e+00 4.0978582241e+00 4.7702174677e-01
151 2.0781250000e+00 4.0884176755e+00 4.7674677125e-01
151 2.0820312500e+00 4.0790175711e+00 4.7647250020e-01
151 2.0859375000e+00 4.0696558098e+00 4.7619887634e-01
151 2.0898437500e+00 4.0603327964e+00 4.7592591545e-01
151 2.0937500000e+00 4.0510482630e+00 4.7565361362e-01
151 2.0976562500e+00 4.0418020069e+00 4.7538196884e-01
151 2.1015625000e+00 4.0325940474e+00 4.7511098559e-01
151 2.1054687500e+00 4.0234234909e+00 4.7484064145e-01
151 2.1093750000e+00 4.0142902198e+00 4.7457093675e-01
151 2.1132812500e+00 4.0051950911e+00 4.7430190065e-01
151 2.1171875000e+00 3.9961366514e+00 4.7403349401e-01
151 2.1210937500e+00 3.9871149654e+00 4.7376572247e-01
151 2.1250000000e+00 3.9781299841e+00 4.7349858833e-01
151 2.1289062500e+00 3.9691815938e+00 4.7323209195e-01
151 2.1328125000e+00 3.9602684310e+00 4.7296619637e-01
151 2.1367187500e+00 3.9513920763e+00 4.7270095242e-01
151 2.1406250000e+00 3.9425511361e+00 4.7243632215e-01
151 2.1445312500e+00 3.9337466234e+00 4.7217233955e-01
151 2.1484375000e+00 3.9249766153e+00 4.7190895059e-01
151 2.1523437500e+00 3.9162420500e+00 4.7164618699e-01
151 2.1562500000e+00 3.9075417340e+00 4.7138401641e-01
151 2.1601562500e+00 3.8988762877e+00 4.7112246103e-01
151 2.1640625000e+00 3.8902460528e+00 4.7086153477e-01
151 2.1679687500e+00 3.8816492446e+00 4.7060118716e-01
151 2.1718750000e+00 3.8730865660e+00 4.7034144290e-01
151 2.1757812500e+00 3.8645579622e+00 4.7008230381e-01
151 2.1796875000e+00 3.8560628736e+00 4.6982375633e-01
151 2.1835937500e+00 3.8476014266e+00 4.6956580772e-01
151 2.1875000000e+00 3.8391728334e+00 4.6930843734e-01
151 2.1914062500e+00 3.8307773852e+00 4.6905165743e-01
151 2.1953125000e+00 3.8224151175e+00 4.6879547246e-01
151 2.1992187500e+00 3.8140852482e+00 4.6853986179e-01
151 2.2031250000e+00 3.8057877447e+00 4.6828482772e-01
151 2.2070312500e+00 3.7975228012e+00 4.6803037950e-01
151 2.2109375000e+00 3.7892900241e+00 4.6777650833e-01
151 2.2148437500e+00 3.7810883803e+00 4.6752318553e-01
151 2.2187500000e+00 3.7729194743e+00 4.6727046392e-01
151 2.2226562500e+00 3.7647811912e+00 4.6701828128e-01
151 2.2265625000e+00 3.7566747985e+00 4.6676668004e-01
151 2.2304687500e+00 3.7485991346e+00 4.6651562735e-01
151 2.2343750000e+00 3.7405549493e+00 4.6626514966e-01
151 2.2382812500e+00 3.7325413499e+00 4.6601522233e-01
151 2.2421875000e+00 3.7245580062e+00 4.6576583812e-01
151 2.2460937500e+00 3.7166056867e+00 4.6551702417e-01
151 2.2500000000e+00 3.7086827320e+00 4.6526873159e-01
151 2.2539062500e+00 3.7007903281e+00 4.6502100058e-01
151 2.2578125000e+00 3.6929284328e+00 4.6477383294e-01
151 2.2617187500e+00 3.6850957310e+00 4.6452719033e-01
151 2.2656250000e+00 3.6772926149e+00 4.6428108808e-01
151 2.2695312500e+00 3.6695186221e+00 4.6403551456e-01
151 2.2734375000e+00 3.6617741168e+00 4.6379048425e-01
151 2.2773437500e+00 3.6540589325e+00 4.6354599485e-01
151 2.2812500000e+00 3.6463720826e+00 4.6330201803e-01
151 2.2851562500e+00 3.6387141768e+00 4.6305857600e-01
151 2.2890625000e+00 3.6310849310e+00 4.6281566267e-01
151 2.2929687500e+00 3.6234842119e+00 4.6257327667e-01
151 2.2968750000e+00 3.6159110383e+00 4.6233138955e-01
151 2.3007812500e+00 3.6083671797e+00 4.6209006070e-01
151 2.3046875000e+00 3.6008503241e+00 4.6184921901e-01
151 2.3085937500e+00 3.5933615348e+00 4.6160890131e-01
151 2.3125000000e+00 3.5859002183e+00 4.6136909137e-01
151 2.3164062500e+00 3.5784666103e+00 4.6112979956e-01
151 2.3203125000e+00 3.5710600497e+00 4.6089100734e-01
151 2.3242187500e+00 3.5636804380e+00 4.6065271426e-01
151 2.3281250000e+00 3.5563284709e+00 4.6041494555e-01
151 2.3320312500e+00 3.5490027791e+00 4.6017765964e-01
151 2.3359375000e+00 3.5417040521e+00 4.5994088154e-01
151 2.3398437500e+00 3.5344319517e+00 4.5970460300e-01
151 2.3437500000e+00 3.5271857236e+00 4.5946880213e-01
151 2.3476562500e+00 3.5199662827e+00 4.5923351136e-01
151 2.3515625000e+00 3.5127729907e+00 4.5899871257e-01
151 2.3554687500e+00 3.5056054086e+00 4.5876439404e-01
151 2.3593750000e+00 3.4984638492e+00 4.5853056859e-01
151 2.3632812500e+00 3.4913474294e+00 4.5829720987e-01
151 2.3671875000e+00 3.4842570735e+00 4.5806435078e-01
151 2.3710937500e+00 3.4771921262e+00 4.5783197240e-01
151 2.3750000000e+00 3.4701525655e+00 4.5760007655e-01
151 2.3789062500e+00 3.4631375001e+00 4.5736863638e-01
151 2.3828125000e+00 3.4561483731e+00 4.5713770203e-01
151 2.3867187500e+00 3.4491832659e+00 4.5690721263e-01
151 2.3906250000e+00 3.4422430991e+00 4.5667720110e-01
151 2.3945312500e+00 3.4353275111e+00 4.5644765794e-01
151 2.3984375000e+00 3.4284365540e+00 4.5621858735e-01
151 2.4023437500e+00 3.4215696057e+00 4.5598997109e-01
151 2.4062500000e+00 3.4147269655e+00 4.5576182156e-01
151 2.4101562500e+00 3.4079087393e+00 4.5553414474e-01
151 2.4140625000e+00 3.4011139833e+00 4.5530691152e-01
151 2.4179687500e+00 3.3943431689e+00 4.5508014004e-01
151 2.4218750000e+00 3.3875962823e+00 4.5485383223e-01
151 2.4257812500e+00 3.3808724447e+00 4.5462796099e-01
151 2.4296875000e+00 3.3741723361e+00 4.5440255149e-01
151 2.4335937500e+00 3.3674955016e+00 4.5417759080e-01
151 2.4375000000e+00 3.3608415571e+00 4.5395306828e-01
151 2.4414062500e+00 3.3542109916e+00 4.5372900275e-01
151 2.4453125000e+00 3.3476032470e+00 4.5350537767e-01
151 2.4492187500e+00 3.3410185388e+00 4.5328220264e-01
151 2.4531250000e+00 3.3344561891e+00 4.5305945696e-01
151 2.4570312500e+00 3.3279163904e+00 4.5283714939e-01
151 2.4609375000e+00 3.3213989321e+00 4.5261527504e-01
151 2.4648437500e+00 3.3149047225e+00 4.5239386712e-01
151 2.4687500000e+00 3.3084317590e+00 4.5217285958e-01
151 2.4726562500e+00 3.3019811548e+00 4.5195229260e-01
151 2.4765625000e+00 3.2955525405e+00 4.5173215578e-01
151 2.4804687500e+00 3.2891457524e+00 4.5151244569e-01
151 2.4843750000e+00 3.2827605864e+00 4.5129315752e-01
151 2.4882812500e+00 3.2763971180e+00 4.5107429601e-01
151 2.4921875000e+00 3.2700556131e+00 4.5085587252e-01
151 2.4960937500e+00 3.2637349268e+00 4.5063784974e-01
151 2.5000000000e+00 3.2574357535e+00 4.5042025374e-01
151 2.5039062500e+00 3.2511578482e+00 4.5020307819e-01
151 2.5078125000e+00 3.2449007187e+00 4.4998630815e-01
151 2.5117187500e+00 3.2386649014e+00 4.4976996434e-01
151 2.5156250000e+00 3.2324498201e+00 4.4955402885e-01
151 2.5195312500e+00 3.2262553805e+00 4.4933850047e-01
151 2.5234375000e+00 3.2200820187e+00 4.4912339646e-01
151 2.5273437500e+00 3.2139288620e+00 4.4890868849e-01
151 2.5312500000e+00 3.2077961343e+00 4.4869438638e-01
151 2.5351562500e+00 3.2016836472e+00 4.4848048558e-01
151 2.5390625000e+00 3.1955916801e+00 4.4826699791e-01
151 2.5429687500e+00 3.1895195668e+00 4.4805390203e-01
151 2.5468750000e+00 3.1834678794e+00 4.4784122003e-01
151 2.5507812500e+00 3.1774353034e+00 4.4762890769e-01
151 2.5546875000e+00 3.1714231267e+00 4.4741701228e-01
151 2.5585937500e+00 3.1654308407e+00 4.4720551792e-01
151 2.5625000000e+00 3.1594579823e+00 4.4699441022e-01
151 2.5664062500e+00 3.1535045129e+00 4.4678368973e-01
151 2.5703125000e+00 3.1475705375e+00 4.4657336212e-01
151 2.5742187500e+00 3.1416560234e+00 4.4636342817e-01
151 2.5781250000e+00 3.1357604277e+00 4.4615387052e-01
151 2.5820312500e+00 3.1298843047e+00 4.4594471078e-01
151 2.5859375000e+00 3.1240272915e+00 4.4573593797e-01
151 2.5898437500e+00 3.1181887276e+00 4.4552753041e-01
151 2.5937500000e+00 3.1123692806e+00 4.4531951378e-01
151 2.5976562500e+00 3.1065686436e+00 4.4511187903e-01
151 2.6015625000e+00 3.1007863692e+00 4.4490461196e-01
151 2.6054687500e+00 3.0950231662e+00 4.4469773987e-01
151 2.6093750000e+00 3.0892782135e+00 4.4449123514e-01
151 2.6132812500e+00 3.0835516624e+00 4.4428510503e-01
151 2.6171875000e+00 3.0778432798e+00 4.4407934295e-01
151 2.6210937500e+00 3.0721532940e+00 4.4387395898e-01
151 2.6250000000e+00 3.0664810494e+00 4.4366893122e-01
151 2.6289062500e+00 3.0608272644e+00 4.4346428745e-01
151 2.6328125000e+00 3.0551908204e+00 4.4325998896e-01
151 2.6367187500e+00 3.0495729280e+00 4.4305608142e-01
151 2.6406250000e+00 3.0439726182e+00 4.4285253145e-01
151 2.6445312500e+00 3.0383896198e+00 4.4264933092e-01
151 2.6484375000e+00 3.0328242796e+00 4.4244649420e-01
151 2.6523437500e+00 3.0272767561e+00 4.4224402881e-01
151 2.6562500000e+00 3.0217465842e+00 4.4204191955e-01
151 2.6601562500e+00 3.0162332804e+00 4.4184015042e-01
151 2.6640625000e+00 3.0107375308e+00 4.4163874825e-01
151 2.6679687500e+00 3.0052591187e+00 4.4143770683e-01
151 2.6718750000e+00 2.9997975548e+00 4.4123700991e-01
151 2.6757812500e+00 2.9943532289e+00 4.4103667350e-01
151 2.6796875000e+00 2.9889256883e+00 4.4083668262e-01
151 2.6835937500e+00 2.9835148104e+00 4.4063703443e-01
151 2.6875000000e+00 2.9781208721e+00 4.4043774079e-01
151 2.6914062500e+00 2.9727434754e+00 4.4023878867e-01
151 2.6953125000e+00 2.9673827240e+00 4.4004018355e-01
151 2.6992187500e+00 2.9620385583e+00 4.3984192487e-01
151 2.7031250000e+00 2.9567108818e+00 4.3964401069e-01
151 2.7070312500e+00 2.9513991211e+00 4.3944642131e-01
151 2.7109375000e+00 2.9461041599e+00 4.3924919122e-01
151 2.7148437500e+00 2.9408250069e+00 4.3905228512e-01
151 2.7187500000e+00 2.9355622907e+00 4.3885572805e-01
151 2.7226562500e+00 2.9303155230e+00 4.3865950338e-01
151 2.7265625000e+00 2.9250845773e+00 4.3846360795e-01
151 2.7304687500e+00 2.9198697926e+00 4.3826805604e-01
151 2.7343750000e+00 2.9146706821e+00 4.3807283098e-01
151 2.7382812500e+00 2.9094872470e+00 4.3787793434e-01
151 2.7421875000e+00 2.9043192318e+00 4.3768335807e-01
151 2.7460937500e+00 2.8991672669e+00 4.3748912745e-01
151 2.7500000000e+00 2.8940307856e+00 4.3729522270e-01
151 2.7539062500e+00 2.8889093884e+00 4.3710163023e-01
151 2.7578125000e+00 2.8838036319e+00 4.3690837260e-01
151 2.7617187500e+00 2.8787131963e+00 4.3671543924e-01
151 2.7656250000e+00 2.8736378318e+00 4.3652282220e-01
151 2.7695312500e+00 2.8685779468e+00 4.3633053846e-01
151 2.7734375000e+00 2.8635328330e+00 4.3613856263e-01
151 2.7773437500e+00 2.8585027770e+00 4.3594690707e-01
151 2.7812500000e+00 2.8534875527e+00 4.3575556464e-01
151 2.7851562500e+00 2.8484875574e+00 4.3556455199e-01
151 2.7890625000e+00 2.8435020324e+00 4.3537384160e-01
151 2.7929687500e+00 2.8385317462e+00 4.3518346434e-01
151 2.7968750000e+00 2.8335756210e+00 4.3499338038e-01
151 2.8007812500e+00 2.8286342916e+00 4.3480361550e-01
151 2.8046875000e+00 2.8237075055e+00 4.3461416144e-01
151 2.8085937500e+00 2.8187949246e+00 4.3442500661e-01
151 2.8125000000e+00 2.8138971952e+00 4.3423617735e-01
151 2.8164062500e+00 2.8090136456e+00 4.3404764919e-01
151 2.8203125000e+00 2.8041443165e+00 4.3385942510e-01
151 2.8242187500e+00 2.7992891500e+00 4.3367150424e-01
151 2.8281250000e+00 2.7944483377e+00 4.3348389544e-01
151 2.8320312500e+00 2.7896215221e+00 4.3329658625e-01
151 2.8359375000e+00 2.7848083422e+00 4.3310956400e-01
151 2.8398437500e+00 2.7800096213e+00 4.3292286208e-01
151 2.8437500000e+00 2.7752248248e+00 4.3273646109e-01
151 2.8476562500e+00 2.7704534076e+00 4.3255034115e-01
151 2.8515625000e+00 2.7656960653e+00 4.3236453072e-01
151 2.8554687500e+00 2.7609522001e+00 4.3217900784e-01
151 2.8593750000e+00 2.7562221221e+00 4.3199378596e-01
151 2.8632812500e+00 2.7515054714e+00 4.3180885233e-01
151 2.8671875000e+00 2.7468026291e+00 4.3162422324e-01
151 2.8710937500e+00 2.7421129302e+00 4.3143987390e-01
151 2.8750000000e+00 2.7374369539e+00 4.3125582842e-01
151 2.8789062500e+00 2.7327740079e+00 4.3107206086e-01
151 2.8828125000e+00 2.7281245413e+00 4.3088859022e-01
151 2.8867187500e+00 2.7234882576e+00 4.3070540613e-01
151 2.8906250000e+00 2.7188649497e+00 4.3052250167e-01
151 2.8945312500e+00 2.7142548680e+00 4.3033988804e-01
151 2.8984375000e+00 2.7096577359e+00 4.3015755558e-01
151 2.9023437500e+00 2.7050736853e+00 4.2997551080e-01
151 2.9062500000e+00 2.7005026338e+00 4.2979375171e-01
151 2.9101562500e+00 2.6959443964e+00 4.2961227223e-01
151 2.9140625000e+00 2.6913988863e+00 4.2943107016e-01
151 2.9179687500e+00 2.6868659516e+00 4.2925014068e-01
151 2.9218750000e+00 2.6823461149e+00 4.2906950591e-01
151 2.9257812500e+00 2.6778387658e+00 4.2888914273e-01
151 2.9296875000e+00 2.6733438001e+00 4.2870904818e-01
151 2.9335937500e+00 2.6688616847e+00 4.2852924220e-01
151 2.9375000000e+00 2.6643919031e+00 4.2834970534e-01
151 2.9414062500e+00 2.6599345185e+00 4.2817044132e-01
151 2.9453125000e+00 2.6554894422e+00 4.2799144780e-01
151 2.9492187500e+00 2.6510568339e+00 4.2781273243e-01
151 2.9531250000e+00 2.6466362288e+00 4.2763427767e-01
151 2.9570312500e+00 2.6422281798e+00 4.2745610704e-01
151 2.9609375000e+00 2.6378320114e+00 4.2727819445e-01
151 2.9648437500e+00 2.6334480105e+00 4.2710055269e-01
151 2.9687500000e+00 2.6290761206e+00 4.2692318065e-01
151 2.9726562500e+00 2.6247160460e+00 4.2674606751e-01
151 2.9765625000e+00 2.6203681804e+00 4.2656923046e-01
151 2.9804687500e+00 2.6160319972e+00 4.2639264923e-01
151 2.9843750000e+00 2.6117077093e+00 4.2621633367e-01
151 2.9882812500e+00 2.6073952117e+00 4.2604028065e-01
151 2.9921875000e+00 2.6030944610e+00 4.2586448954e-01
151 2.9960937500e+00 2.5988054390e+00 4.2568896078e-01
151 3.0000000000e+00 2.5945279890e+00 4.2551368908e-01
151 3.0039062500e+00 2.5902622319e+00 4.2533868054e-01
151 3.0078125000e+00 2.5860078598e+00 4.2516392365e-01
151 3.0117187500e+00 2.5817647511e+00 4.2498941454e-01
151 3.0156250000e+00 2.5775335688e+00 4.2481518159e-01
151 3.0195312500e+00 2.5733135252e+00 4.2464119353e-01
151 3.0234375000e+00 2.5691048244e+00 4.2446745985e-01
151 3.0273437500e+00 2.5649074072e+00 4.2429397922e-01
151 3.0312500000e+00 2.5607215385e+00 4.2412076373e-01
151 3.0351562500e+00 2.5565464524e+00 4.2394778276e-01
151 3.0390625000e+00 2.5523827790e+00 4.2377506350e-01
151 3.0429687500e+00 2.5482299979e+00 4.2360258547e-01
151 3.0468750000e+00 2.5440883917e+00 4.2343036147e-01
151 3.0507812500e+00 2.5399578991e+00 4.2325839007e-01
151 3.0546875000e+00 2.5358381538e+00 4.2308665707e-01
151 3.0585937500e+00 2.5317294932e+00 4.2291517761e-01
151 3.0625000000e+00 2.5276316182e+00 4.2274394027e-01
151 3.0664062500e+00 2.5235445885e+00 4.2257294862e-01
151 3.0703125000e+00 2.5194683691e+00 4.2240220224e-01
151 3.0742187500e+00 2.5154028077e+00 4.2223169581e-01
151 3.0781250000e+00 2.5113480260e+00 4.2206143547e-01
151 3.0820312500e+00 2.5073037767e+00 4.2189141190e-01
151 3.0859375000e+00 2.5032702222e+00 4.2172163296e-01
151 3.0898437500e+00 2.4992471898e+00 4.2155209241e-01
151 3.0937500000e+00 2.4952345434e+00 4.2138278554e-01
151 3.0976562500e+00 2.4912327622e+00 4.2121373361e-01
151 3.1015625000e+00 2.4872410374e+00 4.2104490349e-01
151 3.1054687500e+00 2.4832597096e+00 4.2087631057e-01
151 3.1093750000e+00 2.4792888294e+00 4.2070795801e-01
151 3.1132812500e+00 2.4753284514e+00 4.2053984916e-01
151 3.1171875000e+00 2.4713779487e+00 4.2037195841e-01
151 3.1210937500e+00 2.4674378461e+00 4.2020430904e-01
151 3.1250000000e+00 2.4635078205e+00 4.2003688831e-01
151 3.1289062500e+00 2.4595880206e+00 4.1986970355e-01
151 3.1328125000e+00 2.4556782976e+00 4.1970274940e-01
151 3.1367187500e+00 2.4517785351e+00 4.1953602188e-01
151 3.1406250000e+00 2.4478889596e+00 4.1936953165e-01
151 3.1445312500e+00 2.4440093018e+00 4.1920326816e-01
151 3.1484375000e+00 2.4401395155e+00 4.1903723042e-01
151 3.1523437500e+00 2.4362795427e+00 4.1887141688e-01
151 3.1562500000e+00 2.4324293541e+00 4.1870582724e-01
151 3.1601562500e+00 2.4285890689e+00 4.1854046759e-01
151 3.1640625000e+00 2.4247586267e+00 4.1837533630e-01
151 3.1679687500e+00 2.4209378919e+00 4.1821042849e-01
151 3.1718750000e+00 2.4171268081e+00 4.1804574265e-01
151 3.1757812500e+00 2.4133252544e+00 4.1788127450e-01
151 3.1796875000e+00 2.4095335296e+00 4.1771703791e-01
151 3.1835937500e+00 2.4057511649e+00 4.1755301352e-01
151 3.1875000000e+00 2.4019783744e+00 4.1738921152e-01
151 3.1914062500e+00 2.3982152406e+00 4.1722563646e-01
151 3.1953125000e+00 2.3944615762e+00 4.1706228112e-01
151 3.1992187500e+00 2.3907170271e+00 4.1689913099e-01
151 3.2031250000e+00 2.3869821425e+00 4.1673621091e-01
151 3.2070312500e+00 2.3832564705e+00 4.1657350211e-01
151 3.2109375000e+00 2.3795401177e+00 4.1641101013e-01
151 3.2148437500e+00 2.3758330451e+00 4.1624873419e-01
151 3.2187500000e+00 2.3721350985e+00 4.1608666842e-01
151 3.2226562500e+00 2.3684465713e+00 4.1592482659e-01
151 3.2265625000e+00 2.3647670395e+00 4.1576319100e-01
151 3.2304687500e+00 2.3610966888e+00 4.1560177069e-01
151 3.2343750000e+00 2.3574353399e+00 4.1544055866e-01
151 3.2382812500e+00 2.3537830663e+00 4.1527955903e-01
151 3.2421875000e+00 2.3501398305e+00 4.1511877103e-01
151 3.2460937500e+00 2.3465055335e+00 4.1495819116e-01
151 3.2500000000e+00 2.3428802108e+00 4.1479782187e-01
151 3.2539062500e+00 2.3392638766e+00 4.1463766466e-01
151 3.2578125000e+00 2.3356563517e+00 4.1447771247e-01
151 3.2617187500e+00 2.3320577834e+00 4.1431797269e-01
151 3.2656250000e+00 2.3284676886e+00 4.1415842473e-01
151 3.2695312500e+00 2.3248865879e+00 4.1399909257e-01
151 3.2734375000e+00 2.3213141813e+00 4.1383996373e-01
151 3.2773437500e+00 2.3177505701e+00 4.1368104356e-01
151 3.2812500000e+00 2.3141954036e+00 4.1352231728e-01
151 3.2851562500e+00 2.3106492673e+00 4.1336381188e-01
151 3.2890625000e+00 2.3071114478e+00 4.1320549632e-01
151 3.2929687500e+00 2.3035821480e+00 4.1304738048e-01
151 3.2968750000e+00 2.3000615107e+00 4.1288947162e-01
151 3.3007812500e+00 2.2965493208e+00 4.1273176090e-01
151 3.3046875000e+00 2.2930456956e+00 4.1257425444e-01
151 3.3085937500e+00 2.2895503551e+00 4.1241694046e-01
151 3.3125000000e+00 2.2860634455e+00 4.1225982636e-01
151 3.3164062500e+00 2.2825849857e+00 4.1210291381e-01
151 3.3203125000e+00 2.2791147943e+00 4.1194619544e-01
151 3.3242187500e+00 2.2756529894e+00 4.1178967739e-01
151 3.3281250000e+00 2.2721993119e+00 4.1163334876e-01
151 3.3320312500e+00 2.2687539346e+00 4.1147721816e-01
151 3.3359375000e+00 2.2653168650e+00 4.1132128675e-01
151 3.3398437500e+00 2.2618879019e+00 4.1116554620e-01
151 3.3437500000e+00 2.2584672041e+00 4.1101000451e-01
151 3.3476562500e+00 2.2550544171e+00 4.1085464636e-01
151 3.3515625000e+00 2.2516498926e+00 4.1069948854e-01
151 3.3554687500e+00 2.2482533885e+00 4.1054452081e-01
151 3.3593750000e+00 2.2448648943e+00 4.1038974348e-01
151 3.3632812500e+00 2.2414842608e+00 4.1023515049e-01
151 3.3671875000e+00 2.2381118672e+00 4.1008075997e-01
151 3.3710937500e+00 2.2347472258e+00 4.0992655038e-01
151 3.3750000000e+00 2.2313904926e+00 4.0977252963e-01
151 3.3789062500e+00 2.2280417562e+00 4.0961870255e-01
151 3.3828125000e+00 2.2247006674e+00 4.0946505387e-01
151 3.3867187500e+00 2.2213674791e+00 4.0931159596e-01
151 3.3906250000e+00 2.2180420533e+00 4.0915832324e-01
151 3.3945312500e+00 2.2147245075e+00 4.0900524189e-01
151 3.3984375000e+00 2.2114146972e+00 4.0885234601e-01
151 3.4023437500e+00 2.2081124700e+00 4.0869962928e-01
151 3.4062500000e+00 2.2048179762e+00 4.0854709942e-01
151 3.4101562500e+00 2.2015311350e+00 4.0839475342e-01
151 3.4140625000e+00 2.1982519131e+00 4.0824259049e-01
151 3.4179687500e+00 2.1949802920e+00 4.0809061051e-01
151 3.4218750000e+00 2.1917161136e+00 4.0793880686e-01
151 3.4257812500e+00 2.1884596106e+00 4.0778719110e-01
151 3.4296875000e+00 2.1852104553e+00 4.0763574871e-01
151 3.4335937500e+00 2.1819689197e+00 4.0748449309e-01
151 3.4375000000e+00 2.1787347936e+00 4.0733341516e-01
151 3.4414062500e+00 2.1755081478e+00 4.0718251896e-01
151 3.4453125000e+00 2.1722887978e+00 4.0703179658e-01
151 3.4492187500e+00 2.1690769530e+00 4.0688125853e-01
151 3.4531250000e+00 2.1658722579e+00 4.0673088888e-01
151 3.4570312500e+00 2.1626749039e+00 4.0658069728e-01
151 3.4609375000e+00 2.1594850504e+00 4.0643069198e-01
151 3.4648437500e+00 2.1563022362e+00 4.0628085198e-01
151 3.4687500000e+00 2.1531267509e+00 4.0613119161e-01
151 3.4726562500e+00 2.1499584040e+00 4.0598170260e-01
151 3.4765625000e+00 2.1467972979e+00 4.0583239047e-01
151 3.4804687500e+00 2.1436433128e+00 4.0568325027e-01
151 3.4843750000e+00 2.1404964364e+00 4.0553428211e-01
151 3.4882812500e+00 2.1373567826e+00 4.0538549207e-01
151 3.4921875000e+00 2.1342241602e+00 4.0523687179e-01
151 3.4960937500e+00 2.1310985286e+00 4.0508842002e-01
151 3.5000000000e+00 2.1279799595e+00 4.0494014085e-01
151 3.5039062500e+00 2.1248682816e+00 4.0479202682e-01
151 3.5078125000e+00 2.1217638152e+00 4.0464409384e-01
151 3.5117187500e+00 2.1186661147e+00 4.0449632138e-01
151 3.5156250000e+00 2.1155754716e+00 4.0434872400e-01
151 3.5195312500e+00 2.1124916156e+00 4.0420128948e-01
151 3.5234375000e+00 2.1094147485e+00 4.0405402813e-01
151 3.5273437500e+00 2.1063446187e+00 4.0390692856e-01
151 3.5312500000e+00 2.1032814738e+00 4.0376000333e-01
151 3.5351562500e+00 2.1002249385e+00 4.0361323507e-01
151 3.5390625000e+00 2.0971752253e+00 4.0346663465e-01
151 3.5429687500e+00 2.0941324347e+00 4.0332020757e-01
151 3.5468750000e+00 2.0910961584e+00 4.0317393483e-01
151 3.5507812500e+00 2.0880667114e+00 4.0302783224e-01
151 3.5546875000e+00 2.0850440031e+00 4.0288189612e-01
151 3.5585937500e+00 2.0820279050e+00 4.0273612090e-01
151 3.5625000000e+00 2.0790184230e+00 4.0259050750e-01
151 3.5664062500e+00 2.0760154895e+00 4.0244505329e-01
151 3.5703125000e+00 2.0730192962e+00 4.0229976821e-01
151 3.5742187500e+00 2.0700295980e+00 4.0215464101e-01
151 3.5781250000e+00 2.0670463887e+00 4.0200967203e-01
151 3.5820312500e+00 2.0640698065e+00 4.0186486860e-01
151 3.5859375000e+00 2.0610996236e+00 4.0172022030e-01
151 3.5898437500e+00 2.0581360309e+00 4.0157573704e-01
151 3.5937500000e+00 2.0551787070e+00 4.0143140377e-01
151 3.5976562500e+00 2.0522279702e+00 4.0128723666e-01
151 3.6015625000e+00 2.0492836821e+00 4.0114322958e-01
151 3.6054687500e+00 2.0463457632e+00 4.0099937927e-01
151 3.6093750000e+00 2.0434141256e+00 4.0085568203e-01
151 3.6132812500e+00 2.0404888643e+00 4.0071214313e-01
151 3.6171875000e+00 2.0375698401e+00 4.0056875636e-01
151 3.6210937500e+00 2.0346571731e+00 4.0042552822e-01
151 3.6250000000e+00 2.0317508987e+00 4.0028246108e-01
151 3.6289062500e+00 2.0288506998e+00 4.0013953993e-01
151 3.6328125000e+00 2.0259568273e+00 3.9999677774e-01
151 3.6367187500e+00 2.0230692468e+00 3.9985417342e-01
151 3.6406250000e+00 2.0201877893e+00 3.9971171924e-01
151 3.6445312500e+00 2.0173124718e+00 3.9956941662e-01
151 3.6484375000e+00 2.0144433211e+00 3.9942726749e-01
151 3.6523437500e+00 2.0115803261e+00 3.9928527191e-01
151 3.6562500000e+00 2.0087234269e+00 3.9914342748e-01
151 3.6601562500e+00 2.0058725617e+00 3.9900173174e-01
151 3.6640625000e+00 2.0030278940e+00 3.9886019341e-01
151 3.6679687500e+00 2.0001891332e+00 3.9871879861e-01
151 3.6718750000e+00 1.9973565076e+00 3.9857755929e-01
151 3.6757812500e+00 1.9945297800e+00 3.9843646422e-01
151 3.6796875000e+00 1.9917091450e+00 3.9829552369e-01
151 3.6835937500e+00 1.9888943973e+00 3.9815472803e-01
151 3.6875000000e+00 1.9860856018e+00 3.9801408105e-01
151 3.6914062500e+00 1.9832827054e+00 3.9787358067e-01
151 3.6953125000e+00 1.9804858334e+00 3.9773323375e-01
151 3.6992187500e+00 1.9776947259e+00 3.9759302783e-01
151 3.7031250000e+00 1.9749095356e+00 3.9745297114e-01
151 3.7070312500e+00 1.9721302146e+00 3.9731306184e-01
151 3.7109375000e+00 1.9693565709e+00 3.9717329082e-01
151 3.7148437500e+00 1.9665889272e+00 3.9703367493e-01
151 3.7187500000e+00 1.9638270733e+00 3.9689420412e-01
151 3.7226562500e+00 1.9610708875e+00 3.9675487281e-01
151 3.7265625000e+00 1.9583204466e+00 3.9661568544e-01
151 3.7304687500e+00 1.9555757682e+00 3.9647664344e-01
151 3.7343750000e+00 1.9528367965e+00 3.9633774456e-01
151 3.7382812500e+00 1.9501034824e+00 3.9619898686e-01
151 3.7421875000e+00 1.9473758185e+00 3.9606037050e-01
151 3.7460937500e+00 1.9446539759e+00 3.9592190474e-01
151 3.7500000000e+00 1.9419376267e+00 3.9578357346e-01
151 3.7539062500e+00 1.9392269481e+00 3.9564538620e-01
151 3.7578125000e+00 1.9365217668e+00 3.9550733469e-01
151 3.7617187500e+00 1.9338223331e+00 3.9536943224e-01
151 3.7656250000e+00 1.9311283681e+00 3.9523166515e-01
151 3.7695312500e+00 1.9284399733e+00 3.9509403915e-01
151 3.7734375000e+00 1.9257570463e+00 3.9495654953e-01
151 3.7773437500e+00 1.9230797143e+00 3.9481920334e-01
151 3.7812500000e+00 1.9204077720e+00 3.9468199059e-01
151 3.7851562500e+00 1.9177413381e+00 3.9454491790e-01
151 3.7890625000e+00 1.9150804473e+00 3.9440798759e-01
151 3.7929687500e+00 1.9124248835e+00 3.9427118908e-01
151 3.7968750000e+00 1.9097748138e+00 3.9413453149e-01
151 3.8007812500e+00 1.9071300878e+00 3.9399800759e-01
151 3.8046875000e+00 1.9044906905e+00 3.9386161713e-01
151 3.8085937500e+00 1.9018568035e+00 3.9372537002e-01
151 3.8125000000e+00 1.8992282407e+00 3.9358925715e-01
151 3.8164062500e+00 1.8966049921e+00 3.9345327854e-01
151 3.8203125000e+00 1.8939870117e+00 3.9331743231e-01
151 3.8242187500e+00 1.8913743094e+00 3.9318171947e-01
151 3.8281250000e+00 1.8887669756e+00 3.9304614525e-01
151 3.8320312500e+00 1.8861647996e+00 3.9291069921e-01
151 3.8359375000e+00 1.8835679575e+00 3.9277539101e-01
151 3.8398437500e+00 1.8809762992e+00 3.9264021335e-01
151 3.8437500000e+00 1.8783899272e+00 3.9250517207e-01
151 3.8476562500e+00 1.8758086742e+00 3.9237025897e-01
151 3.8515625000e+00 1.8732325927e+00 3.9223547727e-01
151 3.8554687500e+00 1.8706617168e+00 3.9210082926e-01
151 3.8593750000e+00 1.8680960132e+00 3.9196631372e-01
151 3.8632812500e+00 1.8655353906e+00 3.9183192634e-01
151 3.8671875000e+00 1.8629799123e+00 3.9169767094e-01
151 3.8710937500e+00 1.8604295821e+00 3.9156354823e-01
151 3.8750000000e+00 1.8578841714e+00 3.9142954668e-01
151 3.8789062500e+00 1.8553439881e+00 3.9129568298e-01
151 3.8828125000e+00 1.8528088098e+00 3.9116194591e-01
151 3.8867187500e+00 1.8502786273e+00 3.9102833548e-01
151 3.8906250000e+00 1.8477535299e+00 3.9089485689e-01
151 3.8945312500e+00 1.8452334059e+00 3.9076150472e-01
151 3.8984375000e+00 1.8427182069e+00 3.9062827690e-01
151 3.9023437500e+00 1.8402080863e+00 3.9049518203e-01
151 3.9062500000e+00 1.8377029013e+00 3.9036221303e-01
151 3.9101562500e+00 1.8352026822e+00 3.9022937200e-01
151 3.9140625000e+00 1.8327072539e+00 3.9009665010e-01
151 3.9179687500e+00 1.8302168190e+00 3.8996405858e-01
151 3.9218750000e+00 1.8277312683e+00 3.8983159211e-01
151 3.9257812500e+00 1.8252506789e+00 3.8969925527e-01
151 3.9296875000e+00 1.8227748451e+00 3.8956703758e-01
151 3.9335937500e+00 1.8203039391e+00 3.8943494869e-01
151 3.9375000000e+00 1.8178378230e+00 3.8930298170e-01
151 3.9414062500e+00 1.8153765552e+00 3.8917114022e-01
151 3.9453125000e+00 1.8129200358e+00 3.8903941934e-01
151 3.9492187500e+00 1.8104683761e+00 3.8890782551e-01
151 3.9531250000e+00 1.8080215247e+00 3.8877635645e-01
151 3.9570312500e+00 1.8055792882e+00 3.8864500222e-01
151 3.9609375000e+00 1.8031419350e+00 3.8851377771e-01
151 3.9648437500e+00 1.8007092643e+00 3.8838267258e-01
151 3.9687500000e+00 1.7982812899e+00 3.8825168802e-01
151 3.9726562500e+00 1.7958580857e+00 3.8812082851e-01
151 3.9765625000e+00 1.7934395122e+00 3.8799008694e-01
151 3.9804687500e+00 1.7910256230e+00 3.8785946668e-01
151 3.9843750000e+00 1.7886164321e+00 3.8772896893e-01
151 3.9882812500e+00 1.7862118308e+00 3.8759858827e-01
151 3.9921875000e+00 1.7838118864e+00 3.8746832878e-01
151 3.9960937500e+00 1.7814164972e+00 3.8733818541e-01
151 4.0000000000e+00 1.7790258490e+00 3.8720816869e-01
151 4.0039062500e+00 1.7766396796e+00 3.8707826482e-01
151 4.0078125000e+00 1.7742581352e+00 3.8694848220e-01
151 4.0117187500e+00 1.7718811148e+00 3.8681881577e-01
151 4.0156250000e+00 1.7695087355e+00 3.8668927236e-01
151 4.0195312500e+00 1.7671408349e+00 3.8655984355e-01
151 4.0234375000e+00 1.7647774749e+00 3.8643053318e-01
151 4.0273437500e+00 1.7624185986e+00 3.8630133855e-01
151 4.0312500000e+00 1.7600641984e+00 3.8617225969e-01
151 4.0351562500e+00 1.7577143328e+00 3.8604330024e-01
151 4.0390625000e+00 1.7553688577e+00 3.8591445274e-01
151 4.0429687500e+00 1.7530279469e+00 3.8578572718e-01
151 4.0468750000e+00 1.7506914489e+00 3.8565711564e-01
151 4.0507812500e+00 1.7483592806e+00 3.8552861399e-01
151 4.0546875000e+00 1.7460316397e+00 3.8540023355e-01
151 4.0585937500e+00 1.7437083416e+00 3.8527196458e-01
151 4.0625000000e+00 1.7413894264e+00 3.8514380970e-01
151 4.0664062500e+00 1.7390749507e+00 3.8501577248e-01
151 4.0703125000e+00 1.7367647648e+00 3.8488784507e-01
151 4.0742187500e+00 1.7344590118e+00 3.8476003581e-01
151 4.0781250000e+00 1.7321575303e+00 3.8463233618e-01
151 4.0820312500e+00 1.7298604457e+00 3.8450475357e-01
151 4.0859375000e+00 1.7275675797e+00 3.8437727849e-01
151 4.0898437500e+00 1.7252790602e+00 3.8424991846e-01
151 4.0937500000e+00 1.7229948473e+00 3.8412267169e-01
151 4.0976562500e+00 1.7207149214e+00 3.8399553751e-01
151 4.1015625000e+00 1.7184392087e+00 3.8386851222e-01
151 4.1054687500e+00 1.7161677305e+00 3.8374159742e-01
151 4.1093750000e+00 1.7139005413e+00 3.8361479656e-01
151 4.1132812500e+00 1.7116375582e+00 3.8348810543e-01
151 4.1171875000e+00 1.7093788041e+00 3.8336152573e-01
151 4.1210937500e+00 1.7071241836e+00 3.8323505250e-01
151 4.1250000000e+00 1.7048738688e+00 3.8310869583e-01
151 4.1289062500e+00 1.7026276910e+00 3.8298244665e-01
151 4.1328125000e+00 1.7003856336e+00 3.8285630442e-01
151 4.1367187500e+00 1.6981478082e+00 3.8273027585e-01
151 4.1406250000e+00 1.6959140697e+00 3.8260435316e-01
151 4.1445312500e+00 1.6936844083e+00 3.8247853618e-01
151 4.1484375000e+00 1.6914589464e+00 3.8235283225e-01
151 4.1523437500e+00 1.6892375026e+00 3.8222723152e-01
151 4.1562500000e+00 1.6870202614e+00 3.8210174481e-01
151 4.1601562500e+00 1.6848070201e+00 3.8197636105e-01
151 4.1640625000e+00 1.6825979040e+00 3.8185108775e-01
151 4.1679687500e+00 1.6803927972e+00 3.8172591872e-01
151 4.1718750000e+00 1.6781918105e+00 3.8160086066e-01
151 4.1757812500e+00 1.6759948161e+00 3.8147590670e-01
151 4.1796875000e+00 1.6738018501e+00 3.8135105929e-01
151 4.1835937500e+00 1.6716128607e+00 3.8122631586e-01
151 4.1875000000e+00 1.6694279332e+00 3.8110168167e-01
151 4.1914062500e+00 1.6672469879e+00 3.8097715257e-01
151 4.1953125000e+00 1.6650699883e+00 3.8085272687e-01
151 4.1992187500e+00 1.6628969698e+00 3.8072840696e-01
151 4.2031250000e+00 1.6607278978e+00 3.8060419127e-01
151 4.2070312500e+00 1.6585628175e+00 3.8048008277e-01
151 4.2109375000e+00 1.6564016334e+00 3.8035607637e-01
151 4.2148437500e+00 1.6542443315e+00 3.8023217165e-01
151 4.2187500000e+00 1.6520910333e+00 3.8010837597e-01
151 4.2226562500e+00 1.6499415797e+00 3.7998468057e-01
151 4.2265625000e+00 1.6477959937e+00 3.7986108715e-01
151 4.2304687500e+00 1.6456543687e+00 3.7973760147e-01
151 4.2343750000e+00 1.6435165366e+00 3.7961421423e-01
151 4.2382812500e+00 1.6413826027e+00 3.7949093187e-01
151 4.2421875000e+00 1.6392524969e+00 3.7936775073e-01
151 4.2460937500e+00 1.6371262753e+00 3.7924467443e-01
151 4.2500000000e+00 1.6350038373e+00 3.7912169752e-01
151 4.2539062500e+00 1.6328852402e+00 3.7899882369e-01
151 4.2578125000e+00 1.6307704103e+00 3.7887604905e-01
151 4.2617187500e+00 1.6286593839e+00 3.7875337606e-01
151 4.2656250000e+00 1.6265521293e+00 3.7863080327e-01
151 4.2695312500e+00 1.6244486848e+00 3.7850833326e-01
151 4.2734375000e+00 1.6223490240e+00 3.7838596488e-01
151 4.2773437500e+00 1.6202530768e+00 3.7826369441e-01
151 4.2812500000e+00 1.6181609005e+00 3.7814152556e-01
151 4.2851562500e+00 1.6160724307e+00 3.7801945493e-01
151 4.2890625000e+00 1.6139877117e+00 3.7789748548e-01
151 4.2929687500e+00 1.6119066537e+00 3.7777561232e-01
151 4.2968750000e+00 1.6098292832e+00 3.7765383736e-01
151 4.3007812500e+00 1.6077557218e+00 3.7753216810e-01
151 4.3046875000e+00 1.6056857799e+00 3.7741059378e-01
151 4.3085937500e+00 1.6036194637e+00 3.7728911512e-01
151 4.3125000000e+00 1.6015568797e+00 3.7716773874e-01
151 4.3164062500e+00 1.5994978663e+00 3.7704645549e-01
151 4.3203125000e+00 1.5974425724e+00 3.7692527449e-01
151 4.3242187500e+00 1.5953908771e+00 3.7680418898e-01
151 4.3281250000e+00 1.5933428544e+00 3.7668320370e-01
151 4.3320312500e+00 1.5912983847e+00 3.7656231191e-01
151 4.3359375000e+00 1.5892575519e+00 3.7644151895e-01
151 4.3398437500e+00 1.5872203043e+00 3.7632082210e-01
151 4.3437500000e+00 1.5851866249e+00 3.7620022071e-01
151 4.3476562500e+00 1.5831565273e+00 3.7607971594e-01
151 4.3515625000e+00 1.5811300057e+00 3.7595930779e-01
151 4.3554687500e+00 1.5791070264e+00 3.7583899462e-01
151 4.3593750000e+00 1.5770875868e+00 3.7571877661e-01
151 4.3632812500e+00 1.5750717296e+00 3.7559865666e-01
151 4.3671875000e+00 1.5730593457e+00 3.7547862862e-01
151 4.3710937500e+00 1.5710505023e+00 3.7535869684e-01
151 4.3750000000e+00 1.5690451523e+00 3.7523885885e-01
151 4.3789062500e+00 1.5670433035e+00 3.7511911546e-01
151 4.3828125000e+00 1.5650449945e+00 3.7499946933e-01
151 4.3867187500e+00 1.5630501250e+00 3.7487991481e-01
151 4.3906250000e+00 1.5610586982e+00 3.7476045242e-01
151 4.3945312500e+00 1.5590708437e+00 3.7464109027e-01
151 4.3984375000e+00 1.5570863348e+00 3.7452181510e-01
151 4.4023437500e+00 1.5551052948e+00 3.7440263466e-01
151 4.4062500000e+00 1.5531276689e+00 3.7428354599e-01
151 4.4101562500e+00 1.5511535147e+00 3.7416455289e-01
151 4.4140625000e+00 1.5491827348e+00 3.7404564984e-01
151 4.4179687500e+00 1.5472154335e+00 3.7392684346e-01
151 4.4218750000e+00 1.5452514918e+00 3.7380812690e-01
151 4.4257812500e+00 1.5432909349e+00 3.7368950203e-01
151 4.4296875000e+00 1.5413337452e+00 3.7357096810e-01
151 4.4335937500e+00 1.5393799691e+00 3.7345252827e-01
151 4.4375000000e+00 1.5374295368e+00 3.7333417864e-01
151 4.4414062500e+00 1.5354824413e+00 3.7321591911e-01
151 4.4453125000e+00 1.5335387338e+00 3.7309775312e-01
151 4.4492187500e+00 1.5315983081e+00 3.7297967455e-01
151 4.4531250000e+00 1.5296612476e+00 3.7286168880e-01
151 4.4570312500e+00 1.5277275031e+00 3.7274379321e-01
151 4.4609375000e+00 1.5257970542e+00 3.7262598685e-01
151 4.4648437500e+00 1.5238699507e+00 3.7250827309e-01
151 4.4687500000e+00 1.5219460858e+00 3.7239064574e-01
151 4.4726562500e+00 1.5200255161e+00 3.7227310858e-01
151 4.4765625000e+00 1.5181082917e+00 3.7215566500e-01
151 4.4804687500e+00 1.5161942703e+00 3.7203830662e-01
151 4.4843750000e+00 1.5142835502e+00 3.7192103978e-01
151 4.4882812500e+00 1.5123760694e+00 3.7180386100e-01
151 4.4921875000e+00 1.5104718565e+00 3.7168677236e-01
151 4.4960937500e+00 1.5085708210e+00 3.7156976861e-01
151 4.5000000000e+00 1.5066730585e+00 3.7145285595e-01
151 4.5039062500e+00 1.5047785057e+00 3.7133603082e-01
151 4.5078125000e+00 1.5028871699e+00 3.7121929397e-01
151 4.5117187500e+00 1.5009990451e+00 3.7110264536e-01
151 4.5156250000e+00 1.4991141119e+00 3.7098608410e-01
151 4.5195312500e+00 1.4972323577e+00 3.7086960973e-01
151 4.5234375000e+00 1.4953537449e+00 3.7075322024e-01
151 4.5273437500e+00 1.4934783690e+00 3.7063692186e-01
151 4.5312500000e+00 1.4916061059e+00 3.7052070720e-01
151 4.5351562500e+00 1.4897370436e+00 3.7040458205e-01
151 4.5390625000e+00 1.4878711307e+00 3.7028854353e-01
151 4.5429687500e+00 1.4860083089e+00 3.7017258831e-01
151 4.5468750000e+00 1.4841486755e+00 3.7005672278e-01
151 4.5507812500e+00 1.4822921450e+00 3.6994094191e-01
151 4.5546875000e+00 1.4804387198e+00 3.6982524616e-01
151 4.5585937500e+00 1.4785884475e+00 3.6970963881e-01
151 4.5625000000e+00 1.4767411931e+00 3.6959411175e-01
151 4.5664062500e+00 1.4748970875e+00 3.6947867345e-01
151 4.5703125000e+00 1.4730560584e+00 3.6936331970e-01
151 4.5742187500e+00 1.4712181272e+00 3.6924805215e-01
151 4.5781250000e+00 1.4693832190e+00 3.6913286641e-01
151 4.5820312500e+00 1.4675514178e+00 3.6901776806e-01
151 4.5859375000e+00 1.4657226525e+00 3.6890275293e-01
151 4.5898437500e+00 1.4638969213e+00 3.6878782120e-01
151 4.5937500000e+00 1.4620742508e+00 3.6867297487e-01
151 4.5976562500e+00 1.4602546125e+00 3.6855821244e-01
151 4.6015625000e+00 1.4584380002e+00 3.6844353382e-01
151 4.6054687500e+00 1.4566243953e+00 3.6832893813e-01
151 4.6093750000e+00 1.4548138319e+00 3.6821442784e-01
151 4.6132812500e+00 1.4530062157e+00 3.6809999727e-01
151 4.6171875000e+00 1.4512016257e+00 3.6798565171e-01
151 4.6210937500e+00 1.4494000416e+00 3.6787139020e-01
151 4.6250000000e+00 1.4476014055e+00 3.6775720936e-01
151 4.6289062500e+00 1.4458057775e+00 3.6764311328e-01
151 4.6328125000e+00 1.4440131046e+00 3.6752909892e-01
151 4.6367187500e+00 1.4422233575e+00 3.6741516469e-01
151 4.6406250000e+00 1.4404366161e+00 3.6730131598e-01
151 4.6445312500e+00 1.4386527651e+00 3.6718754573e-01
151 4.6484375000e+00 1.4368719039e+00 3.6707386058e-01
151 4.6523437500e+00 1.4350939428e+00 3.6696025510e-01
151 4.6562500000e+00 1.4333188996e+00 3.6684673071e-01
151 4.6601562500e+00 1.4315467624e+00 3.6673328695e-01
151 4.6640625000e+00 1.4297776038e+00 3.6661992875e-01
151 4.6679687500e+00 1.4280113030e+00 3.6650664867e-01
151 4.6718750000e+00 1.4262478675e+00 3.6639344747e-01
151 4.6757812500e+00 1.4244873439e+00 3.6628032844e-01
151 4.6796875000e+00 1.4227297085e+00 3.6616729034e-01
151 4.6835937500e+00 1.4209749377e+00 3.6605433194e-01
151 4.6875000000e+00 1.4192230338e+00 3.6594145368e-01
151 4.6914062500e+00 1.4174740219e+00 3.6582865746e-01
151 4.6953125000e+00 1.4157278368e+00 3.6571593938e-01
151 4.6992187500e+00 1.4139845131e+00 3.6560330193e-01
151 4.7031250000e+00 1.4122440385e+00 3.6549074461e-01
151 4.7070312500e+00 1.4105063553e+00 3.6537826398e-01
151 4.7109375000e+00 1.4087715343e+00 3.6526586491e-01
151 4.7148437500e+00 1.4070395333e+00 3.6515354494e-01
151 4.7187500000e+00 1.4053103230e+00 3.6504130245e-01
151 4.7226562500e+00 1.4035839481e+00 3.6492914062e-01
151 4.7265625000e+00 1.4018603207e+00 3.6481705403e-01
151 4.7304687500e+00 1.4001395485e+00 3.6470504997e-01
151 4.7343750000e+00 1.3984215281e+00 3.6459312198e-01
151 4.7382812500e+00 1.3967063083e+00 3.6448127352e-01
151 4.7421875000e+00 1.3949938586e+00 3.6436950288e-01
151 4.7460937500e+00 1.3932841981e+00 3.6425781159e-01
151 4.7500000000e+00 1.3915772603e+00 3.6414619558e-01
151 4.7539062500e+00 1.3898730603e+00 3.6403465611e-01
151 4.7578125000e+00 1.3881716557e+00 3.6392319724e-01
151 4.7617187500e+00 1.3864729730e+00 3.6381181441e-01
151 4.7656250000e+00 1.3847770245e+00 3.6370050872e-01
151 4.7695312500e+00 1.3830838045e+00 3.6358928006e-01
151 4.7734375000e+00 1.3813933323e+00 3.6347812999e-01
151 4.7773437500e+00 1.3797055433e+00 3.6336705451e-01
151 4.7812500000e+00 1.3780204745e+00 3.6325605635e-01
151 4.7851562500e+00 1.3763381153e+00 3.6314513508e-01
151 4.7890625000e+00 1.3746584285e+00 3.6303428851e-01
151 4.7929687500e+00 1.3729814643e+00 3.6292352023e-01
151 4.7968750000e+00 1.3713071870e+00 3.6281282815e-01
151 4.8007812500e+00 1.3696355449e+00 3.6270220913e-01
151 4.8046875000e+00 1.3679666370e+00 3.6259166998e-01
151 4.8085937500e+00 1.3663003464e+00 3.6248120324e-01
151 4.8125000000e+00 1.3646367547e+00 3.6237081458e-01
151 4.8164062500e+00 1.3629757851e+00 3.6226049917e-01
151 4.8203125000e+00 1.3613174687e+00 3.6215025936e-01
151 4.8242187500e+00 1.3596618027e+00 3.6204009521e-01
151 4.8281250000e+00 1.3580087756e+00 3.6193000623e-01
151 4.8320312500e+00 1.3563583642e+00 3.6181999114e-01
151 4.8359375000e+00 1.3547105803e+00 3.6171005099e-01
151 4.8398437500e+00 1.3530654355e+00 3.6160018682e-01
151 4.8437500000e+00 1.3514228718e+00 3.6149039503e-01
151 4.8476562500e+00 1.3497829191e+00 3.6138067787e-01
151 4.8515625000e+00 1.3481455830e+00 3.6127103598e-01
151 4.8554687500e+00 1.3465108575e+00 3.6116146924e-01
151 4.8593750000e+00 1.3448786868e+00 3.6105197415e-01
151 4.8632812500e+00 1.3432491140e+00 3.6094255387e-01
151 4.8671875000e+00 1.3416221133e+00 3.6083320693e-01
151 4.8710937500e+00 1.3399976751e+00 3.6072393295e-01
151 4.8750000000e+00 1.3383758128e+00 3.6061473308e-01
151 4.8789062500e+00 1.3367565014e+00 3.6050560590e-01
151 4.8828125000e+00 1.3351397245e+00 3.6039655057e-01
151 4.8867187500e+00 1.3335255527e+00 3.6028757211e-01
151 4.8906250000e+00 1.3319138720e+00 3.6017866309e-01
151 4.8945312500e+00 1.3303047554e+00 3.6006982868e-01
151 4.8984375000e+00 1.3286981477e+00 3.5996106542e-01
151 4.9023437500e+00 1.3270940751e+00 3.5985237533e-01
151 4.9062500000e+00 1.3254925245e+00 3.5974375779e-01
151 4.9101562500e+00 1.3238934849e+00 3.5963521230e-01
151 4.9140625000e+00 1.3222969356e+00 3.5952673771e-01
151 4.9179687500e+00 1.3207029051e+00 3.5941833622e-01
151 4.9218750000e+00 1.3191113882e+00 3.5931000773e-01
151 4.9257812500e+00 1.3175223388e+00 3.5920174934e-01
151 4.9296875000e+00 1.3159357707e+00 3.5909356227e-01
151 4.9335937500e+00 1.3143516954e+00 3.5898544753e-01
151 4.9375000000e+00 1.3127701009e+00 3.5887740457e-01
151 4.9414062500e+00 1.3111909432e+00 3.5876943063e-01
151 4.9453125000e+00 1.3096142860e+00 3.5866153032e-01
151 4.9492187500e+00 1.3080400981e+00 3.5855370175e-01
151 4.9531250000e+00 1.3064683349e+00 3.5844594213e-01
151 4.9570312500e+00 1.3048990199e+00 3.5833825330e-01
151 4.9609375000e+00 1.3033321449e+00 3.5823063497e-01
151 4.9648437500e+00 1.3017676984e+00 3.5812308657e-01
151 4.9687500000e+00 1.3002057245e+00 3.5801561141e-01
151 4.9726562500e+00 1.2986461314e+00 3.5790820340e-01
151 4.9765625000e+00 1.2970889846e+00 3.5780086732e-01
151 4.9804687500e+00 1.2955342424e+00 3.5769360052e-01
151 4.9843750000e+00 1.2939819067e+00 3.5758640339e-01
151 4.9882812500e+00 1.2924319691e+00 3.5747927559e-01
151 4.9921875000e+00 1.2908844422e+00 3.5737221824e-01
151 4.9960937500e+00 1.2893393050e+00 3.5726523013e-01
151 5.0000000000e+00 1.2877965829e+00 3.5715831327e-01
