101 1.0000000000e+00 1.0256736933e+01 6.0000000000e-01
101 1.0039062500e+00 1.0203586336e+01 5.9922118219e-01
101 1.0078125000e+00 1.0150970180e+01 5.9844719286e-01
101 1.0117187500e+00 1.0098880326e+01 5.9767797590e-01
101 1.0156250000e+00 1.0047308894e+01 5.9691347750e-01
101 1.0195312500e+00 9.9962481484e+00 5.9615364455e-01
101 1.0234375000e+00 9.9456904818e+00 5.9539842443e-01
101 1.0273437500e+00 9.8956284883e+00 5.9464776613e-01
101 1.0312500000e+00 9.8460548939e+00 5.9390161925e-01
101 1.0351562500e+00 9.7969625228e+00 5.9315993356e-01
101 1.0390625000e+00 9.7483443741e+00 5.9242266012e-01
101 1.0429687500e+00 9.7001935954e+00 5.9168975100e-01
101 1.0468750000e+00 9.6525032136e+00 5.9096115512e-01
101 1.0507812500e+00 9.6052670373e+00 5.9023683215e-01
101 1.0546875000e+00 9.5584781624e+00 5.8951672963e-01
101 1.0585937500e+00 9.5121304660e+00 5.8880080592e-01
101 1.0625000000e+00 9.4662176998e+00 5.8808901628e-01
101 1.0664062500e+00 9.4207335805e+00 5.8738131432e-01
101 1.0703125000e+00 9.3756720804e+00 5.8667765647e-01
101 1.0742187500e+00 9.3310273667e+00 5.8597800113e-01
101 1.0781250000e+00 9.2867939204e+00 5.8528231055e-01
101 1.0820312500e+00 9.2429648504e+00 5.8459052431e-01
101 1.0859375000e+00 9.1995371278e+00 5.8390264198e-01
101 1.0898437500e+00 9.1565022164e+00 5.8321857496e-01
101 1.0937500000e+00 9.1138561556e+00 5.8253830610e-01
101 1.0976562500e+00 9.0715945364e+00 5.8186181040e-01
101 1.1015625000e+00 9.0297108519e+00 5.8118902831e-01
101 1.1054687500e+00 8.9882000618e+00 5.8051992277e-01
101 1.1093750000e+00 8.9470574228e+00 5.7985446058e-01
101 1.1132812500e+00 8.9062780972e+00 5.7919260618e-01
101 1.1171875000e+00 8.8658575045e+00 5.7853432732e-01
101 1.1210937500e+00 8.8257908104e+00 5.7787958679e-01
101 1.1250000000e+00 8.7860730059e+00 5.7722834362e-01
101 1.1289062500e+00 8.7466993313e+00 5.7658056004e-01
101 1.1328125000e+00 8.7076656171e+00 5.7593620718e-01
101 1.1367187500e+00 8.6689674243e+00 5.7529525093e-01
101 1.1406250000e+00 8.6306002320e+00 5.7465765505e-01
101 1.1445312500e+00 8.5925600323e+00 5.7402339104e-01
101 1.1484375000e+00 8.5548423190e+00 5.7339242133e-01
101 1.1523437500e+00 8.5174432724e+00 5.7276471907e-01
101 1.1562500000e+00 8.4803586548e+00 5.7214024971e-01
101 1.1601562500e+00 8.4435849799e+00 5.7151899062e-01
101 1.1640625000e+00 8.4071164064e+00 5.7090087861e-01
101 1.1679687500e+00 8.3709527173e+00 5.7028594513e-01
101 1.1718750000e+00 8.3350858494e+00 5.6967408771e-01
101 1.1757812500e+00 8.2995145590e+00 5.6906531913e-01
101 1.1796875000e+00 8.2642357571e+00 5.6845962035e-01
101 1.1835937500e+00 8.2292436505e+00 5.6785692511e-01
101 1.1875000000e+00 8.1945355523e+00 5.6725721984e-01
101 1.1914062500e+00 8.1601089507e+00 5.6666049352e-01
101 1.1953125000e+00 8.1259598897e+00 5.6606670959e-01
101 1.1992187500e+00 8.0920842813e+00 5.6547582847e-01
101 1.2031250000e+00 8.0584790014e+00 5.6488782672e-01
101 1.2070312500e+00 8.0251411551e+00 5.6430268435e-01
101 1.2109375000e+00 7.9920678533e+00 5.6372038101e-01
101 1.2148437500e+00 7.9592555767e+00 5.6314088470e-01
101 1.2187500000e+00 7.9267008574e+00 5.6256416368e-01
101 1.2226562500e+00 7.8944005259e+00 5.6199019091e-01
101 1.2265625000e+00 7.8623520315e+00 5.6141894982e-01
101 1.2304687500e+00 7.8305522961e+00 5.6085041397e-01
101 1.2343750000e+00 7.7989987957e+00 5.6028456633e-01
101 1.2382812500e+00 7.7676878156e+00 5.5972136800e-01
101 1.2421875000e+00 7.7366177785e+00 5.5916081799e-01
101 1.2460937500e+00 7.7057830726e+00 5.5860284198e-01
101 1.2500000000e+00 7.6751854376e+00 5.5804749819e-01
101 1.2539062500e+00 7.6448172943e+00 5.5749467540e-01
101 1.2578125000e+00 7.6146792003e+00 5.5694440969e-01
101 1.2617187500e+00 7.5847681942e+00 5.5639667280e-01
101 1.2656250000e+00 7.5550800758e+00 5.5585141317e-01
101 1.2695312500e+00 7.5256137371e+00 5.5530863546e-01
101 1.2734375000e+00 7.4963671781e+00 5.5476832773e-01
101 1.2773437500e+00 7.4673360556e+00 5.5423043420e-01
101 1.2812500000e+00 7.4385187614e+00 5.5369494916e-01
101 1.2851562500e+00 7.4099130793e+00 5.5316185531e-01
101 1.2890625000e+00 7.3815172268e+00 5.5263114309e-01
101 1.2929687500e+00 7.3533275158e+00 5.5210276689e-01
101 1.2968750000e+00 7.3253422353e+00 5.5157671760e-01
101 1.3007812500e+00 7.2975591871e+00 5.5105297667e-01
101 1.3046875000e+00 7.2699767612e+00 5.5053153626e-01
101 1.3085937500e+00 7.2425923808e+00 5.5001236998e-01
101 1.3125000000e+00 7.2154033774e+00 5.4949544918e-01
101 1.3164062500e+00 7.1884078101e+00 5.4898075864e-01
101 1.3203125000e+00 7.1616032227e+00 5.4846827297e-01
101 1.3242187500e+00 7.1349891196e+00 5.4795800393e-01
101 1.3281250000e+00 7.1085611977e+00 5.4744989000e-01
101 1.3320312500e+00 7.0823204151e+00 5.4694397037e-01
101 1.3359375000e+00 7.0562611167e+00 5.4644015651e-01
101 1.3398437500e+00 7.0303835119e+00 5.4593847259e-01
101 1.3437500000e+00 7.0046860637e+00 5.4543890893e-01
101 1.3476562500e+00 6.9791649754e+00 5.4494141147e-01
101 1.3515625000e+00 6.9538204448e+00 5.4444600362e-01
101 1.3554687500e+00 6.9286502777e+00 5.4395266197e-01
101 1.3593750000e+00 6.9036509743e+00 5.4346133699e-01
101 1.3632812500e+00 6.8788220203e+00 5.4297203744e-01
101 1.3671875000e+00 6.8541622275e+00 5.4248475867e-01
101 1.3710937500e+00 6.8296685701e+00 5.4199945941e-01
101 1.3750000000e+00 6.8053395138e+00 5.4151612751e-01
101 1.3789062500e+00 6.7811735685e+00 5.4103475140e-01
101 1.3828125000e+00 6.7571704608e+00 5.4055534363e-01
101 1.3867187500e+00 6.7333268029e+00 5.4007785431e-01
101 1.3906250000e+00 6.7096409339e+00 5.3960226761e-01
101 1.3945312500e+00 6.6861115299e+00 5.3912857421e-01
101 1.3984375000e+00 6.6627377686e+00 5.3865677471e-01
101 1.4023437500e+00 6.6395170137e+00 5.3818683285e-01
101 1.4062500000e+00 6.6164490429e+00 5.3771876092e-01
101 1.4101562500e+00 6.5935295792e+00 5.3725248864e-01
101 1.4140625000e+00 6.5707611312e+00 5.3678808345e-01
101 1.4179687500e+00 6.5481384711e+00 5.3632545498e-01
101 1.4218750000e+00 6.5256630718e+00 5.3586464940e-01
101 1.4257812500e+00 6.5033322403e+00 5.3540562748e-01
101 1.4296875000e+00 6.4811432721e+00 5.3494834925e-01
101 1.4335937500e+00 6.4590964347e+00 5.3449283571e-01
101 1.4375000000e+00 6.4371900740e+00 5.3403906814e-01
101 1.4414062500e+00 6.4154221522e+00 5.3358701953e-01
101 1.4453125000e+00 6.3937920600e+00 5.3313669228e-01
101 1.4492187500e+00 6.3722987587e+00 5.3268807975e-01
101 1.4531250000e+00 6.3509393389e+00 5.3224113594e-01
101 1.4570312500e+00 6.3297132519e+00 5.3179586387e-01
101 1.4609375000e+00 6.3086201849e+00 5.3135227147e-01
101 1.4648437500e+00 6.2876581695e+00 5.3091033172e-01
101 1.4687500000e+00 6.2668256409e+00 5.3047002577e-01
101 1.4726562500e+00 6.2461213857e+00 5.3003134195e-01
101 1.4765625000e+00 6.2255449428e+00 5.2959428438e-01
101 1.4804687500e+00 6.2050947818e+00 5.2915883435e-01
101 1.4843750000e+00 6.1847681525e+00 5.2872494679e-01
101 1.4882812500e+00 6.1645665021e+00 5.2829266605e-01
101 1.4921875000e+00 6.1444856348e+00 5.2786191562e-01
101 1.4960937500e+00 6.1245286129e+00 5.2743277445e-01
101 1.5000000000e+00 6.1046903110e+00 5.2700514544e-01
101 1.5039062500e+00 6.0849713678e+00 5.2657905519e-01
101 1.5078125000e+00 6.0653705673e+00 5.2615449025e-01
101 1.5117187500e+00 6.0458858149e+00 5.2573141785e-01
101 1.5156250000e+00 6.0265180479e+00 5.2530987092e-01
101 1.5195312500e+00 6.0072647671e+00 5.2488980755e-01
101 1.5234375000e+00 5.9881242518e+00 5.2447120240e-01
101 1.5273437500e+00 5.9690969983e+00 5.2405407848e-01
101 1.5312500000e+00 5.9501817014e+00 5.2363841930e-01
101 1.5351562500e+00 5.9313768430e+00 5.2322420347e-01
101 1.5390625000e+00 5.9126812822e+00 5.2281141763e-01
101 1.5429687500e+00 5.8940951495e+00 5.2240007643e-01
101 1.5468750000e+00 5.8756159719e+00 5.2199013673e-01
101 1.5507812500e+00 5.8572429083e+00 5.2158159128e-01
101 1.5546875000e+00 5.8389757210e+00 5.2117444614e-01
101 1.5585937500e+00 5.8208140430e+00 5.2076870447e-01
101 1.5625000000e+00 5.8027561332e+00 5.2036433859e-01
101 1.5664062500e+00 5.7847996189e+00 5.1996130630e-01
101 1.5703125000e+00 5.7669466882e+00 5.1955966768e-01
101 1.5742187500e+00 5.7491939062e+00 5.1915935636e-01
101 1.5781250000e+00 5.7315423899e+00 5.1876040827e-01
101 1.5820312500e+00 5.7139888428e+00 5.1836275954e-01
101 1.5859375000e+00 5.6965339933e+00 5.1796643713e-01
101 1.5898437500e+00 5.6791777666e+00 5.1757144991e-01
101 1.5937500000e+00 5.6619169458e+00 5.1717773498e-01
101 1.5976562500e+00 5.6447526677e+00 5.1678532848e-01
101 1.6015625000e+00 5.6276828738e+00 5.1639419353e-01
101 1.6054687500e+00 5.6107070472e+00 5.1600432828e-01
101 1.6093750000e+00 5.5938254170e+00 5.1561574801e-01
101 1.6132812500e+00 5.5770364248e+00 5.1522842680e-01
101 1.6171875000e+00 5.5603385146e+00 5.1484233849e-01
101 1.6210937500e+00 5.5437316383e+00 5.1445749161e-01
101 1.6250000000e+00 5.5272155815e+00 5.1407389086e-01
101 1.6289062500e+00 5.5107888437e+00 5.1369151095e-01
101 1.6328125000e+00 5.4944502847e+00 5.1331033473e-01
101 1.6367187500e+00 5.4782001354e+00 5.1293037694e-01
101 1.6406250000e+00 5.4620367408e+00 5.1255160815e-01
101 1.6445312500e+00 5.4459598976e+00 5.1217403275e-01
101 1.6484375000e+00 5.4299680291e+00 5.1179762277e-01
101 1.6523437500e+00 5.4140633031e+00 5.1142243837e-01
101 1.6562500000e+00 5.3982410825e+00 5.1104837912e-01
101 1.6601562500e+00 5.3825032621e+00 5.1067549862e-01
101 1.6640625000e+00 5.3668473091e+00 5.1030374561e-01
101 1.6679687500e+00 5.3512740874e+00 5.0993314928e-01
101 1.6718750000e+00 5.3357827983e+00 5.0956369932e-01
101 1.6757812500e+00 5.3203715565e+00 5.0919535930e-01
101 1.6796875000e+00 5.3050412144e+00 5.0882815806e-01
101 1.6835937500e+00 5.2897903938e+00 5.0846207106e-01
101 1.6875000000e+00 5.2746180887e+00 5.0809708243e-01
101 1.6914062500e+00 5.2595243446e+00 5.0773320155e-01
101 1.6953125000e+00 5.2445078067e+00 5.0737040393e-01
101 1.6992187500e+00 5.2295679849e+00 5.0700868580e-01
101 1.7031250000e+00 5.2147049924e+00 5.0664805797e-01
101 1.7070312500e+00 5.1999182081e+00 5.0628851342e-01
101 1.7109375000e+00 5.1852056931e+00 5.0593001289e-01
101 1.7148437500e+00 5.1705673171e+00 5.0557256096e-01
101 1.7187500000e+00 5.1560034085e+00 5.0521617343e-01
101 1.7226562500e+00 5.1415127047e+00 5.0486082717e-01
101 1.7265625000e+00 5.1270950646e+00 5.0450652636e-01
101 1.7304687500e+00 5.1127487483e+00 5.0415323579e-01
101 1.7343750000e+00 5.0984755837e+00 5.0380100806e-01
101 1.7382812500e+00 5.0842716012e+00 5.0344975263e-01
101 1.7421875000e+00 5.0701391509e+00 5.0309953496e-01
101 1.7460937500e+00 5.0560764083e+00 5.0275031722e-01
101 1.7500000000e+00 5.0420828262e+00 5.0240209309e-01
101 1.7539062500e+00 5.0281582230e+00 5.0205486523e-01
101 1.7578125000e+00 5.0143008521e+00 5.0170859718e-01
101 1.7617187500e+00 5.0005124092e+00 5.0136333841e-01
101 1.7656250000e+00 4.9867912363e+00 5.0101905454e-01
101 1.7695312500e+00 4.9731360453e+00 5.0067572017e-01
101 1.7734375000e+00 4.9595475446e+00 5.0033336001e-01
101 1.7773437500e+00 4.9460242494e+00 4.9999194352e-01
101 1.7812500000e+00 4.9325661389e+00 4.9965147694e-01
101 1.7851562500e+00 4.9191727974e+00 4.9931195652e-01
101 1.7890625000e+00 4.9058436148e+00 4.9897337350e-01
101 1.7929687500e+00 4.8925778732e+00 4.9863571625e-01
101 1.7968750000e+00 4.8793752927e+00 4.9829898423e-01
101 1.8007812500e+00 4.8662361415e+00 4.9796319086e-01
101 1.8046875000e+00 4.8531583675e+00 4.9762829017e-01
101 1.8085937500e+00 4.8401425405e+00 4.9729430313e-01
101 1.8125000000e+00 4.8271875322e+00 4.9696120714e-01
101 1.8164062500e+00 4.8142944979e+00 4.9662903828e-01
101 1.8203125000e+00 4.8014606725e+00 4.9629773159e-01
101 1.8242187500e+00 4.7886873875e+00 4.9596732764e-01
101 1.8281250000e+00 4.7759734001e+00 4.9563780048e-01
101 1.8320312500e+00 4.7633179938e+00 4.9530913762e-01
101 1.8359375000e+00 4.7507216897e+00 4.9498135869e-01
101 1.8398437500e+00 4.7381831889e+00 4.9465443593e-01
101 1.8437500000e+00 4.7257030629e+00 4.9432839024e-01
101 1.8476562500e+00 4.7132798958e+00 4.9400319061e-01
101 1.8515625000e+00 4.7009129775e+00 4.9367882427e-01
101 1.8554687500e+00 4.6886031157e+00 4.9335531824e-01
101 1.8593750000e+00 4.6763493914e+00 4.9303265422e-01
101 1.8632812500e+00 4.6641507958e+00 4.9271081138e-01
101 1.8671875000e+00 4.6520076817e+00 4.9238980473e-01
101 1.8710937500e+00 4.6399190038e+00 4.9206961228e-01
101 1.8750000000e+00 4.6278849026e+00 4.9175024336e-01
101 1.8789062500e+00 4.6159049254e+00 4.9143169157e-01
101 1.8828125000e+00 4.6039789171e+00 4.9111395834e-01
101 1.8867187500e+00 4.5921054528e+00 4.9079701119e-01
101 1.8906250000e+00 4.5802854850e+00 4.9048088099e-01
101 1.8945312500e+00 4.5685176317e+00 4.9016553621e-01
101 1.8984375000e+00 4.5568023893e+00 4.8985099554e-01
101 1.9023437500e+00 4.5451375739e+00 4.8953720561e-01
101 1.9062500000e+00 4.5335253245e+00 4.8922422925e-01
101 1.9101562500e+00 4.5219637782e+00 4.8891202156e-01
101 1.9140625000e+00 4.5104527235e+00 4.8860058201e-01
101 1.9179687500e+00 4.4989922751e+00 4.8828991890e-01
101 1.9218750000e+00 4.4875814250e+00 4.8798001003e-01
101 1.9257812500e+00 4.4762202465e+00 4.8767086249e-01
101 1.9296875000e+00 4.4649081783e+00 4.8736246604e-01
101 1.9335937500e+00 4.4536447909e+00 4.8705481398e-01
101 1.9375000000e+00 4.4424307163e+00 4.8674792860e-01
101 1.9414062500e+00 4.4312644748e+00 4.8644177439e-01
101 1.9453125000e+00 4.4201454631e+00 4.8613633963e-01
101 1.9492187500e+00 4.4090744873e+00 4.8583165135e-01
101 1.9531250000e+00 4.3980509394e+00 4.8552769771e-01
101 1.9570312500e+00 4.3870740454e+00 4.8522446216e-01
101 1.9609375000e+00 4.3761436129e+00 4.8492194414e-01
101 1.9648437500e+00 4.3652595463e+00 4.8462014575e-01
101 1.9687500000e+00 4.3544210237e+00 4.8431904887e-01
101 1.9726562500e+00 4.3436287865e+00 4.8401867879e-01
101 1.9765625000e+00 4.3328812523e+00 4.8371899612e-01
101 1.9804687500e+00 4.3221792163e+00 4.8342002763e-01
101 1.9843750000e+00 4.3115209848e+00 4.8312173054e-01
101 1.9882812500e+00 4.3009081687e+00 4.8282415448e-01
101 1.9921875000e+00 4.2903390465e+00 4.8252725574e-01
101 1.9960937500e+00 4.2798133293e+00 4.8223103062e-01
101 2.0000000000e+00 4.2693317703e+00 4.8193550478e-01
101 2.0039062500e+00 4.2588930051e+00 4.8164064418e-01
101 2.0078125000e+00 4.2484974359e+00 4.8134646455e-01
101 2.0117187500e+00 4.2381442155e+00 4.8105294627e-01
101 2.0156250000e+00 4.2278330848e+00 4.8076008627e-01
101 2.0195312500e+00 4.2175642892e+00 4.8046789581e-01
101 2.0234375000e+00 4.2073371066e+00 4.8017635860e-01
101 2.0273437500e+00 4.1971514250e+00 4.7988547568e-01
101 2.0312500000e+00 4.1870074768e+00 4.7959525792e-01
101 2.0351562500e+00 4.1769042216e+00 4.7930567974e-01
101 2.0390625000e+00 4.1668412313e+00 4.7901673296e-01
101 2.0429687500e+00 4.1568188051e+00 4.7872843027e-01
101 2.0468750000e+00 4.1468369666e+00 4.7844077646e-01
101 2.0507812500e+00 4.1368945024e+00 4.7815374063e-01
101 2.0546875000e+00 4.1269923408e+00 4.7786735361e-01
101 2.0585937500e+00 4.1171287716e+00 4.7758156994e-01
101 2.0625000000e+00 4.1073048917e+00 4.7729642535e-01
101 2.0664062500e+00 4.0975194327e+00 4.7701188699e-01
101 2.0703125000e+00 4.0877733533e+00 4.7672798668e-01
101 2.0742187500e+00 4.0780649976e+00 4.7644468009e-01
101 2.0781250000e+00 4.0683943895e+00 4.7616197170e-01
101 2.0820312500e+00 4.0587626538e+00 4.7587989829e-01
101 2.0859375000e+00 4.0491680538e+00 4.7559841285e-01
101 2.0898437500e+00 4.0396108453e+00 4.7531752663e-01
101 2.0937500000e+00 4.0300908090e+00 4.7503723697e-01
101 2.0976562500e+00 4.0206077289e+00 4.7475754125e-01
101 2.1015625000e+00 4.0111615528e+00 4.7447844166e-01
101 2.1054687500e+00 4.0017515423e+00 4.7419992006e-01
101 2.1093750000e+00 3.9923775629e+00 4.7392197612e-01
101 2.1132812500e+00 3.9830402610e+00 4.7364463268e-01
101 2.1171875000e+00 3.9737384299e+00 4.7336785755e-01
101 2.1210937500e+00 3.9644720578e+00 4.7309165393e-01
101 2.1250000000e+00 3.9552410965e+00 4.7281602397e-01
101 2.1289062500e+00 3.9460454058e+00 4.7254096705e-01
101 2.1328125000e+00 3.9368838383e+00 4.7226645233e-01
101 2.1367187500e+00 3.9277576693e+00 4.7199252151e-01
101 2.1406250000e+00 3.9186656694e+00 4.7171914122e-01
101 2.1445312500e+00 3.9096086843e+00 4.7144634038e-01
101 2.1484375000e+00 3.9005850820e+00 4.7117407328e-01
101 2.1523437500e+00 3.8915956184e+00 4.7090236611e-01
101 2.1562500000e+00 3.8826392729e+00 4.7063119141e-01
101 2.1601562500e+00 3.8737165150e+00 4.7036056674e-01
101 2.1640625000e+00 3.8648275890e+00 4.7009050290e-01
101 2.1679687500e+00 3.8559710181e+00 4.6982095838e-01
101 2.1718750000e+00 3.8471473371e+00 4.6955195270e-01
101 2.1757812500e+00 3.8383564663e+00 4.6928348675e-01
101 2.1796875000e+00 3.8295979245e+00 4.6901554910e-01
101 2.1835937500e+00 3.8208717664e+00 4.6874814468e-01
101 2.1875000000e+00 3.8121773449e+00 4.6848125688e-01
101 2.1914062500e+00 3.8035148407e+00 4.6821489444e-01
101 2.1953125000e+00 3.7948842845e+00 4.6794906150e-01
101 2.1992187500e+00 3.7862849949e+00 4.6768374027e-01
101 2.2031250000e+00 3.7777168856e+00 4.6741893121e-01
101 2.2070312500e+00 3.7691801139e+00 4.6715464231e-01
101 2.2109375000e+00 3.7606743342e+00 4.6689086601e-01
101 2.2148437500e+00 3.7521986765e+00 4.6662757838e-01
101 2.2187500000e+00 3.7437543945e+00 4.6636482147e-01
101 2.2226562500e+00 3.7353397872e+00 4.6610254540e-01
101 2.2265625000e+00 3.7269557853e+00 4.6584078219e-01
101 2.2304687500e+00 3.7186014927e+00 4.6557950689e-01
101 2.2343750000e+00 3.7102774301e+00 4.6531873880e-01
101 2.2382812500e+00 3.7019828781e+00 4.6505845838e-01
101 2.2421875000e+00 3.6937175398e+00 4.6479865923e-01
101 2.2460937500e+00 3.6854819890e+00 4.6453936235e-01
101 2.2500000000e+00 3.6772748975e+00 4.6428052885e-01
101 2.2539062500e+00 3.6690971723e+00 4.6402219019e-01
101 2.2578125000e+00 3.6609487177e+00 4.6376434633e-01
101 2.2617187500e+00 3.6528285138e+00 4.6350696787e-01
101 2.2656250000e+00 3.6447368043e+00 4.6325006535e-01
101 2.2695312500e+00 3.6366732065e+00 4.6299362946e-01
101 2.2734375000e+00 3.6286379822e+00 4.6273767134e-01
101 2.2773437500e+00 3.6206309587e+00 4.6248218834e-01
101 2.2812500000e+00 3.6126513621e+00 4.6222715853e-01
101 2.2851562500e+00 3.6046996051e+00 4.6197259787e-01
101 2.2890625000e+00 3.5967754657e+00 4.6171850201e-01
101 2.2929687500e+00 3.5888787961e+00 4.6146486899e-01
101 2.2968750000e+00 3.5810088163e+00 4.6121167644e-01
101 2.3007812500e+00 3.5731668288e+00 4.6095896901e-01
101 2.3046875000e+00 3.5653510797e+00 4.6070669289e-01
101 2.3085937500e+00 3.5575623257e+00 4.6045487516e-01
101 2.3125000000e+00 3.5498000816e+00 4.6020350281e-01
101 2.3164062500e+00 3.5420644956e+00 4.5995258328e-01
101 2.3203125000e+00 3.5343550487e+00 4.5970210239e-01
101 2.3242187500e+00 3.5266716233e+00 4.5945205890e-01
101 2.3281250000e+00 3.5190147237e+00 4.5920247185e-01
101 2.3320312500e+00 3.5113832954e+00 4.5895330948e-01
101 2.3359375000e+00 3.5037778042e+00 4.5870458955e-01
101 2.3398437500e+00 3.4961979807e+00 4.5845630582e-01
101 2.3437500000e+00 3.4886432191e+00 4.5820844098e-01
101 2.3476562500e+00 3.4811141854e+00 4.5796101941e-01
101 2.3515625000e+00 3.4736103921e+00 4.5771402765e-01
101 2.3554687500e+00 3.4661314586e+00 4.5746745565e-01
101 2.3593750000e+00 3.4586775755e+00 4.5722131220e-01
101 2.3632812500e+00 3.4512480796e+00 4.5697557785e-01
101 2.3671875000e+00 3.4438436205e+00 4.5673027654e-01
101 2.3710937500e+00 3.4364636905e+00 4.5648539394e-01
101 2.3750000000e+00 3.4291082363e+00 4.5624093073e-01
101 2.3789062500e+00 3.4217765690e+00 4.5599686640e-01
101 2.3828125000e+00 3.4144697374e+00 4.5575323829e-01
101 2.3867187500e+00 3.4071862859e+00 4.5551000029e-01
101 2.3906250000e+00 3.3999268667e+00 4.5526717651e-01
101 2.3945312500e+00 3.3926911989e+00 4.5502475996e-01
101 2.3984375000e+00 3.3854792648e+00 4.5478275239e-01
101 2.4023437500e+00 3.3782906121e+00 4.5454114098e-01
101 2.4062500000e+00 3.3711254050e+00 4.5429993356e-01
101 2.4101562500e+00 3.3639837168e+00 4.5405913496e-01
101 2.4140625000e+00 3.3568648204e+00 4.5381872295e-01
101 2.4179687500e+00 3.3497690332e+00 4.5357871054e-01
101 2.4218750000e+00 3.3426963035e+00 4.5333909829e-01
101 2.4257812500e+00 3.3356459943e+00 4.5309986688e-01
101 2.4296875000e+00 3.3286185601e+00 4.5286103396e-01
101 2.4335937500e+00 3.3216136344e+00 4.5262258937e-01
101 2.4375000000e+00 3.3146309085e+00 4.5238452480e-01
101 2.4414062500e+00 3.3076707283e+00 4.5214685427e-01
101 2.4453125000e+00 3.3007326634e+00 4.5190956533e-01
101 2.4492187500e+00 3.2938168142e+00 4.5167266361e-01
101 2.4531250000e+00 3.2869227113e+00 4.5143613521e-01
101 2.4570312500e+00 3.2800504229e+00 4.5119998464e-01
101 2.4609375000e+00 3.2731998095e+00 4.5096420925e-01
101 2.4648437500e+00 3.2663714790e+00 4.5072883220e-01
101 2.4687500000e+00 3.2595639726e+00 4.5049380532e-01
101 2.4726562500e+00 3.2527780498e+00 4.5025915693e-01
101 2.4765625000e+00 3.2460134320e+00 4.5002487955e-01
101 2.4804687500e+00 3.2392699728e+00 4.4979097021e-01
101 2.4843750000e+00 3.2325475040e+00 4.4955742516e-01
101 2.4882812500e+00 3.2258460629e+00 4.4932424781e-01
101 2.4921875000e+00 3.2191658027e+00 4.4909144557e-01
101 2.4960937500e+00 3.2125058880e+00 4.4885899141e-01
101 2.5000000000e+00 3.2058667831e+00 4.4862690357e-01
101 2.5039062500e+00 3.1992482963e+00 4.4839517742e-01
101 2.5078125000e+00 3.1926500560e+00 4.4816380196e-01
101 2.5117187500e+00 3.1860724040e+00 4.4793279123e-01
101 2.5156250000e+00 3.1795149257e+00 4.4770213268e-01
101 2.5195312500e+00 3.1729775230e+00 4.4747182487e-01
101 2.5234375000e+00 3.1664604758e+00 4.4724187966e-01
101 2.5273437500e+00 3.1599631574e+00 4.4701227696e-01
101 2.5312500000e+00 3.1534856864e+00 4.4678302290e-01
101 2.5351562500e+00 3.1470279152e+00 4.4655411423e-01
101 2.5390625000e+00 3.1405900219e+00 4.4632555924e-01
101 2.5429687500e+00 3.1341715014e+00 4.4609734194e-01
101 2.5468750000e+00 3.1277727322e+00 4.4586947774e-01
101 2.5507812500e+00 3.1213927911e+00 4.4564193567e-01
101 2.5546875000e+00 3.1150325259e+00 4.4541474788e-01
101 2.5585937500e+00 3.1086915939e+00 4.4518790409e-01
101 2.5625000000e+00 3.1023696350e+00 4.4496139332e-01
101 2.5664062500e+00 3.0960665772e+00 4.4473521486e-01
101 2.5703125000e+00 3.0897824940e+00 4.4450937324e-01
101 2.5742187500e+00 3.0835173376e+00 4.4428386862e-01
101 2.5781250000e+00 3.0772707217e+00 4.4405868897e-01
101 2.5820312500e+00 3.0710429707e+00 4.4383384783e-01
101 2.5859375000e+00 3.0648338365e+00 4.4360933812e-01
101 2.5898437500e+00 3.0586428620e+00 4.4338514514e-01
101 2.5937500000e+00 3.0524704409e+00 4.4316128496e-01
101 2.5976562500e+00 3.0463163505e+00 4.4293775135e-01
101 2.6015625000e+00 3.0401802993e+00 4.4271453553e-01
101 2.6054687500e+00 3.0340627065e+00 4.4249165456e-01
101 2.6093750000e+00 3.0279630137e+00 4.4226908991e-01
101 2.6132812500e+00 3.0218812938e+00 4.4204684603e-01
101 2.6171875000e+00 3.0158173758e+00 4.4182491844e-01
101 2.6210937500e+00 3.0097713726e+00 4.4160331306e-01
101 2.6250000000e+00 3.0037428306e+00 4.4138201501e-01
101 2.6289062500e+00 2.9977322085e+00 4.4116104290e-01
101 2.6328125000e+00 2.9917387426e+00 4.4094037039e-01
101 2.6367187500e+00 2.9857632199e+00 4.4072002820e-01
101 2.6406250000e+00 2.9798049621e+00 4.4049999310e-01
101 2.6445312500e+00 2.9738637733e+00 4.4028025953e-01
101 2.6484375000e+00 2.9679398523e+00 4.4006083657e-01
101 2.6523437500e+00 2.9620333029e+00 4.3984172977e-01
101 2.6562500000e+00 2.9561437806e+00 4.3962292810e-01
101 2.6601562500e+00 2.9502709415e+00 4.3940442042e-01
101 2.6640625000e+00 2.9444152214e+00 4.3918622464e-01
101 2.6679687500e+00 2.9385764707e+00 4.3896833690e-01
101 2.6718750000e+00 2.9327543248e+00 4.3875074526e-01
101 2.6757812500e+00 2.9269490440e+00 4.3853346110e-01
101 2.6796875000e+00 2.9211602824e+00 4.3831647316e-01
101 2.6835937500e+00 2.9153879387e+00 4.3809977927e-01
101 2.6875000000e+00 2.9096321898e+00 4.3788338771e-01
101 2.6914062500e+00 2.9038927419e+00 4.3766728909e-01
101 2.6953125000e+00 2.8981696474e+00 4.3745148699e-01
101 2.6992187500e+00 2.8924628620e+00 4.3723598138e-01
101 2.7031250000e+00 2.8867722776e+00 4.3702076980e-01
101 2.7070312500e+00 2.8810975189e+00 4.3680583964e-01
101 2.7109375000e+00 2.8754391105e+00 4.3659121238e-01
101 2.7148437500e+00 2.8697964246e+00 4.3637686581e-01
101 2.7187500000e+00 2.8641698455e+00 4.3616281611e-01
101 2.7226562500e+00 2.8585590088e+00 4.3594905101e-01
101 2.7265625000e+00 2.8529638277e+00 4.3573556877e-01
101 2.7304687500e+00 2.8473845138e+00 4.3552237904e-01
101 2.7343750000e+00 2.8418207176e+00 4.3530947002e-01
101 2.7382812500e+00 2.8362724183e+00 4.3509684246e-01
101 2.7421875000e+00 2.8307394252e+00 4.3488449060e-01
101 2.7460937500e+00 2.8252221511e+00 4.3467243182e-01
101 2.7500000000e+00 2.8197201959e+00 4.3446065230e-01
101 2.7539062500e+00 2.8142332910e+00 4.3424914321e-01
101 2.7578125000e+00 2.8087617663e+00 4.3403791879e-01
101 2.7617187500e+00 2.8033053765e+00 4.3382697110e-01
101 2.7656250000e+00 2.7978640054e+00 4.3361629714e-01
101 2.7695312500e+00 2.7924378326e+00 4.3340590538e-01
101 2.7734375000e+00 2.7870264161e+00 4.3319578018e-01
101 2.7773437500e+00 2.7816298957e+00 4.3298592846e-01
101 2.7812500000e+00 2.7762481392e+00 4.3277634653e-01
101 2.7851562500e+00 2.7708813693e+00 4.3256704457e-01
101 2.7890625000e+00 2.7655290910e+00 4.3235800476e-01
101 2.7929687500e+00 2.7601917510e+00 4.3214924600e-01
101 2.7968750000e+00 2.7548686720e+00 4.3194074327e-01
101 2.8007812500e+00 2.7495602253e+00 4.3173251255e-01
101 2.8046875000e+00 2.7442662251e+00 4.3152454801e-01
101 2.8085937500e+00 2.7389864583e+00 4.3131684270e-01
101 2.8125000000e+00 2.7337213172e+00 4.3110941352e-01
101 2.8164062500e+00 2.7284703378e+00 4.3090224362e-01
101 2.8203125000e+00 2.7232335495e+00 4.3069533558e-01
101 2.8242187500e+00 2.7180108820e+00 4.3048868804e-01
101 2.8281250000e+00 2.7128024448e+00 4.3028230676e-01
101 2.8320312500e+00 2.7076079854e+00 4.3007618314e-01
101 2.8359375000e+00 2.7024272829e+00 4.2987030979e-01
101 2.8398437500e+00 2.6972608181e+00 4.2966470724e-01
101 2.8437500000e+00 2.6921082361e+00 4.2945936277e-01
101 2.8476562500e+00 2.6869691963e+00 4.2925426418e-01
101 2.8515625000e+00 2.6818440807e+00 4.2904942809e-01
101 2.8554687500e+00 2.6767325256e+00 4.2884484134e-01
101 2.8593750000e+00 2.6716347073e+00 4.2864051235e-01
101 2.8632812500e+00 2.6665503966e+00 4.2843643332e-01
101 2.8671875000e+00 2.6614797776e+00 4.2823261298e-01
101 2.8710937500e+00 2.6564224523e+00 4.2802903671e-01
101 2.8750000000e+00 2.6513787499e+00 4.2782571909e-01
101 2.8789062500e+00 2.6463482309e+00 4.2762264377e-01
101 2.8828125000e+00 2.6413311467e+00 4.2741982222e-01
101 2.8867187500e+00 2.6363272979e+00 4.2721724773e-01
101 2.8906250000e+00 2.6313365356e+00 4.2701491559e-01
101 2.8945312500e+00 2.6263590041e+00 4.2681283296e-01
101 2.8984375000e+00 2.6213945341e+00 4.2661099430e-01
101 2.9023437500e+00 2.6164431659e+00 4.2640940256e-01
101 2.9062500000e+00 2.6115048462e+00 4.2620805689e-01
101 2.9101562500e+00 2.6065794446e+00 4.2600695328e-01
101 2.9140625000e+00 2.6016668698e+00 4.2580608929e-01
101 2.9179687500e+00 2.5967670402e+00 4.2560546288e-01
101 2.9218750000e+00 2.5918802421e+00 4.2540508705e-01
101 2.9257812500e+00 2.5870060984e+00 4.2520494766e-01
101 2.9296875000e+00 2.5821445234e+00 4.2500504244e-01
101 2.9335937500e+00 2.5772957833e+00 4.2480538362e-01
101 2.9375000000e+00 2.5724595613e+00 4.2460595944e-01
101 2.9414062500e+00 2.5676358575e+00 4.2440677116e-01
101 2.9453125000e+00 2.5628246093e+00 4.2420781746e-01
101 2.9492187500e+00 2.5580258912e+00 4.2400910266e-01
101 2.9531250000e+00 2.5532394445e+00 4.2381061732e-01
101 2.9570312500e+00 2.5484655403e+00 4.2361237392e-01
101 2.9609375000e+00 2.5437037858e+00 4.2341435741e-01
101 2.9648437500e+00 2.5389543165e+00 4.2321657464e-01
101 2.9687500000e+00 2.5342170921e+00 4.2301902518e-01
101 2.9726562500e+00 2.5294919340e+00 4.2282170282e-01
101 2.9765625000e+00 2.5247790409e+00 4.2262461706e-01
101 2.9804687500e+00 2.5200780951e+00 4.2242775586e-01
101 2.9843750000e+00 2.5153892033e+00 4.2223112490e-01
101 2.9882812500e+00 2.5107122911e+00 4.2203472226e-01
101 2.9921875000e+00 2.5060473080e+00 4.2183854705e-01
101 2.9960937500e+00 2.5013942381e+00 4.2164259979e-01
101 3.0000000000e+00 2.4967529771e+00 4.2144687729e-01
101 3.0039062500e+00 2.4921235656e+00 4.2125138247e-01
101 3.0078125000e+00 2.4875058018e+00 4.2105610800e-01
101 3.0117187500e+00 2.4828996164e+00 4.2086105210e-01
101 3.0156250000e+00 2.4783053853e+00 4.2066623190e-01
101 3.0195312500e+00 2.4737226313e+00 4.2047162835e-01
101 3.0234375000e+00 2.4691514490e+00 4.2027724663e-01
101 3.0273437500e+00 2.4645917937e+00 4.2008308601e-01
101 3.0312500000e+00 2.4600438030e+00 4.1988915355e-01
101 3.0351562500e+00 2.4555070287e+00 4.1969543127e-01
101 3.0390625000e+00 2.4509817850e+00 4.1950193375e-01
101 3.0429687500e+00 2.4464677911e+00 4.1930865015e-01
101 3.0468750000e+00 2.4419651978e+00 4.1911558806e-01
101 3.0507812500e+00 2.4374739287e+00 4.1892274537e-01
101 3.0546875000e+00 2.4329937768e+00 4.1873011433e-01
101 3.0585937500e+00 2.4285249064e+00 4.1853770314e-01
101 3.0625000000e+00 2.4240671327e+00 4.1834550499e-01
101 3.0664062500e+00 2.4196204888e+00 4.1815352242e-01
101 3.0703125000e+00 2.4151849368e+00 4.1796175494e-01
101 3.0742187500e+00 2.4107603722e+00 4.1777019916e-01
101 3.0781250000e+00 2.4063468421e+00 4.1757885822e-01
101 3.0820312500e+00 2.4019441965e+00 4.1738772675e-01
101 3.0859375000e+00 2.3975525156e+00 4.1719680934e-01
101 3.0898437500e+00 2.3931716907e+00 4.1700610238e-01
101 3.0937500000e+00 2.3888016419e+00 4.1681560349e-01
101 3.0976562500e+00 2.3844425837e+00 4.1662532313e-01
101 3.1015625000e+00 2.3800940731e+00 4.1643524307e-01
101 3.1054687500e+00 2.3757562869e+00 4.1624537211e-01
101 3.1093750000e+00 2.3714292502e+00 4.1605571246e-01
101 3.1132812500e+00 2.3671129534e+00 4.1586626479e-01
101 3.1171875000e+00 2.3628070474e+00 4.1567701486e-01
101 3.1210937500e+00 2.3585118013e+00 4.1548797557e-01
101 3.1250000000e+00 2.3542270272e+00 4.1529913973e-01
101 3.1289062500e+00 2.3499527857e+00 4.1511051108e-01
101 3.1328125000e+00 2.3456890074e+00 4.1492208764e-01
101 3.1367187500e+00 2.3414355976e+00 4.1473386629e-01
101 3.1406250000e+00 2.3371926499e+00 4.1454585224e-01
101 3.1445312500e+00 2.3329600232e+00 4.1435804031e-01
101 3.1484375000e+00 2.3287376680e+00 4.1417042934e-01
101 3.1523437500e+00 2.3245255318e+00 4.1398301806e-01
101 3.1562500000e+00 2.3203235809e+00 4.1379580602e-01
101 3.1601562500e+00 2.3161318940e+00 4.1360879776e-01
101 3.1640625000e+00 2.3119504189e+00 4.1342199200e-01
101 3.1679687500e+00 2.3077790491e+00 4.1323538506e-01
101 3.1718750000e+00 2.3036177411e+00 4.1304897599e-01
101 3.1757812500e+00 2.2994664300e+00 4.1286276294e-01
101 3.1796875000e+00 2.2953252411e+00 4.1267675255e-01
101 3.1835937500e+00 2.2911939493e+00 4.1249093575e-01
101 3.1875000000e+00 2.2870726137e+00 4.1230531620e-01
101 3.1914062500e+00 2.2829613018e+00 4.1211989799e-01
101 3.1953125000e+00 2.2788598568e+00 4.1193467507e-01
101 3.1992187500e+00 2.2747680984e+00 4.1174964030e-01
101 3.2031250000e+00 2.2706862991e+00 4.1156480701e-01
101 3.2070312500e+00 2.2666142330e+00 4.1138016599e-01
101 3.2109375000e+00 2.2625519029e+00 4.1119571837e-01
101 3.2148437500e+00 2.2584992844e+00 4.1101146405e-01
101 3.2187500000e+00 2.2544562938e+00 4.1082740021e-01
101 3.2226562500e+00 2.2504230768e+00 4.1064353450e-01
101 3.2265625000e+00 2.2463993742e+00 4.1045985610e-01
101 3.2304687500e+00 2.2423852795e+00 4.1027637025e-01
101 3.2343750000e+00 2.2383806908e+00 4.1009307330e-01
101 3.2382812500e+00 2.2343856348e+00 4.0990996744e-01
101 3.2421875000e+00 2.2304000676e+00 4.0972705165e-01
101 3.2460937500e+00 2.2264239290e+00 4.0954432414e-01
101 3.2500000000e+00 2.2224572382e+00 4.0936178678e-01
101 3.2539062500e+00 2.2184999798e+00 4.0917943984e-01
101 3.2578125000e+00 2.2145520415e+00 4.0899727910e-01
101 3.2617187500e+00 2.2106134826e+00 4.0881530829e-01
101 3.2656250000e+00 2.2066840458e+00 4.0863351647e-01
101 3.2695312500e+00 2.2027639681e+00 4.0845191555e-01
101 3.2734375000e+00 2.1988531124e+00 4.0827050017e-01
101 3.2773437500e+00 2.1949515145e+00 4.0808927292e-01
101 3.2812500000e+00 2.1910589746e+00 4.0790822550e-01
101 3.2851562500e+00 2.1871757834e+00 4.0772737237e-01
101 3.2890625000e+00 2.1833015550e+00 4.0754669653e-01
101 3.2929687500e+00 2.1794363652e+00 4.0736620243e-01
101 3.2968750000e+00 2.1755802964e+00 4.0718589487e-01
101 3.3007812500e+00 2.1717332303e+00 4.0700576927e-01
101 3.3046875000e+00 2.1678951918e+00 4.0682582772e-01
101 3.3085937500e+00 2.1640660406e+00 4.0664606459e-01
101 3.3125000000e+00 2.1602458284e+00 4.0646648323e-01
101 3.3164062500e+00 2.1564345554e+00 4.0628708459e-01
101 3.3203125000e+00 2.1526321220e+00 4.0610786489e-01
101 3.3242187500e+00 2.1488385715e+00 4.0592882712e-01
101 3.3281250000e+00 2.1450537621e+00 4.0574996549e-01
101 3.3320312500e+00 2.1412777662e+00 4.0557128435e-01
101 3.3359375000e+00 2.1375105735e+00 4.0539278413e-01
101 3.3398437500e+00 2.1337520858e+00 4.0521446109e-01
101 3.3437500000e+00 2.1300023446e+00 4.0503631813e-01
101 3.3476562500e+00 2.1262611819e+00 4.0485834815e-01
101 3.3515625000e+00 2.1225287393e+00 4.0468055881e-01
101 3.3554687500e+00 2.1188049013e+00 4.0450294551e-01
101 3.3593750000e+00 2.1150896369e+00 4.0432550768e-01
101 3.3632812500e+00 2.1113828690e+00 4.0414824252e-01
101 3.3671875000e+00 2.1076847782e+00 4.0397115958e-01
101 3.3710937500e+00 2.1039951062e+00 4.0379424739e-01
101 3.3750000000e+00 2.1003139013e+00 4.0361750914e-01
101 3.3789062500e+00 2.0966412084e+00 4.0344094788e-01
101 3.3828125000e+00 2.0929768423e+00 4.0326455561e-01
101 3.3867187500e+00 2.0893209009e+00 4.0308833791e-01
101 3.3906250000e+00 2.0856733356e+00 4.0291229332e-01
101 3.3945312500e+00 2.0820341789e+00 4.0273642429e-01
101 3.3984375000e+00 2.0784033513e+00 4.0256072788e-01
101 3.4023437500e+00 2.0747807529e+00 4.0238520011e-01
101 3.4062500000e+00 2.0711664412e+00 4.0220984465e-01
101 3.4101562500e+00 2.0675603745e+00 4.0203466034e-01
101 3.4140625000e+00 2.0639625355e+00 4.0185964721e-01
101 3.4179687500e+00 2.0603728847e+00 4.0168480421e-01
101 3.4218750000e+00 2.0567913321e+00 4.0151012782e-01
101 3.4257812500e+00 2.0532179881e+00 4.0133562428e-01
101 3.4296875000e+00 2.0496526896e+00 4.0116128648e-01
101 3.4335937500e+00 2.0460955381e+00 4.0098712026e-01
101 3.4375000000e+00 2.0425464392e+00 4.0081312183e-01
101 3.4414062500e+00 2.0390053969e+00 4.0063929226e-01
101 3.4453125000e+00 2.0354723242e+00 4.0046562813e-01
101 3.4492187500e+00 2.0319473042e+00 4.0029213436e-01
101 3.4531250000e+00 2.0284301501e+00 4.0011880262e-01
101 3.4570312500e+00 2.0249209394e+00 3.9994563754e-01
101 3.4609375000e+00 2.0214197552e+00 3.9977264410e-01
101 3.4648437500e+00 2.0179263537e+00 3.9959981108e-01
101 3.4687500000e+00 2.0144408543e+00 3.9942714522e-01
101 3.4726562500e+00 2.0109631623e+00 3.9925464266e-01
101 3.4765625000e+00 2.0074933085e+00 3.9908230577e-01
101 3.4804687500e+00 2.0040312219e+00 3.9891013186e-01
101 3.4843750000e+00 2.0005769112e+00 3.9873812217e-01
101 3.4882812500e+00 1.9971304006e+00 3.9856627875e-01
101 3.4921875000e+00 1.9936915942e+00 3.9839459766e-01
101 3.4960937500e+00 1.9902604490e+00 3.9822307755e-01
101 3.5000000000e+00 1.9868369820e+00 3.9805172010e-01
101 3.5039062500e+00 1.9834211202e+00 3.9788052246e-01
101 3.5078125000e+00 1.9800129971e+00 3.9770949216e-01
101 3.5117187500e+00 1.9766124026e+00 3.9753861947e-01
101 3.5156250000e+00 1.9732194402e+00 3.9736791039e-01
101 3.5195312500e+00 1.9698339817e+00 3.9719735929e-01
101 3.5234375000e+00 1.9664561080e+00 3.9702697105e-01
101 3.5273437500e+00 1.9630856974e+00 3.9685674035e-01
101 3.5312500000e+00 1.9597228438e+00 3.9668667272e-01
101 3.5351562500e+00 1.9563673581e+00 3.9651675941e-01
101 3.5390625000e+00 1.9530193403e+00 3.9634700628e-01
101 3.5429687500e+00 1.9496788321e+00 3.9617741624e-01
101 3.5468750000e+00 1.9463456234e+00 3.9600797943e-01
101 3.5507812500e+00 1.9430198399e+00 3.9583870302e-01
101 3.5546875000e+00 1.9397014531e+00 3.9566958637e-01
101 3.5585937500e+00 1.9363903656e+00 3.9550062531e-01
101 3.5625000000e+00 1.9330865887e+00 3.9533182119e-01
101 3.5664062500e+00 1.9297900616e+00 3.9516317170e-01
101 3.5703125000e+00 1.9265008785e+00 3.9499468243e-01
101 3.5742187500e+00 1.9232189022e+00 3.9482634716e-01
101 3.5781250000e+00 1.9199441305e+00 3.9465816655e-01
101 3.5820312500e+00 1.9166766081e+00 3.9449014366e-01
101 3.5859375000e+00 1.9134162307e+00 3.9432227392e-01
101 3.5898437500e+00 1.9101630557e+00 3.9415456106e-01
101 3.5937500000e+00 1.9069169376e+00 3.9398699834e-01
101 3.5976562500e+00 1.9036780131e+00 3.9381959360e-01
101 3.6015625000e+00 1.9004462266e+00 3.9365234474e-01
101 3.6054687500e+00 1.8972214940e+00 3.9348524818e-01
101 3.6093750000e+00 1.8940037810e+00 3.9331830291e-01
101 3.6132812500e+00 1.8907931061e+00 3.9315151064e-01
101 3.6171875000e+00 1.8875894150e+00 3.9298486931e-01
101 3.6210937500e+00 1.8843927475e+00 3.9281838176e-01
101 3.6250000000e+00 1.8812031097e+00 3.9265204907e-01
101 3.6289062500e+00 1.8780203526e+00 3.9248586423e-01
101 3.6328125000e+00 1.8748445708e+00 3.9231983293e-01
101 3.6367187500e+00 1.8716757441e+00 3.9215395487e-01
101 3.6406250000e+00 1.8685137754e+00 3.9198822573e-01
101 3.6445312500e+00 1.8653586642e+00 3.9182264623e-01
101 3.6484375000e+00 1.8622104258e+00 3.9165721791e-01
101 3.6523437500e+00 1.8590690302e+00 3.9149193995e-01
101 3.6562500000e+00 1.8559344464e+00 3.9132681147e-01
101 3.6601562500e+00 1.8528066286e+00 3.9116183079e-01
101 3.6640625000e+00 1.8496856497e+00 3.9099700251e-01
101 3.6679687500e+00 1.8465713731e+00 3.9083232015e-01
101 3.6718750000e+00 1.8434638696e+00 3.9066778820e-01
101 3.6757812500e+00 1.8403630503e+00 3.9050340268e-01
101 3.6796875000e+00 1.8372689671e+00 3.9033916707e-01
101 3.6835937500e+00 1.8341815295e+00 3.9017507732e-01
101 3.6875000000e+00 1.8311007551e+00 3.9001113509e-01
101 3.6914062500e+00 1.8280266141e+00 3.8984733952e-01
101 3.6953125000e+00 1.8249591522e+00 3.8968369378e-01
101 3.6992187500e+00 1.8218982427e+00 3.8952019184e-01
101 3.7031250000e+00 1.8188439429e+00 3.8935683747e-01
101 3.7070312500e+00 1.8157962122e+00 3.8919362925e-01
101 3.7109375000e+00 1.8127549642e+00 3.8903056325e-01
101 3.7148437500e+00 1.8097203443e+00 3.8886764800e-01
101 3.7187500000e+00 1.8066922448e+00 3.8870487844e-01
101 3.7226562500e+00 1.8036705846e+00 3.8854225093e-01
101 3.7265625000e+00 1.8006553903e+00 3.8837976761e-01
101 3.7304687500e+00 1.7976466687e+00 3.8821742957e-01
101 3.7343750000e+00 1.7946443780e+00 3.8805523526e-01
101 3.7382812500e+00 1.7916484912e+00 3.8789318392e-01
101 3.7421875000e+00 1.7886590040e+00 3.8773127605e-01
101 3.7460937500e+00 1.7856759773e+00 3.8756951565e-01
101 3.7500000000e+00 1.7826992644e+00 3.8740789547e-01
101 3.7539062500e+00 1.7797289133e+00 3.8724641883e-01
101 3.7578125000e+00 1.7767648526e+00 3.8708508253e-01
101 3.7617187500e+00 1.7738071715e+00 3.8692389216e-01
101 3.7656250000e+00 1.7708557487e+00 3.8676284178e-01
101 3.7695312500e+00 1.7679106101e+00 3.8660193352e-01
101 3.7734375000e+00 1.7649717154e+00 3.8644116587e-01
101 3.7773437500e+00 1.7620391023e+00 3.8628054159e-01
101 3.7812500000e+00 1.7591126644e+00 3.8612005555e-01
101 3.7851562500e+00 1.7561924566e+00 3.8595971144e-01
101 3.7890625000e+00 1.7532784798e+00 3.8579951002e-01
101 3.7929687500e+00 1.7503706369e+00 3.8563944663e-01
101 3.7968750000e+00 1.7474689763e+00 3.8547952463e-01
101 3.8007812500e+00 1.7445734250e+00 3.8531974068e-01
101 3.8046875000e+00 1.7416839793e+00 3.8516009526e-01
101 3.8085937500e+00 1.7388007127e+00 3.8500059312e-01
101 3.8125000000e+00 1.7359235287e+00 3.8484122960e-01
101 3.8164062500e+00 1.7330524036e+00 3.8468200409e-01
101 3.8203125000e+00 1.7301873066e+00 3.8452291553e-01
101 3.8242187500e+00 1.7273282464e+00 3.8436396510e-01
101 3.8281250000e+00 1.7244752394e+00 3.8420515439e-01
101 3.8320312500e+00 1.7216282105e+00 3.8404647988e-01
101 3.8359375000e+00 1.7187871995e+00 3.8388794448e-01
101 3.8398437500e+00 1.7159521520e+00 3.8372954581e-01
101 3.8437500000e+00 1.7131230835e+00 3.8357128543e-01
101 3.8476562500e+00 1.7102999264e+00 3.8341316021e-01
101 3.8515625000e+00 1.7074826838e+00 3.8325517099e-01
101 3.8554687500e+00 1.7046713867e+00 3.8309732019e-01
101 3.8593750000e+00 1.7018659861e+00 3.8293960573e-01
101 3.8632812500e+00 1.6990664460e+00 3.8278202623e-01
101 3.8671875000e+00 1.6962727823e+00 3.8262458326e-01
101 3.8710937500e+00 1.6934849806e+00 3.8246727668e-01
101 3.8750000000e+00 1.6907029416e+00 3.8231010153e-01
101 3.8789062500e+00 1.6879267850e+00 3.8215306524e-01
101 3.8828125000e+00 1.6851564108e+00 3.8199616282e-01
101 3.8867187500e+00 1.6823918051e+00 3.8183939412e-01
101 3.8906250000e+00 1.6796329948e+00 3.8168276133e-01
101 3.8945312500e+00 1.6768799246e+00 3.8152626198e-01
101 3.8984375000e+00 1.6741325614e+00 3.8136989481e-01
101 3.9023437500e+00 1.6713909711e+00 3.8121366425e-01
101 3.9062500000e+00 1.6686550854e+00 3.8105756705e-01
101 3.9101562500e+00 1.6659248887e+00 3.8090160296e-01
101 3.9140625000e+00 1.6632003096e+00 3.8074576856e-01
101 3.9179687500e+00 1.6604814210e+00 3.8059006865e-01
101 3.9218750000e+00 1.6577681908e+00 3.8043450205e-01
101 3.9257812500e+00 1.6550606183e+00 3.8027906936e-01
101 3.9296875000e+00 1.6523586212e+00 3.8012376649e-01
101 3.9335937500e+00 1.6496622538e+00 3.7996859723e-01
101 3.9375000000e+00 1.6469714515e+00 3.7981355846e-01
101 3.9414062500e+00 1.6442862320e+00 3.7965865188e-01
101 3.9453125000e+00 1.6416065441e+00 3.7950387514e-01
101 3.9492187500e+00 1.6389324374e+00 3.7934923176e-01
101 3.9531250000e+00 1.6362638635e+00 3.7919471956e-01
101 3.9570312500e+00 1.6336007416e+00 3.7904033452e-01
101 3.9609375000e+00 1.6309431780e+00 3.7888608341e-01
101 3.9648437500e+00 1.6282910774e+00 3.7873196134e-01
101 3.9687500000e+00 1.6256444384e+00 3.7857796886e-01
101 3.9726562500e+00 1.6230032824e+00 3.7842410784e-01
101 3.9765625000e+00 1.6203675441e+00 3.7827037511e-01
101 3.9804687500e+00 1.6177372402e+00 3.7811677226e-01
101 3.9843750000e+00 1.6151123565e+00 3.7796329909e-01
101 3.9882812500e+00 1.6124928461e+00 3.7780995349e-01
101 3.9921875000e+00 1.6098787172e+00 3.7765673654e-01
101 3.9960937500e+00 1.6072699457e+00 3.7750364746e-01
101 4.0000000000e+00 1.6046665823e+00 3.7735068985e-01
101 4.0039062500e+00 1.6020685189e+00 3.7719785797e-01
101 4.0078125000e+00 1.5994758008e+00 3.7704515512e-01
101 4.0117187500e+00 1.5968883855e+00 3.7689257938e-01
101 4.0156250000e+00 1.5943063100e+00 3.7674013358e-01
101 4.0195312500e+00 1.5917295072e+00 3.7658781436e-01
101 4.0234375000e+00 1.5891579742e+00 3.7643562216e-01
101 4.0273437500e+00 1.5865916875e+00 3.7628355621e-01
101 4.0312500000e+00 1.5840306393e+00 3.7613161664e-01
101 4.0351562500e+00 1.5814748432e+00 3.7597980488e-01
101 4.0390625000e+00 1.5789242403e+00 3.7582811804e-01
101 4.0429687500e+00 1.5763788849e+00 3.7567655995e-01
101 4.0468750000e+00 1.5738387105e+00 3.7552512726e-01
101 4.0507812500e+00 1.5713036702e+00 3.7537381777e-01
101 4.0546875000e+00 1.5687738404e+00 3.7522263666e-01
101 4.0585937500e+00 1.5662491330e+00 3.7507157925e-01
101 4.0625000000e+00 1.5637295664e+00 3.7492064726e-01
101 4.0664062500e+00 1.5612151531e+00 3.7476984202e-01
101 4.0703125000e+00 1.5587058275e+00 3.7461916021e-01
101 4.0742187500e+00 1.5562016261e+00 3.7446860461e-01
101 4.0781250000e+00 1.5537024880e+00 3.7431817216e-01
101 4.0820312500e+00 1.5512084469e+00 3.7416786549e-01
101 4.0859375000e+00 1.5487194306e+00 3.7401768083e-01
101 4.0898437500e+00 1.5462354732e+00 3.7386762085e-01
101 4.0937500000e+00 1.5437565709e+00 3.7371768589e-01
101 4.0976562500e+00 1.5412826911e+00 3.7356787459e-01
101 4.1015625000e+00 1.5388137952e+00 3.7341818519e-01
101 4.1054687500e+00 1.5363498803e+00 3.7326861810e-01
101 4.1093750000e+00 1.5338909777e+00 3.7311917581e-01
101 4.1132812500e+00 1.5314370427e+00 3.7296985620e-01
101 4.1171875000e+00 1.5289880628e+00 3.7282065908e-01
101 4.1210937500e+00 1.5265440065e+00 3.7267158314e-01
101 4.1250000000e+00 1.5241049360e+00 3.7252263273e-01
101 4.1289062500e+00 1.5216707703e+00 3.7237380351e-01
101 4.1328125000e+00 1.5192414965e+00 3.7222509526e-01
101 4.1367187500e+00 1.5168171458e+00 3.7207651048e-01
101 4.1406250000e+00 1.5143976561e+00 3.7192804593e-01
101 4.1445312500e+00 1.5119830090e+00 3.7177970107e-01
101 4.1484375000e+00 1.5095732510e+00 3.7163147932e-01
101 4.1523437500e+00 1.5071683100e+00 3.7148337683e-01
101 4.1562500000e+00 1.5047682456e+00 3.7133539784e-01
101 4.1601562500e+00 1.5023729806e+00 3.7118753818e-01
101 4.1640625000e+00 1.4999825376e+00 3.7103979981e-01
101 4.1679687500e+00 1.4975968813e+00 3.7089218111e-01
101 4.1718750000e+00 1.4952160325e+00 3.7074468395e-01
101 4.1757812500e+00 1.4928399414e+00 3.7059730582e-01
101 4.1796875000e+00 1.4904686124e+00 3.7045004755e-01
101 4.1835937500e+00 1.4881020241e+00 3.7030290838e-01
101 4.1875000000e+00 1.4857401999e+00 3.7015589034e-01
101 4.1914062500e+00 1.4833830941e+00 3.7000899114e-01
101 4.1953125000e+00 1.4810306893e+00 3.6986221028e-01
101 4.1992187500e+00 1.4786829853e+00 3.6971554828e-01
101 4.2031250000e+00 1.4763399794e+00 3.6956900557e-01
101 4.2070312500e+00 1.4740016713e+00 3.6942258267e-01
101 4.2109375000e+00 1.4716680134e+00 3.6927627716e-01
101 4.2148437500e+00 1.4693389935e+00 3.6913008884e-01
101 4.2187500000e+00 1.4670146528e+00 3.6898402086e-01
101 4.2226562500e+00 1.4646949225e+00 3.6883806945e-01
101 4.2265625000e+00 1.4623798109e+00 3.6869223569e-01
101 4.2304687500e+00 1.4600693325e+00 3.6854652104e-01
101 4.2343750000e+00 1.4577634301e+00 3.6840092246e-01
101 4.2382812500e+00 1.4554621211e+00 3.6825544160e-01
101 4.2421875000e+00 1.4531653932e+00 3.6811007823e-01
101 4.2460937500e+00 1.4508732442e+00 3.6796483278e-01
101 4.2500000000e+00 1.4485856379e+00 3.6781970348e-01
101 4.2539062500e+00 1.4463025762e+00 3.6767469102e-01
101 4.2578125000e+00 1.4440240311e+00 3.6752979417e-01
101 4.2617187500e+00 1.4417500030e+00 3.6738501350e-01
101 4.2656250000e+00 1.4394804802e+00 3.6724034880e-01
101 4.2695312500e+00 1.4372154747e+00 3.6709580140e-01
101 4.2734375000e+00 1.4349549728e+00 3.6695137096e-01
101 4.2773437500e+00 1.4326989301e+00 3.6680705519e-01
101 4.2812500000e+00 1.4304473593e+00 3.6666285545e-01
101 4.2851562500e+00 1.4282002352e+00 3.6651877068e-01
101 4.2890625000e+00 1.4259575543e+00 3.6637480117e-01
101 4.2929687500e+00 1.4237192825e+00 3.6623094529e-01
101 4.2968750000e+00 1.4214854342e+00 3.6608720449e-01
101 4.3007812500e+00 1.4192560482e+00 3.6594358183e-01
101 4.3046875000e+00 1.4170310327e+00 3.6580007191e-01
101 4.3085937500e+00 1.4148103865e+00 3.6565667520e-01
101 4.3125000000e+00 1.4125941442e+00 3.6551339447e-01
101 4.3164062500e+00 1.4103822423e+00 3.6537022615e-01
101 4.3203125000e+00 1.4081747256e+00 3.6522717366e-01
101 4.3242187500e+00 1.4059715473e+00 3.6508423453e-01
101 4.3281250000e+00 1.4037727191e+00 3.6494141003e-01
101 4.3320312500e+00 1.4015781993e+00 3.6479869799e-01
101 4.3359375000e+00 1.3993879999e+00 3.6465609972e-01
101 4.3398437500e+00 1.3972021061e+00 3.6451361478e-01
101 4.3437500000e+00 1.3950204987e+00 3.6437124245e-01
101 4.3476562500e+00 1.3928431800e+00 3.6422898341e-01
101 4.3515625000e+00 1.3906701367e+00 3.6408683733e-01
101 4.3554687500e+00 1.3885013448e+00 3.6394480314e-01
101 4.3593750000e+00 1.3863368107e+00 3.6380288180e-01
101 4.3632812500e+00 1.3841765365e+00 3.6366107398e-01
101 4.3671875000e+00 1.3820204770e+00 3.6351937722e-01
101 4.3710937500e+00 1.3798686408e+00 3.6337779261e-01
101 4.3750000000e+00 1.3777210135e+00 3.6323631973e-01
101 4.3789062500e+00 1.3755775958e+00 3.6309495914e-01
101 4.3828125000e+00 1.3734383782e+00 3.6295371075e-01
101 4.3867187500e+00 1.3713033334e+00 3.6281257326e-01
101 4.3906250000e+00 1.3691724532e+00 3.6267154665e-01
101 4.3945312500e+00 1.3670457786e+00 3.6253063416e-01
101 4.3984375000e+00 1.3649232159e+00 3.6238983008e-01
101 4.4023437500e+00 1.3628047897e+00 3.6224913658e-01
101 4.4062500000e+00 1.3606904896e+00 3.6210855346e-01
101 4.4101562500e+00 1.3585803263e+00 3.6196808196e-01
101 4.4140625000e+00 1.3564742694e+00 3.6182772056e-01
101 4.4179687500e+00 1.3543723405e+00 3.6168747122e-01
101 4.4218750000e+00 1.3522744856e+00 3.6154733085e-01
101 4.4257812500e+00 1.3501807161e+00 3.6140730072e-01
101 4.4296875000e+00 1.3480910109e+00 3.6126737992e-01
101 4.4335937500e+00 1.3460053892e+00 3.6112757026e-01
101 4.4375000000e+00 1.3439238080e+00 3.6098786935e-01
101 4.4414062500e+00 1.3418462648e+00 3.6084827754e-01
101 4.4453125000e+00 1.3397727702e+00 3.6070879603e-01
101 4.4492187500e+00 1.3377032812e+00 3.6056942246e-01
101 4.4531250000e+00 1.3356378189e+00 3.6043015874e-01
101 4.4570312500e+00 1.3335763612e+00 3.6029100388e-01
101 4.4609375000e+00 1.3315188951e+00 3.6015195752e-01
101 4.4648437500e+00 1.3294654260e+00 3.6001302051e-01
101 4.4687500000e+00 1.3274159115e+00 3.5987419049e-01
101 4.4726562500e+00 1.3253703768e+00 3.5973546966e-01
101 4.4765625000e+00 1.3233288234e+00 3.5959685864e-01
101 4.4804687500e+00 1.3212912018e+00 3.5945835455e-01
101 4.4843750000e+00 1.3192575272e+00 3.5931995894e-01
101 4.4882812500e+00 1.3172277854e+00 3.5918167132e-01
101 4.4921875000e+00 1.3152019666e+00 3.5904349154e-01
101 4.4960937500e+00 1.3131800348e+00 3.5890541762e-01
101 4.5000000000e+00 1.3111620193e+00 3.5876745207e-01
101 4.5039062500e+00 1.3091479052e+00 3.5862959435e-01
101 4.5078125000e+00 1.3071376782e+00 3.5849184399e-01
101 4.5117187500e+00 1.3051313279e+00 3.5835420076e-01
101 4.5156250000e+00 1.3031288389e+00 3.5821666410e-01
101 4.5195312500e+00 1.3011301982e+00 3.5807923361e-01
101 4.5234375000e+00 1.2991353914e+00 3.5794190878e-01
101 4.5273437500e+00 1.2971444495e+00 3.5780469224e-01
101 4.5312500000e+00 1.2951573253e+00 3.5766758122e-01
101 4.5351562500e+00 1.2931740388e+00 3.5753057760e-01
101 4.5390625000e+00 1.2911945681e+00 3.5739368034e-01
101 4.5429687500e+00 1.2892188802e+00 3.5725688766e-01
101 4.5468750000e+00 1.2872470061e+00 3.5712020218e-01
101 4.5507812500e+00 1.2852789146e+00 3.5698362222e-01
101 4.5546875000e+00 1.2833145984e+00 3.5684714776e-01
101 4.5585937500e+00 1.2813540551e+00 3.5671077912e-01
101 4.5625000000e+00 1.2793972446e+00 3.5657451400e-01
101 4.5664062500e+00 1.2774442023e+00 3.5643835533e-01
101 4.5703125000e+00 1.2754949043e+00 3.5630230193e-01
101 4.5742187500e+00 1.2735493434e+00 3.5616635377e-01
101 4.5781250000e+00 1.2716074926e+00 3.5603050947e-01
101 4.5820312500e+00 1.2696693726e+00 3.5589477092e-01
101 4.5859375000e+00 1.2677349544e+00 3.5575913660e-01
101 4.5898437500e+00 1.2658042263e+00 3.5562360613e-01
101 4.5937500000e+00 1.2638771961e+00 3.5548818057e-01
101 4.5976562500e+00 1.2619538510e+00 3.5535285948e-01
101 4.6015625000e+00 1.2600341765e+00 3.5521764231e-01
101 4.6054687500e+00 1.2581181656e+00 3.5508252905e-01
101 4.6093750000e+00 1.2562058165e+00 3.5494752003e-01
101 4.6132812500e+00 1.2542970954e+00 3.5481261337e-01
101 4.6171875000e+00 1.2523920233e+00 3.5467781098e-01
101 4.6210937500e+00 1.2504906008e+00 3.5454311341e-01
101 4.6250000000e+00 1.2485927887e+00 3.5440851833e-01
101 4.6289062500e+00 1.2466985949e+00 3.5427402680e-01
101 4.6328125000e+00 1.2448080040e+00 3.5413963816e-01
101 4.6367187500e+00 1.2429209995e+00 3.5400535173e-01
101 4.6406250000e+00 1.2410375966e+00 3.5387116905e-01
101 4.6445312500e+00 1.2391577638e+00 3.5373708833e-01
101 4.6484375000e+00 1.2372815205e+00 3.5360311144e-01
101 4.6523437500e+00 1.2354088344e+00 3.5346923653e-01
101 4.6562500000e+00 1.2335396954e+00 3.5333546334e-01
101 4.6601562500e+00 1.2316741031e+00 3.5320179231e-01
101 4.6640625000e+00 1.2298120760e+00 3.5306822522e-01
101 4.6679687500e+00 1.2279535649e+00 3.5293475902e-01
101 4.6718750000e+00 1.2260985605e+00 3.5280139348e-01
101 4.6757812500e+00 1.2242470750e+00 3.5266812995e-01
101 4.6796875000e+00 1.2223991125e+00 3.5253496918e-01
101 4.6835937500e+00 1.2205546414e+00 3.5240190937e-01
101 4.6875000000e+00 1.2187136642e+00 3.5226895113e-01
101 4.6914062500e+00 1.2168761829e+00 3.5213609509e-01
101 4.6953125000e+00 1.2150421694e+00 3.5200333966e-01
101 4.6992187500e+00 1.2132116293e+00 3.5187068571e-01
101 4.7031250000e+00 1.2113845489e+00 3.5173813269e-01
101 4.7070312500e+00 1.2095609047e+00 3.5160567937e-01
101 4.7109375000e+00 1.2077407181e+00 3.5147332774e-01
101 4.7148437500e+00 1.2059239658e+00 3.5134107658e-01
101 4.7187500000e+00 1.2041106368e+00 3.5120892551e-01
101 4.7226562500e+00 1.2023007313e+00 3.5107687503e-01
101 4.7265625000e+00 1.2004942259e+00 3.5094492387e-01
101 4.7304687500e+00 1.1986911425e+00 3.5081307406e-01
101 4.7343750000e+00 1.1968914464e+00 3.5068132355e-01
101 4.7382812500e+00 1.1950951534e+00 3.5054967392e-01
101 4.7421875000e+00 1.1933022449e+00 3.5041812428e-01
101 4.7460937500e+00 1.1915127142e+00 3.5028667456e-01
101 4.7500000000e+00 1.1897265309e+00 3.5015532299e-01
101 4.7539062500e+00 1.1879436980e+00 3.5002407024e-01
101 4.7578125000e+00 1.1861642382e+00 3.4989291842e-01
101 4.7617187500e+00 1.1843881150e+00 3.4976186528e-01
101 4.7656250000e+00 1.1826153272e+00 3.4963091118e-01
101 4.7695312500e+00 1.1808458709e+00 3.4950005628e-01
101 4.7734375000e+00 1.1790797461e+00 3.4936930102e-01
101 4.7773437500e+00 1.1773169236e+00 3.4923864369e-01
101 4.7812500000e+00 1.1755574078e+00 3.4910808505e-01
101 4.7851562500e+00 1.1738011921e+00 3.4897762504e-01
101 4.7890625000e+00 1.1720482598e+00 3.4884726288e-01
101 4.7929687500e+00 1.1702986241e+00 3.4871699999e-01
101 4.7968750000e+00 1.1685522675e+00 3.4858683550e-01
101 4.8007812500e+00 1.1668091629e+00 3.4845676782e-01
101 4.8046875000e+00 1.1650693408e+00 3.4832679968e-01
101 4.8085937500e+00 1.1633327602e+00 3.4819692845e-01
101 4.8125000000e+00 1.1615994388e+00 3.4806715589e-01
101 4.8164062500e+00 1.1598693470e+00 3.4793748021e-01
101 4.8203125000e+00 1.1581424835e+00 3.4780790176e-01
101 4.8242187500e+00 1.1564188524e+00 3.4767842128e-01
101 4.8281250000e+00 1.1546984389e+00 3.4754903809e-01
101 4.8320312500e+00 1.1529812337e+00 3.4741975192e-01
101 4.8359375000e+00 1.1512672324e+00 3.4729056288e-01
101 4.8398437500e+00 1.1495564359e+00 3.4716147147e-01
101 4.8437500000e+00 1.1478488196e+00 3.4703247626e-01
101 4.8476562500e+00 1.1461443822e+00 3.4690357758e-01
101 4.8515625000e+00 1.1444431363e+00 3.4677477682e-01
101 4.8554687500e+00 1.1427450672e+00 3.4664607330e-01
101 4.8593750000e+00 1.1410501439e+00 3.4651746509e-01
101 4.8632812500e+00 1.1393583770e+00 3.4638895343e-01
101 4.8671875000e+00 1.1376697536e+00 3.4626053776e-01
101 4.8710937500e+00 1.1359842673e+00 3.4613221803e-01
101 4.8750000000e+00 1.1343019175e+00 3.4600399461e-01
101 4.8789062500e+00 1.1326226906e+00 3.4587586690e-01
101 4.8828125000e+00 1.1309465807e+00 3.4574783486e-01
101 4.8867187500e+00 1.1292735992e+00 3.4561989980e-01
101 4.8906250000e+00 1.1276037088e+00 3.4549205928e-01
101 4.8945312500e+00 1.1259369210e+00 3.4536431462e-01
101 4.8984375000e+00 1.1242732221e+00 3.4523666518e-01
101 4.9023437500e+00 1.1226126087e+00 3.4510911112e-01
101 4.9062500000e+00 1.1209550755e+00 3.4498165246e-01
101 4.9101562500e+00 1.1193006099e+00 3.4485428864e-01
101 4.9140625000e+00 1.1176492028e+00 3.4472701940e-01
101 4.9179687500e+00 1.1160008630e+00 3.4459984581e-01
101 4.9218750000e+00 1.1143555816e+00 3.4447276764e-01
101 4.9257812500e+00 1.1127133336e+00 3.4434578334e-01
101 4.9296875000e+00 1.1110741173e+00 3.4421889323e-01
101 4.9335937500e+00 1.1094379395e+00 3.4409209822e-01
101 4.9375000000e+00 1.1078047808e+00 3.4396539724e-01
101 4.9414062500e+00 1.1061746288e+00 3.4383878974e-01
101 4.9453125000e+00 1.1045475114e+00 3.4371227831e-01
101 4.9492187500e+00 1.1029234008e+00 3.4358586120e-01
101 4.9531250000e+00 1.1013022741e+00 3.4345953704e-01
101 4.9570312500e+00 1.0996841365e+00 3.4333330665e-01
101 4.9609375000e+00 1.0980689771e+00 3.4320716959e-01
101 4.9648437500e+00 1.0964567985e+00 3.4308112647e-01
101 4.9687500000e+00 1.0948476029e+00 3.4295517788e-01
101 4.9726562500e+00 1.0932413601e+00 3.4282932187e-01
101 4.9765625000e+00 1.0916380771e+00 3.4270355939e-01
101 4.9804687500e+00 1.0900377441e+00 3.4257789009e-01
101 4.9843750000e+00 1.0884403523e+00 3.4245231368e-01
101 4.9882812500e+00 1.0868458947e+00 3.4232683002e-01
101 4.9921875000e+00 1.0852543756e+00 3.4220143987e-01
101 4.9960937500e+00 1.0836657858e+00 3.4207614288e-01
101 5.0000000000e+00 1.0820801285e+00 3.4195093975e-01
