76 1.0000000000e+00 1.0256736933e+01 6.0000000000e-01
76 1.0039062500e+00 1.0203586336e+01 5.9922118219e-01
76 1.0078125000e+00 1.0150970180e+01 5.9844719286e-01
76 1.0117187500e+00 1.0098880325e+01 5.9767797589e-01
76 1.0156250000e+00 1.0047308892e+01 5.9691347747e-01
76 1.0195312500e+00 9.9962481428e+00 5.9615364446e-01
76 1.0234375000e+00 9.9456904690e+00 5.9539842424e-01
76 1.0273437500e+00 9.8956284621e+00 5.9464776573e-01
76 1.0312500000e+00 9.8460548446e+00 5.9390161851e-01
76 1.0351562500e+00 9.7969624368e+00 5.9315993226e-01
76 1.0390625000e+00 9.7483442326e+00 5.9242265797e-01
76 1.0429687500e+00 9.7001933729e+00 5.9168974760e-01
76 1.0468750000e+00 9.6525028783e+00 5.9096114999e-01
76 1.0507812500e+00 9.6052665474e+00 5.9023682463e-01
76 1.0546875000e+00 9.5584774678e+00 5.8951671893e-01
76 1.0585937500e+00 9.5121295049e+00 5.8880079104e-01
76 1.0625000000e+00 9.4662163977e+00 5.8808899606e-01
76 1.0664062500e+00 9.4207318504e+00 5.8738128735e-01
76 1.0703125000e+00 9.3756698211e+00 5.8667762113e-01
76 1.0742187500e+00 9.3310244603e+00 5.8597795550e-01
76 1.0781250000e+00 9.2867902296e+00 5.8528225240e-01
76 1.0820312500e+00 9.2429602292e+00 5.8459045125e-01
76 1.0859375000e+00 9.1995313884e+00 5.8390255091e-01
76 1.0898437500e+00 9.1564951771e+00 5.8321846287e-01
76 1.0937500000e+00 9.1138476021e+00 5.8253816942e-01
76 1.0976562500e+00 9.0715842173e+00 5.8186164493e-01
76 1.1015625000e+00 9.0296985074e+00 5.8118882968e-01
76 1.1054687500e+00 8.9881854074e+00 5.8051968615e-01
76 1.1093750000e+00 8.9470401447e+00 5.7985418063e-01
76 1.1132812500e+00 8.9062578525e+00 5.7919227704e-01
76 1.1171875000e+00 8.8658339156e+00 5.7853394250e-01
76 1.1210937500e+00 8.8257634701e+00 5.7787913925e-01
76 1.1250000000e+00 8.7860414843e+00 5.7722782589e-01
76 1.1289062500e+00 8.7466631698e+00 5.7657996410e-01
76 1.1328125000e+00 8.7076243218e+00 5.7593552434e-01
76 1.1367187500e+00 8.6689204634e+00 5.7529447182e-01
76 1.1406250000e+00 8.6305470490e+00 5.7465676977e-01
76 1.1445312500e+00 8.5925000256e+00 5.7402238885e-01
76 1.1484375000e+00 8.5547748595e+00 5.7339129095e-01
76 1.1523437500e+00 8.5173676893e+00 5.7276344840e-01
76 1.1562500000e+00 8.4802742422e+00 5.7213882595e-01
76 1.1601562500e+00 8.4434909798e+00 5.7151739997e-01
76 1.1640625000e+00 8.4070120812e+00 5.7089910750e-01
76 1.1679687500e+00 8.3708371814e+00 5.7028397735e-01
76 1.1718750000e+00 8.3349583119e+00 5.6967190851e-01
76 1.1757812500e+00 8.2993741114e+00 5.6906291163e-01
76 1.1796875000e+00 8.2640814233e+00 5.6845696635e-01
76 1.1835937500e+00 8.2290745005e+00 5.6785400705e-01
76 1.1875000000e+00 8.1943505866e+00 5.6725401880e-01
76 1.1914062500e+00 8.1599070864e+00 5.6665698898e-01
76 1.1953125000e+00 8.1257400211e+00 5.6606288046e-01
76 1.1992187500e+00 8.0918452953e+00 5.6547165334e-01
76 1.2031250000e+00 8.0582197383e+00 5.6488328317e-01
76 1.2070312500e+00 8.0248604020e+00 5.6429774887e-01
76 1.2109375000e+00 7.9917643244e+00 5.6371502859e-01
76 1.2148437500e+00 7.9589279763e+00 5.6313508994e-01
76 1.2187500000e+00 7.9263478632e+00 5.6255790051e-01
76 1.2226562500e+00 7.8940207728e+00 5.6198343228e-01
76 1.2265625000e+00 7.8619441015e+00 5.6141166752e-01
76 1.2304687500e+00 7.8301147366e+00 5.6084257894e-01
76 1.2343750000e+00 7.7985300743e+00 5.6027614784e-01
76 1.2382812500e+00 7.7671864148e+00 5.5971233534e-01
76 1.2421875000e+00 7.7360820774e+00 5.5915113835e-01
76 1.2460937500e+00 7.7052115758e+00 5.5859248455e-01
76 1.2500000000e+00 7.6745763201e+00 5.5803642593e-01
76 1.2539062500e+00 7.6441690084e+00 5.5748285604e-01
76 1.2578125000e+00 7.6139899612e+00 5.5693180637e-01
76 1.2617187500e+00 7.5840361898e+00 5.5638324788e-01
76 1.2656250000e+00 7.5543035732e+00 5.5583713017e-01
76 1.2695312500e+00 7.5247908378e+00 5.5529345458e-01
76 1.2734375000e+00 7.4954959494e+00 5.5475220822e-01
76 1.2773437500e+00 7.4664146368e+00 5.5421333633e-01
76 1.2812500000e+00 7.4375452094e+00 5.5367683139e-01
76 1.2851562500e+00 7.4088854013e+00 5.5314267486e-01
76 1.2890625000e+00 7.3804333183e+00 5.5261085477e-01
76 1.2929687500e+00 7.3521853821e+00 5.5208132721e-01
76 1.2968750000e+00 7.3241397976e+00 5.5155408120e-01
76 1.3007812500e+00 7.2962943082e+00 5.5102909674e-01
76 1.3046875000e+00 7.2686472286e+00 5.5050636425e-01
76 1.3085937500e+00 7.2411959898e+00 5.4998585710e-01
76 1.3125000000e+00 7.2139379056e+00 5.4946754597e-01
76 1.3164062500e+00 7.1868710046e+00 5.4895141472e-01
76 1.3203125000e+00 7.1599928448e+00 5.4843743784e-01
76 1.3242187500e+00 7.1333027500e+00 5.4792562330e-01
76 1.3281250000e+00 7.1067965818e+00 5.4741591235e-01
76 1.3320312500e+00 7.0804749819e+00 5.4690833773e-01
76 1.3359375000e+00 7.0543326521e+00 5.4640281738e-01
76 1.3398437500e+00 7.0283695376e+00 5.4589937003e-01
76 1.3437500000e+00 7.0025840372e+00 5.4539798432e-01
76 1.3476562500e+00 6.9769725282e+00 5.4489860921e-01
76 1.3515625000e+00 6.9515349517e+00 5.4440126272e-01
76 1.3554687500e+00 6.9262691575e+00 5.4390592185e-01
76 1.3593750000e+00 6.9011717658e+00 5.4341253907e-01
76 1.3632812500e+00 6.8762421039e+00 5.4292111958e-01
76 1.3671875000e+00 6.8514789110e+00 5.4243165692e-01
76 1.3710937500e+00 6.8268792623e+00 5.4194411138e-01
76 1.3750000000e+00 6.8024415912e+00 5.4145846975e-01
76 1.3789062500e+00 6.7781643807e+00 5.4097471952e-01
76 1.3828125000e+00 6.7540471174e+00 5.4049286805e-01
76 1.3867187500e+00 6.7300866486e+00 5.4001286966e-01
76 1.3906250000e+00 6.7062812763e+00 5.3953470739e-01
76 1.3945312500e+00 6.6826296427e+00 5.3905837079e-01
76 1.3984375000e+00 6.6591307820e+00 5.3858385715e-01
76 1.4023437500e+00 6.6357821984e+00 5.3811113260e-01
76 1.4062500000e+00 6.6125834524e+00 5.3764020458e-01
76 1.4101562500e+00 6.5895306436e+00 5.3717101001e-01
76 1.4140625000e+00 6.5666257164e+00 5.3670360444e-01
76 1.4179687500e+00 6.5438639417e+00 5.3623790719e-01
76 1.4218750000e+00 6.5212463753e+00 5.3577395546e-01
76 1.4257812500e+00 6.4987704785e+00 5.3531171271e-01
76 1.4296875000e+00 6.4764337046e+00 5.3485114178e-01
76 1.4335937500e+00 6.4542360831e+00 5.3439225831e-01
76 1.4375000000e+00 6.4321759712e+00 5.3393504335e-01
76 1.4414062500e+00 6.4102514228e+00 5.3347947133e-01
76 1.4453125000e+00 6.3884617291e+00 5.3302554213e-01
76 1.4492187500e+00 6.3668057778e+00 5.3257324710e-01
76 1.4531250000e+00 6.3452808972e+00 5.3212254473e-01
76 1.4570312500e+00 6.3238864089e+00 5.3167343489e-01
76 1.4609375000e+00 6.3026218306e+00 5.3122592149e-01
76 1.4648437500e+00 6.2814853168e+00 5.3077997960e-01
76 1.4687500000e+00 6.2604753307e+00 5.3033559049e-01
76 1.4726562500e+00 6.2395906685e+00 5.2989274223e-01
76 1.4765625000e+00 6.2188307257e+00 5.2945143544e-01
76 1.4804687500e+00 6.1981940241e+00 5.2901165203e-01
76 1.4843750000e+00 6.1776780609e+00 5.2857335174e-01
76 1.4882812500e+00 6.1572838220e+00 5.2813656861e-01
76 1.4921875000e+00 6.1370076889e+00 5.2770123799e-01
76 1.4960937500e+00 6.1168519210e+00 5.2726742117e-01
76 1.5000000000e+00 6.0968121203e+00 5.2683503617e-01
76 1.5039062500e+00 6.0768886214e+00 5.2640410257e-01
76 1.5078125000e+00 6.0570802156e+00 5.2597460662e-01
76 1.5117187500e+00 6.0373849866e+00 5.2554651894e-01
76 1.5156250000e+00 6.0178035296e+00 5.2511986456e-01
76 1.5195312500e+00 5.9983335745e+00 5.2469460607e-01
76 1.5234375000e+00 5.9789735398e+00 5.2427072069e-01
76 1.5273437500e+00 5.9597236585e+00 5.2384822522e-01
76 1.5312500000e+00 5.9405826548e+00 5.2342710335e-01
76 1.5351562500e+00 5.9215490853e+00 5.2300733481e-01
76 1.5390625000e+00 5.9026218983e+00 5.2258890778e-01
76 1.5429687500e+00 5.8838009940e+00 5.2217183133e-01
76 1.5468750000e+00 5.8650841611e+00 5.2175606763e-01
76 1.5507812500e+00 5.8464705460e+00 5.2134160870e-01
76 1.5546875000e+00 5.8279598055e+00 5.2092845779e-01
76 1.5585937500e+00 5.8095514676e+00 5.2051661527e-01
76 1.5625000000e+00 5.7912439054e+00 5.2010605551e-01
76 1.5664062500e+00 5.7730351108e+00 5.1969674400e-01
76 1.5703125000e+00 5.7549266008e+00 5.1928872535e-01
76 1.5742187500e+00 5.7369154883e+00 5.1888194498e-01
76 1.5781250000e+00 5.7190024558e+00 5.1847642863e-01
76 1.5820312500e+00 5.7011847622e+00 5.1807212443e-01
76 1.5859375000e+00 5.6834628048e+00 5.1766905146e-01
76 1.5898437500e+00 5.6658363383e+00 5.1726721424e-01
76 1.5937500000e+00 5.6483026558e+00 5.1686656098e-01
76 1.5976562500e+00 5.6308624535e+00 5.1646711736e-01
76 1.6015625000e+00 5.6135139964e+00 5.1606885341e-01
76 1.6054687500e+00 5.5962567179e+00 5.1567176570e-01
76 1.6093750000e+00 5.5790905890e+00 5.1527586318e-01
76 1.6132812500e+00 5.5620142746e+00 5.1488112456e-01
76 1.6171875000e+00 5.5450263612e+00 5.1448752650e-01
76 1.6210937500e+00 5.5281266599e+00 5.1409507389e-01
76 1.6250000000e+00 5.5113148290e+00 5.1370376802e-01
76 1.6289062500e+00 5.4945896037e+00 5.1331358862e-01
76 1.6328125000e+00 5.4779498842e+00 5.1292451901e-01
76 1.6367187500e+00 5.4613956997e+00 5.1253656883e-01
76 1.6406250000e+00 5.4449256594e+00 5.1214971437e-01
76 1.6445312500e+00 5.4285394002e+00 5.1176395586e-01
76 1.6484375000e+00 5.4122356086e+00 5.1137927105e-01
76 1.6523437500e+00 5.3960157555e+00 5.1099570337e-01
76 1.6562500000e+00 5.3798761552e+00 5.1061317424e-01
76 1.6601562500e+00 5.3638181048e+00 5.1023172280e-01
76 1.6640625000e+00 5.3478395300e+00 5.0985130819e-01
76 1.6679687500e+00 5.3319409201e+00 5.0947195035e-01
76 1.6718750000e+00 5.3161215245e+00 5.0909363966e-01
76 1.6757812500e+00 5.3003798094e+00 5.0871634762e-01
76 1.6796875000e+00 5.2847162552e+00 5.0834009384e-01
76 1.6835937500e+00 5.2691296611e+00 5.0796485756e-01
76 1.6875000000e+00 5.2536191451e+00 5.0759062549e-01
76 1.6914062500e+00 5.2381846064e+00 5.0721740310e-01
76 1.6953125000e+00 5.2228248261e+00 5.0684516873e-01
76 1.6992187500e+00 5.2075393848e+00 5.0647391996e-01
76 1.7031250000e+00 5.1923281830e+00 5.0610366206e-01
76 1.7070312500e+00 5.1771905929e+00 5.0573438746e-01
76 1.7109375000e+00 5.1621250922e+00 5.0536606654e-01
76 1.7148437500e+00 5.1471314302e+00 5.0499870063e-01
76 1.7187500000e+00 5.1322096690e+00 5.0463229868e-01
76 1.7226562500e+00 5.1173588178e+00 5.0426684376e-01
76 1.7265625000e+00 5.1025785696e+00 5.0390233564e-01
76 1.7304687500e+00 5.0878676095e+00 5.0353874913e-01
76 1.7343750000e+00 5.0732270377e+00 5.0317611864e-01
76 1.7382812500e+00 5.0586539037e+00 5.0281437821e-01
76 1.7421875000e+00 5.0441496834e+00 5.0245357151e-01
76 1.7460937500e+00 5.0297130125e+00 5.0209367164e-01
76 1.7500000000e+00 5.0153433589e+00 5.0173467229e-01
76 1.7539062500e+00 5.0010404060e+00 5.0137657244e-01
76 1.7578125000e+00 4.9868028063e+00 5.0101934515e-01
76 1.7617187500e+00 4.9726316642e+00 5.0066302491e-01
76 1.7656250000e+00 4.9585256429e+00 5.0030758492e-01
76 1.7695312500e+00 4.9444837126e+00 4.9995300588e-01
76 1.7734375000e+00 4.9305062081e+00 4.9959930285e-01
76 1.7773437500e+00 4.9165919932e+00 4.9924645364e-01
76 1.7812500000e+00 4.9027409343e+00 4.9889446137e-01
76 1.7851562500e+00 4.8889525359e+00 4.9854331991e-01
76 1.7890625000e+00 4.8752263152e+00 4.9819302339e-01
76 1.7929687500e+00 4.8615616502e+00 4.9784356229e-01
76 1.7968750000e+00 4.8479582264e+00 4.9749493486e-01
76 1.8007812500e+00 4.8344160399e+00 4.9714714732e-01
76 1.8046875000e+00 4.8209335912e+00 4.9680016734e-01
76 1.8085937500e+00 4.8075111115e+00 4.9645400702e-01
76 1.8125000000e+00 4.7941477629e+00 4.9610865084e-01
76 1.8164062500e+00 4.7808441702e+00 4.9576412106e-01
76 1.8203125000e+00 4.7675983863e+00 4.9542037329e-01
76 1.8242187500e+00 4.7544111343e+00 4.9507743223e-01
76 1.8281250000e+00 4.7412814427e+00 4.9473527859e-01
76 1.8320312500e+00 4.7282087206e+00 4.9439390280e-01
76 1.8359375000e+00 4.7151932306e+00 4.9405331758e-01
76 1.8398437500e+00 4.7022339916e+00 4.9371350306e-01
76 1.8437500000e+00 4.6893312405e+00 4.9337447124e-01
76 1.8476562500e+00 4.6764838828e+00 4.9303619908e-01
76 1.8515625000e+00 4.6636913438e+00 4.9269867706e-01
76 1.8554687500e+00 4.6509540420e+00 4.9236192185e-01
76 1.8593750000e+00 4.6382713076e+00 4.9202592136e-01
76 1.8632812500e+00 4.6256422638e+00 4.9169065790e-01
76 1.8671875000e+00 4.6130670605e+00 4.9135614092e-01
76 1.8710937500e+00 4.6005449129e+00 4.9102235501e-01
76 1.8750000000e+00 4.5880758238e+00 4.9068930564e-01
76 1.8789062500e+00 4.5756593984e+00 4.9035698768e-01
76 1.8828125000e+00 4.5632953390e+00 4.9002539853e-01
76 1.8867187500e+00 4.5509826927e+00 4.8969451792e-01
76 1.8906250000e+00 4.5387218834e+00 4.8936436249e-01
76 1.8945312500e+00 4.5265119901e+00 4.8903491270e-01
76 1.8984375000e+00 4.5143531437e+00 4.8870617728e-01
76 1.9023437500e+00 4.5022438496e+00 4.8837812093e-01
76 1.9062500000e+00 4.4901854023e+00 4.8805078382e-01
76 1.9101562500e+00 4.4781765447e+00 4.8772413697e-01
76 1.9140625000e+00 4.4662169710e+00 4.8739817709e-01
76 1.9179687500e+00 4.4543066171e+00 4.8707290745e-01
76 1.9218750000e+00 4.4424448014e+00 4.8674831442e-01
76 1.9257812500e+00 4.4306314026e+00 4.8642439959e-01
76 1.9296875000e+00 4.4188659892e+00 4.8610115605e-01
76 1.9335937500e+00 4.4071482107e+00 4.8577857902e-01
76 1.9375000000e+00 4.3954783858e+00 4.8545668215e-01
76 1.9414062500e+00 4.3838554044e+00 4.8513543966e-01
76 1.9453125000e+00 4.3722787842e+00 4.8481484292e-01
76 1.9492187500e+00 4.3607489847e+00 4.8449490940e-01
76 1.9531250000e+00 4.3492655515e+00 4.8417563125e-01
76 1.9570312500e+00 4.3378278409e+00 4.8385699524e-01
76 1.9609375000e+00 4.3264356355e+00 4.8353899996e-01
76 1.9648437500e+00 4.3150887661e+00 4.8322164528e-01
76 1.9687500000e+00 4.3037866964e+00 4.8290492079e-01
76 1.9726562500e+00 4.2925297127e+00 4.8258883909e-01
76 1.9765625000e+00 4.2813168130e+00 4.8227337657e-01
76 1.9804687500e+00 4.2701482821e+00 4.8195854572e-01
76 1.9843750000e+00 4.2590230735e+00 4.8164432151e-01
76 1.9882812500e+00 4.2479420707e+00 4.8133073333e-01
76 1.9921875000e+00 4.2369041094e+00 4.8101775267e-01
76 1.9960937500e+00 4.2259089410e+00 4.8070537683e-01
76 2.0000000000e+00 4.2149569211e+00 4.8039362028e-01
76 2.0039062500e+00 4.2040471303e+00 4.8008246119e-01
76 2.0078125000e+00 4.1931796743e+00 4.7977190686e-01
76 2.0117187500e+00 4.1823539647e+00 4.7946194474e-01
76 2.0156250000e+00 4.1715697724e+00 4.7915257250e-01
76 2.0195312500e+00 4.1608271454e+00 4.7884379571e-01
76 2.0234375000e+00 4.1501255959e+00 4.7853560456e-01
76 2.0273437500e+00 4.1394649428e+00 4.7822799798e-01
76 2.0312500000e+00 4.1288452571e+00 4.7792098220e-01
76 2.0351562500e+00 4.1182658000e+00 4.7761453998e-01
76 2.0390625000e+00 4.1077262044e+00 4.7730866472e-01
76 2.0429687500e+00 4.0972265827e+00 4.7700336375e-01
76 2.0468750000e+00 4.0867669184e+00 4.7669864063e-01
76 2.0507812500e+00 4.0763463603e+00 4.7639447460e-01
76 2.0546875000e+00 4.0659653626e+00 4.7609088289e-01
76 2.0585937500e+00 4.0556228479e+00 4.7578783795e-01
76 2.0625000000e+00 4.0453193064e+00 4.7548535808e-01
76 2.0664062500e+00 4.0350540401e+00 4.7518342670e-01
76 2.0703125000e+00 4.0248274759e+00 4.7488206028e-01
76 2.0742187500e+00 4.0146385279e+00 4.7458123069e-01
76 2.0781250000e+00 4.0044871227e+00 4.7428093956e-01
76 2.0820312500e+00 3.9943738565e+00 4.7398120838e-01
76 2.0859375000e+00 3.9842976672e+00 4.7368200949e-01
76 2.0898437500e+00 3.9742585518e+00 4.7338334655e-01
76 2.0937500000e+00 3.9642563852e+00 4.7308521960e-01
76 2.0976562500e+00 3.9542909394e+00 4.7278762558e-01
76 2.1015625000e+00 3.9443620462e+00 4.7249056319e-01
76 2.1054687500e+00 3.9344692614e+00 4.7219402283e-01
76 2.1093750000e+00 3.9246124072e+00 4.7189800281e-01
76 2.1132812500e+00 3.9147917948e+00 4.7160251615e-01
76 2.1171875000e+00 3.9050066510e+00 4.7130754324e-01
76 2.1210937500e+00 3.8952568560e+00 4.7101308403e-01
76 2.1250000000e+00 3.8855423416e+00 4.7071914008e-01
76 2.1289062500e+00 3.8758629361e+00 4.7042570974e-01
76 2.1328125000e+00 3.8662179015e+00 4.7013277417e-01
76 2.1367187500e+00 3.8566078706e+00 4.6984035610e-01
76 2.1406250000e+00 3.8470321412e+00 4.6954843769e-01
76 2.1445312500e+00 3.8374911356e+00 4.6925703534e-01
76 2.1484375000e+00 3.8279837831e+00 4.6896611982e-01
76 2.1523437500e+00 3.8185104462e+00 4.6867570565e-01
76 2.1562500000e+00 3.8090704509e+00 4.6838577558e-01
76 2.1601562500e+00 3.7996640535e+00 4.6809634088e-01
76 2.1640625000e+00 3.7902912964e+00 4.6780740629e-01
76 2.1679687500e+00 3.7809512566e+00 4.6751894671e-01
76 2.1718750000e+00 3.7716441649e+00 4.6723097262e-01
76 2.1757812500e+00 3.7623699322e+00 4.6694348459e-01
76 2.1796875000e+00 3.7531282281e+00 4.6665647572e-01
76 2.1835937500e+00 3.7439189747e+00 4.6636994688e-01
76 2.1875000000e+00 3.7347417652e+00 4.6608388870e-01
76 2.1914062500e+00 3.7255966307e+00 4.6579830541e-01
76 2.1953125000e+00 3.7164835305e+00 4.6551319900e-01
76 2.1992187500e+00 3.7074020274e+00 4.6522855904e-01
76 2.2031250000e+00 3.6983519423e+00 4.6494438310e-01
76 2.2070312500e+00 3.6893333664e+00 4.6466067727e-01
76 2.2109375000e+00 3.6803460064e+00 4.6437743551e-01
76 2.2148437500e+00 3.6713893188e+00 4.6409464383e-01
76 2.2187500000e+00 3.6624639431e+00 4.6381232559e-01
76 2.2226562500e+00 3.6535688984e+00 4.6353045291e-01
76 2.2265625000e+00 3.6447045410e+00 4.6324904017e-01
76 2.2304687500e+00 3.6358704197e+00 4.6296807616e-01
76 2.2343750000e+00 3.6270667087e+00 4.6268756951e-01
76 2.2382812500e+00 3.6182929482e+00 4.6240750866e-01
76 2.2421875000e+00 3.6095488983e+00 4.6212788898e-01
76 2.2460937500e+00 3.6008348170e+00 4.6184872177e-01
76 2.2500000000e+00 3.5921499288e+00 4.6156998519e-01
76 2.2539062500e+00 3.5834946868e+00 4.6129169678e-01
76 2.2578125000e+00 3.5748689988e+00 4.6101385662e-01
76 2.2617187500e+00 3.5662722043e+00 4.6073644643e-01
76 2.2656250000e+00 3.5577043381e+00 4.6045947026e-01
76 2.2695312500e+00 3.5491651633e+00 4.6018292340e-01
76 2.2734375000e+00 3.5406547939e+00 4.5990681247e-01
76 2.2773437500e+00 3.5321730302e+00 4.5963113394e-01
76 2.2812500000e+00 3.5237194104e+00 4.5935587569e-01
76 2.2851562500e+00 3.5152941083e+00 4.5908104627e-01
76 2.2890625000e+00 3.5068969712e+00 4.5880664359e-01
76 2.2929687500e+00 3.4985278158e+00 4.5853266454e-01
76 2.2968750000e+00 3.4901861867e+00 4.5825909703e-01
76 2.3007812500e+00 3.4818727005e+00 4.5798596415e-01
76 2.3046875000e+00 3.4735864156e+00 4.5771323781e-01
76 2.3085937500e+00 3.4653276106e+00 4.5744092995e-01
76 2.3125000000e+00 3.4570960125e+00 4.5716903439e-01
76 2.3164062500e+00 3.4488916262e+00 4.5689755408e-01
76 2.3203125000e+00 3.4407141282e+00 4.5662648109e-01
76 2.3242187500e+00 3.4325634118e+00 4.5635581462e-01
76 2.3281250000e+00 3.4244396524e+00 4.5608556326e-01
76 2.3320312500e+00 3.4163422767e+00 4.5581571069e-01
76 2.3359375000e+00 3.4082714458e+00 4.5554626498e-01
76 2.3398437500e+00 3.4002269639e+00 4.5527722231e-01
76 2.3437500000e+00 3.3922084539e+00 4.5500857276e-01
76 2.3476562500e+00 3.3842162425e+00 4.5474032995e-01
76 2.3515625000e+00 3.3762500506e+00 4.5447248723e-01
76 2.3554687500e+00 3.3683095690e+00 4.5420503684e-01
76 2.3593750000e+00 3.3603948183e+00 4.5393798213e-01
76 2.3632812500e+00 3.3525054224e+00 4.5367131304e-01
76 2.3671875000e+00 3.3446416755e+00 4.5340504212e-01
76 2.3710937500e+00 3.3368033017e+00 4.5313916268e-01
76 2.3750000000e+00 3.3289901760e+00 4.5287367309e-01
76 2.3789062500e+00 3.3212018867e+00 4.5260856192e-01
76 2.3828125000e+00 3.3134389147e+00 4.5234384815e-01
76 2.3867187500e+00 3.3057004868e+00 4.5207950797e-01
76 2.3906250000e+00 3.2979868342e+00 4.5181555183e-01
76 2.3945312500e+00 3.2902978296e+00 4.5155197791e-01
76 2.3984375000e+00 3.2826333535e+00 4.5128878466e-01
76 2.4023437500e+00 3.2749931663e+00 4.5102596638e-01
76 2.4062500000e+00 3.2673773196e+00 4.5076352735e-01
76 2.4101562500e+00 3.2597857613e+00 4.5050146830e-01
76 2.4140625000e+00 3.2522180838e+00 4.5023977765e-01
76 2.4179687500e+00 3.2446743911e+00 4.4997846146e-01
76 2.4218750000e+00 3.2371545839e+00 4.4971751879e-01
76 2.4257812500e+00 3.2296583174e+00 4.4945694011e-01
76 2.4296875000e+00 3.2221857737e+00 4.4919673421e-01
76 2.4335937500e+00 3.2147367254e+00 4.4893689561e-01
76 2.4375000000e+00 3.2073109307e+00 4.4867741831e-01
76 2.4414062500e+00 3.1999085595e+00 4.4841831066e-01
76 2.4453125000e+00 3.1925293669e+00 4.4815956651e-01
76 2.4492187500e+00 3.1851732902e+00 4.4790118608e-01
76 2.4531250000e+00 3.1778400760e+00 4.4764316284e-01
76 2.4570312500e+00 3.1705296709e+00 4.4738549729e-01
76 2.4609375000e+00 3.1632420444e+00 4.4712819071e-01
76 2.4648437500e+00 3.1559774212e+00 4.4687125345e-01
76 2.4687500000e+00 3.1487350012e+00 4.4661465955e-01
76 2.4726562500e+00 3.1415150716e+00 4.4635842151e-01
76 2.4765625000e+00 3.1343175120e+00 4.4610253739e-01
76 2.4804687500e+00 3.1271421708e+00 4.4584700413e-01
76 2.4843750000e+00 3.1199889339e+00 4.4559181997e-01
76 2.4882812500e+00 3.1128578221e+00 4.4533698795e-01
76 2.4921875000e+00 3.1057488161e+00 4.4508250972e-01
76 2.4960937500e+00 3.0986614476e+00 4.4482837078e-01
76 2.5000000000e+00 3.0915959150e+00 4.4457458052e-01
76 2.5039062500e+00 3.0845520695e+00 4.4432113587e-01
76 2.5078125000e+00 3.0775297012e+00 4.4406803154e-01
76 2.5117187500e+00 3.0705289335e+00 4.4381527422e-01
76 2.5156250000e+00 3.0635495012e+00 4.4356285659e-01
76 2.5195312500e+00 3.0565913265e+00 4.4331077807e-01
76 2.5234375000e+00 3.0496545097e+00 4.4305904453e-01
76 2.5273437500e+00 3.0427386931e+00 4.4280764521e-01
76 2.5312500000e+00 3.0358438693e+00 4.4255658204e-01
76 2.5351562500e+00 3.0289699472e+00 4.4230585390e-01
76 2.5390625000e+00 3.0221169492e+00 4.4205546381e-01
76 2.5429687500e+00 3.0152846036e+00 4.4180540403e-01
76 2.5468750000e+00 3.0084730182e+00 4.4155568067e-01
76 2.5507812500e+00 3.0016817477e+00 4.4130627957e-01
76 2.5546875000e+00 2.9949111229e+00 4.4105721504e-01
76 2.5585937500e+00 2.9881610202e+00 4.4080848469e-01
76 2.5625000000e+00 2.9814311626e+00 4.4056008048e-01
76 2.5664062500e+00 2.9747214326e+00 4.4031200019e-01
76 2.5703125000e+00 2.9680318619e+00 4.4006424713e-01
76 2.5742187500e+00 2.9613623936e+00 4.3981682129e-01
76 2.5781250000e+00 2.9547128156e+00 4.3956971694e-01
76 2.5820312500e+00 2.9480832080e+00 4.3932293916e-01
76 2.5859375000e+00 2.9414734241e+00 4.3907648459e-01
76 2.5898437500e+00 2.9348832039e+00 4.3883034561e-01
76 2.5937500000e+00 2.9283126761e+00 4.3858452911e-01
76 2.5976562500e+00 2.9217617109e+00 4.3833903232e-01
76 2.6015625000e+00 2.9152301481e+00 4.3809385129e-01
76 2.6054687500e+00 2.9087181304e+00 4.3784899346e-01
76 2.6093750000e+00 2.9022253625e+00 4.3760444977e-01
76 2.6132812500e+00 2.8957518337e+00 4.3736022186e-01
76 2.6171875000e+00 2.8892974240e+00 4.3711630726e-01
76 2.6210937500e+00 2.8828621156e+00 4.3687270731e-01
76 2.6250000000e+00 2.8764456921e+00 4.3662941585e-01
76 2.6289062500e+00 2.8700482929e+00 4.3638644017e-01
76 2.6328125000e+00 2.8636695621e+00 4.3614376877e-01
76 2.6367187500e+00 2.8573098272e+00 4.3590141610e-01
76 2.6406250000e+00 2.8509687243e+00 4.3565937033e-01
76 2.6445312500e+00 2.8446460890e+00 4.3541762714e-01
76 2.6484375000e+00 2.8383419962e+00 4.3517619138e-01
76 2.6523437500e+00 2.8320565046e+00 4.3493506727e-01
76 2.6562500000e+00 2.8257893483e+00 4.3469424660e-01
76 2.6601562500e+00 2.8195403443e+00 4.3445372428e-01
76 2.6640625000e+00 2.8133096799e+00 4.3421350946e-01
76 2.6679687500e+00 2.8070972506e+00 4.3397360010e-01
76 2.6718750000e+00 2.8009028509e+00 4.3373399018e-01
76 2.6757812500e+00 2.7947265562e+00 4.3349468458e-01
76 2.6796875000e+00 2.7885681458e+00 4.3325567666e-01
76 2.6835937500e+00 2.7824275528e+00 4.3301696576e-01
76 2.6875000000e+00 2.7763048003e+00 4.3277855467e-01
76 2.6914062500e+00 2.7701997545e+00 4.3254044011e-01
76 2.6953125000e+00 2.7641123893e+00 4.3230262294e-01
76 2.6992187500e+00 2.7580426641e+00 4.3206510351e-01
76 2.7031250000e+00 2.7519904443e+00 4.3182787843e-01
76 2.7070312500e+00 2.7459555546e+00 4.3159094271e-01
76 2.7109375000e+00 2.7399381631e+00 4.3135430481e-01
76 2.7148437500e+00 2.7339380137e+00 4.3111795656e-01
76 2.7187500000e+00 2.7279552320e+00 4.3088190476e-01
76 2.7226562500e+00 2.7219895931e+00 4.3064614241e-01
76 2.7265625000e+00 2.7160410167e+00 4.3041066818e-01
76 2.7304687500e+00 2.7101095785e+00 4.3017548693e-01
76 2.7343750000e+00 2.7041950781e+00 4.2994059256e-01
76 2.7382812500e+00 2.6982974502e+00 4.2970598430e-01
76 2.7421875000e+00 2.6924165923e+00 4.2947165989e-01
76 2.7460937500e+00 2.6865526788e+00 4.2923762812e-01
76 2.7500000000e+00 2.6807054647e+00 4.2900388104e-01
76 2.7539062500e+00 2.6748748188e+00 4.2877041520e-01
76 2.7578125000e+00 2.6690608238e+00 4.2853723574e-01
76 2.7617187500e+00 2.6632633418e+00 4.2830433891e-01
76 2.7656250000e+00 2.6574823328e+00 4.2807172492e-01
76 2.7695312500e+00 2.6517177964e+00 4.2783939555e-01
76 2.7734375000e+00 2.6459695006e+00 4.2760734322e-01
76 2.7773437500e+00 2.6402374640e+00 4.2737557046e-01
76 2.7812500000e+00 2.6345216242e+00 4.2714407651e-01
76 2.7851562500e+00 2.6288220445e+00 4.2691286572e-01
76 2.7890625000e+00 2.6231384879e+00 4.2668193024e-01
76 2.7929687500e+00 2.6174710833e+00 4.2645127707e-01
76 2.7968750000e+00 2.6118195049e+00 4.2622089470e-01
76 2.8007812500e+00 2.6061838726e+00 4.2599078976e-01
76 2.8046875000e+00 2.6005640967e+00 4.2576096033e-01
76 2.8085937500e+00 2.5949600337e+00 4.2553140227e-01
76 2.8125000000e+00 2.5893718727e+00 4.2530212507e-01
76 2.8164062500e+00 2.5837993218e+00 4.2507311848e-01
76 2.8203125000e+00 2.5782423645e+00 4.2484438355e-01
76 2.8242187500e+00 2.5727009638e+00 4.2461592047e-01
76 2.8281250000e+00 2.5671751298e+00 4.2438773136e-01
76 2.8320312500e+00 2.5616646861e+00 4.2415981065e-01
76 2.8359375000e+00 2.5561695304e+00 4.2393215581e-01
76 2.8398437500e+00 2.5506898570e+00 4.2370477657e-01
76 2.8437500000e+00 2.5452254664e+00 4.2347766636e-01
76 2.8476562500e+00 2.5397761521e+00 4.2325081829e-01
76 2.8515625000e+00 2.5343420472e+00 4.2302423956e-01
76 2.8554687500e+00 2.5289229851e+00 4.2279792489e-01
76 2.8593750000e+00 2.5235190247e+00 4.2257187843e-01
76 2.8632812500e+00 2.5181300288e+00 4.2234609610e-01
76 2.8671875000e+00 2.5127560225e+00 4.2212058061e-01
76 2.8710937500e+00 2.5073968454e+00 4.2189532690e-01
76 2.8750000000e+00 2.5020525785e+00 4.2167034001e-01
76 2.8789062500e+00 2.4967230146e+00 4.2144561289e-01
76 2.8828125000e+00 2.4914082181e+00 4.2122114987e-01
76 2.8867187500e+00 2.4861080687e+00 4.2099694752e-01
76 2.8906250000e+00 2.4808224788e+00 4.2077300376e-01
76 2.8945312500e+00 2.4755514679e+00 4.2054932105e-01
76 2.8984375000e+00 2.4702949627e+00 4.2032589789e-01
76 2.9023437500e+00 2.4650529372e+00 4.2010273481e-01
76 2.9062500000e+00 2.4598253622e+00 4.1987983217e-01
76 2.9101562500e+00 2.4546121094e+00 4.1965718613e-01
76 2.9140625000e+00 2.4494131106e+00 4.1943479536e-01
76 2.9179687500e+00 2.4442283216e+00 4.1921265957e-01
76 2.9218750000e+00 2.4390578445e+00 4.1899078473e-01
76 2.9257812500e+00 2.4339014589e+00 4.1876916300e-01
76 2.9296875000e+00 2.4287591325e+00 4.1854779455e-01
76 2.9335937500e+00 2.4236309314e+00 4.1832668381e-01
76 2.9375000000e+00 2.4185167119e+00 4.1810582618e-01
76 2.9414062500e+00 2.4134164052e+00 4.1788522026e-01
76 2.9453125000e+00 2.4083299687e+00 4.1766486577e-01
76 2.9492187500e+00 2.4032574053e+00 4.1744476439e-01
76 2.9531250000e+00 2.3981986077e+00 4.1722491304e-01
76 2.9570312500e+00 2.3931536498e+00 4.1700531648e-01
76 2.9609375000e+00 2.3881223295e+00 4.1678596748e-01
76 2.9648437500e+00 2.3831046481e+00 4.1656686763e-01
76 2.9687500000e+00 2.3781005818e+00 4.1634801743e-01
76 2.9726562500e+00 2.3731100453e+00 4.1612941470e-01
76 2.9765625000e+00 2.3681330954e+00 4.1591106347e-01
76 2.9804687500e+00 2.3631695619e+00 4.1569295780e-01
76 2.9843750000e+00 2.3582194514e+00 4.1547509949e-01
76 2.9882812500e+00 2.3532827148e+00 4.1525748793e-01
76 2.9921875000e+00 2.3483592916e+00 4.1504012196e-01
76 2.9960937500e+00 2.3434491456e+00 4.1482300150e-01
76 3.0000000000e+00 2.3385522268e+00 4.1460612584e-01
76 3.0039062500e+00 2.3336685002e+00 4.1438949495e-01
76 3.0078125000e+00 2.3287978408e+00 4.1417310478e-01
76 3.0117187500e+00 2.3239402167e+00 4.1395695539e-01
76 3.0156250000e+00 2.3190957893e+00 4.1374105548e-01
76 3.0195312500e+00 2.3142643230e+00 4.1352539604e-01
76 3.0234375000e+00 2.3094457916e+00 4.1330997739e-01
76 3.0273437500e+00 2.3046401699e+00 4.1309479988e-01
76 3.0312500000e+00 2.2998474971e+00 4.1287986676e-01
76 3.0351562500e+00 2.2950675425e+00 4.1266516915e-01
76 3.0390625000e+00 2.2903004019e+00 4.1245071282e-01
76 3.0429687500e+00 2.2855459642e+00 4.1223649423e-01
76 3.0468750000e+00 2.2808042659e+00 4.1202251651e-01
76 3.0507812500e+00 2.2760752401e+00 4.1180877810e-01
76 3.0546875000e+00 2.2713587619e+00 4.1159527481e-01
76 3.0585937500e+00 2.2666548606e+00 4.1138200940e-01
76 3.0625000000e+00 2.2619634523e+00 4.1116897954e-01
76 3.0664062500e+00 2.2572845322e+00 4.1095618643e-01
76 3.0703125000e+00 2.2526180656e+00 4.1074362996e-01
76 3.0742187500e+00 2.2479639658e+00 4.1053130759e-01
76 3.0781250000e+00 2.2433222374e+00 4.1031922100e-01
76 3.0820312500e+00 2.2386927863e+00 4.1010736728e-01
76 3.0859375000e+00 2.2340756152e+00 4.0989574801e-01
76 3.0898437500e+00 2.2294706682e+00 4.0968436205e-01
76 3.0937500000e+00 2.2248778898e+00 4.0947320825e-01
76 3.0976562500e+00 2.2202973284e+00 4.0926229027e-01
76 3.1015625000e+00 2.2157287722e+00 4.0905159977e-01
76 3.1054687500e+00 2.2111722816e+00 4.0884114093e-01
76 3.1093750000e+00 2.2066278530e+00 4.0863091500e-01
76 3.1132812500e+00 2.2020954480e+00 4.0842092161e-01
76 3.1171875000e+00 2.1975748886e+00 4.0821115390e-01
76 3.1210937500e+00 2.1930662513e+00 4.0800161681e-01
76 3.1250000000e+00 2.1885694583e+00 4.0779230813e-01
76 3.1289062500e+00 2.1840845058e+00 4.0758322906e-01
76 3.1328125000e+00 2.1796113549e+00 4.0737437917e-01
76 3.1367187500e+00 2.1751499409e+00 4.0716575683e-01
76 3.1406250000e+00 2.1707002452e+00 4.0695736255e-01
76 3.1445312500e+00 2.1662622127e+00 4.0674919512e-01
76 3.1484375000e+00 2.1618357806e+00 4.0654125296e-01
76 3.1523437500e+00 2.1574209040e+00 4.0633353533e-01
76 3.1562500000e+00 2.1530175514e+00 4.0612604210e-01
76 3.1601562500e+00 2.1486257469e+00 4.0591877577e-01
76 3.1640625000e+00 2.1442454533e+00 4.0571173596e-01
76 3.1679687500e+00 2.1398765791e+00 4.0550491968e-01
76 3.1718750000e+00 2.1355190878e+00 4.0529832656e-01
76 3.1757812500e+00 2.1311729262e+00 4.0509195543e-01
76 3.1796875000e+00 2.1268381277e+00 4.0488580921e-01
76 3.1835937500e+00 2.1225146056e+00 4.0467988513e-01
76 3.1875000000e+00 2.1182023178e+00 4.0447418250e-01
76 3.1914062500e+00 2.1139013061e+00 4.0426870468e-01
76 3.1953125000e+00 2.1096114414e+00 4.0406344683e-01
76 3.1992187500e+00 2.1053326378e+00 4.0385840614e-01
76 3.2031250000e+00 2.1010650095e+00 4.0365358943e-01
76 3.2070312500e+00 2.0968084448e+00 4.0344899266e-01
76 3.2109375000e+00 2.0925628928e+00 4.0324461469e-01
76 3.2148437500e+00 2.0883283161e+00 4.0304045505e-01
76 3.2187500000e+00 2.0841046871e+00 4.0283651370e-01
76 3.2226562500e+00 2.0798920366e+00 4.0263279345e-01
76 3.2265625000e+00 2.0756902268e+00 4.0242928895e-01
76 3.2304687500e+00 2.0714992786e+00 4.0222600250e-01
76 3.2343750000e+00 2.0673191281e+00 4.0202293230e-01
76 3.2382812500e+00 2.0631497731e+00 4.0182007955e-01
76 3.2421875000e+00 2.0589911547e+00 4.0161744267e-01
76 3.2460937500e+00 2.0548432422e+00 4.0141502146e-01
76 3.2500000000e+00 2.0507060245e+00 4.0121281665e-01
76 3.2539062500e+00 2.0465794700e+00 4.0101082800e-01
76 3.2578125000e+00 2.0424635162e+00 4.0080905373e-01
76 3.2617187500e+00 2.0383581541e+00 4.0060749468e-01
76 3.2656250000e+00 2.0342632513e+00 4.0040614562e-01
76 3.2695312500e+00 2.0301788884e+00 4.0020501177e-01
76 3.2734375000e+00 2.0261049920e+00 4.0000409080e-01
76 3.2773437500e+00 2.0220415683e+00 3.9980338427e-01
76 3.2812500000e+00 2.0179885031e+00 3.9960288782e-01
76 3.2851562500e+00 2.0139459308e+00 3.9940260936e-01
76 3.2890625000e+00 2.0099136230e+00 3.9920253884e-01
76 3.2929687500e+00 2.0058915883e+00 3.9900267792e-01
76 3.2968750000e+00 2.0018798683e+00 3.9880302992e-01
76 3.3007812500e+00 1.9978783915e+00 3.9860359255e-01
76 3.3046875000e+00 1.9938871188e+00 3.9840436510e-01
76 3.3085937500e+00 1.9899059914e+00 3.9820534587e-01
76 3.3125000000e+00 1.9859350066e+00 3.9800653597e-01
76 3.3164062500e+00 1.9819741618e+00 3.9780793650e-01
76 3.3203125000e+00 1.9780233808e+00 3.9760954488e-01
76 3.3242187500e+00 1.9740826706e+00 3.9741136270e-01
76 3.3281250000e+00 1.9701519343e+00 3.9721338631e-01
76 3.3320312500e+00 1.9662311930e+00 3.9701561800e-01
76 3.3359375000e+00 1.9623204333e+00 3.9681805831e-01
76 3.3398437500e+00 1.9584195962e+00 3.9662070550e-01
76 3.3437500000e+00 1.9545286606e+00 3.9642355971e-01
76 3.3476562500e+00 1.9506475460e+00 3.9622661807e-01
76 3.3515625000e+00 1.9467762894e+00 3.9602988368e-01
76 3.3554687500e+00 1.9429148297e+00 3.9583335465e-01
76 3.3593750000e+00 1.9390631162e+00 3.9563702960e-01
76 3.3632812500e+00 1.9352211140e+00 3.9544090795e-01
76 3.3671875000e+00 1.9313888997e+00 3.9524499481e-01
76 3.3710937500e+00 1.9275663233e+00 3.9504928373e-01
76 3.3750000000e+00 1.9237533780e+00 3.9485377555e-01
76 3.3789062500e+00 1.9199500708e+00 3.9465847181e-01
76 3.3828125000e+00 1.9161563021e+00 3.9446336860e-01
76 3.3867187500e+00 1.9123720830e+00 3.9426846768e-01
76 3.3906250000e+00 1.9085974044e+00 3.9407376974e-01
76 3.3945312500e+00 1.9048322658e+00 3.9387927596e-01
76 3.3984375000e+00 1.9010766017e+00 3.9368498415e-01
76 3.4023437500e+00 1.8973303384e+00 3.9349089167e-01
76 3.4062500000e+00 1.8935934823e+00 3.9329700000e-01
76 3.4101562500e+00 1.8898660195e+00 3.9310330963e-01
76 3.4140625000e+00 1.8861479142e+00 3.9290981985e-01
76 3.4179687500e+00 1.8824391199e+00 3.9271652941e-01
76 3.4218750000e+00 1.8787395944e+00 3.9252343727e-01
76 3.4257812500e+00 1.8750493607e+00 3.9233054580e-01
76 3.4296875000e+00 1.8713683439e+00 3.9213785224e-01
76 3.4335937500e+00 1.8676965416e+00 3.9194535762e-01
76 3.4375000000e+00 1.8640339268e+00 3.9175306170e-01
76 3.4414062500e+00 1.8603804712e+00 3.9156096412e-01
76 3.4453125000e+00 1.8567361209e+00 3.9136906322e-01
76 3.4492187500e+00 1.8531008935e+00 3.9117736106e-01
76 3.4531250000e+00 1.8494746926e+00 3.9098585371e-01
76 3.4570312500e+00 1.8458575238e+00 3.9079454259e-01
76 3.4609375000e+00 1.8422494199e+00 3.9060343059e-01
76 3.4648437500e+00 1.8386502522e+00 3.9041251204e-01
76 3.4687500000e+00 1.8350600536e+00 3.9022178980e-01
76 3.4726562500e+00 1.8314787687e+00 3.9003126207e-01
76 3.4765625000e+00 1.8279063971e+00 3.8984092995e-01
76 3.4804687500e+00 1.8243428783e+00 3.8965079136e-01
76 3.4843750000e+00 1.8207882223e+00 3.8946084793e-01
76 3.4882812500e+00 1.8172424172e+00 3.8927110018e-01
76 3.4921875000e+00 1.8137054022e+00 3.8908154597e-01
76 3.4960937500e+00 1.8101771294e+00 3.8889218385e-01
76 3.5000000000e+00 1.8066575918e+00 3.8870301455e-01
76 3.5039062500e+00 1.8031467490e+00 3.8851403702e-01
76 3.5078125000e+00 1.7996446510e+00 3.8832525505e-01
76 3.5117187500e+00 1.7961511860e+00 3.8813666375e-01
76 3.5156250000e+00 1.7926663770e+00 3.8794826544e-01
76 3.5195312500e+00 1.7891901419e+00 3.8776005681e-01
76 3.5234375000e+00 1.7857225163e+00 3.8757204087e-01
76 3.5273437500e+00 1.7822634210e+00 3.8738421443e-01
76 3.5312500000e+00 1.7788128843e+00 3.8719658013e-01
76 3.5351562500e+00 1.7753707990e+00 3.8700913323e-01
76 3.5390625000e+00 1.7719372062e+00 3.8682187706e-01
76 3.5429687500e+00 1.7685121238e+00 3.8663481368e-01
76 3.5468750000e+00 1.7650954153e+00 3.8644793672e-01
76 3.5507812500e+00 1.7616871293e+00 3.8626124995e-01
76 3.5546875000e+00 1.7582872514e+00 3.8607475364e-01
76 3.5585937500e+00 1.7548957031e+00 3.8588844459e-01
76 3.5625000000e+00 1.7515124739e+00 3.8570232327e-01
76 3.5664062500e+00 1.7481375297e+00 3.8551638890e-01
76 3.5703125000e+00 1.7447709034e+00 3.8533064436e-01
76 3.5742187500e+00 1.7414125078e+00 3.8514508592e-01
76 3.5781250000e+00 1.7380623320e+00 3.8495971404e-01
76 3.5820312500e+00 1.7347203812e+00 3.8477453007e-01
76 3.5859375000e+00 1.7313865919e+00 3.8458953157e-01
76 3.5898437500e+00 1.7280609720e+00 3.8440472003e-01
76 3.5937500000e+00 1.7247434380e+00 3.8422009187e-01
76 3.5976562500e+00 1.7214340459e+00 3.8403565126e-01
76 3.6015625000e+00 1.7181327757e+00 3.8385139817e-01
76 3.6054687500e+00 1.7148395417e+00 3.8366732885e-01
76 3.6093750000e+00 1.7115543213e+00 3.8348344309e-01
76 3.6132812500e+00 1.7082771014e+00 3.8329974122e-01
76 3.6171875000e+00 1.7050078529e+00 3.8311622263e-01
76 3.6210937500e+00 1.7017465844e+00 3.8293288885e-01
76 3.6250000000e+00 1.6984932812e+00 3.8274974013e-01
76 3.6289062500e+00 1.6952478665e+00 3.8256677315e-01
76 3.6328125000e+00 1.6920103552e+00 3.8238398982e-01
76 3.6367187500e+00 1.6887807359e+00 3.8220139051e-01
76 3.6406250000e+00 1.6855589416e+00 3.8201897248e-01
76 3.6445312500e+00 1.6823449622e+00 3.8183673620e-01
76 3.6484375000e+00 1.6791387978e+00 3.8165468269e-01
76 3.6523437500e+00 1.6759404055e+00 3.8147281054e-01
76 3.6562500000e+00 1.6727497681e+00 3.8129111981e-01
76 3.6601562500e+00 1.6695668553e+00 3.8110960980e-01
76 3.6640625000e+00 1.6663916772e+00 3.8092828211e-01
76 3.6679687500e+00 1.6632241606e+00 3.8074713357e-01
76 3.6718750000e+00 1.6600643175e+00 3.8056616588e-01
76 3.6757812500e+00 1.6569121017e+00 3.8038537743e-01
76 3.6796875000e+00 1.6537675168e+00 3.8020476942e-01
76 3.6835937500e+00 1.6506305097e+00 3.8002433983e-01
76 3.6875000000e+00 1.6475010693e+00 3.7984408902e-01
76 3.6914062500e+00 1.6443791822e+00 3.7966401721e-01
76 3.6953125000e+00 1.6412648598e+00 3.7948412609e-01
76 3.6992187500e+00 1.6381580170e+00 3.7930441175e-01
76 3.7031250000e+00 1.6350586740e+00 3.7912487634e-01
76 3.7070312500e+00 1.6319667851e+00 3.7894551823e-01
76 3.7109375000e+00 1.6288823067e+00 3.7876633587e-01
76 3.7148437500e+00 1.6258053054e+00 3.7858733414e-01
76 3.7187500000e+00 1.6227357116e+00 3.7840850998e-01
76 3.7226562500e+00 1.6196734617e+00 3.7822986069e-01
76 3.7265625000e+00 1.6166185580e+00 3.7805138738e-01
76 3.7304687500e+00 1.6135709986e+00 3.7787309092e-01
76 3.7343750000e+00 1.6105307411e+00 3.7769496983e-01
76 3.7382812500e+00 1.6074977713e+00 3.7751702425e-01
76 3.7421875000e+00 1.6044720762e+00 3.7733925440e-01
76 3.7460937500e+00 1.6014536697e+00 3.7716166208e-01
76 3.7500000000e+00 1.5984424630e+00 3.7698424306e-01
76 3.7539062500e+00 1.5954384672e+00 3.7680699895e-01
76 3.7578125000e+00 1.5924416354e+00 3.7662992795e-01
76 3.7617187500e+00 1.5894520047e+00 3.7645303325e-01
76 3.7656250000e+00 1.5864694996e+00 3.7627631133e-01
76 3.7695312500e+00 1.5834941177e+00 3.7609976303e-01
76 3.7734375000e+00 1.5805258312e+00 3.7592338766e-01
76 3.7773437500e+00 1.5775646508e+00 3.7574718682e-01
76 3.7812500000e+00 1.5746105089e+00 3.7557115745e-01
76 3.7851562500e+00 1.5716634206e+00 3.7539530141e-01
76 3.7890625000e+00 1.5687233690e+00 3.7521961866e-01
76 3.7929687500e+00 1.5657903031e+00 3.7504410710e-01
76 3.7968750000e+00 1.5628642266e+00 3.7486876790e-01
76 3.8007812500e+00 1.5599450928e+00 3.7469359923e-01
76 3.8046875000e+00 1.5570328945e+00 3.7451860160e-01
76 3.8085937500e+00 1.5541276687e+00 3.7434377818e-01
76 3.8125000000e+00 1.5512293344e+00 3.7416912506e-01
76 3.8164062500e+00 1.5483378736e+00 3.7399464208e-01
76 3.8203125000e+00 1.5454532594e+00 3.7382032858e-01
76 3.8242187500e+00 1.5425754867e+00 3.7364618518e-01
76 3.8281250000e+00 1.5397045512e+00 3.7347221257e-01
76 3.8320312500e+00 1.5368404049e+00 3.7329840876e-01
76 3.8359375000e+00 1.5339830560e+00 3.7312477520e-01
76 3.8398437500e+00 1.5311324714e+00 3.7295131081e-01
76 3.8437500000e+00 1.5282886327e+00 3.7277801540e-01
76 3.8476562500e+00 1.5254515012e+00 3.7260488755e-01
76 3.8515625000e+00 1.5226210673e+00 3.7243192759e-01
76 3.8554687500e+00 1.5197973551e+00 3.7225913793e-01
76 3.8593750000e+00 1.5169803092e+00 3.7208651610e-01
76 3.8632812500e+00 1.5141699084e+00 3.7191406173e-01
76 3.8671875000e+00 1.5113661504e+00 3.7174177561e-01
76 3.8710937500e+00 1.5085690113e+00 3.7156965717e-01
76 3.8750000000e+00 1.5057784225e+00 3.7139770312e-01
76 3.8789062500e+00 1.5029944470e+00 3.7122591827e-01
76 3.8828125000e+00 1.5002170151e+00 3.7105429921e-01
76 3.8867187500e+00 1.4974461137e+00 3.7088284605e-01
76 3.8906250000e+00 1.4946817481e+00 3.7071156003e-01
76 3.8945312500e+00 1.4919238843e+00 3.7054043997e-01
76 3.8984375000e+00 1.4891724789e+00 3.7036948407e-01
76 3.9023437500e+00 1.4864275703e+00 3.7019869561e-01
76 3.9062500000e+00 1.4836891037e+00 3.7002807211e-01
76 3.9101562500e+00 1.4809570613e+00 3.6985761335e-01
76 3.9140625000e+00 1.4782313957e+00 3.6968731728e-01
76 3.9179687500e+00 1.4755121298e+00 3.6951718621e-01
76 3.9218750000e+00 1.4727992569e+00 3.6934722064e-01
76 3.9257812500e+00 1.4700927523e+00 3.6917741991e-01
76 3.9296875000e+00 1.4673925587e+00 3.6900778132e-01
76 3.9335937500e+00 1.4646986989e+00 3.6883830719e-01
76 3.9375000000e+00 1.4620111301e+00 3.6866899572e-01
76 3.9414062500e+00 1.4593298537e+00 3.6849984789e-01
76 3.9453125000e+00 1.4566548229e+00 3.6833086164e-01
76 3.9492187500e+00 1.4539860688e+00 3.6816203980e-01
76 3.9531250000e+00 1.4513235513e+00 3.6799338074e-01
76 3.9570312500e+00 1.4486672099e+00 3.6782488149e-01
76 3.9609375000e+00 1.4460171002e+00 3.6765654647e-01
76 3.9648437500e+00 1.4433731522e+00 3.6748837211e-01
76 3.9687500000e+00 1.4407353689e+00 3.6732035947e-01
76 3.9726562500e+00 1.4381037445e+00 3.6715250907e-01
76 3.9765625000e+00 1.4354782375e+00 3.6698481912e-01
76 3.9804687500e+00 1.4328588461e+00 3.6681729040e-01
76 3.9843750000e+00 1.4302455463e+00 3.6664992222e-01
76 3.9882812500e+00 1.4276383078e+00 3.6648271353e-01
76 3.9921875000e+00 1.4250371253e+00 3.6631566483e-01
76 3.9960937500e+00 1.4224419781e+00 3.6614877568e-01
76 4.0000000000e+00 1.4198528848e+00 3.6598204812e-01
76 4.0039062500e+00 1.4172697757e+00 3.6581547854e-01
76 4.0078125000e+00 1.4146926690e+00 3.6564906896e-01
76 4.0117187500e+00 1.4121215343e+00 3.6548281829e-01
76 4.0156250000e+00 1.4095563910e+00 3.6531672864e-01
76 4.0195312500e+00 1.4069971769e+00 3.6515079683e-01
76 4.0234375000e+00 1.4044438836e+00 3.6498502318e-01
76 4.0273437500e+00 1.4018964903e+00 3.6481940719e-01
76 4.0312500000e+00 1.3993549847e+00 3.6465394890e-01
76 4.0351562500e+00 1.3968193651e+00 3.6448864906e-01
76 4.0390625000e+00 1.3942895896e+00 3.6432350577e-01
76 4.0429687500e+00 1.3917656884e+00 3.6415852186e-01
76 4.0468750000e+00 1.3892476097e+00 3.6399369480e-01
76 4.0507812500e+00 1.3867353088e+00 3.6382902248e-01
76 4.0546875000e+00 1.3842288288e+00 3.6366450858e-01
76 4.0585937500e+00 1.3817281127e+00 3.6350015020e-01
76 4.0625000000e+00 1.3792331627e+00 3.6333594832e-01
76 4.0664062500e+00 1.3767439847e+00 3.6317190415e-01
76 4.0703125000e+00 1.3742605168e+00 3.6300801448e-01
76 4.0742187500e+00 1.3717827770e+00 3.6284428130e-01
76 4.0781250000e+00 1.3693107262e+00 3.6268070287e-01
76 4.0820312500e+00 1.3668443708e+00 3.6251728044e-01
76 4.0859375000e+00 1.3643836673e+00 3.6235401197e-01
76 4.0898437500e+00 1.3619286185e+00 3.6219089845e-01
76 4.0937500000e+00 1.3594792282e+00 3.6202794097e-01
76 4.0976562500e+00 1.3570354592e+00 3.6186513788e-01
76 4.1015625000e+00 1.3545972789e+00 3.6170248783e-01
76 4.1054687500e+00 1.3521646744e+00 3.6153999078e-01
76 4.1093750000e+00 1.3497376711e+00 3.6137764924e-01
76 4.1132812500e+00 1.3473162296e+00 3.6121546140e-01
76 4.1171875000e+00 1.3449003270e+00 3.6105342654e-01
76 4.1210937500e+00 1.3424899414e+00 3.6089154401e-01
76 4.1250000000e+00 1.3400851059e+00 3.6072981684e-01
76 4.1289062500e+00 1.3376857581e+00 3.6056824164e-01
76 4.1328125000e+00 1.3352918871e+00 3.6040681851e-01
76 4.1367187500e+00 1.3329035041e+00 3.6024554900e-01
76 4.1406250000e+00 1.3305205607e+00 3.6008443064e-01
76 4.1445312500e+00 1.3281430354e+00 3.5992346280e-01
76 4.1484375000e+00 1.3257709526e+00 3.5976264791e-01
76 4.1523437500e+00 1.3234042607e+00 3.5960198330e-01
76 4.1562500000e+00 1.3210429968e+00 3.5944147227e-01
76 4.1601562500e+00 1.3186870983e+00 3.5928111138e-01
76 4.1640625000e+00 1.3163365712e+00 3.5912090183e-01
76 4.1679687500e+00 1.3139913942e+00 3.5896084297e-01
76 4.1718750000e+00 1.3116515698e+00 3.5880093576e-01
76 4.1757812500e+00 1.3093170508e+00 3.5864117778e-01
76 4.1796875000e+00 1.3069878395e+00 3.5848156996e-01
76 4.1835937500e+00 1.3046639118e+00 3.5832211146e-01
76 4.1875000000e+00 1.3023452874e+00 3.5816280440e-01
76 4.1914062500e+00 1.3000319204e+00 3.5800364644e-01
76 4.1953125000e+00 1.2977237934e+00 3.5784463715e-01
76 4.1992187500e+00 1.2954208978e+00 3.5768577672e-01
76 4.2031250000e+00 1.2931232308e+00 3.5752706576e-01
76 4.2070312500e+00 1.2908307833e+00 3.5736850441e-01
76 4.2109375000e+00 1.2885435217e+00 3.5721009113e-01
76 4.2148437500e+00 1.2862614269e+00 3.5705182537e-01
76 4.2187500000e+00 1.2839845174e+00 3.5689370920e-01
76 4.2226562500e+00 1.2817127474e+00 3.5673574022e-01
76 4.2265625000e+00 1.2794461107e+00 3.5657791876e-01
76 4.2304687500e+00 1.2771846101e+00 3.5642024579e-01
76 4.2343750000e+00 1.2749282066e+00 3.5626271938e-01
76 4.2382812500e+00 1.2726768988e+00 3.5610534018e-01
76 4.2421875000e+00 1.2704306861e+00 3.5594810894e-01
76 4.2460937500e+00 1.2681895462e+00 3.5579102485e-01
76 4.2500000000e+00 1.2659534569e+00 3.5563408713e-01
76 4.2539062500e+00 1.2637224094e+00 3.5547729594e-01
76 4.2578125000e+00 1.2614963766e+00 3.5532065011e-01
76 4.2617187500e+00 1.2592753596e+00 3.5516415050e-01
76 4.2656250000e+00 1.2570593365e+00 3.5500779632e-01
76 4.2695312500e+00 1.2548483174e+00 3.5485158903e-01
76 4.2734375000e+00 1.2526422871e+00 3.5469552835e-01
76 4.2773437500e+00 1.2504412014e+00 3.5453961188e-01
76 4.2812500000e+00 1.2482450685e+00 3.5438384098e-01
76 4.2851562500e+00 1.2460538656e+00 3.5422821477e-01
76 4.2890625000e+00 1.2438675826e+00 3.5407273329e-01
76 4.2929687500e+00 1.2416861853e+00 3.5391739486e-01
76 4.2968750000e+00 1.2395096820e+00 3.5376220080e-01
76 4.3007812500e+00 1.2373381011e+00 3.5360715392e-01
76 4.3046875000e+00 1.2351713680e+00 3.5345224962e-01
76 4.3085937500e+00 1.2330094755e+00 3.5329748813e-01
76 4.3125000000e+00 1.2308524410e+00 3.5314287145e-01
76 4.3164062500e+00 1.2287002127e+00 3.5298839661e-01
76 4.3203125000e+00 1.2265528276e+00 3.5283406699e-01
76 4.3242187500e+00 1.2244102421e+00 3.5267988023e-01
76 4.3281250000e+00 1.2222724579e+00 3.5252583716e-01
76 4.3320312500e+00 1.2201394330e+00 3.5237193551e-01
76 4.3359375000e+00 1.2180111756e+00 3.5221817661e-01
76 4.3398437500e+00 1.2158876740e+00 3.5206456034e-01
76 4.3437500000e+00 1.2137689071e+00 3.5191108591e-01
76 4.3476562500e+00 1.2116548699e+00 3.5175775368e-01
76 4.3515625000e+00 1.2095455480e+00 3.5160456337e-01
76 4.3554687500e+00 1.2074409197e+00 3.5145151409e-01
76 4.3593750000e+00 1.2053409874e+00 3.5129860678e-01
76 4.3632812500e+00 1.2032457448e+00 3.5114584169e-01
76 4.3671875000e+00 1.2011551516e+00 3.5099321661e-01
76 4.3710937500e+00 1.1990692098e+00 3.5084073242e-01
76 4.3750000000e+00 1.1969879043e+00 3.5068838872e-01
76 4.3789062500e+00 1.1949112289e+00 3.5053618580e-01
76 4.3828125000e+00 1.1928391746e+00 3.5038412371e-01
76 4.3867187500e+00 1.1907717210e+00 3.5023220167e-01
76 4.3906250000e+00 1.1887088532e+00 3.5008041931e-01
76 4.3945312500e+00 1.1866505988e+00 3.4992877938e-01
76 4.3984375000e+00 1.1845968765e+00 3.4977727660e-01
76 4.4023437500e+00 1.1825477047e+00 3.4962591306e-01
76 4.4062500000e+00 1.1805030734e+00 3.4947468870e-01
76 4.4101562500e+00 1.1784629827e+00 3.4932360427e-01
76 4.4140625000e+00 1.1764273994e+00 3.4917265800e-01
76 4.4179687500e+00 1.1743963417e+00 3.4902185196e-01
76 4.4218750000e+00 1.1723697652e+00 3.4887118356e-01
76 4.4257812500e+00 1.1703476781e+00 3.4872065412e-01
76 4.4296875000e+00 1.1683300550e+00 3.4857026246e-01
76 4.4335937500e+00 1.1663169061e+00 3.4842001002e-01
76 4.4375000000e+00 1.1643081926e+00 3.4826989464e-01
76 4.4414062500e+00 1.1623039085e+00 3.4811991655e-01
76 4.4453125000e+00 1.1603040601e+00 3.4797007693e-01
76 4.4492187500e+00 1.1583086056e+00 3.4782037334e-01
76 4.4531250000e+00 1.1563175606e+00 3.4767080766e-01
76 4.4570312500e+00 1.1543309037e+00 3.4752137898e-01
76 4.4609375000e+00 1.1523486250e+00 3.4737208723e-01
76 4.4648437500e+00 1.1503707197e+00 3.4722293276e-01
76 4.4687500000e+00 1.1483971492e+00 3.4707391336e-01
76 4.4726562500e+00 1.1464279264e+00 3.4692503068e-01
76 4.4765625000e+00 1.1444630544e+00 3.4677628564e-01
76 4.4804687500e+00 1.1425024929e+00 3.4662767590e-01
76 4.4843750000e+00 1.1405462431e+00 3.4647920223e-01
76 4.4882812500e+00 1.1385942897e+00 3.4633086416e-01
76 4.4921875000e+00 1.1366466263e+00 3.4618266188e-01
76 4.4960937500e+00 1.1347032185e+00 3.4603459346e-01
76 4.5000000000e+00 1.1327640844e+00 3.4588666096e-01
76 4.5039062500e+00 1.1308292070e+00 3.4573886377e-01
76 4.5078125000e+00 1.1288985762e+00 3.4559120181e-01
76 4.5117187500e+00 1.1269721745e+00 3.4544367439e-01
76 4.5156250000e+00 1.1250499893e+00 3.4529628126e-01
76 4.5195312500e+00 1.1231320054e+00 3.4514902191e-01
76 4.5234375000e+00 1.1212182017e+00 3.4500189540e-01
76 4.5273437500e+00 1.1193086118e+00 3.4485490498e-01
76 4.5312500000e+00 1.1174031845e+00 3.4470804740e-01
76 4.5351562500e+00 1.1155019345e+00 3.4456132445e-01
76 4.5390625000e+00 1.1136048404e+00 3.4441473516e-01
76 4.5429687500e+00 1.1117118709e+00 3.4426827777e-01
76 4.5468750000e+00 1.1098230532e+00 3.4412195508e-01
76 4.5507812500e+00 1.1079383518e+00 3.4397576498e-01
76 4.5546875000e+00 1.1060577558e+00 3.4382970730e-01
76 4.5585937500e+00 1.1041812657e+00 3.4368378275e-01
76 4.5625000000e+00 1.1023088446e+00 3.4353798912e-01
76 4.5664062500e+00 1.1004405174e+00 3.4339232900e-01
76 4.5703125000e+00 1.0985762587e+00 3.4324680109e-01
76 4.5742187500e+00 1.0967160602e+00 3.4310140540e-01
76 4.5781250000e+00 1.0948598951e+00 3.4295614049e-01
76 4.5820312500e+00 1.0930077842e+00 3.4281100864e-01
76 4.5859375000e+00 1.0911596937e+00 3.4266600788e-01
76 4.5898437500e+00 1.0893156129e+00 3.4252113800e-01
76 4.5937500000e+00 1.0874755387e+00 3.4237639943e-01
76 4.5976562500e+00 1.0856394633e+00 3.4223179221e-01
76 4.6015625000e+00 1.0838073708e+00 3.4208731572e-01
76 4.6054687500e+00 1.0819792493e+00 3.4194296970e-01
76 4.6093750000e+00 1.0801550989e+00 3.4179875479e-01
76 4.6132812500e+00 1.0783348824e+00 3.4165466871e-01
76 4.6171875000e+00 1.0765186199e+00 3.4151071368e-01
76 4.6210937500e+00 1.0747063085e+00 3.4136689014e-01
76 4.6250000000e+00 1.0728979107e+00 3.4122319576e-01
76 4.6289062500e+00 1.0710934271e+00 3.4107963121e-01
76 4.6328125000e+00 1.0692928438e+00 3.4093619606e-01
76 4.6367187500e+00 1.0674961440e+00 3.4079288958e-01
76 4.6406250000e+00 1.0657033373e+00 3.4064971320e-01
76 4.6445312500e+00 1.0639143950e+00 3.4050666526e-01
76 4.6484375000e+00 1.0621293267e+00 3.4036374717e-01
76 4.6523437500e+00 1.0603481077e+00 3.4022095758e-01
76 4.6562500000e+00 1.0585707267e+00 3.4007829624e-01
76 4.6601562500e+00 1.0567971737e+00 3.3993576297e-01
76 4.6640625000e+00 1.0550274653e+00 3.3979335974e-01
76 4.6679687500e+00 1.0532615548e+00 3.3965108342e-01
76 4.6718750000e+00 1.0514994343e+00 3.3950893402e-01
76 4.6757812500e+00 1.0497411113e+00 3.3936691277e-01
76 4.6796875000e+00 1.0479865836e+00 3.3922502012e-01
76 4.6835937500e+00 1.0462358219e+00 3.3908325432e-01
76 4.6875000000e+00 1.0444888255e+00 3.3894161596e-01
76 4.6914062500e+00 1.0427455979e+00 3.3880010594e-01
76 4.6953125000e+00 1.0410061099e+00 3.3865872252e-01
76 4.6992187500e+00 1.0392703604e+00 3.3851746624e-01
76 4.7031250000e+00 1.0375383351e+00 3.3837633655e-01
76 4.7070312500e+00 1.0358100120e+00 3.3823533229e-01
76 4.7109375000e+00 1.0340854091e+00 3.3809445554e-01
76 4.7148437500e+00 1.0323645063e+00 3.3795370527e-01
76 4.7187500000e+00 1.0306472855e+00 3.3781308066e-01
76 4.7226562500e+00 1.0289337428e+00 3.3767258196e-01
76 4.7265625000e+00 1.0272238562e+00 3.3753220801e-01
76 4.7304687500e+00 1.0255176504e+00 3.3739196144e-01
76 4.7343750000e+00 1.0238150820e+00 3.3725183932e-01
76 4.7382812500e+00 1.0221161703e+00 3.3711184382e-01
76 4.7421875000e+00 1.0204208911e+00 3.3697197359e-01
76 4.7460937500e+00 1.0187292380e+00 3.3683222871e-01
76 4.7500000000e+00 1.0170411819e+00 3.3669260737e-01
76 4.7539062500e+00 1.0153567209e+00 3.3655311003e-01
76 4.7578125000e+00 1.0136758751e+00 3.3641373897e-01
76 4.7617187500e+00 1.0119986066e+00 3.3627449164e-01
76 4.7656250000e+00 1.0103249144e+00 3.3613536857e-01
76 4.7695312500e+00 1.0086547962e+00 3.3599637019e-01
76 4.7734375000e+00 1.0069882431e+00 3.3585749634e-01
76 4.7773437500e+00 1.0053252301e+00 3.3571874556e-01
76 4.7812500000e+00 1.0036657582e+00 3.3558011853e-01
76 4.7851562500e+00 1.0020098213e+00 3.3544161533e-01
76 4.7890625000e+00 1.0003573976e+00 3.3530323476e-01
76 4.7929687500e+00 9.9870849775e-01 3.3516497829e-01
76 4.7968750000e+00 9.9706310671e-01 3.3502684527e-01
76 4.8007812500e+00 9.9542119335e-01 3.3488883367e-01
76 4.8046875000e+00 9.9378278765e-01 3.3475094663e-01
76 4.8085937500e+00 9.9214784865e-01 3.3461318127e-01
76 4.8125000000e+00 9.9051639143e-01 3.3447553948e-01
76 4.8164062500e+00 9.8888838041e-01 3.3433801883e-01
76 4.8203125000e+00 9.8726381637e-01 3.3420061999e-01
76 4.8242187500e+00 9.8564270391e-01 3.3406334394e-01
76 4.8281250000e+00 9.8402502602e-01 3.3392618983e-01
76 4.8320312500e+00 9.8241077016e-01 3.3378915718e-01
76 4.8359375000e+00 9.8079992930e-01 3.3365224598e-01
76 4.8398437500e+00 9.7919250857e-01 3.3351545726e-01
76 4.8437500000e+00 9.7758847572e-01 3.3337878886e-01
76 4.8476562500e+00 9.7598783831e-01 3.3324224201e-01
76 4.8515625000e+00 9.7439059419e-01 3.3310581711e-01
76 4.8554687500e+00 9.7279673189e-01 3.3296951376e-01
76 4.8593750000e+00 9.7120621940e-01 3.3283332982e-01
76 4.8632812500e+00 9.6961906946e-01 3.3269726695e-01
76 4.8671875000e+00 9.6803526240e-01 3.3256132404e-01
76 4.8710937500e+00 9.6645479335e-01 3.3242550125e-01
76 4.8750000000e+00 9.6487766156e-01 3.3228979910e-01
76 4.8789062500e+00 9.6330384703e-01 3.3215421645e-01
76 4.8828125000e+00 9.6173334990e-01 3.3201875388e-01
76 4.8867187500e+00 9.6016617499e-01 3.3188341238e-01
76 4.8906250000e+00 9.5860228213e-01 3.3174818906e-01
76 4.8945312500e+00 9.5704168714e-01 3.3161308587e-01
76 4.8984375000e+00 9.5548436856e-01 3.3147810150e-01
76 4.9023437500e+00 9.5393032711e-01 3.3134323661e-01
76 4.9062500000e+00 9.5237955314e-01 3.3120849092e-01
76 4.9101562500e+00 9.5083203262e-01 3.3107386377e-01
76 4.9140625000e+00 9.4928775574e-01 3.3093935490e-01
76 4.9179687500e+00 9.4774672851e-01 3.3080496537e-01
76 4.9218750000e+00 9.4620894361e-01 3.3067069514e-01
76 4.9257812500e+00 9.4467437575e-01 3.3053654255e-01
76 4.9296875000e+00 9.4314301862e-01 3.3040250761e-01
76 4.9335937500e+00 9.4161487635e-01 3.3026859126e-01
76 4.9375000000e+00 9.4008993304e-01 3.3013479265e-01
76 4.9414062500e+00 9.3856817010e-01 3.3000111072e-01
76 4.9453125000e+00 9.3704961510e-01 3.2986754845e-01
76 4.9492187500e+00 9.3553423751e-01 3.2973410373e-01
76 4.9531250000e+00 9.3402201554e-01 3.2960077518e-01
76 4.9570312500e+00 9.3251295527e-01 3.2946756390e-01
76 4.9609375000e+00 9.3100704552e-01 3.2933446946e-01
76 4.9648437500e+00 9.2950428517e-01 3.2920149231e-01
76 4.9687500000e+00 9.2800467404e-01 3.2906863301e-01
76 4.9726562500e+00 9.2650817614e-01 3.2893588890e-01
76 4.9765625000e+00 9.2501480764e-01 3.2880326199e-01
76 4.9804687500e+00 9.2352455125e-01 3.2867075128e-01
76 4.9843750000e+00 9.2203739904e-01 3.2853835662e-01
76 4.9882812500e+00 9.2055333907e-01 3.2840607750e-01
76 4.9921875000e+00 9.1907237781e-01 3.2827391504e-01
76 4.9960937500e+00 9.1759449913e-01 3.2814186835e-01
76 5.0000000000e+00 9.1611971233e-01 3.2800993882e-01
