176 1.0000000000e+00 1.0256736933e+01 6.0000000000e-01
176 1.0039062500e+00 1.0203586336e+01 5.9922118219e-01
176 1.0078125000e+00 1.0150970180e+01 5.9844719286e-01
176 1.0117187500e+00 1.0098880326e+01 5.9767797590e-01
176 1.0156250000e+00 1.0047308894e+01 5.9691347750e-01
176 1.0195312500e+00 9.9962481484e+00 5.9615364455e-01
176 1.0234375000e+00 9.9456904819e+00 5.9539842443e-01
176 1.0273437500e+00 9.8956284885e+00 5.9464776613e-01
176 1.0312500000e+00 9.8460548943e+00 5.9390161926e-01
176 1.0351562500e+00 9.7969625236e+00 5.9315993357e-01
176 1.0390625000e+00 9.7483443756e+00 5.9242266015e-01
176 1.0429687500e+00 9.7001935979e+00 5.9168975103e-01
176 1.0468750000e+00 9.6525032177e+00 5.9096115518e-01
176 1.0507812500e+00 9.6052670438e+00 5.9023683225e-01
176 1.0546875000e+00 9.5584781722e+00 5.8951672979e-01
176 1.0585937500e+00 9.5121304806e+00 5.8880080614e-01
176 1.0625000000e+00 9.4662177209e+00 5.8808901661e-01
176 1.0664062500e+00 9.4207336102e+00 5.8738131479e-01
176 1.0703125000e+00 9.3756721214e+00 5.8667765712e-01
176 1.0742187500e+00 9.3310274223e+00 5.8597800200e-01
176 1.0781250000e+00 9.2867939947e+00 5.8528231172e-01
176 1.0820312500e+00 9.2429649481e+00 5.8459052586e-01
176 1.0859375000e+00 9.1995372549e+00 5.8390264400e-01
176 1.0898437500e+00 9.1565023793e+00 5.8321857756e-01
176 1.0937500000e+00 9.1138563621e+00 5.8253830940e-01
176 1.0976562500e+00 9.0715947959e+00 5.8186181456e-01
176 1.1015625000e+00 9.0297111749e+00 5.8118903351e-01
176 1.1054687500e+00 8.9882004600e+00 5.8051992920e-01
176 1.1093750000e+00 8.9470579097e+00 5.7985446847e-01
176 1.1132812500e+00 8.9062786881e+00 5.7919261578e-01
176 1.1171875000e+00 8.8658582170e+00 5.7853433894e-01
176 1.1210937500e+00 8.8257916642e+00 5.7787960076e-01
176 1.1250000000e+00 8.7860740225e+00 5.7722836032e-01
176 1.1289062500e+00 8.7467005345e+00 5.7658057987e-01
176 1.1328125000e+00 8.7076670333e+00 5.7593623059e-01
176 1.1367187500e+00 8.6689690828e+00 5.7529527845e-01
176 1.1406250000e+00 8.6306021647e+00 5.7465768722e-01
176 1.1445312500e+00 8.5925622745e+00 5.7402342849e-01
176 1.1484375000e+00 8.5548449089e+00 5.7339246472e-01
176 1.1523437500e+00 8.5174462519e+00 5.7276476916e-01
176 1.1562500000e+00 8.4803620697e+00 5.7214030731e-01
176 1.1601562500e+00 8.4435888800e+00 5.7151905662e-01
176 1.1640625000e+00 8.4071208429e+00 5.7090095392e-01
176 1.1679687500e+00 8.3709577507e+00 5.7028603086e-01
176 1.1718750000e+00 8.3350915379e+00 5.6967418491e-01
176 1.1757812500e+00 8.2995209690e+00 5.6906542901e-01
176 1.1796875000e+00 8.2642429622e+00 5.6845974425e-01
176 1.1835937500e+00 8.2292517235e+00 5.6785706438e-01
176 1.1875000000e+00 8.1945445726e+00 5.6725737594e-01
176 1.1914062500e+00 8.1601190063e+00 5.6666066809e-01
176 1.1953125000e+00 8.1259710729e+00 5.6606690435e-01
176 1.1992187500e+00 8.0920966872e+00 5.6547604521e-01
176 1.2031250000e+00 8.0584927313e+00 5.6488806733e-01
176 1.2070312500e+00 8.0251563174e+00 5.6430295089e-01
176 1.2109375000e+00 7.9920845658e+00 5.6372067572e-01
176 1.2148437500e+00 7.9592739607e+00 5.6314120988e-01
176 1.2187500000e+00 7.9267210392e+00 5.6256452176e-01
176 1.2226562500e+00 7.8944226382e+00 5.6199058444e-01
176 1.2265625000e+00 7.8623762154e+00 5.6141938153e-01
176 1.2304687500e+00 7.8305787000e+00 5.6085088675e-01
176 1.2343750000e+00 7.7990275780e+00 5.6028508327e-01
176 1.2382812500e+00 7.7677191387e+00 5.5972193227e-01
176 1.2421875000e+00 7.7366518155e+00 5.5916143299e-01
176 1.2460937500e+00 7.7058199924e+00 5.5860351107e-01
176 1.2500000000e+00 7.6752254390e+00 5.5804822529e-01
176 1.2539062500e+00 7.6448605593e+00 5.5749546417e-01
176 1.2578125000e+00 7.6147259353e+00 5.5694526425e-01
176 1.2617187500e+00 7.5848186142e+00 5.5639759746e-01
176 1.2656250000e+00 7.5551343930e+00 5.5585241224e-01
176 1.2695312500e+00 7.5256721852e+00 5.5530971367e-01
176 1.2734375000e+00 7.4964299987e+00 5.5476948998e-01
176 1.2773437500e+00 7.4674034883e+00 5.5423168542e-01
176 1.2812500000e+00 7.4385910592e+00 5.5369629455e-01
176 1.2851562500e+00 7.4099905057e+00 5.5316330031e-01
176 1.2890625000e+00 7.3816000641e+00 5.5263269353e-01
176 1.2929687500e+00 7.3534160391e+00 5.5210442851e-01
176 1.2968750000e+00 7.3254367350e+00 5.5157849648e-01
176 1.3007812500e+00 7.2976599654e+00 5.5105487915e-01
176 1.3046875000e+00 7.2700841374e+00 5.5053356906e-01
176 1.3085937500e+00 7.2427066790e+00 5.5001453995e-01
176 1.3125000000e+00 7.2155249295e+00 5.4949776339e-01
176 1.3164062500e+00 7.1885369562e+00 5.4898322436e-01
176 1.3203125000e+00 7.1617403108e+00 5.4847089766e-01
176 1.3242187500e+00 7.1351345231e+00 5.4796079561e-01
176 1.3281250000e+00 7.1087152846e+00 5.4745285664e-01
176 1.3320312500e+00 7.0824835875e+00 5.4694712066e-01
176 1.3359375000e+00 7.0564337487e+00 5.4644349865e-01
176 1.3398437500e+00 7.0305660118e+00 5.4594201553e-01
176 1.3437500000e+00 7.0048788591e+00 5.4544266203e-01
176 1.3476562500e+00 6.9793684792e+00 5.4494538388e-01
176 1.3515625000e+00 6.9540351111e+00 5.4445020537e-01
176 1.3554687500e+00 6.9288765634e+00 5.4395710321e-01
176 1.3593750000e+00 6.9038893255e+00 5.4346602773e-01
176 1.3632812500e+00 6.8790729128e+00 5.4297698835e-01
176 1.3671875000e+00 6.8544261577e+00 5.4248998090e-01
176 1.3710937500e+00 6.8299460264e+00 5.4200496403e-01
176 1.3750000000e+00 6.8056309977e+00 5.4152192592e-01
176 1.3789062500e+00 6.7814795926e+00 5.4104085531e-01
176 1.3828125000e+00 6.7574915905e+00 5.4056176589e-01
176 1.3867187500e+00 6.7336635687e+00 5.4008460715e-01
176 1.3906250000e+00 6.7099938798e+00 5.3960936362e-01
176 1.3945312500e+00 6.6864812159e+00 5.3913602638e-01
176 1.3984375000e+00 6.6631247853e+00 5.3866459674e-01
176 1.4023437500e+00 6.6399219438e+00 5.3819503838e-01
176 1.4062500000e+00 6.6168724999e+00 5.3772736430e-01
176 1.4101562500e+00 6.5939721412e+00 5.3726150360e-01
176 1.4140625000e+00 6.5712234614e+00 5.3679752553e-01
176 1.4179687500e+00 6.5486211752e+00 5.3633533869e-01
176 1.4218750000e+00 6.5261668315e+00 5.3587499085e-01
176 1.4257812500e+00 6.5038577166e+00 5.3541644249e-01
176 1.4296875000e+00 6.4816911112e+00 5.3495965344e-01
176 1.4335937500e+00 6.4596673260e+00 5.3450464569e-01
176 1.4375000000e+00 6.4377847201e+00 5.3405140090e-01
176 1.4414062500e+00 6.4160412563e+00 5.3359989218e-01
176 1.4453125000e+00 6.3944363474e+00 5.3315012251e-01
176 1.4492187500e+00 6.3729689770e+00 5.3270208581e-01
176 1.4531250000e+00 6.3516362014e+00 5.3225573550e-01
176 1.4570312500e+00 6.3304375085e+00 5.3181107546e-01
176 1.4609375000e+00 6.3093726306e+00 5.3136811471e-01
176 1.4648437500e+00 6.2884395830e+00 5.3092682599e-01
176 1.4687500000e+00 6.2676368116e+00 5.3048719080e-01
176 1.4726562500e+00 6.2469631046e+00 5.3004919763e-01
176 1.4765625000e+00 6.2264180444e+00 5.2961285164e-01
176 1.4804687500e+00 6.2060000969e+00 5.2917813418e-01
176 1.4843750000e+00 6.1857064825e+00 5.2874499969e-01
176 1.4882812500e+00 6.1655387309e+00 5.2831349439e-01
176 1.4921875000e+00 6.1454925674e+00 5.2788354024e-01
176 1.4960937500e+00 6.1255712058e+00 5.2745521955e-01
176 1.5000000000e+00 6.1057694075e+00 5.2702843293e-01
176 1.5039062500e+00 6.0860878667e+00 5.2660320832e-01
176 1.5078125000e+00 6.0665253763e+00 5.2617953260e-01
176 1.5117187500e+00 6.0470798272e+00 5.2575737283e-01
176 1.5156250000e+00 6.0277522351e+00 5.2533676377e-01
176 1.5195312500e+00 6.0085400592e+00 5.2491766276e-01
176 1.5234375000e+00 5.9894415639e+00 5.2450004429e-01
176 1.5273437500e+00 5.9704573148e+00 5.2408393302e-01
176 1.5312500000e+00 5.9515860145e+00 5.2366931278e-01
176 1.5351562500e+00 5.9328261473e+00 5.2325616239e-01
176 1.5390625000e+00 5.9141765540e+00 5.2284446825e-01
176 1.5429687500e+00 5.8956374272e+00 5.2243424651e-01
176 1.5468750000e+00 5.8772062431e+00 5.2202545310e-01
176 1.5507812500e+00 5.8588821790e+00 5.2161808130e-01
176 1.5546875000e+00 5.8406650356e+00 5.2121213820e-01
176 1.5585937500e+00 5.8225544945e+00 5.2080762819e-01
176 1.5625000000e+00 5.8045487812e+00 5.2040452303e-01
176 1.5664062500e+00 5.7866454579e+00 5.2000277922e-01
176 1.5703125000e+00 5.7688468639e+00 5.1960246038e-01
176 1.5742187500e+00 5.7511494956e+00 5.1920349876e-01
176 1.5781250000e+00 5.7335545332e+00 5.1880593192e-01
176 1.5820312500e+00 5.7160585879e+00 5.1840969405e-01
176 1.5859375000e+00 5.6986624732e+00 5.1801481421e-01
176 1.5898437500e+00 5.6813661739e+00 5.1762130279e-01
176 1.5937500000e+00 5.6641663570e+00 5.1722909444e-01
176 1.5976562500e+00 5.6470642670e+00 5.1683822793e-01
176 1.6015625000e+00 5.6300577842e+00 5.1644866515e-01
176 1.6054687500e+00 5.6131464276e+00 5.1606040525e-01
176 1.6093750000e+00 5.5963305019e+00 5.1567346542e-01
176 1.6132812500e+00 5.5796083992e+00 5.1528781879e-01
176 1.6171875000e+00 5.5629785433e+00 5.1490343893e-01
176 1.6210937500e+00 5.5464409303e+00 5.1452033557e-01
176 1.6250000000e+00 5.5299953938e+00 5.1413851470e-01
176 1.6289062500e+00 5.5136403878e+00 5.1375795016e-01
176 1.6328125000e+00 5.4973747638e+00 5.1337862481e-01
176 1.6367187500e+00 5.4811988222e+00 5.1300055519e-01
176 1.6406250000e+00 5.4651108518e+00 5.1262371074e-01
176 1.6445312500e+00 5.4491106998e+00 5.1224809724e-01
176 1.6484375000e+00 5.4331967531e+00 5.1187368606e-01
176 1.6523437500e+00 5.4173713509e+00 5.1150054155e-01
176 1.6562500000e+00 5.4016296403e+00 5.1112855846e-01
176 1.6601562500e+00 5.3859736548e+00 5.1075779379e-01
176 1.6640625000e+00 5.3704007723e+00 5.1038819442e-01
176 1.6679687500e+00 5.3549119662e+00 5.1001979230e-01
176 1.6718750000e+00 5.3395064337e+00 5.0965257724e-01
176 1.6757812500e+00 5.3241822242e+00 5.0928651146e-01
176 1.6796875000e+00 5.3089402865e+00 5.0892162629e-01
176 1.6835937500e+00 5.2937792143e+00 5.0855789672e-01
176 1.6875000000e+00 5.2786979853e+00 5.0819530673e-01
176 1.6914062500e+00 5.2636966786e+00 5.0783386667e-01
176 1.6953125000e+00 5.2487739160e+00 5.0747355172e-01
176 1.6992187500e+00 5.2339292039e+00 5.0711435823e-01
176 1.7031250000e+00 5.2191627495e+00 5.0675629948e-01
176 1.7070312500e+00 5.2044739318e+00 5.0639936868e-01
176 1.7109375000e+00 5.1898606814e+00 5.0604352362e-01
176 1.7148437500e+00 5.1753229240e+00 5.0568877043e-01
176 1.7187500000e+00 5.1608610840e+00 5.0533512747e-01
176 1.7226562500e+00 5.1464738473e+00 5.0498257056e-01
176 1.7265625000e+00 5.1321611237e+00 5.0463110535e-01
176 1.7304687500e+00 5.1179210690e+00 5.0428069431e-01
176 1.7343750000e+00 5.1037557194e+00 5.0393139532e-01
176 1.7382812500e+00 5.0896608135e+00 5.0358311095e-01
176 1.7421875000e+00 5.0756389745e+00 5.0323591355e-01
176 1.7460937500e+00 5.0616882802e+00 5.0288976314e-01
176 1.7500000000e+00 5.0478081622e+00 5.0254465306e-01
176 1.7539062500e+00 5.0339984821e+00 5.0220058728e-01
176 1.7578125000e+00 5.0202573943e+00 5.0185752712e-01
176 1.7617187500e+00 5.0065868130e+00 5.0151552766e-01
176 1.7656250000e+00 4.9929849864e+00 5.0117455245e-01
176 1.7695312500e+00 4.9794505316e+00 5.0083457394e-01
176 1.7734375000e+00 4.9659842920e+00 5.0049562044e-01
176 1.7773437500e+00 4.9525846807e+00 5.0015765907e-01
176 1.7812500000e+00 4.9392517483e+00 4.9982069809e-01
176 1.7851562500e+00 4.9259851001e+00 4.9948473451e-01
176 1.7890625000e+00 4.9127840916e+00 4.9914975893e-01
176 1.7929687500e+00 4.8996479972e+00 4.9881575976e-01
176 1.7968750000e+00 4.8865765435e+00 4.9848273684e-01
176 1.8007812500e+00 4.8735701231e+00 4.9815070697e-01
176 1.8046875000e+00 4.8606264934e+00 4.9781961960e-01
176 1.8085937500e+00 4.8477463332e+00 4.9748949868e-01
176 1.8125000000e+00 4.8349284592e+00 4.9716032045e-01
176 1.8164062500e+00 4.8221742067e+00 4.9683212580e-01
176 1.8203125000e+00 4.8094805515e+00 4.9650484342e-01
176 1.8242187500e+00 4.7968490143e+00 4.9617851890e-01
176 1.8281250000e+00 4.7842783089e+00 4.9585312545e-01
176 1.8320312500e+00 4.7717676516e+00 4.9552864908e-01
176 1.8359375000e+00 4.7593176805e+00 4.9520511265e-01
176 1.8398437500e+00 4.7469270160e+00 4.9488248657e-01
176 1.8437500000e+00 4.7345963458e+00 4.9456079498e-01
176 1.8476562500e+00 4.7223241359e+00 4.9424000405e-01
176 1.8515625000e+00 4.7101096297e+00 4.9392010003e-01
176 1.8554687500e+00 4.6979538023e+00 4.9360111452e-01
176 1.8593750000e+00 4.6858556698e+00 4.9328302778e-01
176 1.8632812500e+00 4.6738141636e+00 4.9296581767e-01
176 1.8671875000e+00 4.6618297104e+00 4.9264950133e-01
176 1.8710937500e+00 4.6499011865e+00 4.9233405498e-01
176 1.8750000000e+00 4.6380288141e+00 4.9201949033e-01
176 1.8789062500e+00 4.6262121317e+00 4.9170580097e-01
176 1.8828125000e+00 4.6144510447e+00 4.9139299019e-01
176 1.8867187500e+00 4.6027439353e+00 4.9108102065e-01
176 1.8906250000e+00 4.5910919829e+00 4.9076992943e-01
176 1.8945312500e+00 4.5794936558e+00 4.9045968132e-01
176 1.8984375000e+00 4.5679495465e+00 4.9015029775e-01
176 1.9023437500e+00 4.5564572387e+00 4.8984171946e-01
176 1.9062500000e+00 4.5450192418e+00 4.8953401932e-01
176 1.9101562500e+00 4.5336334616e+00 4.8922714656e-01
176 1.9140625000e+00 4.5222997235e+00 4.8892110186e-01
176 1.9179687500e+00 4.5110181921e+00 4.8861589507e-01
176 1.9218750000e+00 4.4997877772e+00 4.8831150206e-01
176 1.9257812500e+00 4.4886086075e+00 4.8800793162e-01
176 1.9296875000e+00 4.4774800880e+00 4.8770517286e-01
176 1.9335937500e+00 4.4664017785e+00 4.8740321903e-01
176 1.9375000000e+00 4.4553744773e+00 4.8710209713e-01
176 1.9414062500e+00 4.4443965159e+00 4.8680176681e-01
176 1.9453125000e+00 4.4334672332e+00 4.8650221504e-01
176 1.9492187500e+00 4.4225876162e+00 4.8620347393e-01
176 1.9531250000e+00 4.4117570367e+00 4.8590553138e-01
176 1.9570312500e+00 4.4009746385e+00 4.8560836885e-01
176 1.9609375000e+00 4.3902402391e+00 4.8531198627e-01
176 1.9648437500e+00 4.3795537895e+00 4.8501638725e-01
176 1.9687500000e+00 4.3689143718e+00 4.8472155130e-01
176 1.9726562500e+00 4.3583229162e+00 4.8442750911e-01
176 1.9765625000e+00 4.3477776046e+00 4.8413421506e-01
176 1.9804687500e+00 4.3372794445e+00 4.8384170199e-01
176 1.9843750000e+00 4.3268264793e+00 4.8354992013e-01
176 1.9882812500e+00 4.3164206685e+00 4.8325892896e-01
176 1.9921875000e+00 4.3060600494e+00 4.8296867836e-01
176 1.9960937500e+00 4.2957442999e+00 4.8267916394e-01
176 2.0000000000e+00 4.2854743741e+00 4.8239041715e-01
176 2.0039062500e+00 4.2752487074e+00 4.8210239865e-01
176 2.0078125000e+00 4.2650678473e+00 4.8181512845e-01
176 2.0117187500e+00 4.2549308218e+00 4.8152858368e-01
176 2.0156250000e+00 4.2448373787e+00 4.8124276171e-01
176 2.0195312500e+00 4.2347878561e+00 4.8095767661e-01
176 2.0234375000e+00 4.2247814375e+00 4.8067330969e-01
176 2.0273437500e+00 4.2148180786e+00 4.8038966414e-01
176 2.0312500000e+00 4.2048980700e+00 4.8010675268e-01
176 2.0351562500e+00 4.1950202279e+00 4.7982454595e-01
176 2.0390625000e+00 4.1851840778e+00 4.7954303469e-01
176 2.0429687500e+00 4.1753900638e+00 4.7926223590e-01
176 2.0468750000e+00 4.1656382314e+00 4.7898215524e-01
176 2.0507812500e+00 4.1559271862e+00 4.7870275693e-01
176 2.0546875000e+00 4.1462580862e+00 4.7842407852e-01
176 2.0585937500e+00 4.1366289324e+00 4.7814606661e-01
176 2.0625000000e+00 4.1270411094e+00 4.7786876534e-01
176 2.0664062500e+00 4.1174930967e+00 4.7759213490e-01
176 2.0703125000e+00 4.1079861390e+00 4.7731621550e-01
176 2.0742187500e+00 4.0985182557e+00 4.7704095378e-01
176 2.0781250000e+00 4.0890895250e+00 4.7676635599e-01
176 2.0820312500e+00 4.0797014006e+00 4.7649246858e-01
176 2.0859375000e+00 4.0703517640e+00 4.7621923380e-01
176 2.0898437500e+00 4.0610410263e+00 4.7594666762e-01
176 2.0937500000e+00 4.0517689202e+00 4.7567476619e-01
176 2.0976562500e+00 4.0425352448e+00 4.7540352756e-01
176 2.1015625000e+00 4.0333400235e+00 4.7513295637e-01
176 2.1054687500e+00 4.0241823571e+00 4.7486303004e-01
176 2.1093750000e+00 4.0150621284e+00 4.7459374894e-01
176 2.1132812500e+00 4.0059802083e+00 4.7432514267e-01
176 2.1171875000e+00 3.9969351313e+00 4.7405717174e-01
176 2.1210937500e+00 3.9879269661e+00 4.7378984196e-01
176 2.1250000000e+00 3.9789556654e+00 4.7352315568e-01
176 2.1289062500e+00 3.9700211172e+00 4.7325711335e-01
176 2.1328125000e+00 3.9611219482e+00 4.7299167773e-01
176 2.1367187500e+00 3.9522597522e+00 4.7272690008e-01
176 2.1406250000e+00 3.9434331395e+00 4.7246274257e-01
176 2.1445312500e+00 3.9346431275e+00 4.7219923937e-01
176 2.1484375000e+00 3.9258877785e+00 4.7193633601e-01
176 2.1523437500e+00 3.9171680385e+00 4.7167406450e-01
176 2.1562500000e+00 3.9084827059e+00 4.7141239225e-01
176 2.1601562500e+00 3.8998324150e+00 4.7115134190e-01
176 2.1640625000e+00 3.8912175118e+00 4.7089092751e-01
176 2.1679687500e+00 3.8826361953e+00 4.7063109815e-01
176 2.1718750000e+00 3.8740891778e+00 4.7037187884e-01
176 2.1757812500e+00 3.8655764089e+00 4.7011327155e-01
176 2.1796875000e+00 3.8570973271e+00 4.6985526269e-01
176 2.1835937500e+00 3.8486520622e+00 4.6959785964e-01
176 2.1875000000e+00 3.8402398199e+00 4.6934104160e-01
176 2.1914062500e+00 3.8318608988e+00 4.6908482106e-01
176 2.1953125000e+00 3.8235153337e+00 4.6882920249e-01
176 2.1992187500e+00 3.8152023415e+00 4.6857416525e-01
176 2.2031250000e+00 3.8069218921e+00 4.6831971174e-01
176 2.2070312500e+00 3.7986741860e+00 4.6806585143e-01
176 2.2109375000e+00 3.7904588234e+00 4.6781257535e-01
176 2.2148437500e+00 3.7822747645e+00 4.6755985466e-01
176 2.2187500000e+00 3.7741236346e+00 4.6730774282e-01
176 2.2226562500e+00 3.7660032987e+00 4.6705617704e-01
176 2.2265625000e+00 3.7579150395e+00 4.6680520025e-01
176 2.2304687500e+00 3.7498576868e+00 4.6655477933e-01
176 2.2343750000e+00 3.7418320039e+00 4.6630494120e-01
176 2.2382812500e+00 3.7338370879e+00 4.6605566093e-01
176 2.2421875000e+00 3.7258726069e+00 4.6580693126e-01
176 2.2460937500e+00 3.7179393413e+00 4.6555877970e-01
176 2.2500000000e+00 3.7100356128e+00 4.6531115683e-01
176 2.2539062500e+00 3.7021626283e+00 4.6506410352e-01
176 2.2578125000e+00 3.6943203550e+00 4.6481762187e-01
176 2.2617187500e+00 3.6865074523e+00 4.6457167281e-01
176 2.2656250000e+00 3.6787243221e+00 4.6432627197e-01
176 2.2695312500e+00 3.6709705007e+00 4.6408140773e-01
176 2.2734375000e+00 3.6632463626e+00 4.6383709490e-01
176 2.2773437500e+00 3.6555517391e+00 4.6359333116e-01
176 2.2812500000e+00 3.6478856313e+00 4.6335008779e-01
176 2.2851562500e+00 3.6402486649e+00 4.6310738758e-01
176 2.2890625000e+00 3.6326405530e+00 4.6286522434e-01
176 2.2929687500e+00 3.6250611614e+00 4.6262359673e-01
176 2.2968750000e+00 3.6175095003e+00 4.6238247603e-01
176 2.3007812500e+00 3.6099873700e+00 4.6214192264e-01
176 2.3046875000e+00 3.6024924232e+00 4.6190186438e-01
176 2.3085937500e+00 3.5950257387e+00 4.6166233860e-01
176 2.3125000000e+00 3.5875867233e+00 4.6142332909e-01
176 2.3164062500e+00 3.5801756192e+00 4.6118484645e-01
176 2.3203125000e+00 3.5727917551e+00 4.6094687187e-01
176 2.3242187500e+00 3.5654350369e+00 4.6070940506e-01
176 2.3281250000e+00 3.5581061713e+00 4.6047247162e-01
176 2.3320312500e+00 3.5508037704e+00 4.6023602944e-01
176 2.3359375000e+00 3.5435285399e+00 4.6000010406e-01
176 2.3398437500e+00 3.5362801368e+00 4.5976468710e-01
176 2.3437500000e+00 3.5290577985e+00 4.5952975645e-01
176 2.3476562500e+00 3.5218624601e+00 4.5929534522e-01
176 2.3515625000e+00 3.5146934738e+00 4.5906143500e-01
176 2.3554687500e+00 3.5075503946e+00 4.5882801392e-01
176 2.3593750000e+00 3.5004335457e+00 4.5859509515e-01
176 2.3632812500e+00 3.4933420277e+00 4.5836265188e-01
176 2.3671875000e+00 3.4862767877e+00 4.5813071773e-01
176 2.3710937500e+00 3.4792371662e+00 4.5789927370e-01
176 2.3750000000e+00 3.4722231390e+00 4.5766832158e-01
176 2.3789062500e+00 3.4652338005e+00 4.5743783407e-01
176 2.3828125000e+00 3.4582706223e+00 4.5720786227e-01
176 2.3867187500e+00 3.4513316567e+00 4.5697834441e-01
176 2.3906250000e+00 3.4444178382e+00 4.5674931386e-01
176 2.3945312500e+00 3.4375288096e+00 4.5652076131e-01
176 2.3984375000e+00 3.4306646237e+00 4.5629269104e-01
176 2.4023437500e+00 3.4238246474e+00 4.5606508445e-01
176 2.4062500000e+00 3.4170091970e+00 4.5583795455e-01
176 2.4101562500e+00 3.4102183735e+00 4.5561130716e-01
176 2.4140625000e+00 3.4034512212e+00 4.5538511285e-01
176 2.4179687500e+00 3.3967082245e+00 4.5515939018e-01
176 2.4218750000e+00 3.3899893721e+00 4.5493414123e-01
176 2.4257812500e+00 3.3832937666e+00 4.5470933830e-01
176 2.4296875000e+00 3.3766221081e+00 4.5448500725e-01
176 2.4335937500e+00 3.3699739375e+00 4.5426113505e-01
176 2.4375000000e+00 3.3633488608e+00 4.5403771076e-01
176 2.4414062500e+00 3.3567473844e+00 4.5381475382e-01
176 2.4453125000e+00 3.3501689435e+00 4.5359224750e-01
176 2.4492187500e+00 3.3436137590e+00 4.5337020160e-01
176 2.4531250000e+00 3.3370811360e+00 4.5314859489e-01
176 2.4570312500e+00 3.3305712753e+00 4.5292743645e-01
176 2.4609375000e+00 3.3240839711e+00 4.5270672155e-01
176 2.4648437500e+00 3.3176201538e+00 4.5248648421e-01
176 2.4687500000e+00 3.3111777749e+00 4.5226665686e-01
176 2.4726562500e+00 3.3047579713e+00 4.5204728050e-01
176 2.4765625000e+00 3.2983603762e+00 4.5182834485e-01
176 2.4804687500e+00 3.2919848209e+00 4.5160984636e-01
176 2.4843750000e+00 3.2856311008e+00 4.5139178022e-01
176 2.4882812500e+00 3.2792993015e+00 4.5117415157e-01
176 2.4921875000e+00 3.2729896933e+00 4.5095697190e-01
176 2.4960937500e+00 3.2667011036e+00 4.5074020305e-01
176 2.5000000000e+00 3.2604342504e+00 4.5052387188e-01
176 2.5039062500e+00 3.2541888820e+00 4.5030797189e-01
176 2.5078125000e+00 3.2479644999e+00 4.5009248796e-01
176 2.5117187500e+00 3.2417616613e+00 4.4987744153e-01
176 2.5156250000e+00 3.2355797709e+00 4.4966281409e-01
176 2.5195312500e+00 3.2294187397e+00 4.4944860464e-01
176 2.5234375000e+00 3.2232790179e+00 4.4923483096e-01
176 2.5273437500e+00 3.2171597115e+00 4.4902146401e-01
176 2.5312500000e+00 3.2110610505e+00 4.4880851386e-01
176 2.5351562500e+00 3.2049828478e+00 4.4859597604e-01
176 2.5390625000e+00 3.1989253907e+00 4.4838386266e-01
176 2.5429687500e+00 3.1928880030e+00 4.4817215210e-01
176 2.5468750000e+00 3.1868712673e+00 4.4796086682e-01
176 2.5507812500e+00 3.1808738413e+00 4.4774996166e-01
176 2.5546875000e+00 3.1748970495e+00 4.4753948523e-01
176 2.5585937500e+00 3.1689403803e+00 4.4732942154e-01
176 2.5625000000e+00 3.1630033538e+00 4.4711975567e-01
176 2.5664062500e+00 3.1570859307e+00 4.4691048819e-01
176 2.5703125000e+00 3.1511882245e+00 4.4670162508e-01
176 2.5742187500e+00 3.1453102027e+00 4.4649316716e-01
176 2.5781250000e+00 3.1394513121e+00 4.4628509675e-01
176 2.5820312500e+00 3.1336121295e+00 4.4607743628e-01
176 2.5859375000e+00 3.1277922799e+00 4.4587017438e-01
176 2.5898437500e+00 3.1219910811e+00 4.4566328863e-01
176 2.5937500000e+00 3.1162092288e+00 4.4545680576e-01
176 2.5976562500e+00 3.1104464112e+00 4.4525071654e-01
176 2.6015625000e+00 3.1047021655e+00 4.4504500630e-01
176 2.6054687500e+00 3.0989772318e+00 4.4483970345e-01
176 2.6093750000e+00 3.0932707661e+00 4.4463477961e-01
176 2.6132812500e+00 3.0875829234e+00 4.4443024220e-01
176 2.6171875000e+00 3.0819134656e+00 4.4422608449e-01
176 2.6210937500e+00 3.0762626298e+00 4.4402231689e-01
176 2.6250000000e+00 3.0706297477e+00 4.4381891710e-01
176 2.6289062500e+00 3.0650155563e+00 4.4361591359e-01
176 2.6328125000e+00 3.0594189119e+00 4.4341326678e-01
176 2.6367187500e+00 3.0538410656e+00 4.4321102382e-01
176 2.6406250000e+00 3.0482810189e+00 4.4300915032e-01
176 2.6445312500e+00 3.0427384878e+00 4.4280763774e-01
176 2.6484375000e+00 3.0372138392e+00 4.4260650116e-01
176 2.6523437500e+00 3.0317072455e+00 4.4240574867e-01
176 2.6562500000e+00 3.0262182174e+00 4.4220536421e-01
176 2.6601562500e+00 3.0207462619e+00 4.4200533150e-01
176 2.6640625000e+00 3.0152920957e+00 4.4180567847e-01
176 2.6679687500e+00 3.0098554960e+00 4.4160639874e-01
176 2.6718750000e+00 3.0044359601e+00 4.4140747561e-01
176 2.6757812500e+00 2.9990338888e+00 4.4120892552e-01
176 2.6796875000e+00 2.9936488177e+00 4.4101073312e-01
176 2.6835937500e+00 2.9882806271e+00 4.4081289567e-01
176 2.6875000000e+00 2.9829295993e+00 4.4061542529e-01
176 2.6914062500e+00 2.9775953350e+00 4.4041830893e-01
176 2.6953125000e+00 2.9722779380e+00 4.4022155210e-01
176 2.6992187500e+00 2.9669773508e+00 4.4002515434e-01
176 2.7031250000e+00 2.9616934711e+00 4.3982911355e-01
176 2.7070312500e+00 2.9564257114e+00 4.3963340956e-01
176 2.7109375000e+00 2.9511749884e+00 4.3943807806e-01
176 2.7148437500e+00 2.9459402821e+00 4.3924308276e-01
176 2.7187500000e+00 2.9407222448e+00 4.3904844959e-01
176 2.7226562500e+00 2.9355203752e+00 4.3885416149e-01
176 2.7265625000e+00 2.9303345400e+00 4.3866021508e-01
176 2.7304687500e+00 2.9251650959e+00 4.3846662531e-01
176 2.7343750000e+00 2.9200115395e+00 4.3827337495e-01
176 2.7382812500e+00 2.9148738713e+00 4.3808046557e-01
176 2.7421875000e+00 2.9097518346e+00 4.3788788911e-01
176 2.7460937500e+00 2.9046460868e+00 4.3769567188e-01
176 2.7500000000e+00 2.8995560363e+00 4.3750379320e-01
176 2.7539062500e+00 2.8944812752e+00 4.3731223923e-01
176 2.7578125000e+00 2.8894223819e+00 4.3712103334e-01
176 2.7617187500e+00 2.8843790309e+00 4.3693016481e-01
176 2.7656250000e+00 2.8793509608e+00 4.3673962526e-01
176 2.7695312500e+00 2.8743386026e+00 4.3654943258e-01
176 2.7734375000e+00 2.8693412167e+00 4.3635956023e-01
176 2.7773437500e+00 2.8643591049e+00 4.3617002115e-01
176 2.7812500000e+00 2.8593920360e+00 4.3598080808e-01
176 2.7851562500e+00 2.8544404275e+00 4.3579193841e-01
176 2.7890625000e+00 2.8495034964e+00 4.3560338381e-01
176 2.7929687500e+00 2.8445820395e+00 4.3541517618e-01
176 2.7968750000e+00 2.8396749344e+00 4.3522727409e-01
176 2.8007812500e+00 2.8347828451e+00 4.3503970442e-01
176 2.8046875000e+00 2.8299055185e+00 4.3485245894e-01
176 2.8085937500e+00 2.8250425949e+00 4.3466552528e-01
176 2.8125000000e+00 2.8201947625e+00 4.3447893137e-01
176 2.8164062500e+00 2.8153613176e+00 4.3429265160e-01
176 2.8203125000e+00 2.8105422995e+00 4.3410668889e-01
176 2.8242187500e+00 2.8057376606e+00 4.3392104284e-01
176 2.8281250000e+00 2.8009476001e+00 4.3373572258e-01
176 2.8320312500e+00 2.7961717393e+00 4.3355071490e-01
176 2.8359375000e+00 2.7914097067e+00 4.3336600678e-01
176 2.8398437500e+00 2.7866623732e+00 4.3318163342e-01
176 2.8437500000e+00 2.7819291805e+00 4.3299757458e-01
176 2.8476562500e+00 2.7772095510e+00 4.3281380916e-01
176 2.8515625000e+00 2.7725042203e+00 4.3263036718e-01
176 2.8554687500e+00 2.7678125672e+00 4.3244722581e-01
176 2.8593750000e+00 2.7631349208e+00 4.3226439926e-01
176 2.8632812500e+00 2.7584709035e+00 4.3208187415e-01
176 2.8671875000e+00 2.7538209154e+00 4.3189966750e-01
176 2.8710937500e+00 2.7491842686e+00 4.3171775373e-01
176 2.8750000000e+00 2.7445615674e+00 4.3153615788e-01
176 2.8789062500e+00 2.7399520914e+00 4.3135485300e-01
176 2.8828125000e+00 2.7353563103e+00 4.3117385891e-01
176 2.8867187500e+00 2.7307739186e+00 4.3099316490e-01
176 2.8906250000e+00 2.7262047020e+00 4.3081276384e-01
176 2.8945312500e+00 2.7216489197e+00 4.3063266729e-01
176 2.8984375000e+00 2.7171062879e+00 4.3045286533e-01
176 2.9023437500e+00 2.7125769503e+00 4.3027336496e-01
176 2.9062500000e+00 2.7080608259e+00 4.3009416429e-01
176 2.9101562500e+00 2.7035577126e+00 4.2991525660e-01
176 2.9140625000e+00 2.6990675254e+00 4.2973663979e-01
176 2.9179687500e+00 2.6945901074e+00 4.2955830888e-01
176 2.9218750000e+00 2.6901260145e+00 4.2938028731e-01
176 2.9257812500e+00 2.6856745996e+00 4.2920255056e-01
176 2.9296875000e+00 2.6812357643e+00 4.2902509595e-01
176 2.9335937500e+00 2.6768099961e+00 4.2884794423e-01
176 2.9375000000e+00 2.6723967602e+00 4.2867107527e-01
176 2.9414062500e+00 2.6679961165e+00 4.2849449271e-01
176 2.9453125000e+00 2.6636079786e+00 4.2831819431e-01
176 2.9492187500e+00 2.6592325133e+00 4.2814218803e-01
176 2.9531250000e+00 2.6548692375e+00 4.2796645565e-01
176 2.9570312500e+00 2.6505187389e+00 4.2779102209e-01
176 2.9609375000e+00 2.6461803055e+00 4.2761585985e-01
176 2.9648437500e+00 2.6418542355e+00 4.2744098219e-01
176 2.9687500000e+00 2.6375404781e+00 4.2726638826e-01
176 2.9726562500e+00 2.6332387245e+00 4.2709206677e-01
176 2.9765625000e+00 2.6289493932e+00 4.2691803589e-01
176 2.9804687500e+00 2.6246719270e+00 4.2674427420e-01
176 2.9843750000e+00 2.6204065533e+00 4.2657079212e-01
176 2.9882812500e+00 2.6161531675e+00 4.2639758660e-01
176 2.9921875000e+00 2.6119117233e+00 4.2622465692e-01
176 2.9960937500e+00 2.6076821996e+00 4.2605200340e-01
176 3.0000000000e+00 2.6034644389e+00 4.2587962077e-01
176 3.0039062500e+00 2.5992585682e+00 4.2570751541e-01
176 3.0078125000e+00 2.5950642602e+00 4.2553567507e-01
176 3.0117187500e+00 2.5908813933e+00 4.2536409589e-01
176 3.0156250000e+00 2.5867106776e+00 4.2519280817e-01
176 3.0195312500e+00 2.5825512798e+00 4.2502177885e-01
176 3.0234375000e+00 2.5784034080e+00 4.2485101761e-01
176 3.0273437500e+00 2.5742670103e+00 4.2468052344e-01
176 3.0312500000e+00 2.5701423683e+00 4.2451030911e-01
176 3.0351562500e+00 2.5660286697e+00 4.2434034220e-01
176 3.0390625000e+00 2.5619265842e+00 4.2417065150e-01
176 3.0429687500e+00 2.5578355672e+00 4.2400121558e-01
176 3.0468750000e+00 2.5537559166e+00 4.2383204791e-01
176 3.0507812500e+00 2.5496875750e+00 4.2366314722e-01
176 3.0546875000e+00 2.5456301503e+00 4.2349449831e-01
176 3.0585937500e+00 2.5415840002e+00 4.2332611715e-01
176 3.0625000000e+00 2.5375488161e+00 4.2315799200e-01
176 3.0664062500e+00 2.5335246621e+00 4.2299012661e-01
176 3.0703125000e+00 2.5295115036e+00 4.2282252061e-01
176 3.0742187500e+00 2.5255091755e+00 4.2265516819e-01
176 3.0781250000e+00 2.5215178151e+00 4.2248807616e-01
176 3.0820312500e+00 2.5175371608e+00 4.2232123464e-01
176 3.0859375000e+00 2.5135673839e+00 4.2215465186e-01
176 3.0898437500e+00 2.5096083060e+00 4.2198832140e-01
176 3.0937500000e+00 2.5056597846e+00 4.2182223832e-01
176 3.0976562500e+00 2.5017223342e+00 4.2165642533e-01
176 3.1015625000e+00 2.4977950894e+00 4.2149084703e-01
176 3.1054687500e+00 2.4938784169e+00 4.2132551989e-01
176 3.1093750000e+00 2.4899723774e+00 4.2116044753e-01
176 3.1132812500e+00 2.4860770294e+00 4.2099563347e-01
176 3.1171875000e+00 2.4821917022e+00 4.2083105035e-01
176 3.1210937500e+00 2.4783169567e+00 4.2066672293e-01
176 3.1250000000e+00 2.4744524594e+00 4.2050263809e-01
176 3.1289062500e+00 2.4705983679e+00 4.2033880356e-01
176 3.1328125000e+00 2.4667545221e+00 4.2017521352e-01
176 3.1367187500e+00 2.4629208051e+00 4.2001186402e-01
176 3.1406250000e+00 2.4590974542e+00 4.1984876616e-01
176 3.1445312500e+00 2.4552841880e+00 4.1968590896e-01
176 3.1484375000e+00 2.4514809555e+00 4.1952329122e-01
176 3.1523437500e+00 2.4476876977e+00 4.1936091139e-01
176 3.1562500000e+00 2.4439043868e+00 4.1919876926e-01
176 3.1601562500e+00 2.4401311523e+00 4.1903687137e-01
176 3.1640625000e+00 2.4363679358e+00 4.1887521620e-01
176 3.1679687500e+00 2.4326145899e+00 4.1871379840e-01
176 3.1718750000e+00 2.4288710546e+00 4.1855261634e-01
176 3.1757812500e+00 2.4251372016e+00 4.1839166547e-01
176 3.1796875000e+00 2.4214133607e+00 4.1823096096e-01
176 3.1835937500e+00 2.4176990288e+00 4.1807048206e-01
176 3.1875000000e+00 2.4139944292e+00 4.1791023936e-01
176 3.1914062500e+00 2.4102996647e+00 4.1775023827e-01
176 3.1953125000e+00 2.4066145273e+00 4.1759047075e-01
176 3.1992187500e+00 2.4029386392e+00 4.1743092132e-01
176 3.2031250000e+00 2.3992725988e+00 4.1727161690e-01
176 3.2070312500e+00 2.3956159201e+00 4.1711253733e-01
176 3.2109375000e+00 2.3919687174e+00 4.1695368849e-01
176 3.2148437500e+00 2.3883309474e+00 4.1679506942e-01
176 3.2187500000e+00 2.3847024549e+00 4.1663667426e-01
176 3.2226562500e+00 2.3810835525e+00 4.1647851761e-01
176 3.2265625000e+00 2.3774737865e+00 4.1632058054e-01
176 3.2304687500e+00 2.3738733597e+00 4.1616287283e-01
176 3.2343750000e+00 2.3702820793e+00 4.1600538694e-01
176 3.2382812500e+00 2.3667000283e+00 4.1584812742e-01
176 3.2421875000e+00 2.3631271646e+00 4.1569109331e-01
176 3.2460937500e+00 2.3595633886e+00 4.1553428113e-01
176 3.2500000000e+00 2.3560087376e+00 4.1537769342e-01
176 3.2539062500e+00 2.3524632309e+00 4.1522133192e-01
176 3.2578125000e+00 2.3489266789e+00 4.1506518916e-01
176 3.2617187500e+00 2.3453992393e+00 4.1490927299e-01
176 3.2656250000e+00 2.3418803891e+00 4.1475356115e-01
176 3.2695312500e+00 2.3383706959e+00 4.1459807962e-01
176 3.2734375000e+00 2.3348698352e+00 4.1444281492e-01
176 3.2773437500e+00 2.3313779229e+00 4.1428777306e-01
176 3.2812500000e+00 2.3278945802e+00 4.1413293806e-01
176 3.2851562500e+00 2.3244204513e+00 4.1397833945e-01
176 3.2890625000e+00 2.3209547506e+00 4.1382394312e-01
176 3.2929687500e+00 2.3174977030e+00 4.1366975993e-01
176 3.2968750000e+00 2.3140494723e+00 4.1351579803e-01
176 3.3007812500e+00 2.3106098261e+00 4.1336204791e-01
176 3.3046875000e+00 2.3071788853e+00 4.1320851581e-01
176 3.3085937500e+00 2.3037563522e+00 4.1305518925e-01
176 3.3125000000e+00 2.3003423886e+00 4.1290207630e-01
176 3.3164062500e+00 2.2969370213e+00 4.1274917901e-01
176 3.3203125000e+00 2.2935400479e+00 4.1259648912e-01
176 3.3242187500e+00 2.2901516047e+00 4.1244401359e-01
176 3.3281250000e+00 2.2867714066e+00 4.1229174039e-01
176 3.3320312500e+00 2.2833996455e+00 4.1213967901e-01
176 3.3359375000e+00 2.2800363333e+00 4.1198783078e-01
176 3.3398437500e+00 2.2766812532e+00 4.1183618675e-01
176 3.3437500000e+00 2.2733345787e+00 4.1168475558e-01
176 3.3476562500e+00 2.2699959244e+00 4.1153352061e-01
176 3.3515625000e+00 2.2666656770e+00 4.1138250018e-01
176 3.3554687500e+00 2.2633435756e+00 4.1123168326e-01
176 3.3593750000e+00 2.2600296033e+00 4.1108106988e-01
176 3.3632812500e+00 2.2567236060e+00 4.1093065381e-01
176 3.3671875000e+00 2.2534260049e+00 4.1078045503e-01
176 3.3710937500e+00 2.2501362624e+00 4.1063044984e-01
176 3.3750000000e+00 2.2468545499e+00 4.1048064683e-01
176 3.3789062500e+00 2.2435809686e+00 4.1033105142e-01
176 3.3828125000e+00 2.2403151367e+00 4.1018164692e-01
176 3.3867187500e+00 2.2370573292e+00 4.1003244668e-01
176 3.3906250000e+00 2.2338074029e+00 4.0988344493e-01
176 3.3945312500e+00 2.2305654925e+00 4.0973464863e-01
176 3.3984375000e+00 2.2273314361e+00 4.0958605110e-01
176 3.4023437500e+00 2.2241050663e+00 4.0943764543e-01
176 3.4062500000e+00 2.2208865494e+00 4.0928944001e-01
176 3.4101562500e+00 2.2176758082e+00 4.0914143205e-01
176 3.4140625000e+00 2.2144727993e+00 4.0899362032e-01
176 3.4179687500e+00 2.2112775037e+00 4.0884600468e-01
176 3.4218750000e+00 2.2080897572e+00 4.0869857830e-01
176 3.4257812500e+00 2.2049098093e+00 4.0855135346e-01
176 3.4296875000e+00 2.2017373082e+00 4.0840431462e-01
176 3.4335937500e+00 2.1985725475e+00 4.0825747612e-01
176 3.4375000000e+00 2.1954153059e+00 4.0811082844e-01
176 3.4414062500e+00 2.1922656598e+00 4.0796437588e-01
176 3.4453125000e+00 2.1891234073e+00 4.0781810977e-01
176 3.4492187500e+00 2.1859887815e+00 4.0767204169e-01
176 3.4531250000e+00 2.1828613926e+00 4.0752615421e-01
176 3.4570312500e+00 2.1797414512e+00 4.0738045786e-01
176 3.4609375000e+00 2.1766291391e+00 4.0723496187e-01
176 3.4648437500e+00 2.1735239464e+00 4.0708964312e-01
176 3.4687500000e+00 2.1704261955e+00 4.0694451741e-01
176 3.4726562500e+00 2.1673356788e+00 4.0679957572e-01
176 3.4765625000e+00 2.1642525110e+00 4.0665482415e-01
176 3.4804687500e+00 2.1611765586e+00 4.0651025713e-01
176 3.4843750000e+00 2.1581078146e+00 4.0636587504e-01
176 3.4882812500e+00 2.1550464076e+00 4.0622168465e-01
176 3.4921875000e+00 2.1519921245e+00 4.0607767661e-01
176 3.4960937500e+00 2.1489449196e+00 4.0593384948e-01
176 3.5000000000e+00 2.1459048756e+00 4.0579020783e-01
176 3.5039062500e+00 2.1428718079e+00 4.0564674363e-01
176 3.5078125000e+00 2.1398460750e+00 4.0550347455e-01
176 3.5117187500e+00 2.1368271800e+00 4.0536037774e-01
176 3.5156250000e+00 2.1338154508e+00 4.0521746942e-01
176 3.5195312500e+00 2.1308105861e+00 4.0507473599e-01
176 3.5234375000e+00 2.1278128159e+00 4.0493218905e-01
176 3.5273437500e+00 2.1248218591e+00 4.0478981590e-01
176 3.5312500000e+00 2.1218379947e+00 4.0464763051e-01
176 3.5351562500e+00 2.1188608037e+00 4.0450561358e-01
176 3.5390625000e+00 2.1158905279e+00 4.0436377730e-01
176 3.5429687500e+00 2.1129272873e+00 4.0422212808e-01
176 3.5468750000e+00 2.1099706191e+00 4.0408064446e-01
176 3.5507812500e+00 2.1070208778e+00 4.0393934407e-01
176 3.5546875000e+00 2.1040779672e+00 4.0379822295e-01
176 3.5585937500e+00 2.1011417447e+00 4.0365727495e-01
176 3.5625000000e+00 2.0982122172e+00 4.0351650102e-01
176 3.5664062500e+00 2.0952893128e+00 4.0337589837e-01
176 3.5703125000e+00 2.0923732489e+00 4.0323547811e-01
176 3.5742187500e+00 2.0894637503e+00 4.0309522764e-01
176 3.5781250000e+00 2.0865608122e+00 4.0295514737e-01
176 3.5820312500e+00 2.0836645944e+00 4.0281524564e-01
176 3.5859375000e+00 2.0807748410e+00 4.0267551075e-01
176 3.5898437500e+00 2.0778917681e+00 4.0253595378e-01
176 3.5937500000e+00 2.0750150155e+00 4.0239655792e-01
176 3.5976562500e+00 2.0721449437e+00 4.0225734127e-01
176 3.6015625000e+00 2.0692814063e+00 4.0211829738e-01
176 3.6054687500e+00 2.0664243065e+00 4.0197942219e-01
176 3.6093750000e+00 2.0635735505e+00 4.0184071174e-01
176 3.6132812500e+00 2.0607292438e+00 4.0170217179e-01
176 3.6171875000e+00 2.0578912344e+00 4.0156379556e-01
176 3.6210937500e+00 2.0550596619e+00 4.0142559047e-01
176 3.6250000000e+00 2.0522345655e+00 4.0128755906e-01
176 3.6289062500e+00 2.0494155899e+00 4.0114968460e-01
176 3.6328125000e+00 2.0466030165e+00 4.0101198143e-01
176 3.6367187500e+00 2.0437968160e+00 4.0087444876e-01
176 3.6406250000e+00 2.0409967939e+00 4.0073707766e-01
176 3.6445312500e+00 2.0382029727e+00 4.0059986984e-01
176 3.6484375000e+00 2.0354153868e+00 4.0046282758e-01
176 3.6523437500e+00 2.0326340220e+00 4.0032595080e-01
176 3.6562500000e+00 2.0298588141e+00 4.0018923694e-01
176 3.6601562500e+00 2.0270896965e+00 4.0005268330e-01
176 3.6640625000e+00 2.0243268521e+00 3.9991629951e-01
176 3.6679687500e+00 2.0215699580e+00 3.9978007023e-01
176 3.6718750000e+00 2.0188192715e+00 3.9964400875e-01
176 3.6757812500e+00 2.0160745278e+00 3.9950810257e-01
176 3.6796875000e+00 2.0133359489e+00 3.9937236326e-01
176 3.6835937500e+00 2.0106033043e+00 3.9923678000e-01
176 3.6875000000e+00 2.0078766641e+00 3.9910135683e-01
176 3.6914062500e+00 2.0051559782e+00 3.9896609184e-01
176 3.6953125000e+00 2.0024413897e+00 3.9883099275e-01
176 3.6992187500e+00 1.9997326009e+00 3.9869604531e-01
176 3.7031250000e+00 1.9970297883e+00 3.9856125887e-01
176 3.7070312500e+00 1.9943328969e+00 3.9842663129e-01
176 3.7109375000e+00 1.9916417145e+00 3.9829215252e-01
176 3.7148437500e+00 1.9889566110e+00 3.9815784161e-01
176 3.7187500000e+00 1.9862773476e+00 3.9802368722e-01
176 3.7226562500e+00 1.9836037845e+00 3.9788968290e-01
176 3.7265625000e+00 1.9809360133e+00 3.9775583379e-01
176 3.7304687500e+00 1.9782740574e+00 3.9762214164e-01
176 3.7343750000e+00 1.9756178520e+00 3.9748860373e-01
176 3.7382812500e+00 1.9729673452e+00 3.9735521803e-01
176 3.7421875000e+00 1.9703225301e+00 3.9722198473e-01
176 3.7460937500e+00 1.9676836037e+00 3.9708891432e-01
176 3.7500000000e+00 1.9650501927e+00 3.9695598854e-01
176 3.7539062500e+00 1.9624225006e+00 3.9682321819e-01
176 3.7578125000e+00 1.9598003320e+00 3.9669059395e-01
176 3.7617187500e+00 1.9571839764e+00 3.9655813101e-01
176 3.7656250000e+00 1.9545731149e+00 3.9642581378e-01
176 3.7695312500e+00 1.9519678649e+00 3.9629364873e-01
176 3.7734375000e+00 1.9493681124e+00 3.9616163063e-01
176 3.7773437500e+00 1.9467740060e+00 3.9602976756e-01
176 3.7812500000e+00 1.9441853109e+00 3.9589804812e-01
176 3.7851562500e+00 1.9416021661e+00 3.9576647991e-01
176 3.7890625000e+00 1.9390246087e+00 3.9563506536e-01
176 3.7929687500e+00 1.9364523964e+00 3.9550379266e-01
176 3.7968750000e+00 1.9338857226e+00 3.9537267219e-01
176 3.8007812500e+00 1.9313244152e+00 3.9524169570e-01
176 3.8046875000e+00 1.9287684575e+00 3.9511086283e-01
176 3.8085937500e+00 1.9262180681e+00 3.9498018533e-01
176 3.8125000000e+00 1.9236730271e+00 3.9484965244e-01
176 3.8164062500e+00 1.9211333251e+00 3.9471926421e-01
176 3.8203125000e+00 1.9185989122e+00 3.9458901858e-01
176 3.8242187500e+00 1.9160698015e+00 3.9445891674e-01
176 3.8281250000e+00 1.9135461015e+00 3.9432896478e-01
176 3.8320312500e+00 1.9110275676e+00 3.9419915064e-01
176 3.8359375000e+00 1.9085144052e+00 3.9406948539e-01
176 3.8398437500e+00 1.9060064454e+00 3.9393996085e-01
176 3.8437500000e+00 1.9035038015e+00 3.9381058337e-01
176 3.8476562500e+00 1.9010062887e+00 3.9368134391e-01
176 3.8515625000e+00 1.8985139668e+00 3.9355224604e-01
176 3.8554687500e+00 1.8960268808e+00 3.9342329262e-01
176 3.8593750000e+00 1.8935449905e+00 3.9329448206e-01
176 3.8632812500e+00 1.8910681936e+00 3.9316580955e-01
176 3.8671875000e+00 1.8885965639e+00 3.9303727943e-01
176 3.8710937500e+00 1.8861301084e+00 3.9290889255e-01
176 3.8750000000e+00 1.8836685611e+00 3.9278063555e-01
176 3.8789062500e+00 1.8812122859e+00 3.9265252790e-01
176 3.8828125000e+00 1.8787610216e+00 3.9252455645e-01
176 3.8867187500e+00 1.8763147612e+00 3.9239672134e-01
176 3.8906250000e+00 1.8738736100e+00 3.9226902856e-01
176 3.8945312500e+00 1.8714374437e+00 3.9214147209e-01
176 3.8984375000e+00 1.8690062034e+00 3.9201404931e-01
176 3.9023437500e+00 1.8665800708e+00 3.9188677026e-01
176 3.9062500000e+00 1.8641588798e+00 3.9175962669e-01
176 3.9101562500e+00 1.8617426694e+00 3.9163262114e-01
176 3.9140625000e+00 1.8593312378e+00 3.9150574346e-01
176 3.9179687500e+00 1.8569248197e+00 3.9137900648e-01
176 3.9218750000e+00 1.8545232952e+00 3.9125240437e-01
176 3.9257812500e+00 1.8521267501e+00 3.9112594212e-01
176 3.9296875000e+00 1.8497349476e+00 3.9099960770e-01
176 3.9335937500e+00 1.8473480915e+00 3.9087341236e-01
176 3.9375000000e+00 1.8449660233e+00 3.9074734818e-01
176 3.9414062500e+00 1.8425888138e+00 3.9062141938e-01
176 3.9453125000e+00 1.8402163440e+00 3.9049562010e-01
176 3.9492187500e+00 1.8378487492e+00 3.9036995800e-01
176 3.9531250000e+00 1.8354859711e+00 3.9024443046e-01
176 3.9570312500e+00 1.8331277818e+00 3.9011902580e-01
176 3.9609375000e+00 1.8307745014e+00 3.8999376151e-01
176 3.9648437500e+00 1.8284258923e+00 3.8986862543e-01
176 3.9687500000e+00 1.8260819767e+00 3.8974361916e-01
176 3.9726562500e+00 1.8237428397e+00 3.8961874772e-01
176 3.9765625000e+00 1.8214083215e+00 3.8949400302e-01
176 3.9804687500e+00 1.8190784870e+00 3.8936938898e-01
176 3.9843750000e+00 1.8167533517e+00 3.8924490688e-01
176 3.9882812500e+00 1.8144327913e+00 3.8912055053e-01
176 3.9921875000e+00 1.8121168873e+00 3.8899632473e-01
176 3.9960937500e+00 1.8098055206e+00 3.8887222352e-01
176 4.0000000000e+00 1.8074989114e+00 3.8874825920e-01
176 4.0039062500e+00 1.8051967538e+00 3.8862441576e-01
176 4.0078125000e+00 1.8028992203e+00 3.8850070292e-01
176 4.0117187500e+00 1.8006061939e+00 3.8837711482e-01
176 4.0156250000e+00 1.7983178203e+00 3.8825365976e-01
176 4.0195312500e+00 1.7960339015e+00 3.8813032748e-01
176 4.0234375000e+00 1.7937545142e+00 3.8800712259e-01
176 4.0273437500e+00 1.7914795944e+00 3.8788404203e-01
176 4.0312500000e+00 1.7892091360e+00 3.8776108592e-01
176 4.0351562500e+00 1.7869432074e+00 3.8763825840e-01
176 4.0390625000e+00 1.7846816400e+00 3.8751555075e-01
176 4.0429687500e+00 1.7824246441e+00 3.8739297481e-01
176 4.0468750000e+00 1.7801720404e+00 3.8727052128e-01
176 4.0507812500e+00 1.7779237298e+00 3.8714818520e-01
176 4.0546875000e+00 1.7756799511e+00 3.8702597998e-01
176 4.0585937500e+00 1.7734404863e+00 3.8690389417e-01
176 4.0625000000e+00 1.7712053839e+00 3.8678193084e-01
176 4.0664062500e+00 1.7689747165e+00 3.8666009438e-01
176 4.0703125000e+00 1.7667483046e+00 3.8653837539e-01
176 4.0742187500e+00 1.7645263186e+00 3.8641678362e-01
176 4.0781250000e+00 1.7623085710e+00 3.8629530922e-01
176 4.0820312500e+00 1.7600952118e+00 3.8617396082e-01
176 4.0859375000e+00 1.7578860322e+00 3.8605272740e-01
176 4.0898437500e+00 1.7556811823e+00 3.8593161759e-01
176 4.0937500000e+00 1.7534806225e+00 3.8581062964e-01
176 4.0976562500e+00 1.7512843269e+00 3.8568976254e-01
176 4.1015625000e+00 1.7490922090e+00 3.8556901193e-01
176 4.1054687500e+00 1.7469042943e+00 3.8544837962e-01
176 4.1093750000e+00 1.7447206554e+00 3.8532787003e-01
176 4.1132812500e+00 1.7425411934e+00 3.8520747810e-01
176 4.1171875000e+00 1.7403659333e+00 3.8508720562e-01
176 4.1210937500e+00 1.7381947639e+00 3.8496704685e-01
176 4.1250000000e+00 1.7360278950e+00 3.8484701378e-01
176 4.1289062500e+00 1.7338651246e+00 3.8472709565e-01
176 4.1328125000e+00 1.7317064351e+00 3.8460729187e-01
176 4.1367187500e+00 1.7295519644e+00 3.8448761050e-01
176 4.1406250000e+00 1.7274015378e+00 3.8436804223e-01
176 4.1445312500e+00 1.7252551438e+00 3.8424858680e-01
176 4.1484375000e+00 1.7231129329e+00 3.8412925299e-01
176 4.1523437500e+00 1.7209746884e+00 3.8401002912e-01
176 4.1562500000e+00 1.7188406350e+00 3.8389092812e-01
176 4.1601562500e+00 1.7167105302e+00 3.8377193684e-01
176 4.1640625000e+00 1.7145845267e+00 3.8365306419e-01
176 4.1679687500e+00 1.7124624850e+00 3.8353430278e-01
176 4.1718750000e+00 1.7103445417e+00 3.8341566063e-01
176 4.1757812500e+00 1.7082305431e+00 3.8329712953e-01
176 4.1796875000e+00 1.7061205373e+00 3.8317871254e-01
176 4.1835937500e+00 1.7040144601e+00 3.8306040645e-01
176 4.1875000000e+00 1.7019124212e+00 3.8294221780e-01
176 4.1914062500e+00 1.6998143213e+00 3.8282414141e-01
176 4.1953125000e+00 1.6977201185e+00 3.8270617528e-01
176 4.1992187500e+00 1.6956298564e+00 3.8258832226e-01
176 4.2031250000e+00 1.6935434978e+00 3.8247058061e-01
176 4.2070312500e+00 1.6914610996e+00 3.8235295394e-01
176 4.2109375000e+00 1.6893825470e+00 3.8223543613e-01
176 4.2148437500e+00 1.6873078235e+00 3.8211802661e-01
176 4.2187500000e+00 1.6852370781e+00 3.8200073421e-01
176 4.2226562500e+00 1.6831701218e+00 3.8188354858e-01
176 4.2265625000e+00 1.6811069810e+00 3.8176647160e-01
176 4.2304687500e+00 1.6790477715e+00 3.8164951020e-01
176 4.2343750000e+00 1.6769922929e+00 3.8153265337e-01
176 4.2382812500e+00 1.6749406716e+00 3.8141590866e-01
176 4.2421875000e+00 1.6728928305e+00 3.8129927206e-01
176 4.2460937500e+00 1.6708488318e+00 3.8118274748e-01
176 4.2500000000e+00 1.6688085587e+00 3.8106632861e-01
176 4.2539062500e+00 1.6667720843e+00 3.8095002001e-01
176 4.2578125000e+00 1.6647393181e+00 3.8083381685e-01
176 4.2617187500e+00 1.6627103066e+00 3.8071772215e-01
176 4.2656250000e+00 1.6606850117e+00 3.8060173410e-01
176 4.2695312500e+00 1.6586634832e+00 3.8048585590e-01
176 4.2734375000e+00 1.6566456887e+00 3.8037008607e-01
176 4.2773437500e+00 1.6546315463e+00 3.8025442027e-01
176 4.2812500000e+00 1.6526211291e+00 3.8013886303e-01
176 4.2851562500e+00 1.6506143576e+00 3.8002341015e-01
176 4.2890625000e+00 1.6486112882e+00 3.7990806523e-01
176 4.2929687500e+00 1.6466118113e+00 3.7979282231e-01
176 4.2968750000e+00 1.6446159617e+00 3.7967768374e-01
176 4.3007812500e+00 1.6426238936e+00 3.7956265877e-01
176 4.3046875000e+00 1.6406353725e+00 3.7944773422e-01
176 4.3085937500e+00 1.6386504075e+00 3.7933291096e-01
176 4.3125000000e+00 1.6366691340e+00 3.7921819716e-01
176 4.3164062500e+00 1.6346913528e+00 3.7910358164e-01
176 4.3203125000e+00 1.6327172499e+00 3.7898907552e-01
176 4.3242187500e+00 1.6307466778e+00 3.7887467060e-01
176 4.3281250000e+00 1.6287797297e+00 3.7876037264e-01
176 4.3320312500e+00 1.6268162582e+00 3.7864617339e-01
176 4.3359375000e+00 1.6248563694e+00 3.7853207939e-01
176 4.3398437500e+00 1.6229000032e+00 3.7841808748e-01
176 4.3437500000e+00 1.6209471394e+00 3.7830419680e-01
176 4.3476562500e+00 1.6189977958e+00 3.7819040876e-01
176 4.3515625000e+00 1.6170519669e+00 3.7807672334e-01
176 4.3554687500e+00 1.6151096113e+00 3.7796313849e-01
176 4.3593750000e+00 1.6131707305e+00 3.7784965461e-01
176 4.3632812500e+00 1.6112353781e+00 3.7773627519e-01
176 4.3671875000e+00 1.6093034199e+00 3.7762299269e-01
176 4.3710937500e+00 1.6073749410e+00 3.7750981244e-01
176 4.3750000000e+00 1.6054498839e+00 3.7739673140e-01
176 4.3789062500e+00 1.6035282618e+00 3.7728375066e-01
176 4.3828125000e+00 1.6016101234e+00 3.7717087343e-01
176 4.3867187500e+00 1.5996953457e+00 3.7705809280e-01
176 4.3906250000e+00 1.5977839357e+00 3.7694540951e-01
176 4.3945312500e+00 1.5958760568e+00 3.7683283352e-01
176 4.3984375000e+00 1.5939714260e+00 3.7672034846e-01
176 4.4023437500e+00 1.5920701985e+00 3.7660796381e-01
176 4.4062500000e+00 1.5901723099e+00 3.7649567609e-01
176 4.4101562500e+00 1.5882778340e+00 3.7638349000e-01
176 4.4140625000e+00 1.5863866478e+00 3.7627139857e-01
176 4.4179687500e+00 1.5844988834e+00 3.7615940997e-01
176 4.4218750000e+00 1.5826143952e+00 3.7604751586e-01
176 4.4257812500e+00 1.5807332191e+00 3.7593571870e-01
176 4.4296875000e+00 1.5788553335e+00 3.7582401753e-01
176 4.4335937500e+00 1.5769807979e+00 3.7571241621e-01
176 4.4375000000e+00 1.5751095248e+00 3.7560090985e-01
176 4.4414062500e+00 1.5732415086e+00 3.7548949841e-01
176 4.4453125000e+00 1.5713768156e+00 3.7537818619e-01
176 4.4492187500e+00 1.5695153134e+00 3.7526696557e-01
176 4.4531250000e+00 1.5676571094e+00 3.7515584331e-01
176 4.4570312500e+00 1.5658021419e+00 3.7504481601e-01
176 4.4609375000e+00 1.5639503884e+00 3.7493388266e-01
176 4.4648437500e+00 1.5621019131e+00 3.7482304740e-01
176 4.4687500000e+00 1.5602565832e+00 3.7471230257e-01
176 4.4726562500e+00 1.5584144706e+00 3.7460165281e-01
176 4.4765625000e+00 1.5565756409e+00 3.7449110237e-01
176 4.4804687500e+00 1.5547399180e+00 3.7438064096e-01
176 4.4843750000e+00 1.5529074240e+00 3.7427027625e-01
176 4.4882812500e+00 1.5510780842e+00 3.7416000403e-01
176 4.4921875000e+00 1.5492519381e+00 3.7404982700e-01
176 4.4960937500e+00 1.5474288727e+00 3.7393973864e-01
176 4.5000000000e+00 1.5456090099e+00 3.7382974662e-01
176 4.5039062500e+00 1.5437922701e+00 3.7371984641e-01
176 4.5078125000e+00 1.5419786664e+00 3.7361003914e-01
176 4.5117187500e+00 1.5401681910e+00 3.7350032462e-01
176 4.5156250000e+00 1.5383608213e+00 3.7339070178e-01
176 4.5195312500e+00 1.5365565442e+00 3.7328117013e-01
176 4.5234375000e+00 1.5347553135e+00 3.7317172716e-01
176 4.5273437500e+00 1.5329572538e+00 3.7306238073e-01
176 4.5312500000e+00 1.5311622051e+00 3.7295312142e-01
176 4.5351562500e+00 1.5293702835e+00 3.7284395659e-01
176 4.5390625000e+00 1.5275814250e+00 3.7273488264e-01
176 4.5429687500e+00 1.5257955552e+00 3.7262589532e-01
176 4.5468750000e+00 1.5240128030e+00 3.7251700280e-01
176 4.5507812500e+00 1.5222330597e+00 3.7240819873e-01
176 4.5546875000e+00 1.5204563304e+00 3.7229948372e-01
176 4.5585937500e+00 1.5186826769e+00 3.7219086183e-01
176 4.5625000000e+00 1.5169119294e+00 3.7208232297e-01
176 4.5664062500e+00 1.5151442568e+00 3.7197387775e-01
176 4.5703125000e+00 1.5133795682e+00 3.7186552091e-01
176 4.5742187500e+00 1.5116178918e+00 3.7175725448e-01
176 4.5781250000e+00 1.5098591346e+00 3.7164907300e-01
176 4.5820312500e+00 1.5081034072e+00 3.7154098358e-01
176 4.5859375000e+00 1.5063506173e+00 3.7143298082e-01
176 4.5898437500e+00 1.5046007663e+00 3.7132506509e-01
176 4.5937500000e+00 1.5028538882e+00 3.7121723878e-01
176 4.5976562500e+00 1.5011099500e+00 3.7110950012e-01
176 4.6015625000e+00 1.4993689454e+00 3.7100184902e-01
176 4.6054687500e+00 1.4976308503e+00 3.7089428427e-01
176 4.6093750000e+00 1.4958957119e+00 3.7078680907e-01
176 4.6132812500e+00 1.4941634088e+00 3.7067941618e-01
176 4.6171875000e+00 1.4924340475e+00 3.7057211247e-01
176 4.6210937500e+00 1.4907076026e+00 3.7046489668e-01
176 4.6250000000e+00 1.4889840015e+00 3.7035776454e-01
176 4.6289062500e+00 1.4872633208e+00 3.7025072111e-01
176 4.6328125000e+00 1.4855454956e+00 3.7014376263e-01
176 4.6367187500e+00 1.4838304902e+00 3.7003688715e-01
176 4.6406250000e+00 1.4821184078e+00 3.6993010138e-01
176 4.6445312500e+00 1.4804091039e+00 3.6982339657e-01
176 4.6484375000e+00 1.4787027069e+00 3.6971678103e-01
176 4.6523437500e+00 1.4769991035e+00 3.6961024794e-01
176 4.6562500000e+00 1.4752983199e+00 3.6950379922e-01
176 4.6601562500e+00 1.4736003392e+00 3.6939743407e-01
176 4.6640625000e+00 1.4719052565e+00 3.6929115873e-01
176 4.6679687500e+00 1.4702129192e+00 3.6918496391e-01
176 4.6718750000e+00 1.4685233387e+00 3.6907885059e-01
176 4.6757812500e+00 1.4668365765e+00 3.6897282290e-01
176 4.6796875000e+00 1.4651526055e+00 3.6886687939e-01
176 4.6835937500e+00 1.4634713949e+00 3.6876101842e-01
176 4.6875000000e+00 1.4617929481e+00 3.6865524045e-01
176 4.6914062500e+00 1.4601173005e+00 3.6854954799e-01
176 4.6953125000e+00 1.4584443695e+00 3.6844393609e-01
176 4.6992187500e+00 1.4567742016e+00 3.6833840795e-01
176 4.7031250000e+00 1.4551067827e+00 3.6823296295e-01
176 4.7070312500e+00 1.4534420398e+00 3.6812759674e-01
176 4.7109375000e+00 1.4517800675e+00 3.6802231555e-01
176 4.7148437500e+00 1.4501208116e+00 3.6791711623e-01
176 4.7187500000e+00 1.4484642357e+00 3.6781199673e-01
176 4.7226562500e+00 1.4468103993e+00 3.6770696109e-01
176 4.7265625000e+00 1.4451591894e+00 3.6760200238e-01
176 4.7304687500e+00 1.4435107485e+00 3.6749712993e-01
176 4.7343750000e+00 1.4418649423e+00 3.6739233545e-01
176 4.7382812500e+00 1.4402218382e+00 3.6728762349e-01
176 4.7421875000e+00 1.4385813980e+00 3.6718299189e-01
176 4.7460937500e+00 1.4369436461e+00 3.6707844244e-01
176 4.7500000000e+00 1.4353084987e+00 3.6697397007e-01
176 4.7539062500e+00 1.4336759770e+00 3.6686957637e-01
176 4.7578125000e+00 1.4320461592e+00 3.6676526660e-01
176 4.7617187500e+00 1.4304189489e+00 3.6666103485e-01
176 4.7656250000e+00 1.4287943639e+00 3.6655688252e-01
176 4.7695312500e+00 1.4271724006e+00 3.6645280962e-01
176 4.7734375000e+00 1.4255530839e+00 3.6634881802e-01
176 4.7773437500e+00 1.4239363324e+00 3.6624490272e-01
176 4.7812500000e+00 1.4223221945e+00 3.6614106710e-01
176 4.7851562500e+00 1.4207106595e+00 3.6603731072e-01
176 4.7890625000e+00 1.4191016792e+00 3.6593363072e-01
176 4.7929687500e+00 1.4174953217e+00 3.6583003175e-01
176 4.7968750000e+00 1.4158915429e+00 3.6572651120e-01
176 4.8007812500e+00 1.4142902745e+00 3.6562306492e-01
176 4.8046875000e+00 1.4126916473e+00 3.6551970162e-01
176 4.8085937500e+00 1.4110955111e+00 3.6541641181e-01
176 4.8125000000e+00 1.4095019775e+00 3.6531320298e-01
176 4.8164062500e+00 1.4079109429e+00 3.6521006865e-01
176 4.8203125000e+00 1.4063224502e+00 3.6510701186e-01
176 4.8242187500e+00 1.4047365001e+00 3.6500403290e-01
176 4.8281250000e+00 1.4031530771e+00 3.6490113099e-01
176 4.8320312500e+00 1.4015721534e+00 3.6479830459e-01
176 4.8359375000e+00 1.3999937454e+00 3.6469555499e-01
176 4.8398437500e+00 1.3984178718e+00 3.6459288367e-01
176 4.8437500000e+00 1.3968444526e+00 3.6449028564e-01
176 4.8476562500e+00 1.3952735341e+00 3.6438776418e-01
176 4.8515625000e+00 1.3937051219e+00 3.6428531987e-01
176 4.8554687500e+00 1.3921392131e+00 3.6418295279e-01
176 4.8593750000e+00 1.3905757332e+00 3.6408065830e-01
176 4.8632812500e+00 1.3890147423e+00 3.6397844057e-01
176 4.8671875000e+00 1.3874562062e+00 3.6387629760e-01
176 4.8710937500e+00 1.3859001146e+00 3.6377422894e-01
176 4.8750000000e+00 1.3843464893e+00 3.6367223628e-01
176 4.8789062500e+00 1.3827952964e+00 3.6357031761e-01
176 4.8828125000e+00 1.3812465163e+00 3.6346847189e-01
176 4.8867187500e+00 1.3797002421e+00 3.6336670548e-01
176 4.8906250000e+00 1.3781563259e+00 3.6326500888e-01
176 4.8945312500e+00 1.3766148681e+00 3.6316338892e-01
176 4.8984375000e+00 1.3750757939e+00 3.6306184093e-01
176 4.9023437500e+00 1.3735391423e+00 3.6296036771e-01
176 4.9062500000e+00 1.3720048967e+00 3.6285896838e-01
176 4.9101562500e+00 1.3704730434e+00 3.6275764229e-01
176 4.9140625000e+00 1.3689435566e+00 3.6265638795e-01
176 4.9179687500e+00 1.3674164759e+00 3.6255520821e-01
176 4.9218750000e+00 1.3658917956e+00 3.6245410294e-01
176 4.9257812500e+00 1.3643694573e+00 3.6235306849e-01
176 4.9296875000e+00 1.3628494810e+00 3.6225210640e-01
176 4.9335937500e+00 1.3613318827e+00 3.6215121799e-01
176 4.9375000000e+00 1.3598166481e+00 3.6205040252e-01
176 4.9414062500e+00 1.3583037190e+00 3.6194965635e-01
176 4.9453125000e+00 1.3567931832e+00 3.6184898556e-01
176 4.9492187500e+00 1.3552849995e+00 3.6174838762e-01
176 4.9531250000e+00 1.3537791116e+00 3.6164785901e-01
176 4.9570312500e+00 1.3522755540e+00 3.6154740226e-01
176 4.9609375000e+00 1.3507743156e+00 3.6144701685e-01
176 4.9648437500e+00 1.3492753822e+00 3.6134670205e-01
176 4.9687500000e+00 1.3477788149e+00 3.6124646219e-01
176 4.9726562500e+00 1.3462844905e+00 3.6114628923e-01
176 4.9765625000e+00 1.3447925013e+00 3.6104618957e-01
176 4.9804687500e+00 1.3433027911e+00 3.6094615969e-01
176 4.9843750000e+00 1.3418153662e+00 3.6084620021e-01
176 4.9882812500e+00 1.3403302147e+00 3.6074631056e-01
176 4.9921875000e+00 1.3388473569e+00 3.6064649233e-01
176 4.9960937500e+00 1.3373667621e+00 3.6054674367e-01
176 5.0000000000e+00 1.3358884686e+00 3.6044706739e-01
