26 1.0000000000e+00 1.0256736933e+01 6.0000000000e-01
26 1.0039062500e+00 1.0203584971e+01 5.9922116216e-01
26 1.0078125000e+00 1.0150962120e+01 5.9844707407e-01
26 1.0117187500e+00 1.0098855227e+01 5.9767760454e-01
26 1.0156250000e+00 1.0047251669e+01 5.9691262756e-01
26 1.0195312500e+00 9.9961393456e+00 5.9615202235e-01
26 1.0234375000e+00 9.9455066772e+00 5.9539567354e-01
26 1.0273437500e+00 9.8953423332e+00 5.9464346717e-01
26 1.0312500000e+00 9.8456354475e+00 5.9389529403e-01
26 1.0351562500e+00 9.7963756999e+00 5.9315105102e-01
26 1.0390625000e+00 9.7475530253e+00 5.9241063687e-01
26 1.0429687500e+00 9.6991576803e+00 5.9167395325e-01
26 1.0468750000e+00 9.6511810996e+00 5.9094091793e-01
26 1.0507812500e+00 9.6036129160e+00 5.9021141937e-01
26 1.0546875000e+00 9.5564458200e+00 5.8948539109e-01
26 1.0585937500e+00 9.5096706807e+00 5.8876273705e-01
26 1.0625000000e+00 9.4632794611e+00 5.8804337643e-01
26 1.0664062500e+00 9.4172648806e+00 5.8732723863e-01
26 1.0703125000e+00 9.3716194805e+00 5.8661424888e-01
26 1.0742187500e+00 9.3263358118e+00 5.8590433114e-01
26 1.0781250000e+00 9.2814061093e+00 5.8519740297e-01
26 1.0820312500e+00 9.2368271131e+00 5.8449345165e-01
26 1.0859375000e+00 9.1925850176e+00 5.8379229658e-01
26 1.0898437500e+00 9.1486822578e+00 5.8309401303e-01
26 1.0937500000e+00 9.1051087191e+00 5.8239847638e-01
26 1.0976562500e+00 9.0618561298e+00 5.8170558953e-01
26 1.1015625000e+00 9.0189225075e+00 5.8101535502e-01
26 1.1054687500e+00 8.9763022099e+00 5.8032771601e-01
26 1.1093750000e+00 8.9339892292e+00 5.7964260868e-01
26 1.1132812500e+00 8.8919782574e+00 5.7895997946e-01
26 1.1171875000e+00 8.8502636884e+00 5.7827976891e-01
26 1.1210937500e+00 8.8088410038e+00 5.7760193435e-01
26 1.1250000000e+00 8.7677065007e+00 5.7692644571e-01
26 1.1289062500e+00 8.7268561499e+00 5.7625326689e-01
26 1.1328125000e+00 8.6862847863e+00 5.7558234226e-01
26 1.1367187500e+00 8.6459882655e+00 5.7491363218e-01
26 1.1406250000e+00 8.6059629457e+00 5.7424710462e-01
26 1.1445312500e+00 8.5662042693e+00 5.7358271162e-01
26 1.1484375000e+00 8.5267091442e+00 5.7292042897e-01
26 1.1523437500e+00 8.4874731691e+00 5.7226020985e-01
26 1.1562500000e+00 8.4484931148e+00 5.7160202647e-01
26 1.1601562500e+00 8.4097645309e+00 5.7094582975e-01
26 1.1640625000e+00 8.3712881325e+00 5.7029165773e-01
26 1.1679687500e+00 8.3330528959e+00 5.6963934821e-01
26 1.1718750000e+00 8.2950647512e+00 5.6898902731e-01
26 1.1757812500e+00 8.2573153403e+00 5.6834057687e-01
26 1.1796875000e+00 8.2198004325e+00 5.6769394823e-01
26 1.1835937500e+00 8.1825217505e+00 5.6704919506e-01
26 1.1875000000e+00 8.1454746525e+00 5.6640626096e-01
26 1.1914062500e+00 8.1086543417e+00 5.6576508591e-01
26 1.1953125000e+00 8.0720592432e+00 5.6512566534e-01
26 1.1992187500e+00 8.0356882648e+00 5.6448800294e-01
26 1.2031250000e+00 7.9995384556e+00 5.6385206957e-01
26 1.2070312500e+00 7.9636065514e+00 5.6321783001e-01
26 1.2109375000e+00 7.9278894703e+00 5.6258525169e-01
26 1.2148437500e+00 7.8923856619e+00 5.6195432871e-01
26 1.2187500000e+00 7.8570935608e+00 5.6132505470e-01
26 1.2226562500e+00 7.8220111480e+00 5.6069741496e-01
26 1.2265625000e+00 7.7871353545e+00 5.6007137557e-01
26 1.2304687500e+00 7.7524641752e+00 5.5944692126e-01
26 1.2343750000e+00 7.7179949269e+00 5.5882402412e-01
26 1.2382812500e+00 7.6837269852e+00 5.5820269318e-01
26 1.2421875000e+00 7.6496564711e+00 5.5758287814e-01
26 1.2460937500e+00 7.6157859779e+00 5.5696464626e-01
26 1.2500000000e+00 7.5821064934e+00 5.5634785271e-01
26 1.2539062500e+00 7.5486239495e+00 5.5573262563e-01
26 1.2578125000e+00 7.5153313740e+00 5.5511885649e-01
26 1.2617187500e+00 7.4822275764e+00 5.5450654234e-01
26 1.2656250000e+00 7.4493133627e+00 5.5389571716e-01
26 1.2695312500e+00 7.4165848086e+00 5.5328632711e-01
26 1.2734375000e+00 7.3840395253e+00 5.5267834620e-01
26 1.2773437500e+00 7.3516789167e+00 5.5207181925e-01
26 1.2812500000e+00 7.3195000799e+00 5.5146671042e-01
26 1.2851562500e+00 7.2875012149e+00 5.5086300416e-01
26 1.2890625000e+00 7.2556799047e+00 5.5026067290e-01
26 1.2929687500e+00 7.2240367416e+00 5.4965974585e-01
26 1.2968750000e+00 7.1925694160e+00 5.4906019716e-01
26 1.3007812500e+00 7.1612764832e+00 5.4846201706e-01
26 1.3046875000e+00 7.1301554432e+00 5.4786517531e-01
26 1.3085937500e+00 7.0992055421e+00 5.4726967483e-01
26 1.3125000000e+00 7.0684262833e+00 5.4667552344e-01
26 1.3164062500e+00 7.0378161192e+00 5.4608270863e-01
26 1.3203125000e+00 7.0073740422e+00 5.4549122809e-01
26 1.3242187500e+00 6.9770969250e+00 5.4490103803e-01
26 1.3281250000e+00 6.9469859694e+00 5.4431217880e-01
26 1.3320312500e+00 6.9170369076e+00 5.4372458370e-01
26 1.3359375000e+00 6.8872525981e+00 5.4313832556e-01
26 1.3398437500e+00 6.8576294826e+00 5.4255335116e-01
26 1.3437500000e+00 6.8281657335e+00 5.4196964084e-01
26 1.3476562500e+00 6.7988624448e+00 5.4138723277e-01
26 1.3515625000e+00 6.7697159692e+00 5.4080607081e-01
26 1.3554687500e+00 6.7407256503e+00 5.4022615797e-01
26 1.3593750000e+00 6.7118924915e+00 5.3964753057e-01
26 1.3632812500e+00 6.6832138193e+00 5.3907015114e-01
26 1.3671875000e+00 6.6546878003e+00 5.3849399868e-01
26 1.3710937500e+00 6.6263149788e+00 5.3791910007e-01
26 1.3750000000e+00 6.5980939870e+00 5.3734544352e-01
26 1.3789062500e+00 6.5700236878e+00 5.3677302174e-01
26 1.3828125000e+00 6.5421011265e+00 5.3620179000e-01
26 1.3867187500e+00 6.5143275113e+00 5.3563178851e-01
26 1.3906250000e+00 6.4867020020e+00 5.3506301565e-01
26 1.3945312500e+00 6.4592232311e+00 5.3449545881e-01
26 1.3984375000e+00 6.4318893828e+00 5.3392909583e-01
26 1.4023437500e+00 6.4047003838e+00 5.3336394047e-01
26 1.4062500000e+00 6.3776545741e+00 5.3279997345e-01
26 1.4101562500e+00 6.3507530442e+00 5.3223723278e-01
26 1.4140625000e+00 6.3239915945e+00 5.3167564571e-01
26 1.4179687500e+00 6.2973722558e+00 5.3111526985e-01
26 1.4218750000e+00 6.2708914574e+00 5.3055604497e-01
26 1.4257812500e+00 6.2445498396e+00 5.2999799937e-01
26 1.4296875000e+00 6.2183475352e+00 5.2944115082e-01
26 1.4335937500e+00 6.1922822820e+00 5.2888546610e-01
26 1.4375000000e+00 6.1663533506e+00 5.2833094434e-01
26 1.4414062500e+00 6.1405602573e+00 5.2777758985e-01
26 1.4453125000e+00 6.1149016769e+00 5.2722538880e-01
26 1.4492187500e+00 6.0893765704e+00 5.2667433329e-01
26 1.4531250000e+00 6.0639855009e+00 5.2612444998e-01
26 1.4570312500e+00 6.0387268577e+00 5.2557571854e-01
26 1.4609375000e+00 6.0135990328e+00 5.2502811832e-01
26 1.4648437500e+00 5.9886018539e+00 5.2448165981e-01
26 1.4687500000e+00 5.9637346086e+00 5.2393634168e-01
26 1.4726562500e+00 5.9389966390e+00 5.2339216373e-01
26 1.4765625000e+00 5.9143865114e+00 5.2284910852e-01
26 1.4804687500e+00 5.8899038988e+00 5.2230718287e-01
26 1.4843750000e+00 5.8655489390e+00 5.2176640395e-01
26 1.4882812500e+00 5.8413194101e+00 5.2122673643e-01
26 1.4921875000e+00 5.8172160328e+00 5.2068821033e-01
26 1.4960937500e+00 5.7932355764e+00 5.2015076726e-01
26 1.5000000000e+00 5.7693795667e+00 5.1961445515e-01
26 1.5039062500e+00 5.7456466144e+00 5.1907925660e-01
26 1.5078125000e+00 5.7220360375e+00 5.1854516998e-01
26 1.5117187500e+00 5.6985474908e+00 5.1801220119e-01
26 1.5156250000e+00 5.6751789912e+00 5.1748031882e-01
26 1.5195312500e+00 5.6519308829e+00 5.1694954421e-01
26 1.5234375000e+00 5.6288027930e+00 5.1641988246e-01
26 1.5273437500e+00 5.6057930526e+00 5.1589130885e-01
26 1.5312500000e+00 5.5829010470e+00 5.1536382260e-01
26 1.5351562500e+00 5.5601262442e+00 5.1483742479e-01
26 1.5390625000e+00 5.5374682738e+00 5.1431212017e-01
26 1.5429687500e+00 5.5149258778e+00 5.1378789286e-01
26 1.5468750000e+00 5.4924992788e+00 5.1326476125e-01
26 1.5507812500e+00 5.4701876773e+00 5.1274271999e-01
26 1.5546875000e+00 5.4479899779e+00 5.1222175662e-01
26 1.5585937500e+00 5.4259048503e+00 5.1170185291e-01
26 1.5625000000e+00 5.4039325639e+00 5.1118302822e-01
26 1.5664062500e+00 5.3820729696e+00 5.1066529210e-01
26 1.5703125000e+00 5.3603242426e+00 5.1014861433e-01
26 1.5742187500e+00 5.3386859834e+00 5.0963299825e-01
26 1.5781250000e+00 5.3171576911e+00 5.0911844474e-01
26 1.5820312500e+00 5.2957392760e+00 5.0860496453e-01
26 1.5859375000e+00 5.2744295098e+00 5.0809254098e-01
26 1.5898437500e+00 5.2532273476e+00 5.0758116162e-01
26 1.5937500000e+00 5.2321332810e+00 5.0707085098e-01
26 1.5976562500e+00 5.2111460482e+00 5.0656159124e-01
26 1.6015625000e+00 5.1902654724e+00 5.0605339073e-01
26 1.6054687500e+00 5.1694904952e+00 5.0554623628e-01
26 1.6093750000e+00 5.1488201623e+00 5.0504011703e-01
26 1.6132812500e+00 5.1282542156e+00 5.0453503907e-01
26 1.6171875000e+00 5.1077924014e+00 5.0403100862e-01
26 1.6210937500e+00 5.0874339297e+00 5.0352801862e-01
26 1.6250000000e+00 5.0671779816e+00 5.0302606117e-01
26 1.6289062500e+00 5.0470240112e+00 5.0252513499e-01
26 1.6328125000e+00 5.0269718232e+00 5.0202524750e-01
26 1.6367187500e+00 5.0070205127e+00 5.0152638836e-01
26 1.6406250000e+00 4.9871698000e+00 5.0102856277e-01
26 1.6445312500e+00 4.9674190145e+00 5.0053176607e-01
26 1.6484375000e+00 4.9477673122e+00 5.0003598911e-01
26 1.6523437500e+00 4.9282137210e+00 4.9954121932e-01
26 1.6562500000e+00 4.9087585843e+00 4.9904747738e-01
26 1.6601562500e+00 4.8894012103e+00 4.9855475774e-01
26 1.6640625000e+00 4.8701410764e+00 4.9806305906e-01
26 1.6679687500e+00 4.8509771757e+00 4.9757236753e-01
26 1.6718750000e+00 4.8319091986e+00 4.9708268703e-01
26 1.6757812500e+00 4.8129364440e+00 4.9659401132e-01
26 1.6796875000e+00 4.7940584234e+00 4.9610633956e-01
26 1.6835937500e+00 4.7752746253e+00 4.9561967024e-01
26 1.6875000000e+00 4.7565844955e+00 4.9513400063e-01
26 1.6914062500e+00 4.7379876812e+00 4.9464933322e-01
26 1.6953125000e+00 4.7194837488e+00 4.9416566832e-01
26 1.6992187500e+00 4.7010719381e+00 4.9368299763e-01
26 1.7031250000e+00 4.6827515107e+00 4.9320131327e-01
26 1.7070312500e+00 4.6645221127e+00 4.9272061737e-01
26 1.7109375000e+00 4.6463836828e+00 4.9224091976e-01
26 1.7148437500e+00 4.6283355204e+00 4.9176221337e-01
26 1.7187500000e+00 4.6103769124e+00 4.9128449065e-01
26 1.7226562500e+00 4.5925071221e+00 4.9080774329e-01
26 1.7265625000e+00 4.5747259021e+00 4.9033197591e-01
26 1.7304687500e+00 4.5570326205e+00 4.8985718282e-01
26 1.7343750000e+00 4.5394268613e+00 4.8938336404e-01
26 1.7382812500e+00 4.5219083918e+00 4.8891052446e-01
26 1.7421875000e+00 4.5044765447e+00 4.8843865722e-01
26 1.7460937500e+00 4.4871305721e+00 4.8796775313e-01
26 1.7500000000e+00 4.4698703842e+00 4.8749782076e-01
26 1.7539062500e+00 4.4526955297e+00 4.8702885888e-01
26 1.7578125000e+00 4.4356054065e+00 4.8656086202e-01
26 1.7617187500e+00 4.4185991343e+00 4.8609381698e-01
26 1.7656250000e+00 4.4016764408e+00 4.8562772710e-01
26 1.7695312500e+00 4.3848370195e+00 4.8516259477e-01
26 1.7734375000e+00 4.3680804718e+00 4.8469841980e-01
26 1.7773437500e+00 4.3514063887e+00 4.8423520165e-01
26 1.7812500000e+00 4.3348139452e+00 4.8377292813e-01
26 1.7851562500e+00 4.3183029694e+00 4.8331160513e-01
26 1.7890625000e+00 4.3018729876e+00 4.8285123008e-01
26 1.7929687500e+00 4.2855233571e+00 4.8239179557e-01
26 1.7968750000e+00 4.2692537700e+00 4.8193330353e-01
26 1.8007812500e+00 4.2530635880e+00 4.8147574649e-01
26 1.8046875000e+00 4.2369525784e+00 4.8101912834e-01
26 1.8085937500e+00 4.2209205290e+00 4.8056345360e-01
26 1.8125000000e+00 4.2049665078e+00 4.8010870619e-01
26 1.8164062500e+00 4.1890904645e+00 4.7965489507e-01
26 1.8203125000e+00 4.1732914766e+00 4.7920200421e-01
26 1.8242187500e+00 4.1575697227e+00 4.7875004904e-01
26 1.8281250000e+00 4.1419243501e+00 4.7829901534e-01
26 1.8320312500e+00 4.1263550418e+00 4.7784890422e-01
26 1.8359375000e+00 4.1108614094e+00 4.7739971463e-01
26 1.8398437500e+00 4.0954426708e+00 4.7695143405e-01
26 1.8437500000e+00 4.0800987932e+00 4.7650407161e-01
26 1.8476562500e+00 4.0648293191e+00 4.7605762408e-01
26 1.8515625000e+00 4.0496337950e+00 4.7561208826e-01
26 1.8554687500e+00 4.0345118838e+00 4.7516746430e-01
26 1.8593750000e+00 4.0194630540e+00 4.7472374654e-01
26 1.8632812500e+00 4.0044869095e+00 4.7428093325e-01
26 1.8671875000e+00 3.9895832518e+00 4.7383902849e-01
26 1.8710937500e+00 3.9747516811e+00 4.7339803031e-01
26 1.8750000000e+00 3.9599915483e+00 4.7295792928e-01
26 1.8789062500e+00 3.9453022975e+00 4.7251871858e-01
26 1.8828125000e+00 3.9306837810e+00 4.7208040354e-01
26 1.8867187500e+00 3.9161354246e+00 4.7164297665e-01
26 1.8906250000e+00 3.9016572324e+00 4.7120644774e-01
26 1.8945312500e+00 3.8872483236e+00 4.7077079993e-01
26 1.8984375000e+00 3.8729090024e+00 4.7033605205e-01
26 1.9023437500e+00 3.8586382817e+00 4.6990218380e-01
26 1.9062500000e+00 3.8444360212e+00 4.6946920046e-01
26 1.9101562500e+00 3.8303015356e+00 4.6903709065e-01
26 1.9140625000e+00 3.8162345724e+00 4.6860585608e-01
26 1.9179687500e+00 3.8022350040e+00 4.6817550231e-01
26 1.9218750000e+00 3.7883022518e+00 4.6774602097e-01
26 1.9257812500e+00 3.7744362042e+00 4.6731741803e-01
26 1.9296875000e+00 3.7606362581e+00 4.6688968421e-01
26 1.9335937500e+00 3.7469019784e+00 4.6646281533e-01
26 1.9375000000e+00 3.7332329923e+00 4.6603680906e-01
26 1.9414062500e+00 3.7196290619e+00 4.6561166721e-01
26 1.9453125000e+00 3.7060898492e+00 4.6518738844e-01
26 1.9492187500e+00 3.6926151523e+00 4.6476397564e-01
26 1.9531250000e+00 3.6792042315e+00 4.6434141470e-01
26 1.9570312500e+00 3.6658568827e+00 4.6391970828e-01
26 1.9609375000e+00 3.6525728306e+00 4.6349885675e-01
26 1.9648437500e+00 3.6393517256e+00 4.6307885810e-01
26 1.9687500000e+00 3.6261929735e+00 4.6265970244e-01
26 1.9726562500e+00 3.6130967427e+00 4.6224140413e-01
26 1.9765625000e+00 3.6000620838e+00 4.6182394178e-01
26 1.9804687500e+00 3.5870892723e+00 4.6140733314e-01
26 1.9843750000e+00 3.5741773440e+00 4.6099155611e-01
26 1.9882812500e+00 3.5613264520e+00 4.6057662447e-01
26 1.9921875000e+00 3.5485357907e+00 4.6016252100e-01
26 1.9960937500e+00 3.5358052261e+00 4.5974925010e-01
26 2.0000000000e+00 3.5231347134e+00 4.5933681907e-01
26 2.0039062500e+00 3.5105235804e+00 4.5892521477e-01
26 2.0078125000e+00 3.4979717100e+00 4.5851444202e-01
26 2.0117187500e+00 3.4854787410e+00 4.5810449770e-01
26 2.0156250000e+00 3.4730443003e+00 4.5769537818e-01
26 2.0195312500e+00 3.4606682687e+00 4.5728708813e-01
26 2.0234375000e+00 3.4483499594e+00 4.5687961348e-01
26 2.0273437500e+00 3.4360890467e+00 4.5647295190e-01
26 2.0312500000e+00 3.4238855291e+00 4.5606711185e-01
26 2.0351562500e+00 3.4117389514e+00 4.5566208666e-01
26 2.0390625000e+00 3.3996489933e+00 4.5525787407e-01
26 2.0429687500e+00 3.3876153402e+00 4.5485447196e-01
26 2.0468750000e+00 3.3756377464e+00 4.5445188046e-01
26 2.0507812500e+00 3.3637156169e+00 4.5405008788e-01
26 2.0546875000e+00 3.3518492052e+00 4.5364911108e-01
26 2.0585937500e+00 3.3400375013e+00 4.5324892418e-01
26 2.0625000000e+00 3.3282809336e+00 4.5284954994e-01
26 2.0664062500e+00 3.3165785489e+00 4.5245096419e-01
26 2.0703125000e+00 3.3049305660e+00 4.5205318255e-01
26 2.0742187500e+00 3.2933363670e+00 4.5165619208e-01
26 2.0781250000e+00 3.2817957309e+00 4.5125999330e-01
26 2.0820312500e+00 3.2703085811e+00 4.5086459170e-01
26 2.0859375000e+00 3.2588742038e+00 4.5046997075e-01
26 2.0898437500e+00 3.2474926638e+00 4.5007614069e-01
26 2.0937500000e+00 3.2361634664e+00 4.4968309240e-01
26 2.0976562500e+00 3.2248864292e+00 4.4929082752e-01
26 2.1015625000e+00 3.2136613498e+00 4.4889934694e-01
26 2.1054687500e+00 3.2024877210e+00 4.4850864088e-01
26 2.1093750000e+00 3.1913653446e+00 4.4811871027e-01
26 2.1132812500e+00 3.1802941254e+00 4.4772955961e-01
26 2.1171875000e+00 3.1692735090e+00 4.4734117724e-01
26 2.1210937500e+00 3.1583033503e+00 4.4695356580e-01
26 2.1250000000e+00 3.1473834610e+00 4.4656672643e-01
26 2.1289062500e+00 3.1365136894e+00 4.4618066150e-01
26 2.1328125000e+00 3.1256932484e+00 4.4579535074e-01
26 2.1367187500e+00 3.1149226396e+00 4.4541081970e-01
26 2.1406250000e+00 3.1042005494e+00 4.4502702911e-01
26 2.1445312500e+00 3.0935275718e+00 4.4464400780e-01
26 2.1484375000e+00 3.0829028815e+00 4.4426173373e-01
26 2.1523437500e+00 3.0723268208e+00 4.4388022676e-01
26 2.1562500000e+00 3.0617986820e+00 4.4349946894e-01
26 2.1601562500e+00 3.0513182834e+00 4.4311946115e-01
26 2.1640625000e+00 3.0408857400e+00 4.4274021506e-01
26 2.1679687500e+00 3.0305001860e+00 4.4236170667e-01
26 2.1718750000e+00 3.0201617194e+00 4.4198394691e-01
26 2.1757812500e+00 3.0098701384e+00 4.4160693582e-01
26 2.1796875000e+00 2.9996249564e+00 4.4123066294e-01
26 2.1835937500e+00 2.9894260966e+00 4.4085513277e-01
26 2.1875000000e+00 2.9792731368e+00 4.4048033705e-01
26 2.1914062500e+00 2.9691660161e+00 4.4010628080e-01
26 2.1953125000e+00 2.9591045950e+00 4.3973296615e-01
26 2.1992187500e+00 2.9490881977e+00 4.3936037523e-01
26 2.2031250000e+00 2.9391168034e+00 4.3898851441e-01
26 2.2070312500e+00 2.9291902299e+00 4.3861738406e-01
26 2.2109375000e+00 2.9193082735e+00 4.3824698373e-01
26 2.2148437500e+00 2.9094703145e+00 4.3787729725e-01
26 2.2187500000e+00 2.8996769615e+00 4.3750835463e-01
26 2.2226562500e+00 2.8899270146e+00 4.3714011770e-01
26 2.2265625000e+00 2.8802209749e+00 4.3677261244e-01
26 2.2304687500e+00 2.8705580336e+00 4.3640581520e-01
26 2.2343750000e+00 2.8609383840e+00 4.3603974030e-01
26 2.2382812500e+00 2.8513615749e+00 4.3567437753e-01
26 2.2421875000e+00 2.8418273509e+00 4.3530972404e-01
26 2.2460937500e+00 2.8323359519e+00 4.3494579595e-01
26 2.2500000000e+00 2.8228864243e+00 4.3458256358e-01
26 2.2539062500e+00 2.8134790365e+00 4.3422004405e-01
26 2.2578125000e+00 2.8041133704e+00 4.3385822809e-01
26 2.2617187500e+00 2.7947891009e+00 4.3349710991e-01
26 2.2656250000e+00 2.7855062982e+00 4.3313669899e-01
26 2.2695312500e+00 2.7762645582e+00 4.3277698640e-01
26 2.2734375000e+00 2.7670637695e+00 4.3241797452e-01
26 2.2773437500e+00 2.7579038209e+00 4.3205966574e-01
26 2.2812500000e+00 2.7487841189e+00 4.3170204351e-01
26 2.2851562500e+00 2.7397046928e+00 4.3134511559e-01
26 2.2890625000e+00 2.7306653060e+00 4.3098887930e-01
26 2.2929687500e+00 2.7216658457e+00 4.3063333681e-01
26 2.2968750000e+00 2.7127055752e+00 4.3027846554e-01
26 2.3007812500e+00 2.7037851808e+00 4.2992429922e-01
26 2.3046875000e+00 2.6949035434e+00 4.2957079994e-01
26 2.3085937500e+00 2.6860612147e+00 4.2921799614e-01
26 2.3125000000e+00 2.6772575161e+00 4.2886586724e-01
26 2.3164062500e+00 2.6684924441e+00 4.2851441954e-01
26 2.3203125000e+00 2.6597656961e+00 4.2816364731e-01
26 2.3242187500e+00 2.6510769760e+00 4.2781354503e-01
26 2.3281250000e+00 2.6424265457e+00 4.2746412966e-01
26 2.3320312500e+00 2.6338135723e+00 4.2711537389e-01
26 2.3359375000e+00 2.6252382448e+00 4.2676729168e-01
26 2.3398437500e+00 2.6167004263e+00 4.2641988379e-01
26 2.3437500000e+00 2.6081995329e+00 4.2607313274e-01
26 2.3476562500e+00 2.5997357422e+00 4.2572705200e-01
26 2.3515625000e+00 2.5913087011e+00 4.2538163337e-01
26 2.3554687500e+00 2.5829182159e+00 4.2503687512e-01
26 2.3593750000e+00 2.5745642362e+00 4.2469278136e-01
26 2.3632812500e+00 2.5662462526e+00 4.2434933725e-01
26 2.3671875000e+00 2.5579644812e+00 4.2400655786e-01
26 2.3710937500e+00 2.5497184381e+00 4.2366442928e-01
26 2.3750000000e+00 2.5415080435e+00 4.2332295428e-01
26 2.3789062500e+00 2.5333327934e+00 4.2298211791e-01
26 2.3828125000e+00 2.5251934274e+00 4.2264195711e-01
26 2.3867187500e+00 2.5170886582e+00 4.2230242411e-01
26 2.3906250000e+00 2.5090190854e+00 4.2196354999e-01
26 2.3945312500e+00 2.5009841491e+00 4.2162531726e-01
26 2.3984375000e+00 2.4929838147e+00 4.2128773041e-01
26 2.4023437500e+00 2.4850177319e+00 4.2095078058e-01
26 2.4062500000e+00 2.4770857333e+00 4.2061446657e-01
26 2.4101562500e+00 2.4691879800e+00 4.2027880112e-01
26 2.4140625000e+00 2.4613238167e+00 4.1994376223e-01
26 2.4179687500e+00 2.4534933742e+00 4.1960936131e-01
26 2.4218750000e+00 2.4456965321e+00 4.1927559905e-01
26 2.4257812500e+00 2.4379327856e+00 4.1894245963e-01
26 2.4296875000e+00 2.4302024030e+00 4.1860996035e-01
26 2.4335937500e+00 2.4225048750e+00 4.1827808508e-01
26 2.4375000000e+00 2.4148400071e+00 4.1794683112e-01
26 2.4414062500e+00 2.4072079500e+00 4.1761621072e-01
26 2.4453125000e+00 2.3996082271e+00 4.1728620891e-01
26 2.4492187500e+00 2.3920408157e+00 4.1695683039e-01
26 2.4531250000e+00 2.3845054448e+00 4.1662806898e-01
26 2.4570312500e+00 2.3770020558e+00 4.1629992775e-01
26 2.4609375000e+00 2.3695302600e+00 4.1597239529e-01
26 2.4648437500e+00 2.3620905540e+00 4.1564549899e-01
26 2.4687500000e+00 2.3546818150e+00 4.1531919507e-01
26 2.4726562500e+00 2.3473046601e+00 4.1499351622e-01
26 2.4765625000e+00 2.3399586410e+00 4.1466844821e-01
26 2.4804687500e+00 2.3326435975e+00 4.1434398947e-01
26 2.4843750000e+00 2.3253593039e+00 4.1402013543e-01
26 2.4882812500e+00 2.3181056331e+00 4.1369688591e-01
26 2.4921875000e+00 2.3108826981e+00 4.1337425139e-01
26 2.4960937500e+00 2.3036898524e+00 4.1305220842e-01
26 2.5000000000e+00 2.2965273328e+00 4.1273077299e-01
26 2.5039062500e+00 2.2893949707e+00 4.1240994293e-01
26 2.5078125000e+00 2.2822922309e+00 4.1208969952e-01
26 2.5117187500e+00 2.2752193341e+00 4.1177005802e-01
26 2.5156250000e+00 2.2681760387e+00 4.1145101284e-01
26 2.5195312500e+00 2.2611620160e+00 4.1113255438e-01
26 2.5234375000e+00 2.2541775101e+00 4.1081469900e-01
26 2.5273437500e+00 2.2472219636e+00 4.1049742662e-01
26 2.5312500000e+00 2.2402954786e+00 4.1018074711e-01
26 2.5351562500e+00 2.2333977373e+00 4.0986465116e-01
26 2.5390625000e+00 2.2265288718e+00 4.0954915004e-01
26 2.5429687500e+00 2.2196883400e+00 4.0923422403e-01
26 2.5468750000e+00 2.2128766156e+00 4.0891990012e-01
26 2.5507812500e+00 2.2060926425e+00 4.0860613471e-01
26 2.5546875000e+00 2.1993371318e+00 4.0829296580e-01
26 2.5585937500e+00 2.1926095663e+00 4.0798037455e-01
26 2.5625000000e+00 2.1859096647e+00 4.0766835296e-01
26 2.5664062500e+00 2.1792373979e+00 4.0735690469e-01
26 2.5703125000e+00 2.1725927296e+00 4.0704603311e-01
26 2.5742187500e+00 2.1659756975e+00 4.0673574504e-01
26 2.5781250000e+00 2.1593856780e+00 4.0642601625e-01
26 2.5820312500e+00 2.1528228967e+00 4.0611686231e-01
26 2.5859375000e+00 2.1462871835e+00 4.0580828021e-01
26 2.5898437500e+00 2.1397781390e+00 4.0550025602e-01
26 2.5937500000e+00 2.1332960017e+00 4.0519280596e-01
26 2.5976562500e+00 2.1268404537e+00 4.0488591991e-01
26 2.6015625000e+00 2.1204111950e+00 4.0457958847e-01
26 2.6054687500e+00 2.1140085122e+00 4.0427383019e-01
26 2.6093750000e+00 2.1076318073e+00 4.0396862138e-01
26 2.6132812500e+00 2.1012812204e+00 4.0366397357e-01
26 2.6171875000e+00 2.0949565444e+00 4.0335988164e-01
26 2.6210937500e+00 2.0886578719e+00 4.0305635490e-01
26 2.6250000000e+00 2.0823846035e+00 4.0275336924e-01
26 2.6289062500e+00 2.0761372631e+00 4.0245095475e-01
26 2.6328125000e+00 2.0699149413e+00 4.0214907217e-01
26 2.6367187500e+00 2.0637182510e+00 4.0184775595e-01
26 2.6406250000e+00 2.0575466217e+00 4.0154698312e-01
26 2.6445312500e+00 2.0513999161e+00 4.0124675166e-01
26 2.6484375000e+00 2.0452781976e+00 4.0094706933e-01
26 2.6523437500e+00 2.0391813918e+00 4.0064793719e-01
26 2.6562500000e+00 2.0331093463e+00 4.0034935246e-01
26 2.6601562500e+00 2.0270615713e+00 4.0005129565e-01
26 2.6640625000e+00 2.0210383226e+00 3.9975378395e-01
26 2.6679687500e+00 2.0150394877e+00 3.9945681645e-01
26 2.6718750000e+00 2.0090646295e+00 3.9916037607e-01
26 2.6757812500e+00 2.0031140298e+00 3.9886448136e-01
26 2.6796875000e+00 1.9971873248e+00 3.9856911881e-01
26 2.6835937500e+00 1.9912843217e+00 3.9827428330e-01
26 2.6875000000e+00 1.9854052493e+00 3.9797999079e-01
26 2.6914062500e+00 1.9795496747e+00 3.9768622414e-01
26 2.6953125000e+00 1.9737175612e+00 3.9739298598e-01
26 2.6992187500e+00 1.9679088512e+00 3.9710027787e-01
26 2.7031250000e+00 1.9621235303e+00 3.9680810357e-01
26 2.7070312500e+00 1.9563610714e+00 3.9651644087e-01
26 2.7109375000e+00 1.9506219865e+00 3.9622532012e-01
26 2.7148437500e+00 1.9449054211e+00 3.9593470237e-01
26 2.7187500000e+00 1.9392119768e+00 3.9564462258e-01
26 2.7226562500e+00 1.9335411170e+00 3.9535505782e-01
26 2.7265625000e+00 1.9278926770e+00 3.9506600399e-01
26 2.7304687500e+00 1.9222669291e+00 3.9477747937e-01
26 2.7343750000e+00 1.9166634760e+00 3.9448946795e-01
26 2.7382812500e+00 1.9110822970e+00 3.9420197295e-01
26 2.7421875000e+00 1.9055230416e+00 3.9391498059e-01
26 2.7460937500e+00 1.8999860999e+00 3.9362851528e-01
26 2.7500000000e+00 1.8944711132e+00 3.9334256280e-01
26 2.7539062500e+00 1.8889776460e+00 3.9305710475e-01
26 2.7578125000e+00 1.8835061267e+00 3.9277216761e-01
26 2.7617187500e+00 1.8780561836e+00 3.9248773629e-01
26 2.7656250000e+00 1.8726276197e+00 3.9220380467e-01
26 2.7695312500e+00 1.8672206682e+00 3.9192038914e-01
26 2.7734375000e+00 1.8618348391e+00 3.9163746821e-01
26 2.7773437500e+00 1.8564702411e+00 3.9135505171e-01
26 2.7812500000e+00 1.8511266980e+00 3.9107313450e-01
26 2.7851562500e+00 1.8458043676e+00 3.9079172908e-01
26 2.7890625000e+00 1.8405025823e+00 3.9051080422e-01
26 2.7929687500e+00 1.8352219457e+00 3.9023039603e-01
26 2.7968750000e+00 1.8299616671e+00 3.8995046657e-01
26 2.8007812500e+00 1.8247221879e+00 3.8967104341e-01
26 2.8046875000e+00 1.8195031531e+00 3.8939211168e-01
26 2.8085937500e+00 1.8143043958e+00 3.8911366647e-01
26 2.8125000000e+00 1.8091260992e+00 3.8883572163e-01
26 2.8164062500e+00 1.8039678626e+00 3.8855825966e-01
26 2.8203125000e+00 1.7988297393e+00 3.8828128741e-01
26 2.8242187500e+00 1.7937115605e+00 3.8800479974e-01
26 2.8281250000e+00 1.7886133844e+00 3.8772880376e-01
26 2.8320312500e+00 1.7835350163e+00 3.8745329292e-01
26 2.8359375000e+00 1.7784761384e+00 3.8717825385e-01
26 2.8398437500e+00 1.7734372001e+00 3.8690371494e-01
26 2.8437500000e+00 1.7684177418e+00 3.8662965509e-01
26 2.8476562500e+00 1.7634175043e+00 3.8635606400e-01
26 2.8515625000e+00 1.7584368579e+00 3.8608296582e-01
26 2.8554687500e+00 1.7534752945e+00 3.8581033657e-01
26 2.8593750000e+00 1.7485329856e+00 3.8553818950e-01
26 2.8632812500e+00 1.7436097098e+00 3.8526651629e-01
26 2.8671875000e+00 1.7387055556e+00 3.8499532565e-01
26 2.8710937500e+00 1.7338199415e+00 3.8472458921e-01
26 2.8750000000e+00 1.7289534760e+00 3.8445434448e-01
26 2.8789062500e+00 1.7241054617e+00 3.8418455654e-01
26 2.8828125000e+00 1.7192762487e+00 3.8391524862e-01
26 2.8867187500e+00 1.7144655122e+00 3.8364640639e-01
26 2.8906250000e+00 1.7096730942e+00 3.8337802474e-01
26 2.8945312500e+00 1.7048992100e+00 3.8311011945e-01
26 2.8984375000e+00 1.7001435141e+00 3.8284267488e-01
26 2.9023437500e+00 1.6954060148e+00 3.8257569517e-01
26 2.9062500000e+00 1.6906865997e+00 3.8230917770e-01
26 2.9101562500e+00 1.6859852155e+00 3.8204312312e-01
26 2.9140625000e+00 1.6813017643e+00 3.8177752957e-01
26 2.9179687500e+00 1.6766360249e+00 3.8151238811e-01
26 2.9218750000e+00 1.6719882835e+00 3.8124771869e-01
26 2.9257812500e+00 1.6673580987e+00 3.8098349980e-01
26 2.9296875000e+00 1.6627452961e+00 3.8071972506e-01
26 2.9335937500e+00 1.6581503187e+00 3.8045642340e-01
26 2.9375000000e+00 1.6535726433e+00 3.8019356847e-01
26 2.9414062500e+00 1.6490123100e+00 3.7993116612e-01
26 2.9453125000e+00 1.6444691679e+00 3.7966921121e-01
26 2.9492187500e+00 1.6399433944e+00 3.7940771755e-01
26 2.9531250000e+00 1.6354345311e+00 3.7914666218e-01
26 2.9570312500e+00 1.6309429714e+00 3.7888607141e-01
26 2.9609375000e+00 1.6264681091e+00 3.7862591359e-01
26 2.9648437500e+00 1.6220101627e+00 3.7836620489e-01
26 2.9687500000e+00 1.6175690531e+00 3.7810694420e-01
26 2.9726562500e+00 1.6131445238e+00 3.7784812002e-01
26 2.9765625000e+00 1.6087368231e+00 3.7758975033e-01
26 2.9804687500e+00 1.6043455219e+00 3.7733181343e-01
26 2.9843750000e+00 1.5999707744e+00 3.7707432182e-01
26 2.9882812500e+00 1.5956124037e+00 3.7681726851e-01
26 2.9921875000e+00 1.5912703412e+00 3.7656065286e-01
26 2.9960937500e+00 1.5869445612e+00 3.7630447676e-01
26 3.0000000000e+00 1.5826348914e+00 3.7604873338e-01
26 3.0039062500e+00 1.5783414737e+00 3.7579343455e-01
26 3.0078125000e+00 1.5740639888e+00 3.7553856464e-01
26 3.0117187500e+00 1.5698022897e+00 3.7528411822e-01
26 3.0156250000e+00 1.5655568700e+00 3.7503012812e-01
26 3.0195312500e+00 1.5613269759e+00 3.7477655261e-01
26 3.0234375000e+00 1.5571128387e+00 3.7452340882e-01
26 3.0273437500e+00 1.5529142958e+00 3.7427069029e-01
26 3.0312500000e+00 1.5487315859e+00 3.7401841471e-01
26 3.0351562500e+00 1.5445641045e+00 3.7376654890e-01
26 3.0390625000e+00 1.5404122659e+00 3.7351512116e-01
26 3.0429687500e+00 1.5362756158e+00 3.7326410722e-01
26 3.0468750000e+00 1.5321544102e+00 3.7301352588e-01
26 3.0507812500e+00 1.5280484801e+00 3.7276337012e-01
26 3.0546875000e+00 1.5239575606e+00 3.7251362701e-01
26 3.0585937500e+00 1.5198818656e+00 3.7226431282e-01
26 3.0625000000e+00 1.5158210973e+00 3.7201541255e-01
26 3.0664062500e+00 1.5117753429e+00 3.7176693472e-01
26 3.0703125000e+00 1.5077445216e+00 3.7151887756e-01
26 3.0742187500e+00 1.5037284662e+00 3.7127123398e-01
26 3.0781250000e+00 1.4997272000e+00 3.7102400855e-01
26 3.0820312500e+00 1.4957405386e+00 3.7077719302e-01
26 3.0859375000e+00 1.4917686070e+00 3.7053079827e-01
26 3.0898437500e+00 1.4878112103e+00 3.7028481536e-01
26 3.0937500000e+00 1.4838681760e+00 3.7003923664e-01
26 3.0976562500e+00 1.4799398152e+00 3.6979408465e-01
26 3.1015625000e+00 1.4760255476e+00 3.6954932623e-01
26 3.1054687500e+00 1.4721256363e+00 3.6930498091e-01
26 3.1093750000e+00 1.4682400350e+00 3.6906104887e-01
26 3.1132812500e+00 1.4643687026e+00 3.6881753063e-01
26 3.1171875000e+00 1.4605111863e+00 3.6857440074e-01
26 3.1210937500e+00 1.4566679400e+00 3.6833169083e-01
26 3.1250000000e+00 1.4528385355e+00 3.6808937691e-01
26 3.1289062500e+00 1.4490231016e+00 3.6784747014e-01
26 3.1328125000e+00 1.4452215063e+00 3.6760596517e-01
26 3.1367187500e+00 1.4414336015e+00 3.6736485558e-01
26 3.1406250000e+00 1.4376595620e+00 3.6712415547e-01
26 3.1445312500e+00 1.4338991325e+00 3.6688385159e-01
26 3.1484375000e+00 1.4301523208e+00 3.6664394738e-01
26 3.1523437500e+00 1.4264190133e+00 3.6640443853e-01
26 3.1562500000e+00 1.4226991487e+00 3.6616532404e-01
26 3.1601562500e+00 1.4189927843e+00 3.6592661053e-01
26 3.1640625000e+00 1.4152997545e+00 3.6568829030e-01
26 3.1679687500e+00 1.4116200561e+00 3.6545036604e-01
26 3.1718750000e+00 1.4079535511e+00 3.6521283175e-01
26 3.1757812500e+00 1.4043001486e+00 3.6497568441e-01
26 3.1796875000e+00 1.4006600436e+00 3.6473893958e-01
26 3.1835937500e+00 1.3970328186e+00 3.6450257299e-01
26 3.1875000000e+00 1.3934186512e+00 3.6426659907e-01
26 3.1914062500e+00 1.3898174889e+00 3.6403101726e-01
26 3.1953125000e+00 1.3862292368e+00 3.6379582421e-01
26 3.1992187500e+00 1.3826535735e+00 3.6356100166e-01
26 3.2031250000e+00 1.3790909910e+00 3.6332658476e-01
26 3.2070312500e+00 1.3755410067e+00 3.6309254462e-01
26 3.2109375000e+00 1.3720036680e+00 3.6285888715e-01
26 3.2148437500e+00 1.3684789566e+00 3.6262561393e-01
26 3.2187500000e+00 1.3649666947e+00 3.6239271597e-01
26 3.2226562500e+00 1.3614671332e+00 3.6216021273e-01
26 3.2265625000e+00 1.3579798764e+00 3.6192808069e-01
26 3.2304687500e+00 1.3545050464e+00 3.6169633073e-01
26 3.2343750000e+00 1.3510425068e+00 3.6146495650e-01
26 3.2382812500e+00 1.3475922718e+00 3.6123396171e-01
26 3.2421875000e+00 1.3441543017e+00 3.6100334643e-01
26 3.2460937500e+00 1.3407284159e+00 3.6077310128e-01
26 3.2500000000e+00 1.3373146545e+00 3.6054323164e-01
26 3.2539062500e+00 1.3339130161e+00 3.6031374016e-01
26 3.2578125000e+00 1.3305233133e+00 3.6008461688e-01
26 3.2617187500e+00 1.3271457370e+00 3.5985587742e-01
26 3.2656250000e+00 1.3237797976e+00 3.5962749128e-01
26 3.2695312500e+00 1.3204258565e+00 3.5939948562e-01
26 3.2734375000e+00 1.3170837053e+00 3.5917184898e-01
26 3.2773437500e+00 1.3137533881e+00 3.5894458703e-01
26 3.2812500000e+00 1.3104345397e+00 3.5871767746e-01
26 3.2851562500e+00 1.3071276113e+00 3.5849115376e-01
26 3.2890625000e+00 1.3038320689e+00 3.5826498199e-01
26 3.2929687500e+00 1.3005480553e+00 3.5803917454e-01
26 3.2968750000e+00 1.2972756599e+00 3.5781374017e-01
26 3.3007812500e+00 1.2940146348e+00 3.5758866443e-01
26 3.3046875000e+00 1.2907651076e+00 3.5736395872e-01
26 3.3085937500e+00 1.2875267844e+00 3.5713960528e-01
26 3.3125000000e+00 1.2842998211e+00 3.5691561748e-01
26 3.3164062500e+00 1.2810841520e+00 3.5669199334e-01
26 3.3203125000e+00 1.2778796287e+00 3.5646872512e-01
26 3.3242187500e+00 1.2746862982e+00 3.5624581861e-01
26 3.3281250000e+00 1.2715040045e+00 3.5602326547e-01
26 3.3320312500e+00 1.2683328073e+00 3.5580107241e-01
26 3.3359375000e+00 1.2651726538e+00 3.5557923827e-01
26 3.3398437500e+00 1.2620233404e+00 3.5535775125e-01
26 3.3437500000e+00 1.2588850632e+00 3.5513662765e-01
26 3.3476562500e+00 1.2557574892e+00 3.5491584649e-01
26 3.3515625000e+00 1.2526408845e+00 3.5469542906e-01
26 3.3554687500e+00 1.2495350097e+00 3.5447536093e-01
26 3.3593750000e+00 1.2464398615e+00 3.5425564432e-01
26 3.3632812500e+00 1.2433552518e+00 3.5403626832e-01
26 3.3671875000e+00 1.2402815357e+00 3.5381726066e-01
26 3.3710937500e+00 1.2372182438e+00 3.5359859039e-01
26 3.3750000000e+00 1.2341654887e+00 3.5338026792e-01
26 3.3789062500e+00 1.2311233595e+00 3.5316230210e-01
26 3.3828125000e+00 1.2280915298e+00 3.5294467196e-01
26 3.3867187500e+00 1.2250701924e+00 3.5272739375e-01
26 3.3906250000e+00 1.2220591565e+00 3.5251045614e-01
26 3.3945312500e+00 1.2190585192e+00 3.5229386856e-01
26 3.3984375000e+00 1.2160681448e+00 3.5207762360e-01
26 3.4023437500e+00 1.2130878975e+00 3.5186171381e-01
26 3.4062500000e+00 1.2101178912e+00 3.5164614980e-01
26 3.4101562500e+00 1.2071580293e+00 3.5143092695e-01
26 3.4140625000e+00 1.2042082769e+00 3.5121604509e-01
26 3.4179687500e+00 1.2012686092e+00 3.5100150476e-01
26 3.4218750000e+00 1.1983388354e+00 3.5078729437e-01
26 3.4257812500e+00 1.1954191912e+00 3.5057343349e-01
26 3.4296875000e+00 1.1925093415e+00 3.5035989993e-01
26 3.4335937500e+00 1.1896095037e+00 3.5014671194e-01
26 3.4375000000e+00 1.1867194444e+00 3.4993385470e-01
26 3.4414062500e+00 1.1838391901e+00 3.4972133245e-01
26 3.4453125000e+00 1.1809686260e+00 3.4950913901e-01
26 3.4492187500e+00 1.1781079820e+00 3.4929729369e-01
26 3.4531250000e+00 1.1752568369e+00 3.4908576759e-01
26 3.4570312500e+00 1.1724153181e+00 3.4887457240e-01
26 3.4609375000e+00 1.1695835812e+00 3.4866372198e-01
26 3.4648437500e+00 1.1667612131e+00 3.4845318782e-01
26 3.4687500000e+00 1.1639485010e+00 3.4824299362e-01
26 3.4726562500e+00 1.1611452023e+00 3.4803312350e-01
26 3.4765625000e+00 1.1583513622e+00 3.4782358307e-01
26 3.4804687500e+00 1.1555668976e+00 3.4761436833e-01
26 3.4843750000e+00 1.1527917656e+00 3.4740547827e-01
26 3.4882812500e+00 1.1500260597e+00 3.4719692217e-01
26 3.4921875000e+00 1.1472695947e+00 3.4698868828e-01
26 3.4960937500e+00 1.1445222929e+00 3.4678077293e-01
26 3.5000000000e+00 1.1417842546e+00 3.4657318587e-01
26 3.5039062500e+00 1.1390552887e+00 3.4636591482e-01
26 3.5078125000e+00 1.1363356518e+00 3.4615898147e-01
26 3.5117187500e+00 1.1336249085e+00 3.4595235486e-01
26 3.5156250000e+00 1.1309233442e+00 3.4574605891e-01
26 3.5195312500e+00 1.1282307021e+00 3.4554007617e-01
26 3.5234375000e+00 1.1255471123e+00 3.4533441874e-01
26 3.5273437500e+00 1.1228723804e+00 3.4512907388e-01
26 3.5312500000e+00 1.1202066696e+00 3.4492405626e-01
26 3.5351562500e+00 1.1175496667e+00 3.4471934392e-01
26 3.5390625000e+00 1.1149015504e+00 3.4451495274e-01
26 3.5429687500e+00 1.1122623683e+00 3.4431088855e-01
26 3.5468750000e+00 1.1096317295e+00 3.4410712322e-01
26 3.5507812500e+00 1.1070098916e+00 3.4390367879e-01
26 3.5546875000e+00 1.1043967897e+00 3.4370055235e-01
26 3.5585937500e+00 1.1017922651e+00 3.4349773364e-01
26 3.5625000000e+00 1.0991963959e+00 3.4329523084e-01
26 3.5664062500e+00 1.0966090070e+00 3.4309303235e-01
26 3.5703125000e+00 1.0940302796e+00 3.4289115441e-01
26 3.5742187500e+00 1.0914599953e+00 3.4268958200e-01
26 3.5781250000e+00 1.0888981356e+00 3.4248831570e-01
26 3.5820312500e+00 1.0863448445e+00 3.4228736891e-01
26 3.5859375000e+00 1.0837998601e+00 3.4208672306e-01
26 3.5898437500e+00 1.0812633227e+00 3.4188639125e-01
26 3.5937500000e+00 1.0787349476e+00 3.4168635301e-01
26 3.5976562500e+00 1.0762150003e+00 3.4148663135e-01
26 3.6015625000e+00 1.0737033258e+00 3.4128721605e-01
26 3.6054687500e+00 1.0711998756e+00 3.4108810528e-01
26 3.6093750000e+00 1.0687045704e+00 3.4088929471e-01
26 3.6132812500e+00 1.0662174877e+00 3.4069079253e-01
26 3.6171875000e+00 1.0637384653e+00 3.4049258778e-01
26 3.6210937500e+00 1.0612675777e+00 3.4029468839e-01
26 3.6250000000e+00 1.0588048455e+00 3.4009709804e-01
26 3.6289062500e+00 1.0563499523e+00 3.3989979327e-01
26 3.6328125000e+00 1.0539031866e+00 3.3970279925e-01
26 3.6367187500e+00 1.0514643987e+00 3.3950610591e-01
26 3.6406250000e+00 1.0490334634e+00 3.3930970509e-01
26 3.6445312500e+00 1.0466104288e+00 3.3911360261e-01
26 3.6484375000e+00 1.0441952606e+00 3.3891779765e-01
26 3.6523437500e+00 1.0417879748e+00 3.3872229343e-01
26 3.6562500000e+00 1.0393884777e+00 3.3852708430e-01
26 3.6601562500e+00 1.0369966877e+00 3.3833216552e-01
26 3.6640625000e+00 1.0346127752e+00 3.3813755291e-01
26 3.6679687500e+00 1.0322364452e+00 3.3794322430e-01
26 3.6718750000e+00 1.0298678831e+00 3.3774919677e-01
26 3.6757812500e+00 1.0275068822e+00 3.3755545526e-01
26 3.6796875000e+00 1.0251536147e+00 3.3736201581e-01
26 3.6835937500e+00 1.0228078529e+00 3.3716886162e-01
26 3.6875000000e+00 1.0204696527e+00 3.3697599914e-01
26 3.6914062500e+00 1.0181389449e+00 3.3678342453e-01
26 3.6953125000e+00 1.0158158569e+00 3.3659115022e-01
26 3.6992187500e+00 1.0135001382e+00 3.3639915734e-01
26 3.7031250000e+00 1.0111918520e+00 3.3620745298e-01
26 3.7070312500e+00 1.0088910275e+00 3.3601604141e-01
26 3.7109375000e+00 1.0065974318e+00 3.3582490510e-01
26 3.7148437500e+00 1.0043113569e+00 3.3563407021e-01
26 3.7187500000e+00 1.0020325603e+00 3.3544351840e-01
26 3.7226562500e+00 9.9976096609e-01 3.3525324509e-01
26 3.7265625000e+00 9.9749666030e-01 3.3506325932e-01
26 3.7304687500e+00 9.9523960542e-01 3.3487355976e-01
26 3.7343750000e+00 9.9298976930e-01 3.3468414553e-01
26 3.7382812500e+00 9.9074707516e-01 3.3449501198e-01
26 3.7421875000e+00 9.8851148362e-01 3.3430615757e-01
26 3.7460937500e+00 9.8628314095e-01 3.3411759647e-01
26 3.7500000000e+00 9.8406175365e-01 3.3392930564e-01
26 3.7539062500e+00 9.8184750002e-01 3.3374130197e-01
26 3.7578125000e+00 9.7964018371e-01 3.3355357055e-01
26 3.7617187500e+00 9.7743999231e-01 3.3336612913e-01
26 3.7656250000e+00 9.7524667320e-01 3.3317895795e-01
26 3.7695312500e+00 9.7306034506e-01 3.3299206890e-01
26 3.7734375000e+00 9.7088090399e-01 3.3280545484e-01
26 3.7773437500e+00 9.6870844137e-01 3.3261912537e-01
26 3.7812500000e+00 9.6654272597e-01 3.3243306240e-01
26 3.7851562500e+00 9.6438389150e-01 3.3224727914e-01
26 3.7890625000e+00 9.6223195139e-01 3.3206177850e-01
26 3.7929687500e+00 9.6008666178e-01 3.3187654119e-01
26 3.7968750000e+00 9.5794823203e-01 3.3169158700e-01
26 3.8007812500e+00 9.5581647323e-01 3.3150690132e-01
26 3.8046875000e+00 9.5369134225e-01 3.3132248209e-01
26 3.8085937500e+00 9.5157302686e-01 3.3113834734e-01
26 3.8125000000e+00 9.4946132799e-01 3.3095448149e-01
26 3.8164062500e+00 9.4735622682e-01 3.3077088458e-01
26 3.8203125000e+00 9.4525770578e-01 3.3058755676e-01
26 3.8242187500e+00 9.4316576215e-01 3.3040449948e-01
26 3.8281250000e+00 9.4108045800e-01 3.3022171987e-01
26 3.8320312500e+00 9.3900156329e-01 3.3003919945e-01
26 3.8359375000e+00 9.3692923905e-01 3.2985695401e-01
26 3.8398437500e+00 9.3486333313e-01 3.2967497185e-01
26 3.8437500000e+00 9.3280393917e-01 3.2949326288e-01
26 3.8476562500e+00 9.3075088809e-01 3.2931181383e-01
26 3.8515625000e+00 9.2870426330e-01 3.2913063372e-01
26 3.8554687500e+00 9.2666401321e-01 3.2894971964e-01
26 3.8593750000e+00 9.2463013615e-01 3.2876907308e-01
26 3.8632812500e+00 9.2260252536e-01 3.2858868620e-01
26 3.8671875000e+00 9.2058122134e-01 3.2840856421e-01
26 3.8710937500e+00 9.1856626483e-01 3.2822871239e-01
26 3.8750000000e+00 9.1655740409e-01 3.2804910989e-01
26 3.8789062500e+00 9.1455488805e-01 3.2786978055e-01
26 3.8828125000e+00 9.1255851838e-01 3.2769070826e-01
26 3.8867187500e+00 9.1056828851e-01 3.2751189400e-01
26 3.8906250000e+00 9.0858428157e-01 3.2733334685e-01
26 3.8945312500e+00 9.0660635130e-01 3.2715505526e-01
26 3.8984375000e+00 9.0463449338e-01 3.2697702041e-01
26 3.9023437500e+00 9.0266879288e-01 3.2679925157e-01
26 3.9062500000e+00 9.0070911700e-01 3.2662173833e-01
26 3.9101562500e+00 8.9875551518e-01 3.2644448675e-01
26 3.9140625000e+00 8.9680778797e-01 3.2626748027e-01
26 3.9179687500e+00 8.9486617200e-01 3.2609074198e-01
26 3.9218750000e+00 8.9293047214e-01 3.2591425568e-01
26 3.9257812500e+00 8.9100077991e-01 3.2573803128e-01
26 3.9296875000e+00 8.8907690751e-01 3.2556205319e-01
26 3.9335937500e+00 8.8715900558e-01 3.2538633672e-01
26 3.9375000000e+00 8.8524691776e-01 3.2521086909e-01
26 3.9414062500e+00 8.8334071827e-01 3.2503565866e-01
26 3.9453125000e+00 8.8144029138e-01 3.2486069630e-01
26 3.9492187500e+00 8.7954570870e-01 3.2468599015e-01
26 3.9531250000e+00 8.7765695890e-01 3.2451154070e-01
26 3.9570312500e+00 8.7577383386e-01 3.2433733023e-01
26 3.9609375000e+00 8.7389657856e-01 3.2416338292e-01
26 3.9648437500e+00 8.7202498753e-01 3.2398968126e-01
26 3.9687500000e+00 8.7015902853e-01 3.2381622374e-01
26 3.9726562500e+00 8.6829883507e-01 3.2364302428e-01
26 3.9765625000e+00 8.6644424722e-01 3.2347006949e-01
26 3.9804687500e+00 8.6459530238e-01 3.2329736434e-01
26 3.9843750000e+00 8.6275200289e-01 3.2312491056e-01
26 3.9882812500e+00 8.6091422714e-01 3.2295269825e-01
26 3.9921875000e+00 8.5908206040e-01 3.2278073687e-01
26 3.9960937500e+00 8.5725537566e-01 3.2260901597e-01
26 4.0000000000e+00 8.5543434389e-01 3.2243755311e-01
26 4.0039062500e+00 8.5361868554e-01 3.2226632344e-01
26 4.0078125000e+00 8.5180856663e-01 3.2209534405e-01
26 4.0117187500e+00 8.5000385220e-01 3.2192460365e-01
26 4.0156250000e+00 8.4820465424e-01 3.2175411430e-01
26 4.0195312500e+00 8.4641083184e-01 3.2158386411e-01
26 4.0234375000e+00 8.4462240393e-01 3.2141385629e-01
26 4.0273437500e+00 8.4283934822e-01 3.2124409017e-01
26 4.0312500000e+00 8.4106164138e-01 3.2107456496e-01
26 4.0351562500e+00 8.3928932595e-01 3.2090528616e-01
26 4.0390625000e+00 8.3752223655e-01 3.2073623939e-01
26 4.0429687500e+00 8.3576055703e-01 3.2056744366e-01
26 4.0468750000e+00 8.3400411992e-01 3.2039888436e-01
26 4.0507812500e+00 8.3225285182e-01 3.2023055584e-01
26 4.0546875000e+00 8.3050695048e-01 3.2006247852e-01
26 4.0585937500e+00 8.2876619031e-01 3.1989463210e-01
26 4.0625000000e+00 8.2703063539e-01 3.1972702414e-01
26 4.0664062500e+00 8.2530030947e-01 3.1955965835e-01
26 4.0703125000e+00 8.2357506306e-01 3.1939252166e-01
26 4.0742187500e+00 8.2185503044e-01 3.1922562845e-01
26 4.0781250000e+00 8.2014004854e-01 3.1905896429e-01
26 4.0820312500e+00 8.1843025984e-01 3.1889254442e-01
26 4.0859375000e+00 8.1672545102e-01 3.1872634944e-01
26 4.0898437500e+00 8.1502576483e-01 3.1856039463e-01
26 4.0937500000e+00 8.1333114416e-01 3.1839467580e-01
26 4.0976562500e+00 8.1164155336e-01 3.1822919084e-01
26 4.1015625000e+00 8.0995690986e-01 3.1806393300e-01
26 4.1054687500e+00 8.0827725193e-01 3.1789890738e-01
26 4.1093750000e+00 8.0660262855e-01 3.1773412016e-01
26 4.1132812500e+00 8.0493294115e-01 3.1756956299e-01
26 4.1171875000e+00 8.0326818980e-01 3.1740523723e-01
26 4.1210937500e+00 8.0160826116e-01 3.1724113300e-01
26 4.1250000000e+00 7.9995334285e-01 3.1707727020e-01
26 4.1289062500e+00 7.9830325427e-01 3.1691363228e-01
26 4.1328125000e+00 7.9665797510e-01 3.1675021855e-01
26 4.1367187500e+00 7.9501764790e-01 3.1658704449e-01
26 4.1406250000e+00 7.9338209414e-01 3.1642409368e-01
26 4.1445312500e+00 7.9175129773e-01 3.1626136581e-01
26 4.1484375000e+00 7.9012537284e-01 3.1609887359e-01
26 4.1523437500e+00 7.8850413691e-01 3.1593660009e-01
26 4.1562500000e+00 7.8688775806e-01 3.1577456344e-01
26 4.1601562500e+00 7.8527604008e-01 3.1561274528e-01
26 4.1640625000e+00 7.8366910333e-01 3.1545115899e-01
26 4.1679687500e+00 7.8206678541e-01 3.1528978953e-01
26 4.1718750000e+00 7.8046921598e-01 3.1512865123e-01
26 4.1757812500e+00 7.7887628551e-01 3.1496773435e-01
26 4.1796875000e+00 7.7728800083e-01 3.1480704085e-01
26 4.1835937500e+00 7.7570431774e-01 3.1464656752e-01
26 4.1875000000e+00 7.7412531998e-01 3.1448632414e-01
26 4.1914062500e+00 7.7255091308e-01 3.1432630241e-01
26 4.1953125000e+00 7.7098104157e-01 3.1416649793e-01
26 4.1992187500e+00 7.6941574480e-01 3.1400691598e-01
26 4.2031250000e+00 7.6785497841e-01 3.1384755327e-01
26 4.2070312500e+00 7.6629883177e-01 3.1368842022e-01
26 4.2109375000e+00 7.6474714665e-01 3.1352950190e-01
26 4.2148437500e+00 7.6319989276e-01 3.1337079643e-01
26 4.2187500000e+00 7.6165723178e-01 3.1321232164e-01
26 4.2226562500e+00 7.6011897934e-01 3.1305405985e-01
26 4.2265625000e+00 7.5858516467e-01 3.1289601529e-01
26 4.2304687500e+00 7.5705586239e-01 3.1273819690e-01
26 4.2343750000e+00 7.5553088589e-01 3.1258058664e-01
26 4.2382812500e+00 7.5401036882e-01 3.1242319955e-01
26 4.2421875000e+00 7.5249418660e-01 3.1226602395e-01
26 4.2460937500e+00 7.5098243892e-01 3.1210907141e-01
26 4.2500000000e+00 7.4947498296e-01 3.1195232832e-01
26 4.2539062500e+00 7.4797191739e-01 3.1179580613e-01
26 4.2578125000e+00 7.4647314871e-01 3.1163949634e-01
26 4.2617187500e+00 7.4497867014e-01 3.1148339942e-01
26 4.2656250000e+00 7.4348847451e-01 3.1132751584e-01
26 4.2695312500e+00 7.4200258842e-01 3.1117184956e-01
26 4.2734375000e+00 7.4052096628e-01 3.1101639703e-01
26 4.2773437500e+00 7.3904354245e-01 3.1086115253e-01
26 4.2812500000e+00 7.3757040295e-01 3.1070612630e-01
26 4.2851562500e+00 7.3610144882e-01 3.1055130910e-01
26 4.2890625000e+00 7.3463671684e-01 3.1039670601e-01
26 4.2929687500e+00 7.3317611754e-01 3.1024230873e-01
26 4.2968750000e+00 7.3171966311e-01 3.1008811973e-01
26 4.3007812500e+00 7.3026749559e-01 3.0993415523e-01
26 4.3046875000e+00 7.2881939025e-01 3.0978039259e-01
26 4.3085937500e+00 7.2737535312e-01 3.0962683358e-01
26 4.3125000000e+00 7.2593552190e-01 3.0947349401e-01
26 4.3164062500e+00 7.2449970183e-01 3.0932035430e-01
26 4.3203125000e+00 7.2306803398e-01 3.0916743065e-01
26 4.3242187500e+00 7.2164038535e-01 3.0901471002e-01
26 4.3281250000e+00 7.2021682444e-01 3.0886220086e-01
26 4.3320312500e+00 7.1879724163e-01 3.0870989259e-01
26 4.3359375000e+00 7.1738172300e-01 3.0855779557e-01
26 4.3398437500e+00 7.1597020557e-01 3.0840590418e-01
26 4.3437500000e+00 7.1456267028e-01 3.0825421749e-01
26 4.3476562500e+00 7.1315912055e-01 3.0810273702e-01
26 4.3515625000e+00 7.1175954600e-01 3.0795146276e-01
26 4.3554687500e+00 7.1036389856e-01 3.0780039065e-01
26 4.3593750000e+00 7.0897218282e-01 3.0764952230e-01
26 4.3632812500e+00 7.0758445249e-01 3.0749886466e-01
26 4.3671875000e+00 7.0620056839e-01 3.0734840373e-01
26 4.3710937500e+00 7.0482060317e-01 3.0719814852e-01
26 4.3750000000e+00 7.0344447999e-01 3.0704809177e-01
26 4.3789062500e+00 7.0207223498e-01 3.0689823851e-01
26 4.3828125000e+00 7.0070389474e-01 3.0674859277e-01
26 4.3867187500e+00 6.9933934089e-01 3.0659914270e-01
26 4.3906250000e+00 6.9797858937e-01 3.0644989111e-01
26 4.3945312500e+00 6.9662177220e-01 3.0630085362e-01
26 4.3984375000e+00 6.9526864820e-01 3.0615200481e-01
26 4.4023437500e+00 6.9391933754e-01 3.0600335898e-01
26 4.4062500000e+00 6.9257377090e-01 3.0585490958e-01
26 4.4101562500e+00 6.9123201356e-01 3.0570666488e-01
26 4.4140625000e+00 6.8989396506e-01 3.0555861488e-01
26 4.4179687500e+00 6.8855969619e-01 3.0541076847e-01
26 4.4218750000e+00 6.8722910352e-01 3.0526311528e-01
26 4.4257812500e+00 6.8590222066e-01 3.0511566009e-01
26 4.4296875000e+00 6.8457901716e-01 3.0496840057e-01
26 4.4335937500e+00 6.8325953702e-01 3.0482134271e-01
26 4.4375000000e+00 6.8194370004e-01 3.0467447861e-01
26 4.4414062500e+00 6.8063151190e-01 3.0452780996e-01
26 4.4453125000e+00 6.7932300683e-01 3.0438134165e-01
26 4.4492187500e+00 6.7801806230e-01 3.0423506101e-01
26 4.4531250000e+00 6.7671677566e-01 3.0408898000e-01
26 4.4570312500e+00 6.7541909861e-01 3.0394309423e-01
26 4.4609375000e+00 6.7412498393e-01 3.0379739945e-01
26 4.4648437500e+00 6.7283450744e-01 3.0365190523e-01
26 4.4687500000e+00 6.7154752692e-01 3.0350659658e-01
26 4.4726562500e+00 6.7026411864e-01 3.0336148311e-01
26 4.4765625000e+00 6.6898432488e-01 3.0321657068e-01
26 4.4804687500e+00 6.6770795284e-01 3.0307183845e-01
26 4.4843750000e+00 6.6643513911e-01 3.0292730293e-01
26 4.4882812500e+00 6.6516582843e-01 3.0278295888e-01
26 4.4921875000e+00 6.6390004059e-01 3.0263880957e-01
26 4.4960937500e+00 6.6263766211e-01 3.0249484307e-01
26 4.5000000000e+00 6.6137880535e-01 3.0235107323e-01
26 4.5039062500e+00 6.6012339914e-01 3.0220749292e-01
26 4.5078125000e+00 6.5887143112e-01 3.0206410173e-01
26 4.5117187500e+00 6.5762290780e-01 3.0192090142e-01
26 4.5156250000e+00 6.5637779336e-01 3.0177788889e-01
26 4.5195312500e+00 6.5513607618e-01 3.0163506378e-01
26 4.5234375000e+00 6.5389773756e-01 3.0149242494e-01
26 4.5273437500e+00 6.5266285334e-01 3.0134998210e-01
26 4.5312500000e+00 6.5143127751e-01 3.0120771942e-01
26 4.5351562500e+00 6.5020310170e-01 3.0106564846e-01
26 4.5390625000e+00 6.4897827171e-01 3.0092376394e-01
26 4.5429687500e+00 6.4775672376e-01 3.0078205945e-01
26 4.5468750000e+00 6.4653856999e-01 3.0064054896e-01
26 4.5507812500e+00 6.4532370211e-01 3.0049922089e-01
26 4.5546875000e+00 6.4411213342e-01 3.0035807775e-01
26 4.5585937500e+00 6.4290390877e-01 3.0021712575e-01
26 4.5625000000e+00 6.4169886150e-01 3.0007634639e-01
26 4.5664062500e+00 6.4049717424e-01 2.9993576198e-01
26 4.5703125000e+00 6.3929872507e-01 2.9979535923e-01
26 4.5742187500e+00 6.3810353486e-01 2.9965514154e-01
26 4.5781250000e+00 6.3691153014e-01 2.9951510124e-01
26 4.5820312500e+00 6.3572281909e-01 2.9937525200e-01
26 4.5859375000e+00 6.3453730313e-01 2.9923558319e-01
26 4.5898437500e+00 6.3335495981e-01 2.9909609310e-01
26 4.5937500000e+00 6.3217583062e-01 2.9895678755e-01
26 4.5976562500e+00 6.3099988487e-01 2.9881766389e-01
26 4.6015625000e+00 6.2982711054e-01 2.9867872163e-01
26 4.6054687500e+00 6.2865748170e-01 2.9853995864e-01
26 4.6093750000e+00 6.2749103097e-01 2.9840137971e-01
26 4.6132812500e+00 6.2632765123e-01 2.9826297305e-01
26 4.6171875000e+00 6.2516743940e-01 2.9812475112e-01
26 4.6210937500e+00 6.2401037202e-01 2.9798671206e-01
26 4.6250000000e+00 6.2285636693e-01 2.9784884700e-01
26 4.6289062500e+00 6.2170550274e-01 2.9771116624e-01
26 4.6328125000e+00 6.2055770270e-01 2.9757366154e-01
26 4.6367187500e+00 6.1941293928e-01 2.9743633050e-01
26 4.6406250000e+00 6.1827130950e-01 2.9729918567e-01
26 4.6445312500e+00 6.1713265377e-01 2.9716220881e-01
26 4.6484375000e+00 6.1599713255e-01 2.9702542011e-01
26 4.6523437500e+00 6.1486460436e-01 2.9688880347e-01
26 4.6562500000e+00 6.1373509186e-01 2.9675236251e-01
26 4.6601562500e+00 6.1260857273e-01 2.9661609543e-01
26 4.6640625000e+00 6.1148512715e-01 2.9648001284e-01
26 4.6679687500e+00 6.1036463330e-01 2.9634410088e-01
26 4.6718750000e+00 6.0924708813e-01 2.9620836008e-01
26 4.6757812500e+00 6.0813254732e-01 2.9607279807e-01
26 4.6796875000e+00 6.0702099045e-01 2.9593741329e-01
26 4.6835937500e+00 6.0591236798e-01 2.9580220059e-01
26 4.6875000000e+00 6.0480667307e-01 2.9566716000e-01
26 4.6914062500e+00 6.0370394434e-01 2.9553229714e-01
26 4.6953125000e+00 6.0260409619e-01 2.9539760241e-01
26 4.6992187500e+00 6.0150719667e-01 2.9526308503e-01
26 4.7031250000e+00 6.0041320117e-01 2.9512874041e-01
26 4.7070312500e+00 5.9932204348e-01 2.9499456127e-01
26 4.7109375000e+00 5.9823383897e-01 2.9486056269e-01
26 4.7148437500e+00 5.9714849946e-01 2.9472673468e-01
26 4.7187500000e+00 5.9606599271e-01 2.9459307413e-01
26 4.7226562500e+00 5.9498639093e-01 2.9445959082e-01
26 4.7265625000e+00 5.9390955318e-01 2.9432626817e-01
26 4.7304687500e+00 5.9283562062e-01 2.9419312453e-01
26 4.7343750000e+00 5.9176448097e-01 2.9406014684e-01
26 4.7382812500e+00 5.9069617812e-01 2.9392734139e-01
26 4.7421875000e+00 5.8963068608e-01 2.9379470581e-01
26 4.7460937500e+00 5.8856801185e-01 2.9366224184e-01
26 4.7500000000e+00 5.8750807450e-01 2.9352994022e-01
26 4.7539062500e+00 5.8645090449e-01 2.9339780559e-01
26 4.7578125000e+00 5.8539657295e-01 2.9326584768e-01
26 4.7617187500e+00 5.8434497551e-01 2.9313405430e-01
26 4.7656250000e+00 5.8329612055e-01 2.9300242731e-01
26 4.7695312500e+00 5.8225000333e-01 2.9287096696e-01
26 4.7734375000e+00 5.8120666050e-01 2.9273967870e-01
26 4.7773437500e+00 5.8016599422e-01 2.9260855104e-01
26 4.7812500000e+00 5.7912806651e-01 2.9247759262e-01
26 4.7851562500e+00 5.7809285371e-01 2.9234680129e-01
26 4.7890625000e+00 5.7706029566e-01 2.9221617026e-01
26 4.7929687500e+00 5.7603047674e-01 2.9208571105e-01
26 4.7968750000e+00 5.7500334162e-01 2.9195541746e-01
26 4.8007812500e+00 5.7397881982e-01 2.9182528137e-01
26 4.8046875000e+00 5.7295703691e-01 2.9169531954e-01
26 4.8085937500e+00 5.7193783729e-01 2.9156551300e-01
26 4.8125000000e+00 5.7092135647e-01 2.9143587982e-01
26 4.8164062500e+00 5.6990746204e-01 2.9130640393e-01
26 4.8203125000e+00 5.6889619058e-01 2.9117709080e-01
26 4.8242187500e+00 5.6788755416e-01 2.9104794277e-01
26 4.8281250000e+00 5.6688154400e-01 2.9091895953e-01
26 4.8320312500e+00 5.6587811387e-01 2.9079013596e-01
26 4.8359375000e+00 5.6487727786e-01 2.9066147466e-01
26 4.8398437500e+00 5.6387905786e-01 2.9053297924e-01
26 4.8437500000e+00 5.6288337186e-01 2.9040463994e-01
26 4.8476562500e+00 5.6189024339e-01 2.9027646058e-01
26 4.8515625000e+00 5.6089971417e-01 2.9014844732e-01
26 4.8554687500e+00 5.5991175939e-01 2.9002059778e-01
26 4.8593750000e+00 5.5892629406e-01 2.8989290174e-01
26 4.8632812500e+00 5.5794337382e-01 2.8976536717e-01
26 4.8671875000e+00 5.5696299296e-01 2.8963799411e-01
26 4.8710937500e+00 5.5598510880e-01 2.8951077782e-01
26 4.8750000000e+00 5.5500976084e-01 2.8938372419e-01
26 4.8789062500e+00 5.5403691993e-01 2.8925683022e-01
26 4.8828125000e+00 5.5306652501e-01 2.8913008871e-01
26 4.8867187500e+00 5.5209869988e-01 2.8900351660e-01
26 4.8906250000e+00 5.5113328404e-01 2.8887709368e-01
26 4.8945312500e+00 5.5017037502e-01 2.8875083349e-01
26 4.8984375000e+00 5.4920989843e-01 2.8862472702e-01
26 4.9023437500e+00 5.4825188292e-01 2.8849877881e-01
26 4.9062500000e+00 5.4729632698e-01 2.8837298941e-01
26 4.9101562500e+00 5.4634320854e-01 2.8824735670e-01
26 4.9140625000e+00 5.4539248689e-01 2.8812187604e-01
26 4.9179687500e+00 5.4444420882e-01 2.8799655438e-01
26 4.9218750000e+00 5.4349837071e-01 2.8787139199e-01
26 4.9257812500e+00 5.4255491019e-01 2.8774638137e-01
26 4.9296875000e+00 5.4161384888e-01 2.8762152613e-01
26 4.9335937500e+00 5.4067519027e-01 2.8749682748e-01
26 4.9375000000e+00 5.3973891073e-01 2.8737228303e-01
26 4.9414062500e+00 5.3880496399e-01 2.8724788736e-01
26 4.9453125000e+00 5.3787343841e-01 2.8712365298e-01
26 4.9492187500e+00 5.3694428697e-01 2.8699957437e-01
26 4.9531250000e+00 5.3601744323e-01 2.8687564339e-01
26 4.9570312500e+00 5.3509295968e-01 2.8675186779e-01
26 4.9609375000e+00 5.3417081430e-01 2.8662824536e-01
26 4.9648437500e+00 5.3325098208e-01 2.8650477348e-01
26 4.9687500000e+00 5.3233353304e-01 2.8638146227e-01
26 4.9726562500e+00 5.3141833955e-01 2.8625829532e-01
26 4.9765625000e+00 5.3050548395e-01 2.8613528442e-01
26 4.9804687500e+00 5.2959491512e-01 2.8601242342e-01
26 4.9843750000e+00 5.2868664562e-01 2.8588971473e-01
26 4.9882812500e+00 5.2778065669e-01 2.8576715653e-01
26 4.9921875000e+00 5.2687694193e-01 2.8564474868e-01
26 4.9960937500e+00 5.2597548440e-01 2.8552248958e-01
26 5.0000000000e+00 5.2507631396e-01 2.8540038402e-01
