1 1.0000000000e+00 1.0256736933e+01 6.0000000000e-01
1 1.0039062500e+00 1.0203122055e+01 5.9921436567e-01
1 1.0078125000e+00 1.0149144661e+01 5.9842028534e-01
1 1.0117187500e+00 1.0094841844e+01 5.9761821498e-01
1 1.0156250000e+00 1.0040249000e+01 5.9680859228e-01
1 1.0195312500e+00 9.9853998582e+00 5.9599183681e-01
1 1.0234375000e+00 9.9303265644e+00 5.9516835100e-01
1 1.0273437500e+00 9.8750596543e+00 5.9433851956e-01
1 1.0312500000e+00 9.8196282095e+00 5.9350271146e-01
1 1.0351562500e+00 9.7640599609e+00 5.9266128132e-01
1 1.0390625000e+00 9.7083812453e+00 5.9181456850e-01
1 1.0429687500e+00 9.6526170959e+00 5.9096289818e-01
1 1.0468750000e+00 9.5967916364e+00 5.9010658721e-01
1 1.0507812500e+00 9.5409269855e+00 5.8924592700e-01
1 1.0546875000e+00 9.4850451999e+00 5.8838121317e-01
1 1.0585937500e+00 9.4291664307e+00 5.8751271696e-01
1 1.0625000000e+00 9.3733101127e+00 5.8664070327e-01
1 1.0664062500e+00 9.3174948824e+00 5.8576542929e-01
1 1.0703125000e+00 9.2617382601e+00 5.8488713932e-01
1 1.0742187500e+00 9.2060567680e+00 5.8400606631e-01
1 1.0781250000e+00 9.1504658377e+00 5.8312243020e-01
1 1.0820312500e+00 9.0949817958e+00 5.8223646936e-01
1 1.0859375000e+00 9.0396158356e+00 5.8134834408e-01
1 1.0898437500e+00 8.9843848737e+00 5.8045831017e-01
1 1.0937500000e+00 8.9292999401e+00 5.7956653273e-01
1 1.0976562500e+00 8.8743720408e+00 5.7867317961e-01
1 1.1015625000e+00 8.8196140053e+00 5.7777845175e-01
1 1.1054687500e+00 8.7650364663e+00 5.7688251777e-01
1 1.1093750000e+00 8.7106492315e+00 5.7598553586e-01
1 1.1132812500e+00 8.6564617493e+00 5.7508766131e-01
1 1.1171875000e+00 8.6024827290e+00 5.7418904001e-01
1 1.1210937500e+00 8.5487207363e+00 5.7328981828e-01
1 1.1250000000e+00 8.4951841069e+00 5.7239014134e-01
1 1.1289062500e+00 8.4418805120e+00 5.7149014596e-01
1 1.1328125000e+00 8.3888166111e+00 5.7058995429e-01
1 1.1367187500e+00 8.3359990207e+00 5.6968969009e-01
1 1.1406250000e+00 8.2834340709e+00 5.6878947456e-01
1 1.1445312500e+00 8.2311272689e+00 5.6788941698e-01
1 1.1484375000e+00 8.1790843085e+00 5.6698963195e-01
1 1.1523437500e+00 8.1273098940e+00 5.6609021896e-01
1 1.1562500000e+00 8.0758088618e+00 5.6519128170e-01
1 1.1601562500e+00 8.0245851061e+00 5.6429290919e-01
1 1.1640625000e+00 7.9736444581e+00 5.6339522632e-01
1 1.1679687500e+00 7.9229871762e+00 5.6249826139e-01
1 1.1718750000e+00 7.8726207435e+00 5.6160217196e-01
1 1.1757812500e+00 7.8225459532e+00 5.6070699869e-01
1 1.1796875000e+00 7.7727651430e+00 5.5981281067e-01
1 1.1835937500e+00 7.7232830024e+00 5.5891972076e-01
1 1.1875000000e+00 7.6741011052e+00 5.5802778723e-01
1 1.1914062500e+00 7.6252206942e+00 5.5713706327e-01
1 1.1953125000e+00 7.5766442107e+00 5.5624762493e-01
1 1.1992187500e+00 7.5283740522e+00 5.5535954879e-01
1 1.2031250000e+00 7.4804115556e+00 5.5447289303e-01
1 1.2070312500e+00 7.4327576916e+00 5.5358770999e-01
1 1.2109375000e+00 7.3854133356e+00 5.5270405104e-01
1 1.2148437500e+00 7.3383797970e+00 5.5182197648e-01
1 1.2187500000e+00 7.2916582269e+00 5.5094154461e-01
1 1.2226562500e+00 7.2452493935e+00 5.5006280733e-01
1 1.2265625000e+00 7.1991533674e+00 5.4918580406e-01
1 1.2304687500e+00 7.1533705791e+00 5.4831058161e-01
1 1.2343750000e+00 7.1079009773e+00 5.4743717821e-01
1 1.2382812500e+00 7.0627453319e+00 5.4656564844e-01
1 1.2421875000e+00 7.0179026404e+00 5.4569601325e-01
1 1.2460937500e+00 6.9733750180e+00 5.4482835462e-01
1 1.2500000000e+00 6.9291586884e+00 5.4396264024e-01
1 1.2539062500e+00 6.8852571450e+00 5.4309898024e-01
1 1.2578125000e+00 6.8416673473e+00 5.4223735715e-01
1 1.2617187500e+00 6.7983890365e+00 5.4137780825e-01
1 1.2656250000e+00 6.7554228379e+00 5.4052038897e-01
1 1.2695312500e+00 6.7127669384e+00 5.3966510646e-01
1 1.2734375000e+00 6.6704200848e+00 5.3881197906e-01
1 1.2773437500e+00 6.6283829400e+00 5.3796106403e-01
1 1.2812500000e+00 6.5866538671e+00 5.3711237253e-01
1 1.2851562500e+00 6.5452317119e+00 5.3626592553e-01
1 1.2890625000e+00 6.5041149740e+00 5.3542173696e-01
1 1.2929687500e+00 6.4633035078e+00 5.3457984871e-01
1 1.2968750000e+00 6.4227956660e+00 5.3374027198e-01
1 1.3007812500e+00 6.3825901887e+00 5.3290302593e-01
1 1.3046875000e+00 6.3426852213e+00 5.3206811729e-01
1 1.3085937500e+00 6.3030797014e+00 5.3123556931e-01
1 1.3125000000e+00 6.2637726765e+00 5.3040540765e-01
1 1.3164062500e+00 6.2247625552e+00 5.2957764457e-01
1 1.3203125000e+00 6.1860480234e+00 5.2875229814e-01
1 1.3242187500e+00 6.1476264997e+00 5.2792935924e-01
1 1.3281250000e+00 6.1094979093e+00 5.2710887229e-01
1 1.3320312500e+00 6.0716588001e+00 5.2629080906e-01
1 1.3359375000e+00 6.0341099099e+00 5.2547523164e-01
1 1.3398437500e+00 5.9968482145e+00 5.2466212068e-01
1 1.3437500000e+00 5.9598717028e+00 5.2385147839e-01
1 1.3476562500e+00 5.9231799428e+00 5.2304334154e-01
1 1.3515625000e+00 5.8867698029e+00 5.2223768736e-01
1 1.3554687500e+00 5.8506397448e+00 5.2143452783e-01
1 1.3593750000e+00 5.8147892242e+00 5.2063389705e-01
1 1.3632812500e+00 5.7792155634e+00 5.1983578145e-01
1 1.3671875000e+00 5.7439165123e+00 5.1904017652e-01
1 1.3710937500e+00 5.7088911827e+00 5.1824710821e-01
1 1.3750000000e+00 5.6741375701e+00 5.1745657718e-01
1 1.3789062500e+00 5.6396537006e+00 5.1666858446e-01
1 1.3828125000e+00 5.6054367457e+00 5.1588311108e-01
1 1.3867187500e+00 5.5714860261e+00 5.1510018705e-01
1 1.3906250000e+00 5.5377997575e+00 5.1431981693e-01
1 1.3945312500e+00 5.5043758167e+00 5.1354199714e-01
1 1.3984375000e+00 5.4712118507e+00 5.1276671828e-01
1 1.4023437500e+00 5.4383065631e+00 5.1199399531e-01
1 1.4062500000e+00 5.4056574560e+00 5.1122381472e-01
1 1.4101562500e+00 5.3732640922e+00 5.1045621135e-01
1 1.4140625000e+00 5.3411223044e+00 5.0969113133e-01
1 1.4179687500e+00 5.3092322718e+00 5.0892862366e-01
1 1.4218750000e+00 5.2775903426e+00 5.0816864565e-01
1 1.4257812500e+00 5.2461954948e+00 5.0741121709e-01
1 1.4296875000e+00 5.2150465615e+00 5.0665635427e-01
1 1.4335937500e+00 5.1841406774e+00 5.0590403201e-01
1 1.4375000000e+00 5.1534760778e+00 5.0515425129e-01
1 1.4414062500e+00 5.1230512011e+00 5.0440701780e-01
1 1.4453125000e+00 5.0928637413e+00 5.0366231858e-01
1 1.4492187500e+00 5.0629116827e+00 5.0292014731e-01
1 1.4531250000e+00 5.0331940813e+00 5.0218052397e-01
1 1.4570312500e+00 5.0037085845e+00 5.0144343326e-01
1 1.4609375000e+00 4.9744527790e+00 5.0070885777e-01
1 1.4648437500e+00 4.9454251940e+00 4.9997680325e-01
1 1.4687500000e+00 4.9166241122e+00 4.9924726900e-01
1 1.4726562500e+00 4.8880477078e+00 4.9852025120e-01
1 1.4765625000e+00 4.8596937042e+00 4.9779573409e-01
1 1.4804687500e+00 4.8315605077e+00 4.9707371889e-01
1 1.4843750000e+00 4.8036470819e+00 4.9635422090e-01
1 1.4882812500e+00 4.7759503419e+00 4.9563720225e-01
1 1.4921875000e+00 4.7484698328e+00 4.9492269258e-01
1 1.4960937500e+00 4.7212017316e+00 4.9421063363e-01
1 1.5000000000e+00 4.6941461733e+00 4.9350106982e-01
1 1.5039062500e+00 4.6673006111e+00 4.9279397525e-01
1 1.5078125000e+00 4.6406633413e+00 4.9208934559e-01
1 1.5117187500e+00 4.6142330355e+00 4.9138718614e-01
1 1.5156250000e+00 4.5880068812e+00 4.9068746230e-01
1 1.5195312500e+00 4.5619839751e+00 4.8999018982e-01
1 1.5234375000e+00 4.5361628816e+00 4.8929537010e-01
1 1.5273437500e+00 4.5105410636e+00 4.8860297438e-01
1 1.5312500000e+00 4.4851169678e+00 4.8791299991e-01
1 1.5351562500e+00 4.4598891217e+00 4.8722544577e-01
1 1.5390625000e+00 4.4348559162e+00 4.8654030701e-01
1 1.5429687500e+00 4.4100151615e+00 4.8585756228e-01
1 1.5468750000e+00 4.3853659887e+00 4.8517722613e-01
1 1.5507812500e+00 4.3609066562e+00 4.8449928881e-01
1 1.5546875000e+00 4.3366351250e+00 4.8382373185e-01
1 1.5585937500e+00 4.3125493737e+00 4.8315053664e-01
1 1.5625000000e+00 4.2886483892e+00 4.8247971236e-01
1 1.5664062500e+00 4.2649311307e+00 4.8181126726e-01
1 1.5703125000e+00 4.2413946751e+00 4.8114515606e-01
1 1.5742187500e+00 4.2180383126e+00 4.8048139551e-01
1 1.5781250000e+00 4.1948599025e+00 4.7981996139e-01
1 1.5820312500e+00 4.1718587868e+00 4.7916087143e-01
1 1.5859375000e+00 4.1490327166e+00 4.7850409748e-01
1 1.5898437500e+00 4.1263797973e+00 4.7784962091e-01
1 1.5937500000e+00 4.1038996303e+00 4.7719746602e-01
1 1.5976562500e+00 4.0815898859e+00 4.7654760085e-01
1 1.6015625000e+00 4.0594495542e+00 4.7590003135e-01
1 1.6054687500e+00 4.0374769023e+00 4.7525474203e-01
1 1.6093750000e+00 4.0156700453e+00 4.7461171237e-01
1 1.6132812500e+00 3.9940278328e+00 4.7397094306e-01
1 1.6171875000e+00 3.9725492276e+00 4.7333243792e-01
1 1.6210937500e+00 3.9512324714e+00 4.7269617901e-01
1 1.6250000000e+00 3.9300758869e+00 4.7206215025e-01
1 1.6289062500e+00 3.9090782590e+00 4.7143034903e-01
1 1.6328125000e+00 3.8882385075e+00 4.7080077648e-01
1 1.6367187500e+00 3.8675547973e+00 4.7017341059e-01
1 1.6406250000e+00 3.8470261064e+00 4.6954825355e-01
1 1.6445312500e+00 3.8266509073e+00 4.6892529185e-01
1 1.6484375000e+00 3.8064279969e+00 4.6830452151e-01
1 1.6523437500e+00 3.7863549881e+00 4.6768590166e-01
1 1.6562500000e+00 3.7664321208e+00 4.6706947200e-01
1 1.6601562500e+00 3.7466571669e+00 4.6645519582e-01
1 1.6640625000e+00 3.7270294540e+00 4.6584308418e-01
1 1.6679687500e+00 3.7075470389e+00 4.6523310821e-01
1 1.6718750000e+00 3.6882087509e+00 4.6462526272e-01
1 1.6757812500e+00 3.6690136334e+00 4.6401954893e-01
1 1.6796875000e+00 3.6499599462e+00 4.6341594301e-01
1 1.6835937500e+00 3.6310467062e+00 4.6281444463e-01
1 1.6875000000e+00 3.6122727608e+00 4.6221504785e-01
1 1.6914062500e+00 3.5936367028e+00 4.6161773819e-01
1 1.6953125000e+00 3.5751376664e+00 4.6102251820e-01
1 1.6992187500e+00 3.5567742271e+00 4.6042937217e-01
1 1.7031250000e+00 3.5385449286e+00 4.5983828289e-01
1 1.7070312500e+00 3.5204486549e+00 4.5924924376e-01
1 1.7109375000e+00 3.5024847733e+00 4.5866226371e-01
1 1.7148437500e+00 3.4846519279e+00 4.5807732780e-01
1 1.7187500000e+00 3.4669486269e+00 4.5749441618e-01
1 1.7226562500e+00 3.4493738104e+00 4.5691352278e-01
1 1.7265625000e+00 3.4319263471e+00 4.5633463887e-01
1 1.7304687500e+00 3.4146053596e+00 4.5575776384e-01
1 1.7343750000e+00 3.3974090777e+00 4.5518286697e-01
1 1.7382812500e+00 3.3803375509e+00 4.5460997805e-01
1 1.7421875000e+00 3.3633887635e+00 4.5403905743e-01
1 1.7460937500e+00 3.3465618764e+00 4.5347010450e-01
1 1.7500000000e+00 3.3298559481e+00 4.5290311499e-01
1 1.7539062500e+00 3.3132698780e+00 4.5233807890e-01
1 1.7578125000e+00 3.2968029395e+00 4.5177499875e-01
1 1.7617187500e+00 3.2804532053e+00 4.5121383557e-01
1 1.7656250000e+00 3.2642201120e+00 4.5065459671e-01
1 1.7695312500e+00 3.2481029342e+00 4.5009728383e-01
1 1.7734375000e+00 3.2321003175e+00 4.4954187656e-01
1 1.7773437500e+00 3.2162115590e+00 4.4898837676e-01
1 1.7812500000e+00 3.2004353826e+00 4.4843676607e-01
1 1.7851562500e+00 3.1847709546e+00 4.4788704123e-01
1 1.7890625000e+00 3.1692172618e+00 4.4733919241e-01
1 1.7929687500e+00 3.1537733542e+00 4.4679321168e-01
1 1.7968750000e+00 3.1384382443e+00 4.4624908952e-01
1 1.8007812500e+00 3.1232107650e+00 4.4570680963e-01
1 1.8046875000e+00 3.1080905131e+00 4.4516638271e-01
1 1.8085937500e+00 3.0930763365e+00 4.4462779249e-01
1 1.8125000000e+00 3.0781673214e+00 4.4409103089e-01
1 1.8164062500e+00 3.0633621842e+00 4.4355607616e-01
1 1.8203125000e+00 3.0486605630e+00 4.4302293954e-01
1 1.8242187500e+00 3.0340612421e+00 4.4249160116e-01
1 1.8281250000e+00 3.0195634889e+00 4.4196205835e-01
1 1.8320312500e+00 3.0051665218e+00 4.4143430644e-01
1 1.8359375000e+00 2.9908691417e+00 4.4090832514e-01
1 1.8398437500e+00 2.9766706448e+00 4.4038411205e-01
1 1.8437500000e+00 2.9625700155e+00 4.3986165296e-01
1 1.8476562500e+00 2.9485667534e+00 4.3934095252e-01
1 1.8515625000e+00 2.9346600842e+00 4.3882200503e-01
1 1.8554687500e+00 2.9208488277e+00 4.3830478935e-01
1 1.8593750000e+00 2.9071322249e+00 4.3778929970e-01
1 1.8632812500e+00 2.8935097616e+00 4.3727553937e-01
1 1.8671875000e+00 2.8799804244e+00 4.3676349255e-01
1 1.8710937500e+00 2.8665436043e+00 4.3625315849e-01
1 1.8750000000e+00 2.8531982335e+00 4.3574451875e-01
1 1.8789062500e+00 2.8399434990e+00 4.3523756422e-01
1 1.8828125000e+00 2.8267787316e+00 4.3473229108e-01
1 1.8867187500e+00 2.8137033360e+00 4.3422869814e-01
1 1.8906250000e+00 2.8007163404e+00 4.3372676948e-01
1 1.8945312500e+00 2.7878170773e+00 4.3322650062e-01
1 1.8984375000e+00 2.7750048285e+00 4.3272788491e-01
1 1.9023437500e+00 2.7622792281e+00 4.3223092926e-01
1 1.9062500000e+00 2.7496387855e+00 4.3173559637e-01
1 1.9101562500e+00 2.7370831255e+00 4.3124189221e-01
1 1.9140625000e+00 2.7246115967e+00 4.3074981181e-01
1 1.9179687500e+00 2.7122234465e+00 4.3025934594e-01
1 1.9218750000e+00 2.6999180493e+00 4.2977049019e-01
1 1.9257812500e+00 2.6876947237e+00 4.2928323773e-01
1 1.9296875000e+00 2.6755527422e+00 4.2879757964e-01
1 1.9335937500e+00 2.6634913995e+00 4.2831350765e-01
1 1.9375000000e+00 2.6515096929e+00 4.2783100123e-01
1 1.9414062500e+00 2.6396074432e+00 4.2735007279e-01
1 1.9453125000e+00 2.6277840826e+00 4.2687071900e-01
1 1.9492187500e+00 2.6160385768e+00 4.2639291734e-01
1 1.9531250000e+00 2.6043702134e+00 4.2591665802e-01
1 1.9570312500e+00 2.5927786161e+00 4.2544194478e-01
1 1.9609375000e+00 2.5812631278e+00 4.2496876973e-01
1 1.9648437500e+00 2.5698230609e+00 4.2449712350e-01
1 1.9687500000e+00 2.5584578091e+00 4.2402699982e-01
1 1.9726562500e+00 2.5471666414e+00 4.2355838704e-01
1 1.9765625000e+00 2.5359490904e+00 4.2309128424e-01
1 1.9804687500e+00 2.5248045139e+00 4.2262568304e-01
1 1.9843750000e+00 2.5137324664e+00 4.2216158311e-01
1 1.9882812500e+00 2.5027318948e+00 4.2169895836e-01
1 1.9921875000e+00 2.4918025302e+00 4.2123781542e-01
1 1.9960937500e+00 2.4809438236e+00 4.2077814900e-01
1 2.0000000000e+00 2.4701549678e+00 4.2031994266e-01
1 2.0039062500e+00 2.4594356352e+00 4.1986320007e-01
1 2.0078125000e+00 2.4487851535e+00 4.1940791010e-01
1 2.0117187500e+00 2.4382031058e+00 4.1895407233e-01
1 2.0156250000e+00 2.4276889028e+00 4.1850167878e-01
1 2.0195312500e+00 2.4172418850e+00 4.1805071824e-01
1 2.0234375000e+00 2.4068614905e+00 4.1760118346e-01
1 2.0273437500e+00 2.3965471716e+00 4.1715306762e-01
1 2.0312500000e+00 2.3862982926e+00 4.1670635987e-01
1 2.0351562500e+00 2.3761145599e+00 4.1626106407e-01
1 2.0390625000e+00 2.3659955098e+00 4.1581717658e-01
1 2.0429687500e+00 2.3559404280e+00 4.1537468254e-01
1 2.0468750000e+00 2.3459486648e+00 4.1493356967e-01
1 2.0507812500e+00 2.3360199989e+00 4.1449384443e-01
1 2.0546875000e+00 2.3261537001e+00 4.1405549060e-01
1 2.0585937500e+00 2.3163495025e+00 4.1361851240e-01
1 2.0625000000e+00 2.3066067712e+00 4.1318289747e-01
1 2.0664062500e+00 2.2969249997e+00 4.1274863896e-01
1 2.0703125000e+00 2.2873035197e+00 4.1231572254e-01
1 2.0742187500e+00 2.2777422525e+00 4.1188416026e-01
1 2.0781250000e+00 2.2682406547e+00 4.1145394317e-01
1 2.0820312500e+00 2.2587978711e+00 4.1102504790e-01
1 2.0859375000e+00 2.2494137313e+00 4.1059748195e-01
1 2.0898437500e+00 2.2400878084e+00 4.1017124108e-01
1 2.0937500000e+00 2.2308194719e+00 4.0974631156e-01
1 2.0976562500e+00 2.2216083245e+00 4.0932269012e-01
1 2.1015625000e+00 2.2124539553e+00 4.0890037275e-01
1 2.1054687500e+00 2.2033559373e+00 4.0847935456e-01
1 2.1093750000e+00 2.1943138356e+00 4.0805963009e-01
1 2.1132812500e+00 2.1853269790e+00 4.0764118277e-01
1 2.1171875000e+00 2.1763951595e+00 4.0722401737e-01
1 2.1210937500e+00 2.1675179611e+00 4.0680812885e-01
1 2.1250000000e+00 2.1586948873e+00 4.0639350828e-01
1 2.1289062500e+00 2.1499255368e+00 4.0598015099e-01
1 2.1328125000e+00 2.1412096495e+00 4.0556805888e-01
1 2.1367187500e+00 2.1325465501e+00 4.0515721405e-01
1 2.1406250000e+00 2.1239358234e+00 4.0474761068e-01
1 2.1445312500e+00 2.1153769018e+00 4.0433923554e-01
1 2.1484375000e+00 2.1068697939e+00 4.0393210276e-01
1 2.1523437500e+00 2.0984139365e+00 4.0352619906e-01
1 2.1562500000e+00 2.0900091030e+00 4.0312152716e-01
1 2.1601562500e+00 2.0816546319e+00 4.0271806870e-01
1 2.1640625000e+00 2.0733501222e+00 4.0231581766e-01
1 2.1679687500e+00 2.0650954512e+00 4.0191478138e-01
1 2.1718750000e+00 2.0568900855e+00 4.0151494719e-01
1 2.1757812500e+00 2.0487336107e+00 4.0111630802e-01
1 2.1796875000e+00 2.0406256659e+00 4.0071885925e-01
1 2.1835937500e+00 2.0325658816e+00 4.0032259571e-01
1 2.1875000000e+00 2.0245539651e+00 3.9992751588e-01
1 2.1914062500e+00 2.0165894927e+00 3.9953361166e-01
1 2.1953125000e+00 2.0086720282e+00 3.9914087416e-01
1 2.1992187500e+00 2.0008012532e+00 3.9874930019e-01
1 2.2031250000e+00 1.9929769189e+00 3.9835888990e-01
1 2.2070312500e+00 1.9851985036e+00 3.9796962970e-01
1 2.2109375000e+00 1.9774657327e+00 3.9758151821e-01
1 2.2148437500e+00 1.9697783865e+00 3.9719455671e-01
1 2.2187500000e+00 1.9621358746e+00 3.9680872767e-01
1 2.2226562500e+00 1.9545380788e+00 3.9642403726e-01
1 2.2265625000e+00 1.9469845900e+00 3.9604047683e-01
1 2.2304687500e+00 1.9394750422e+00 3.9565803977e-01
1 2.2343750000e+00 1.9320090624e+00 3.9527671896e-01
1 2.2382812500e+00 1.9245864250e+00 3.9489651470e-01
1 2.2421875000e+00 1.9172068600e+00 3.9451742493e-01
1 2.2460937500e+00 1.9098699137e+00 3.9413943802e-01
1 2.2500000000e+00 1.9025754297e+00 3.9376255753e-01
1 2.2539062500e+00 1.8953228594e+00 3.9338676664e-01
1 2.2578125000e+00 1.8881117956e+00 3.9301205562e-01
1 2.2617187500e+00 1.8809422177e+00 3.9263843477e-01
1 2.2656250000e+00 1.8738138164e+00 3.9226589928e-01
1 2.2695312500e+00 1.8667262628e+00 3.9189444325e-01
1 2.2734375000e+00 1.8596791176e+00 3.9152405480e-01
1 2.2773437500e+00 1.8526721591e+00 3.9115473335e-01
1 2.2812500000e+00 1.8457051776e+00 3.9078647887e-01
1 2.2851562500e+00 1.8387777460e+00 3.9041927976e-01
1 2.2890625000e+00 1.8318895527e+00 3.9005313034e-01
1 2.2929687500e+00 1.8250403823e+00 3.8968802998e-01
1 2.2968750000e+00 1.8182299884e+00 3.8932397626e-01
1 2.3007812500e+00 1.8114578722e+00 3.8896095319e-01
1 2.3046875000e+00 1.8047239859e+00 3.8859896878e-01
1 2.3085937500e+00 1.7980280202e+00 3.8823801698e-01
1 2.3125000000e+00 1.7913696543e+00 3.8787809095e-01
1 2.3164062500e+00 1.7847485891e+00 3.8751918493e-01
1 2.3203125000e+00 1.7781646330e+00 3.8716129888e-01
1 2.3242187500e+00 1.7716174578e+00 3.8680442524e-01
1 2.3281250000e+00 1.7651067522e+00 3.8644855725e-01
1 2.3320312500e+00 1.7586323361e+00 3.8609369519e-01
1 2.3359375000e+00 1.7521938827e+00 3.8573983123e-01
1 2.3398437500e+00 1.7457911951e+00 3.8538696458e-01
1 2.3437500000e+00 1.7394240681e+00 3.8503509390e-01
1 2.3476562500e+00 1.7330920336e+00 3.8468420321e-01
1 2.3515625000e+00 1.7267948798e+00 3.8433429057e-01
1 2.3554687500e+00 1.7205325066e+00 3.8398536017e-01
1 2.3593750000e+00 1.7143046307e+00 3.8363740595e-01
1 2.3632812500e+00 1.7081110513e+00 3.8329042638e-01
1 2.3671875000e+00 1.7019513790e+00 3.8294440923e-01
1 2.3710937500e+00 1.6958253662e+00 3.8259935010e-01
1 2.3750000000e+00 1.6897328117e+00 3.8225524709e-01
1 2.3789062500e+00 1.6836735898e+00 3.8191210253e-01
1 2.3828125000e+00 1.6776473306e+00 3.8156990483e-01
1 2.3867187500e+00 1.6716539193e+00 3.8122865678e-01
1 2.3906250000e+00 1.6656931162e+00 3.8088835399e-01
1 2.3945312500e+00 1.6597645840e+00 3.8054898640e-01
1 2.3984375000e+00 1.6538681590e+00 3.8021055375e-01
1 2.4023437500e+00 1.6480036113e+00 3.7987305193e-01
1 2.4062500000e+00 1.6421706296e+00 3.7953647203e-01
1 2.4101562500e+00 1.6363690167e+00 3.7920081158e-01
1 2.4140625000e+00 1.6305986523e+00 3.7886607254e-01
1 2.4179687500e+00 1.6248592472e+00 3.7853224700e-01
1 2.4218750000e+00 1.6191506167e+00 3.7819933300e-01
1 2.4257812500e+00 1.6134725818e+00 3.7786732887e-01
1 2.4296875000e+00 1.6078248723e+00 3.7753622750e-01
1 2.4335937500e+00 1.6022072345e+00 3.7720602266e-01
1 2.4375000000e+00 1.5966195616e+00 3.7687671664e-01
1 2.4414062500e+00 1.5910615417e+00 3.7654829959e-01
1 2.4453125000e+00 1.5855329579e+00 3.7622076717e-01
1 2.4492187500e+00 1.5800336561e+00 3.7589411865e-01
1 2.4531250000e+00 1.5745634837e+00 3.7556835334e-01
1 2.4570312500e+00 1.5691222529e+00 3.7524346843e-01
1 2.4609375000e+00 1.5637096199e+00 3.7491945166e-01
1 2.4648437500e+00 1.5583253674e+00 3.7459629818e-01
1 2.4687500000e+00 1.5529695075e+00 3.7427401691e-01
1 2.4726562500e+00 1.5476418088e+00 3.7395260210e-01
1 2.4765625000e+00 1.5423420099e+00 3.7363204606e-01
1 2.4804687500e+00 1.5370699499e+00 3.7331234709e-01
1 2.4843750000e+00 1.5318254249e+00 3.7299350083e-01
1 2.4882812500e+00 1.5266081603e+00 3.7267549850e-01
1 2.4921875000e+00 1.5214179972e+00 3.7235833828e-01
1 2.4960937500e+00 1.5162548819e+00 3.7204202473e-01
1 2.5000000000e+00 1.5111185433e+00 3.7172654905e-01
1 2.5039062500e+00 1.5060088254e+00 3.7141190944e-01
1 2.5078125000e+00 1.5009255043e+00 3.7109809977e-01
1 2.5117187500e+00 1.4958683701e+00 3.7078511476e-01
1 2.5156250000e+00 1.4908373310e+00 3.7047295631e-01
1 2.5195312500e+00 1.4858321594e+00 3.7016161788e-01
1 2.5234375000e+00 1.4808526369e+00 3.6985109339e-01
1 2.5273437500e+00 1.4758986776e+00 3.6954138494e-01
1 2.5312500000e+00 1.4709701222e+00 3.6923249002e-01
1 2.5351562500e+00 1.4660667629e+00 3.6892440302e-01
1 2.5390625000e+00 1.4611884192e+00 3.6861711992e-01
1 2.5429687500e+00 1.4563349562e+00 3.6831063954e-01
1 2.5468750000e+00 1.4515062202e+00 3.6800495944e-01
1 2.5507812500e+00 1.4467020414e+00 3.6770007610e-01
1 2.5546875000e+00 1.4419222069e+00 3.6739598320e-01
1 2.5585937500e+00 1.4371664514e+00 3.6709267095e-01
1 2.5625000000e+00 1.4324347149e+00 3.6679014258e-01
1 2.5664062500e+00 1.4277269248e+00 3.6648840051e-01
1 2.5703125000e+00 1.4230428584e+00 3.6618743749e-01
1 2.5742187500e+00 1.4183823786e+00 3.6588725168e-01
1 2.5781250000e+00 1.4137452689e+00 3.6558783605e-01
1 2.5820312500e+00 1.4091313954e+00 3.6528918884e-01
1 2.5859375000e+00 1.4045406198e+00 3.6499130794e-01
1 2.5898437500e+00 1.3999728409e+00 3.6469419359e-01
1 2.5937500000e+00 1.3954278769e+00 3.6439784075e-01
1 2.5976562500e+00 1.3909055623e+00 3.6410224536e-01
1 2.6015625000e+00 1.3864057282e+00 3.6380740306e-01
1 2.6054687500e+00 1.3819282163e+00 3.6351331012e-01
1 2.6093750000e+00 1.3774728898e+00 3.6321996416e-01
1 2.6132812500e+00 1.3730396173e+00 3.6292736310e-01
1 2.6171875000e+00 1.3686282793e+00 3.6263550557e-01
1 2.6210937500e+00 1.3642387586e+00 3.6234439035e-01
1 2.6250000000e+00 1.3598708783e+00 3.6205401216e-01
1 2.6289062500e+00 1.3555245129e+00 3.6176436910e-01
1 2.6328125000e+00 1.3511995225e+00 3.6147545825e-01
1 2.6367187500e+00 1.3468956533e+00 3.6118726898e-01
1 2.6406250000e+00 1.3426128673e+00 3.6089980503e-01
1 2.6445312500e+00 1.3383510926e+00 3.6061306790e-01
1 2.6484375000e+00 1.3341101417e+00 3.6032705121e-01
1 2.6523437500e+00 1.3298897901e+00 3.6004174602e-01
1 2.6562500000e+00 1.3256900391e+00 3.5975715860e-01
1 2.6601562500e+00 1.3215107336e+00 3.5947328458e-01
1 2.6640625000e+00 1.3173516541e+00 3.5919011516e-01
1 2.6679687500e+00 1.3132126958e+00 3.5890764925e-01
1 2.6718750000e+00 1.3090937422e+00 3.5862588492e-01
1 2.6757812500e+00 1.3049946448e+00 3.5834481801e-01
1 2.6796875000e+00 1.3009153551e+00 3.5806445115e-01
1 2.6835937500e+00 1.2968557110e+00 3.5778477915e-01
1 2.6875000000e+00 1.2928156138e+00 3.5750580112e-01
1 2.6914062500e+00 1.2887949146e+00 3.5722751264e-01
1 2.6953125000e+00 1.2847934480e+00 3.5694990810e-01
1 2.6992187500e+00 1.2808111010e+00 3.5667298544e-01
1 2.7031250000e+00 1.2768478471e+00 3.5639674860e-01
1 2.7070312500e+00 1.2729035193e+00 3.5612119169e-01
1 2.7109375000e+00 1.2689780057e+00 3.5584631261e-01
1 2.7148437500e+00 1.2650710807e+00 3.5557210123e-01
1 2.7187500000e+00 1.2611826927e+00 3.5529855953e-01
1 2.7226562500e+00 1.2573127518e+00 3.5502568680e-01
1 2.7265625000e+00 1.2534611303e+00 3.5475347962e-01
1 2.7304687500e+00 1.2496277111e+00 3.5448193526e-01
1 2.7343750000e+00 1.2458123959e+00 3.5421105227e-01
1 2.7382812500e+00 1.2420150941e+00 3.5394082972e-01
1 2.7421875000e+00 1.2382356772e+00 3.5367126392e-01
1 2.7460937500e+00 1.2344739643e+00 3.5340234741e-01
1 2.7500000000e+00 1.2307299176e+00 3.5313408285e-01
1 2.7539062500e+00 1.2270033813e+00 3.5286646446e-01
1 2.7578125000e+00 1.2232942943e+00 3.5259949317e-01
1 2.7617187500e+00 1.2196025597e+00 3.5233316734e-01
1 2.7656250000e+00 1.2159279571e+00 3.5206747633e-01
1 2.7695312500e+00 1.2122704843e+00 3.5180242521e-01
1 2.7734375000e+00 1.2086300402e+00 3.5153801189e-01
1 2.7773437500e+00 1.2050065232e+00 3.5127423420e-01
1 2.7812500000e+00 1.2013998048e+00 3.5101108796e-01
1 2.7851562500e+00 1.1978097446e+00 3.5074856804e-01
1 2.7890625000e+00 1.1942362345e+00 3.5048667164e-01
1 2.7929687500e+00 1.1906792277e+00 3.5022540039e-01
1 2.7968750000e+00 1.1871386316e+00 3.4996475256e-01
1 2.8007812500e+00 1.1836143484e+00 3.4970472599e-01
1 2.8046875000e+00 1.1801062445e+00 3.4944531581e-01
1 2.8085937500e+00 1.1766142553e+00 3.4918652224e-01
1 2.8125000000e+00 1.1731381529e+00 3.4892833330e-01
1 2.8164062500e+00 1.1696779733e+00 3.4867075655e-01
1 2.8203125000e+00 1.1662335936e+00 3.4841378776e-01
1 2.8242187500e+00 1.1628049173e+00 3.4815742458e-01
1 2.8281250000e+00 1.1593918160e+00 3.4790166225e-01
1 2.8320312500e+00 1.1559942680e+00 3.4764650396e-01
1 2.8359375000e+00 1.1526121471e+00 3.4739194502e-01
1 2.8398437500e+00 1.1492453256e+00 3.4713798057e-01
1 2.8437500000e+00 1.1458937241e+00 3.4688460935e-01
1 2.8476562500e+00 1.1425573150e+00 3.4663183399e-01
1 2.8515625000e+00 1.1392359994e+00 3.4637965171e-01
1 2.8554687500e+00 1.1359296458e+00 3.4612805719e-01
1 2.8593750000e+00 1.1326381541e+00 3.4587704744e-01
1 2.8632812500e+00 1.1293614548e+00 3.4562662177e-01
1 2.8671875000e+00 1.1260994567e+00 3.4537677779e-01
1 2.8710937500e+00 1.1228519978e+00 3.4512750766e-01
1 2.8750000000e+00 1.1196190874e+00 3.4487881659e-01
1 2.8789062500e+00 1.1164006084e+00 3.4463070011e-01
1 2.8828125000e+00 1.1131964855e+00 3.4438315690e-01
1 2.8867187500e+00 1.1100066348e+00 3.4413618494e-01
1 2.8906250000e+00 1.1068309812e+00 3.4388978287e-01
1 2.8945312500e+00 1.1036694625e+00 3.4364395029e-01
1 2.8984375000e+00 1.1005219286e+00 3.4339867992e-01
1 2.9023437500e+00 1.0973883137e+00 3.4315397100e-01
1 2.9062500000e+00 1.0942685141e+00 3.4290981976e-01
1 2.9101562500e+00 1.0911625079e+00 3.4266622882e-01
1 2.9140625000e+00 1.0880702437e+00 3.4242319846e-01
1 2.9179687500e+00 1.0849915789e+00 3.4218072178e-01
1 2.9218750000e+00 1.0819264167e+00 3.4193879539e-01
1 2.9257812500e+00 1.0788747023e+00 3.4169741920e-01
1 2.9296875000e+00 1.0758363372e+00 3.4145658962e-01
1 2.9335937500e+00 1.0728112871e+00 3.4121630813e-01
1 2.9375000000e+00 1.0697994349e+00 3.4097656960e-01
1 2.9414062500e+00 1.0668007418e+00 3.4073737508e-01
1 2.9453125000e+00 1.0638151330e+00 3.4049872276e-01
1 2.9492187500e+00 1.0608425313e+00 3.4026061056e-01
1 2.9531250000e+00 1.0578828078e+00 3.4002303226e-01
1 2.9570312500e+00 1.0549359308e+00 3.3978598935e-01
1 2.9609375000e+00 1.0520018045e+00 3.3954947818e-01
1 2.9648437500e+00 1.0490803950e+00 3.3931350003e-01
1 2.9687500000e+00 1.0461716213e+00 3.3907805238e-01
1 2.9726562500e+00 1.0432753717e+00 3.3884313015e-01
1 2.9765625000e+00 1.0403915766e+00 3.3860873166e-01
1 2.9804687500e+00 1.0375201685e+00 3.3837485535e-01
1 2.9843750000e+00 1.0346611053e+00 3.3814150171e-01
1 2.9882812500e+00 1.0318142912e+00 3.3790866682e-01
1 2.9921875000e+00 1.0289796901e+00 3.3767635161e-01
1 2.9960937500e+00 1.0261572102e+00 3.3744455242e-01
1 3.0000000000e+00 1.0233467697e+00 3.3721326636e-01
1 3.0039062500e+00 1.0205483522e+00 3.3698249592e-01
1 3.0078125000e+00 1.0177618871e+00 3.3675223909e-01
1 3.0117187500e+00 1.0149872724e+00 3.3652249123e-01
1 3.0156250000e+00 1.0122244147e+00 3.3629324837e-01
1 3.0195312500e+00 1.0094732313e+00 3.3606450737e-01
1 3.0234375000e+00 1.0067337123e+00 3.3583627112e-01
1 3.0273437500e+00 1.0040057709e+00 3.3560853611e-01
1 3.0312500000e+00 1.0012893465e+00 3.3538130095e-01
1 3.0351562500e+00 9.9858438737e-01 3.3515456499e-01
1 3.0390625000e+00 9.9589083566e-01 3.3492832704e-01
1 3.0429687500e+00 9.9320858237e-01 3.3470258157e-01
1 3.0468750000e+00 9.9053756206e-01 3.3447732668e-01
1 3.0507812500e+00 9.8787775078e-01 3.3425256392e-01
1 3.0546875000e+00 9.8522908074e-01 3.3402829116e-01
1 3.0585937500e+00 9.8259149696e-01 3.3380450730e-01
1 3.0625000000e+00 9.7996494111e-01 3.3358121094e-01
1 3.0664062500e+00 9.7734933792e-01 3.3335839920e-01
1 3.0703125000e+00 9.7474462040e-01 3.3313606990e-01
1 3.0742187500e+00 9.7215073017e-01 3.3291422152e-01
1 3.0781250000e+00 9.6956759833e-01 3.3269285164e-01
1 3.0820312500e+00 9.6699519262e-01 3.3247196096e-01
1 3.0859375000e+00 9.6443345521e-01 3.3225154795e-01
1 3.0898437500e+00 9.6188230624e-01 3.3203160916e-01
1 3.0937500000e+00 9.5934166357e-01 3.3181214091e-01
1 3.0976562500e+00 9.5681152257e-01 3.3159314617e-01
1 3.1015625000e+00 9.5429180550e-01 3.3137462161e-01
1 3.1054687500e+00 9.5178245402e-01 3.3115656550e-01
1 3.1093750000e+00 9.4928340161e-01 3.3093897541e-01
1 3.1132812500e+00 9.4679458059e-01 3.3072184876e-01
1 3.1171875000e+00 9.4431596012e-01 3.3050518616e-01
1 3.1210937500e+00 9.4184751276e-01 3.3028898850e-01
1 3.1250000000e+00 9.3938914691e-01 3.3007325104e-01
1 3.1289062500e+00 9.3694080625e-01 3.2985797210e-01
1 3.1328125000e+00 9.3450237416e-01 3.2964314464e-01
1 3.1367187500e+00 9.3207384876e-01 3.2942877170e-01
1 3.1406250000e+00 9.2965521889e-01 3.2921485550e-01
1 3.1445312500e+00 9.2724639275e-01 3.2900139113e-01
1 3.1484375000e+00 9.2484735377e-01 3.2878838030e-01
1 3.1523437500e+00 9.2245804495e-01 3.2857582112e-01
1 3.1562500000e+00 9.2007840733e-01 3.2836371150e-01
1 3.1601562500e+00 9.1770835000e-01 3.2815204646e-01
1 3.1640625000e+00 9.1534779842e-01 3.2794082245e-01
1 3.1679687500e+00 9.1299676431e-01 3.2773004362e-01
1 3.1718750000e+00 9.1065517295e-01 3.2751970634e-01
1 3.1757812500e+00 9.0832297764e-01 3.2730980949e-01
1 3.1796875000e+00 9.0600016278e-01 3.2710035474e-01
1 3.1835937500e+00 9.0368658137e-01 3.2689133185e-01
1 3.1875000000e+00 9.0138225984e-01 3.2668274623e-01
1 3.1914062500e+00 8.9908710231e-01 3.2647459221e-01
1 3.1953125000e+00 8.9680112419e-01 3.2626687418e-01
1 3.1992187500e+00 8.9452425307e-01 3.2605958855e-01
1 3.2031250000e+00 8.9225645142e-01 3.2585273488e-01
1 3.2070312500e+00 8.8999761031e-01 3.2564630618e-01
1 3.2109375000e+00 8.8774774175e-01 3.2544030648e-01
1 3.2148437500e+00 8.8550679558e-01 3.2523473413e-01
1 3.2187500000e+00 8.8327470565e-01 3.2502958595e-01
1 3.2226562500e+00 8.8105142126e-01 3.2482486020e-01
1 3.2265625000e+00 8.7883691514e-01 3.2462055725e-01
1 3.2304687500e+00 8.7663113515e-01 3.2441667515e-01
1 3.2343750000e+00 8.7443401623e-01 3.2421321075e-01
1 3.2382812500e+00 8.7224552768e-01 3.2401016404e-01
1 3.2421875000e+00 8.7006564358e-01 3.2380753545e-01
1 3.2460937500e+00 8.6789428845e-01 3.2360532079e-01
1 3.2500000000e+00 8.6573140389e-01 3.2340351741e-01
1 3.2539062500e+00 8.6357697113e-01 3.2320212634e-01
1 3.2578125000e+00 8.6143094501e-01 3.2300114613e-01
1 3.2617187500e+00 8.5929330245e-01 3.2280057740e-01
1 3.2656250000e+00 8.5716397030e-01 3.2260041603e-01
1 3.2695312500e+00 8.5504293900e-01 3.2240066387e-01
1 3.2734375000e+00 8.5293014047e-01 3.2220131723e-01
1 3.2773437500e+00 8.5082551620e-01 3.2200237331e-01
1 3.2812500000e+00 8.4872902655e-01 3.2180383103e-01
1 3.2851562500e+00 8.4664059896e-01 3.2160568621e-01
1 3.2890625000e+00 8.4456023264e-01 3.2140794144e-01
1 3.2929687500e+00 8.4248791907e-01 3.2121059856e-01
1 3.2968750000e+00 8.4042358494e-01 3.2101365326e-01
1 3.3007812500e+00 8.3836717635e-01 3.2081710302e-01
1 3.3046875000e+00 8.3631869439e-01 3.2062095058e-01
1 3.3085937500e+00 8.3427806082e-01 3.2042519105e-01
1 3.3125000000e+00 8.3224526025e-01 3.2022982558e-01
1 3.3164062500e+00 8.3022024051e-01 3.2003485172e-01
1 3.3203125000e+00 8.2820295157e-01 3.1984026725e-01
1 3.3242187500e+00 8.2619335267e-01 3.1964607079e-01
1 3.3281250000e+00 8.2419142684e-01 3.1945226325e-01
1 3.3320312500e+00 8.2219713176e-01 3.1925884309e-01
1 3.3359375000e+00 8.2021039387e-01 3.1906580568e-01
1 3.3398437500e+00 8.1823115500e-01 3.1887314789e-01
1 3.3437500000e+00 8.1625944839e-01 3.1868087544e-01
1 3.3476562500e+00 8.1429519207e-01 3.1848898283e-01
1 3.3515625000e+00 8.1233838696e-01 3.1829747265e-01
1 3.3554687500e+00 8.1038897717e-01 3.1810634191e-01
1 3.3593750000e+00 8.0844692392e-01 3.1791558925e-01
1 3.3632812500e+00 8.0651217819e-01 3.1772521231e-01
1 3.3671875000e+00 8.0458470447e-01 3.1753521003e-01
1 3.3710937500e+00 8.0266446138e-01 3.1734558075e-01
1 3.3750000000e+00 8.0075144158e-01 3.1715632616e-01
1 3.3789062500e+00 7.9884561271e-01 3.1696744548e-01
1 3.3828125000e+00 7.9694692158e-01 3.1677893583e-01
1 3.3867187500e+00 7.9505535742e-01 3.1659079854e-01
1 3.3906250000e+00 7.9317081533e-01 3.1640302553e-01
1 3.3945312500e+00 7.9129328484e-01 3.1621561811e-01
1 3.3984375000e+00 7.8942272513e-01 3.1602857454e-01
1 3.4023437500e+00 7.8755912955e-01 3.1584189650e-01
1 3.4062500000e+00 7.8570246728e-01 3.1565558323e-01
1 3.4101562500e+00 7.8385269978e-01 3.1546963319e-01
1 3.4140625000e+00 7.8200976366e-01 3.1528404230e-01
1 3.4179687500e+00 7.8017365588e-01 3.1509881255e-01
1 3.4218750000e+00 7.7834434225e-01 3.1491394278e-01
1 3.4257812500e+00 7.7652177794e-01 3.1472943075e-01
1 3.4296875000e+00 7.7470592196e-01 3.1454527456e-01
1 3.4335937500e+00 7.7289677472e-01 3.1436147652e-01
1 3.4375000000e+00 7.7109425469e-01 3.1417803058e-01
1 3.4414062500e+00 7.6929834298e-01 3.1399493705e-01
1 3.4453125000e+00 7.6750900990e-01 3.1381219512e-01
1 3.4492187500e+00 7.6572624888e-01 3.1362980635e-01
1 3.4531250000e+00 7.6395000270e-01 3.1344776707e-01
1 3.4570312500e+00 7.6218025689e-01 3.1326607802e-01
1 3.4609375000e+00 7.6041697600e-01 3.1308473773e-01
1 3.4648437500e+00 7.5866011883e-01 3.1290374415e-01
1 3.4687500000e+00 7.5690967670e-01 3.1272309855e-01
1 3.4726562500e+00 7.5516559614e-01 3.1254279758e-01
1 3.4765625000e+00 7.5342784907e-01 3.1236284048e-01
1 3.4804687500e+00 7.5169641577e-01 3.1218322736e-01
1 3.4843750000e+00 7.4997122214e-01 3.1200395264e-01
1 3.4882812500e+00 7.4825227685e-01 3.1182501933e-01
1 3.4921875000e+00 7.4653951839e-01 3.1164642315e-01
1 3.4960937500e+00 7.4483294511e-01 3.1146816601e-01
1 3.5000000000e+00 7.4313254748e-01 3.1129024902e-01
1 3.5039062500e+00 7.4143826513e-01 3.1111266795e-01
1 3.5078125000e+00 7.3975008007e-01 3.1093542299e-01
1 3.5117187500e+00 7.3806791706e-01 3.1075850828e-01
1 3.5156250000e+00 7.3639181057e-01 3.1058192950e-01
1 3.5195312500e+00 7.3472171332e-01 3.1040568374e-01
1 3.5234375000e+00 7.3305758782e-01 3.1022976906e-01
1 3.5273437500e+00 7.3139940740e-01 3.1005418467e-01
1 3.5312500000e+00 7.2974715833e-01 3.0987893115e-01
1 3.5351562500e+00 7.2810080123e-01 3.0970400633e-01
1 3.5390625000e+00 7.2646030943e-01 3.0952940938e-01
1 3.5429687500e+00 7.2482564387e-01 3.0935513813e-01
1 3.5468750000e+00 7.2319676600e-01 3.0918119045e-01
1 3.5507812500e+00 7.2157366389e-01 3.0900756705e-01
1 3.5546875000e+00 7.1995629966e-01 3.0883426581e-01
1 3.5585937500e+00 7.1834467728e-01 3.0866128915e-01
1 3.5625000000e+00 7.1673875251e-01 3.0848863425e-01
1 3.5664062500e+00 7.1513849015e-01 3.0831629927e-01
1 3.5703125000e+00 7.1354386692e-01 3.0814428365e-01
1 3.5742187500e+00 7.1195486521e-01 3.0797258740e-01
1 3.5781250000e+00 7.1037144779e-01 3.0780120842e-01
1 3.5820312500e+00 7.0879361096e-01 3.0763014822e-01
1 3.5859375000e+00 7.0722129595e-01 3.0745940233e-01
1 3.5898437500e+00 7.0565450394e-01 3.0728897277e-01
1 3.5937500000e+00 7.0409318899e-01 3.0711885642e-01
1 3.5976562500e+00 7.0253732081e-01 3.0694905187e-01
1 3.6015625000e+00 7.0098685942e-01 3.0677955659e-01
1 3.6054687500e+00 6.9944182745e-01 3.0661037493e-01
1 3.6093750000e+00 6.9790218241e-01 3.0644150408e-01
1 3.6132812500e+00 6.9636791719e-01 3.0627294513e-01
1 3.6171875000e+00 6.9483898075e-01 3.0610469431e-01
1 3.6210937500e+00 6.9331535474e-01 3.0593675141e-01
1 3.6250000000e+00 6.9179701155e-01 3.0576911523e-01
1 3.6289062500e+00 6.9028389363e-01 3.0560178122e-01
1 3.6328125000e+00 6.8877602878e-01 3.0543475423e-01
1 3.6367187500e+00 6.8727337626e-01 3.0526803158e-01
1 3.6406250000e+00 6.8577589376e-01 3.0510161035e-01
1 3.6445312500e+00 6.8428356749e-01 3.0493549079e-01
1 3.6484375000e+00 6.8279635605e-01 3.0476967005e-01
1 3.6523437500e+00 6.8131426825e-01 3.0460415087e-01
1 3.6562500000e+00 6.7983726590e-01 3.0443893077e-01
1 3.6601562500e+00 6.7836531951e-01 3.0427400818e-01
1 3.6640625000e+00 6.7689841004e-01 3.0410938272e-01
1 3.6679687500e+00 6.7543651035e-01 3.0394505306e-01
1 3.6718750000e+00 6.7397962802e-01 3.0378102181e-01
1 3.6757812500e+00 6.7252770486e-01 3.0361728412e-01
1 3.6796875000e+00 6.7108075944e-01 3.0345384381e-01
1 3.6835937500e+00 6.6963874707e-01 3.0329069756e-01
1 3.6875000000e+00 6.6820163161e-01 3.0312784297e-01
1 3.6914062500e+00 6.6676939898e-01 3.0296528015e-01
1 3.6953125000e+00 6.6534203291e-01 3.0280300892e-01
1 3.6992187500e+00 6.6391949337e-01 3.0264102643e-01
1 3.7031250000e+00 6.6250174979e-01 3.0247933085e-01
1 3.7070312500e+00 6.6108882018e-01 3.0231792590e-01
1 3.7109375000e+00 6.5968065929e-01 3.0215680809e-01
1 3.7148437500e+00 6.5827723653e-01 3.0199597555e-01
1 3.7187500000e+00 6.5687852132e-01 3.0183542641e-01
1 3.7226562500e+00 6.5548451905e-01 3.0167516294e-01
1 3.7265625000e+00 6.5409522368e-01 3.0151518608e-01
1 3.7304687500e+00 6.5271059502e-01 3.0135549282e-01
1 3.7343750000e+00 6.5133062412e-01 3.0119608376e-01
1 3.7382812500e+00 6.4995527373e-01 3.0103695621e-01
1 3.7421875000e+00 6.4858450564e-01 3.0087810735e-01
1 3.7460937500e+00 6.4721832034e-01 3.0071953883e-01
1 3.7500000000e+00 6.4585668305e-01 3.0056124820e-01
1 3.7539062500e+00 6.4449959499e-01 3.0040323719e-01
1 3.7578125000e+00 6.4314702627e-01 3.0024550389e-01
1 3.7617187500e+00 6.4179896591e-01 3.0008804861e-01
1 3.7656250000e+00 6.4045536895e-01 2.9993086765e-01
1 3.7695312500e+00 6.3911624467e-01 2.9977396366e-01
1 3.7734375000e+00 6.3778155310e-01 2.9961733351e-01
1 3.7773437500e+00 6.3645127816e-01 2.9946097685e-01
1 3.7812500000e+00 6.3512539779e-01 2.9930489264e-01
1 3.7851562500e+00 6.3380390060e-01 2.9914908106e-01
1 3.7890625000e+00 6.3248676929e-01 2.9899354160e-01
1 3.7929687500e+00 6.3117396008e-01 2.9883827062e-01
1 3.7968750000e+00 6.2986549565e-01 2.9868327231e-01
1 3.8007812500e+00 6.2856134049e-01 2.9852854398e-01
1 3.8046875000e+00 6.2726143382e-01 2.9837407991e-01
1 3.8085937500e+00 6.2596579530e-01 2.9821988394e-01
1 3.8125000000e+00 6.2467440497e-01 2.9806595517e-01
1 3.8164062500e+00 6.2338723697e-01 2.9791229201e-01
1 3.8203125000e+00 6.2210428379e-01 2.9775889504e-01
1 3.8242187500e+00 6.2082552455e-01 2.9760576324e-01
1 3.8281250000e+00 6.1955096131e-01 2.9745289833e-01
1 3.8320312500e+00 6.1828052234e-01 2.9730029318e-01
1 3.8359375000e+00 6.1701422973e-01 2.9714795187e-01
1 3.8398437500e+00 6.1575205570e-01 2.9699587252e-01
1 3.8437500000e+00 6.1449399847e-01 2.9684405638e-01
1 3.8476562500e+00 6.1324002515e-01 2.9669250090e-01
1 3.8515625000e+00 6.1199012431e-01 2.9654120616e-01
1 3.8554687500e+00 6.1074422554e-01 2.9639016503e-01
1 3.8593750000e+00 6.0950236217e-01 2.9623938297e-01
1 3.8632812500e+00 6.0826449918e-01 2.9608885714e-01
1 3.8671875000e+00 6.0703061863e-01 2.9593858678e-01
1 3.8710937500e+00 6.0580073172e-01 2.9578857463e-01
1 3.8750000000e+00 6.0457479326e-01 2.9563881660e-01
1 3.8789062500e+00 6.0335281216e-01 2.9548931517e-01
1 3.8828125000e+00 6.0213474570e-01 2.9534006649e-01
1 3.8867187500e+00 6.0092057595e-01 2.9519106976e-01
1 3.8906250000e+00 5.9971029378e-01 2.9504232521e-01
1 3.8945312500e+00 5.9850387431e-01 2.9489383116e-01
1 3.8984375000e+00 5.9730131709e-01 2.9474558892e-01
1 3.9023437500e+00 5.9610260184e-01 2.9459759735e-01
1 3.9062500000e+00 5.9490770015e-01 2.9444985429e-01
1 3.9101562500e+00 5.9371661689e-01 2.9430236170e-01
1 3.9140625000e+00 5.9252931979e-01 2.9415511692e-01
1 3.9179687500e+00 5.9134581535e-01 2.9400812210e-01
1 3.9218750000e+00 5.9016604784e-01 2.9386137166e-01
1 3.9257812500e+00 5.8899002977e-01 2.9371486848e-01
1 3.9296875000e+00 5.8781772862e-01 2.9356860982e-01
1 3.9335937500e+00 5.8664914747e-01 2.9342259738e-01
1 3.9375000000e+00 5.8548426311e-01 2.9327682959e-01
1 3.9414062500e+00 5.8432305698e-01 2.9313130542e-01
1 3.9453125000e+00 5.8316550756e-01 2.9298602349e-01
1 3.9492187500e+00 5.8201159614e-01 2.9284098273e-01
1 3.9531250000e+00 5.8086132726e-01 2.9269618501e-01
1 3.9570312500e+00 5.7971466271e-01 2.9255162681e-01
1 3.9609375000e+00 5.7857160436e-01 2.9240730964e-01
1 3.9648437500e+00 5.7743213419e-01 2.9226323250e-01
1 3.9687500000e+00 5.7629622062e-01 2.9211939267e-01
1 3.9726562500e+00 5.7516387079e-01 2.9197579232e-01
1 3.9765625000e+00 5.7403505666e-01 2.9183242916e-01
1 3.9804687500e+00 5.7290976369e-01 2.9168930259e-01
1 3.9843750000e+00 5.7178799473e-01 2.9154641424e-01
1 3.9882812500e+00 5.7066972519e-01 2.9140376221e-01
1 3.9921875000e+00 5.6955495302e-01 2.9126134751e-01
1 3.9960937500e+00 5.6844363192e-01 2.9111916545e-01
1 4.0000000000e+00 5.6733578387e-01 2.9097722007e-01
1 4.0039062500e+00 5.6623135669e-01 2.9083550593e-01
1 4.0078125000e+00 5.6513033847e-01 2.9069402271e-01
1 4.0117187500e+00 5.6403270779e-01 2.9055276886e-01
1 4.0156250000e+00 5.6293847629e-01 2.9041174709e-01
1 4.0195312500e+00 5.6184760795e-01 2.9027095398e-01
1 4.0234375000e+00 5.6076011919e-01 2.9013039283e-01
1 4.0273437500e+00 5.5967598630e-01 2.8999006179e-01
1 4.0312500000e+00 5.5859520210e-01 2.8984996113e-01
1 4.0351562500e+00 5.5751774661e-01 2.8971008946e-01
1 4.0390625000e+00 5.5644358317e-01 2.8957044319e-01
1 4.0429687500e+00 5.5537272709e-01 2.8943102551e-01
1 4.0468750000e+00 5.5430514866e-01 2.8929183371e-01
1 4.0507812500e+00 5.5324083609e-01 2.8915286744e-01
1 4.0546875000e+00 5.5217980038e-01 2.8901412930e-01
1 4.0585937500e+00 5.5112200797e-01 2.8887561608e-01
1 4.0625000000e+00 5.5006742900e-01 2.8873732502e-01
1 4.0664062500e+00 5.4901606190e-01 2.8859925706e-01
1 4.0703125000e+00 5.4796789531e-01 2.8846141186e-01
1 4.0742187500e+00 5.4692293178e-01 2.8832379091e-01
1 4.0781250000e+00 5.4588114216e-01 2.8818639151e-01
1 4.0820312500e+00 5.4484252598e-01 2.8804921474e-01
1 4.0859375000e+00 5.4380704546e-01 2.8791225674e-01
1 4.0898437500e+00 5.4277471126e-01 2.8777552006e-01
1 4.0937500000e+00 5.4174548116e-01 2.8763900021e-01
1 4.0976562500e+00 5.4071936488e-01 2.8750269961e-01
1 4.1015625000e+00 5.3969635181e-01 2.8736661797e-01
1 4.1054687500e+00 5.3867643194e-01 2.8723075506e-01
1 4.1093750000e+00 5.3765958483e-01 2.8709510928e-01
1 4.1132812500e+00 5.3664578985e-01 2.8695967898e-01
1 4.1171875000e+00 5.3563504821e-01 2.8682446540e-01
1 4.1210937500e+00 5.3462732181e-01 2.8668946456e-01
1 4.1250000000e+00 5.3362261371e-01 2.8655467794e-01
1 4.1289062500e+00 5.3262091809e-01 2.8642010585e-01
1 4.1328125000e+00 5.3162221387e-01 2.8628574654e-01
1 4.1367187500e+00 5.3062651544e-01 2.8615160302e-01
1 4.1406250000e+00 5.2963379561e-01 2.8601767271e-01
1 4.1445312500e+00 5.2864404311e-01 2.8588395518e-01
1 4.1484375000e+00 5.2765725822e-01 2.8575045152e-01
1 4.1523437500e+00 5.2667339977e-01 2.8561715724e-01
1 4.1562500000e+00 5.2569246864e-01 2.8548407350e-01
1 4.1601562500e+00 5.2471443890e-01 2.8535119784e-01
1 4.1640625000e+00 5.2373933310e-01 2.8521853439e-01
1 4.1679687500e+00 5.2276707838e-01 2.8508607426e-01
1 4.1718750000e+00 5.2179771979e-01 2.8495382463e-01
1 4.1757812500e+00 5.2083123388e-01 2.8482178335e-01
1 4.1796875000e+00 5.1986760872e-01 2.8468994983e-01
1 4.1835937500e+00 5.1890681692e-01 2.8455832134e-01
1 4.1875000000e+00 5.1794887160e-01 2.8442690072e-01
1 4.1914062500e+00 5.1699375596e-01 2.8429568669e-01
1 4.1953125000e+00 5.1604144727e-01 2.8416467714e-01
1 4.1992187500e+00 5.1509194527e-01 2.8403387307e-01
1 4.2031250000e+00 5.1414522900e-01 2.8390327259e-01
1 4.2070312500e+00 5.1320130483e-01 2.8377287759e-01
1 4.2109375000e+00 5.1226014136e-01 2.8364268476e-01
1 4.2148437500e+00 5.1132173201e-01 2.8351269417e-01
1 4.2187500000e+00 5.1038607378e-01 2.8338290640e-01
1 4.2226562500e+00 5.0945314676e-01 2.8325331971e-01
1 4.2265625000e+00 5.0852293558e-01 2.8312393293e-01
1 4.2304687500e+00 5.0759545860e-01 2.8299474961e-01
1 4.2343750000e+00 5.0667066846e-01 2.8286576414e-01
1 4.2382812500e+00 5.0574858132e-01 2.8273697976e-01
1 4.2421875000e+00 5.0482915028e-01 2.8260839088e-01
1 4.2460937500e+00 5.0391238743e-01 2.8248000017e-01
1 4.2500000000e+00 5.0299827796e-01 2.8235180652e-01
1 4.2539062500e+00 5.0208683183e-01 2.8222381228e-01
1 4.2578125000e+00 5.0117802959e-01 2.8209601571e-01
1 4.2617187500e+00 5.0027185911e-01 2.8196841605e-01
1 4.2656250000e+00 4.9936831417e-01 2.8184101338e-01
1 4.2695312500e+00 4.9846737233e-01 2.8171380550e-01
1 4.2734375000e+00 4.9756899975e-01 2.8158678857e-01
1 4.2773437500e+00 4.9667321784e-01 2.8145996655e-01
1 4.2812500000e+00 4.9578002629e-01 2.8133334034e-01
1 4.2851562500e+00 4.9488940088e-01 2.8120690746e-01
1 4.2890625000e+00 4.9400135072e-01 2.8108067013e-01
1 4.2929687500e+00 4.9311584565e-01 2.8095462501e-01
1 4.2968750000e+00 4.9223287342e-01 2.8082877128e-01
1 4.3007812500e+00 4.9135244367e-01 2.8070311123e-01
1 4.3046875000e+00 4.9047453116e-01 2.8057764220e-01
1 4.3085937500e+00 4.8959912300e-01 2.8045236326e-01
1 4.3125000000e+00 4.8872622307e-01 2.8032727588e-01
1 4.3164062500e+00 4.8785579873e-01 2.8020237629e-01
1 4.3203125000e+00 4.8698784987e-01 2.8007766538e-01
1 4.3242187500e+00 4.8612235626e-01 2.7995314115e-01
1 4.3281250000e+00 4.8525932875e-01 2.7982880605e-01
1 4.3320312500e+00 4.8439874606e-01 2.7970465793e-01
1 4.3359375000e+00 4.8354061625e-01 2.7958069883e-01
1 4.3398437500e+00 4.8268492169e-01 2.7945692711e-01
1 4.3437500000e+00 4.8183164897e-01 2.7933334173e-01
1 4.3476562500e+00 4.8098078690e-01 2.7920994194e-01
1 4.3515625000e+00 4.8013233327e-01 2.7908672831e-01
1 4.3554687500e+00 4.7928627951e-01 2.7896370047e-01
1 4.3593750000e+00 4.7844260556e-01 2.7884085639e-01
1 4.3632812500e+00 4.7760131045e-01 2.7871819680e-01
1 4.3671875000e+00 4.7676237670e-01 2.7859572002e-01
1 4.3710937500e+00 4.7592581363e-01 2.7847342828e-01
1 4.3750000000e+00 4.7509158459e-01 2.7835131709e-01
1 4.3789062500e+00 4.7425970170e-01 2.7822938907e-01
1 4.3828125000e+00 4.7343016959e-01 2.7810764578e-01
1 4.3867187500e+00 4.7260293409e-01 2.7798608011e-01
1 4.3906250000e+00 4.7177800503e-01 2.7786469436e-01
1 4.3945312500e+00 4.7095538999e-01 2.7774349048e-01
1 4.3984375000e+00 4.7013506126e-01 2.7762246525e-01
1 4.4023437500e+00 4.6931703454e-01 2.7750162182e-01
1 4.4062500000e+00 4.6850129057e-01 2.7738095820e-01
1 4.4101562500e+00 4.6768782847e-01 2.7726047510e-01
1 4.4140625000e+00 4.6687661717e-01 2.7714016874e-01
1 4.4179687500e+00 4.6606767060e-01 2.7702004203e-01
1 4.4218750000e+00 4.6526096629e-01 2.7690009246e-01
1 4.4257812500e+00 4.6445648083e-01 2.7678031738e-01
1 4.4296875000e+00 4.6365422582e-01 2.7666071932e-01
1 4.4335937500e+00 4.6285419710e-01 2.7654129850e-01
1 4.4375000000e+00 4.6205638333e-01 2.7642205403e-01
1 4.4414062500e+00 4.6126077601e-01 2.7630298547e-01
1 4.4453125000e+00 4.6046736709e-01 2.7618409242e-01
1 4.4492187500e+00 4.5967613837e-01 2.7606537296e-01
1 4.4531250000e+00 4.5888710169e-01 2.7594682969e-01
1 4.4570312500e+00 4.5810023809e-01 2.7582846055e-01
1 4.4609375000e+00 4.5731553141e-01 2.7571026393e-01
1 4.4648437500e+00 4.5653298849e-01 2.7559224164e-01
1 4.4687500000e+00 4.5575257819e-01 2.7547438979e-01
1 4.4726562500e+00 4.5497430057e-01 2.7535670917e-01
1 4.4765625000e+00 4.5419816141e-01 2.7523920145e-01
1 4.4804687500e+00 4.5342412402e-01 2.7512186185e-01
1 4.4843750000e+00 4.5265220000e-01 2.7500469291e-01
1 4.4882812500e+00 4.5188238761e-01 2.7488769515e-01
1 4.4921875000e+00 4.5111468493e-01 2.7477086907e-01
1 4.4960937500e+00 4.5034907012e-01 2.7465421211e-01
1 4.5000000000e+00 4.4958554615e-01 2.7453772551e-01
1 4.5039062500e+00 4.4882408162e-01 2.7442140524e-01
1 4.5078125000e+00 4.4806468938e-01 2.7430525403e-01
1 4.5117187500e+00 4.4730736468e-01 2.7418927193e-01
1 4.5156250000e+00 4.4655209465e-01 2.7407345772e-01
1 4.5195312500e+00 4.4579887748e-01 2.7395781189e-01
1 4.5234375000e+00 4.4504770206e-01 2.7384233351e-01
1 4.5273437500e+00 4.4429856536e-01 2.7372702286e-01
1 4.5312500000e+00 4.4355142685e-01 2.7361187445e-01
1 4.5351562500e+00 4.4280631358e-01 2.7349689319e-01
1 4.5390625000e+00 4.4206320218e-01 2.7338207624e-01
1 4.5429687500e+00 4.4132208393e-01 2.7326742298e-01
1 4.5468750000e+00 4.4058296746e-01 2.7315293550e-01
1 4.5507812500e+00 4.3984582467e-01 2.7303861017e-01
1 4.5546875000e+00 4.3911066367e-01 2.7292444899e-01
1 4.5585937500e+00 4.3837749072e-01 2.7281045367e-01
1 4.5625000000e+00 4.3764626566e-01 2.7269661871e-01
1 4.5664062500e+00 4.3691701334e-01 2.7258294870e-01
1 4.5703125000e+00 4.3618971336e-01 2.7246944119e-01
1 4.5742187500e+00 4.3546435851e-01 2.7235609578e-01
1 4.5781250000e+00 4.3474092443e-01 2.7224290940e-01
1 4.5820312500e+00 4.3401942271e-01 2.7212988456e-01
1 4.5859375000e+00 4.3329984460e-01 2.7201702061e-01
1 4.5898437500e+00 4.3258218066e-01 2.7190431680e-01
1 4.5937500000e+00 4.3186643080e-01 2.7179177383e-01
1 4.5976562500e+00 4.3115258084e-01 2.7167939016e-01
1 4.6015625000e+00 4.3044062969e-01 2.7156716635e-01
1 4.6054687500e+00 4.2973056041e-01 2.7145510043e-01
1 4.6093750000e+00 4.2902238286e-01 2.7134319466e-01
1 4.6132812500e+00 4.2831606666e-01 2.7123144493e-01
1 4.6171875000e+00 4.2761162661e-01 2.7111985430e-01
1 4.6210937500e+00 4.2690902875e-01 2.7100841807e-01
1 4.6250000000e+00 4.2620828062e-01 2.7089713812e-01
1 4.6289062500e+00 4.2550939548e-01 2.7078601727e-01
1 4.6328125000e+00 4.2481234469e-01 2.7067505164e-01
1 4.6367187500e+00 4.2411712035e-01 2.7056424066e-01
1 4.6406250000e+00 4.2342374182e-01 2.7045358812e-01
1 4.6445312500e+00 4.2273217026e-01 2.7034308848e-01
1 4.6484375000e+00 4.2204242907e-01 2.7023274618e-01
1 4.6523437500e+00 4.2135448468e-01 2.7012255652e-01
1 4.6562500000e+00 4.2066834216e-01 2.7001252099e-01
1 4.6601562500e+00 4.1998399625e-01 2.6990263941e-01
1 4.6640625000e+00 4.1930145269e-01 2.6979291339e-01
1 4.6679687500e+00 4.1862068700e-01 2.6968333967e-01
1 4.6718750000e+00 4.1794170074e-01 2.6957391916e-01
1 4.6757812500e+00 4.1726449507e-01 2.6946465271e-01
1 4.6796875000e+00 4.1658905334e-01 2.6935553831e-01
1 4.6835937500e+00 4.1591536458e-01 2.6924657485e-01
1 4.6875000000e+00 4.1524341730e-01 2.6913776111e-01
1 4.6914062500e+00 4.1457321516e-01 2.6902909835e-01
1 4.6953125000e+00 4.1390474223e-01 2.6892058464e-01
1 4.6992187500e+00 4.1323800513e-01 2.6881222170e-01
1 4.7031250000e+00 4.1257300112e-01 2.6870400974e-01
1 4.7070312500e+00 4.1190970837e-01 2.6859594585e-01
1 4.7109375000e+00 4.1124814161e-01 2.6848803307e-01
1 4.7148437500e+00 4.1058828472e-01 2.6838026944e-01
1 4.7187500000e+00 4.0993013054e-01 2.6827265442e-01
1 4.7226562500e+00 4.0927368196e-01 2.6816518912e-01
1 4.7265625000e+00 4.0861890641e-01 2.6805786885e-01
1 4.7304687500e+00 4.0796582554e-01 2.6795069778e-01
1 4.7343750000e+00 4.0731441750e-01 2.6784367298e-01
1 4.7382812500e+00 4.0666466816e-01 2.6773679274e-01
1 4.7421875000e+00 4.0601659286e-01 2.6763006021e-01
1 4.7460937500e+00 4.0537018706e-01 2.6752347528e-01
1 4.7500000000e+00 4.0472543411e-01 2.6741703583e-01
1 4.7539062500e+00 4.0408233148e-01 2.6731074206e-01
1 4.7578125000e+00 4.0344088743e-01 2.6720459596e-01
1 4.7617187500e+00 4.0280107897e-01 2.6709859435e-01
1 4.7656250000e+00 4.0216289820e-01 2.6699273655e-01
1 4.7695312500e+00 4.0152633398e-01 2.6688702130e-01
1 4.7734375000e+00 4.0089138832e-01 2.6678144956e-01
1 4.7773437500e+00 4.0025805722e-01 2.6667602127e-01
1 4.7812500000e+00 3.9962634052e-01 2.6657073701e-01
1 4.7851562500e+00 3.9899623304e-01 2.6646559653e-01
1 4.7890625000e+00 3.9836771441e-01 2.6636059703e-01
1 4.7929687500e+00 3.9774079833e-01 2.6625574141e-01
1 4.7968750000e+00 3.9711546770e-01 2.6615102741e-01
1 4.8007812500e+00 3.9649171469e-01 2.6604645431e-01
1 4.8046875000e+00 3.9586954502e-01 2.6594202367e-01
1 4.8085937500e+00 3.9524893783e-01 2.6583773259e-01
1 4.8125000000e+00 3.9462991018e-01 2.6573358453e-01
1 4.8164062500e+00 3.9401243792e-01 2.6562957602e-01
1 4.8203125000e+00 3.9339652712e-01 2.6552570866e-01
1 4.8242187500e+00 3.9278217162e-01 2.6542198202e-01
1 4.8281250000e+00 3.9216936385e-01 2.6531839541e-01
1 4.8320312500e+00 3.9155809353e-01 2.6521494767e-01
1 4.8359375000e+00 3.9094836143e-01 2.6511163951e-01
1 4.8398437500e+00 3.9034016412e-01 2.6500847093e-01
1 4.8437500000e+00 3.8973345907e-01 2.6490543531e-01
1 4.8476562500e+00 3.8912826514e-01 2.6480253639e-01
1 4.8515625000e+00 3.8852458884e-01 2.6469977587e-01
1 4.8554687500e+00 3.8792242592e-01 2.6459715359e-01
1 4.8593750000e+00 3.8732176142e-01 2.6449466758e-01
1 4.8632812500e+00 3.8672260262e-01 2.6439231965e-01
1 4.8671875000e+00 3.8612494319e-01 2.6429010929e-01
1 4.8710937500e+00 3.8552877030e-01 2.6418803488e-01
1 4.8750000000e+00 3.8493408693e-01 2.6408609749e-01
1 4.8789062500e+00 3.8434088538e-01 2.6398429636e-01
1 4.8828125000e+00 3.8374914168e-01 2.6388262794e-01
1 4.8867187500e+00 3.8315888128e-01 2.6378109717e-01
1 4.8906250000e+00 3.8257007274e-01 2.6367969919e-01
1 4.8945312500e+00 3.8198272536e-01 2.6357843616e-01
1 4.8984375000e+00 3.8139682668e-01 2.6347730648e-01
1 4.9023437500e+00 3.8081238176e-01 2.6337631157e-01
1 4.9062500000e+00 3.8022938715e-01 2.6327545141e-01
1 4.9101562500e+00 3.7964783524e-01 2.6317472521e-01
1 4.9140625000e+00 3.7906771124e-01 2.6307413098e-01
1 4.9179687500e+00 3.7848901607e-01 2.6297366940e-01
1 4.9218750000e+00 3.7791173392e-01 2.6287333828e-01
1 4.9257812500e+00 3.7733587161e-01 2.6277313933e-01
1 4.9296875000e+00 3.7676142873e-01 2.6267307304e-01
1 4.9335937500e+00 3.7618840374e-01 2.6257313967e-01
1 4.9375000000e+00 3.7561678781e-01 2.6247333822e-01
1 4.9414062500e+00 3.7504656382e-01 2.6237366624e-01
1 4.9453125000e+00 3.7447773457e-01 2.6227412475e-01
1 4.9492187500e+00 3.7391029987e-01 2.6217471425e-01
1 4.9531250000e+00 3.7334424522e-01 2.6207543272e-01
1 4.9570312500e+00 3.7277957727e-01 2.6197628186e-01
1 4.9609375000e+00 3.7221628683e-01 2.6187726060e-01
1 4.9648437500e+00 3.7165435812e-01 2.6177836666e-01
1 4.9687500000e+00 3.7109381167e-01 2.6167960419e-01
1 4.9726562500e+00 3.7053461850e-01 2.6158096862e-01
1 4.9765625000e+00 3.6997679162e-01 2.6148246274e-01
1 4.9804687500e+00 3.6942032311e-01 2.6138408570e-01
1 4.9843750000e+00 3.6886520841e-01 2.6128583719e-01
1 4.9882812500e+00 3.6831144110e-01 2.6118771660e-01
1 4.9921875000e+00 3.6775901609e-01 2.6108972355e-01
1 4.9960937500e+00 3.6720790235e-01 2.6099185302e-01
1 5.0000000000e+00 3.6665811596e-01 2.6089410839e-01
