126 1.0000000000e+00 1.0256736933e+01 6.0000000000e-01
126 1.0039062500e+00 1.0203586336e+01 5.9922118219e-01
126 1.0078125000e+00 1.0150970180e+01 5.9844719286e-01
126 1.0117187500e+00 1.0098880326e+01 5.9767797590e-01
126 1.0156250000e+00 1.0047308894e+01 5.9691347750e-01
126 1.0195312500e+00 9.9962481484e+00 5.9615364455e-01
126 1.0234375000e+00 9.9456904819e+00 5.9539842443e-01
126 1.0273437500e+00 9.8956284885e+00 5.9464776613e-01
126 1.0312500000e+00 9.8460548943e+00 5.9390161926e-01
126 1.0351562500e+00 9.7969625236e+00 5.9315993357e-01
126 1.0390625000e+00 9.7483443756e+00 5.9242266015e-01
126 1.0429687500e+00 9.7001935979e+00 5.9168975103e-01
126 1.0468750000e+00 9.6525032176e+00 5.9096115518e-01
126 1.0507812500e+00 9.6052670437e+00 5.9023683225e-01
126 1.0546875000e+00 9.5584781721e+00 5.8951672978e-01
126 1.0585937500e+00 9.5121304804e+00 5.8880080614e-01
126 1.0625000000e+00 9.4662177206e+00 5.8808901660e-01
126 1.0664062500e+00 9.4207336098e+00 5.8738131478e-01
126 1.0703125000e+00 9.3756721208e+00 5.8667765711e-01
126 1.0742187500e+00 9.3310274214e+00 5.8597800199e-01
126 1.0781250000e+00 9.2867939935e+00 5.8528231170e-01
126 1.0820312500e+00 9.2429649463e+00 5.8459052583e-01
126 1.0859375000e+00 9.1995372525e+00 5.8390264396e-01
126 1.0898437500e+00 9.1565023761e+00 5.8321857751e-01
126 1.0937500000e+00 9.1138563579e+00 5.8253830934e-01
126 1.0976562500e+00 9.0715947904e+00 5.8186181447e-01
126 1.1015625000e+00 9.0297111678e+00 5.8118903340e-01
126 1.1054687500e+00 8.9882004510e+00 5.8051992905e-01
126 1.1093750000e+00 8.9470578983e+00 5.7985446828e-01
126 1.1132812500e+00 8.9062786738e+00 5.7919261555e-01
126 1.1171875000e+00 8.8658581991e+00 5.7853433865e-01
126 1.1210937500e+00 8.8257916421e+00 5.7787960040e-01
126 1.1250000000e+00 8.7860739953e+00 5.7722835987e-01
126 1.1289062500e+00 8.7467005013e+00 5.7658057932e-01
126 1.1328125000e+00 8.7076669930e+00 5.7593622993e-01
126 1.1367187500e+00 8.6689690344e+00 5.7529527764e-01
126 1.1406250000e+00 8.6306021066e+00 5.7465768626e-01
126 1.1445312500e+00 8.5925622054e+00 5.7402342733e-01
126 1.1484375000e+00 8.5548448269e+00 5.7339246335e-01
126 1.1523437500e+00 8.5174461552e+00 5.7276476754e-01
126 1.1562500000e+00 8.4803619562e+00 5.7214030539e-01
126 1.1601562500e+00 8.4435887472e+00 5.7151905437e-01
126 1.1640625000e+00 8.4071206881e+00 5.7090095130e-01
126 1.1679687500e+00 8.3709575711e+00 5.7028602780e-01
126 1.1718750000e+00 8.3350913302e+00 5.6967418136e-01
126 1.1757812500e+00 8.2995207299e+00 5.6906542491e-01
126 1.1796875000e+00 8.2642426876e+00 5.6845973953e-01
126 1.1835937500e+00 8.2292514092e+00 5.6785705896e-01
126 1.1875000000e+00 8.1945442143e+00 5.6725736974e-01
126 1.1914062500e+00 8.1601185987e+00 5.6666066101e-01
126 1.1953125000e+00 8.1259706106e+00 5.6606689630e-01
126 1.1992187500e+00 8.0920961644e+00 5.6547603607e-01
126 1.2031250000e+00 8.0584921417e+00 5.6488805699e-01
126 1.2070312500e+00 8.0251556541e+00 5.6430293923e-01
126 1.2109375000e+00 7.9920838213e+00 5.6372066259e-01
126 1.2148437500e+00 7.9592731269e+00 5.6314119513e-01
126 1.2187500000e+00 7.9267201076e+00 5.6256450523e-01
126 1.2226562500e+00 7.8944215999e+00 5.6199056596e-01
126 1.2265625000e+00 7.8623750605e+00 5.6141936092e-01
126 1.2304687500e+00 7.8305774180e+00 5.6085086380e-01
126 1.2343750000e+00 7.7990261576e+00 5.6028505776e-01
126 1.2382812500e+00 7.7677175677e+00 5.5972190397e-01
126 1.2421875000e+00 7.7366500812e+00 5.5916140166e-01
126 1.2460937500e+00 7.7058180818e+00 5.5860347645e-01
126 1.2500000000e+00 7.6752233371e+00 5.5804818709e-01
126 1.2539062500e+00 7.6448582515e+00 5.5749542210e-01
126 1.2578125000e+00 7.6147234054e+00 5.5694521799e-01
126 1.2617187500e+00 7.5848158447e+00 5.5639754667e-01
126 1.2656250000e+00 7.5551313664e+00 5.5585235657e-01
126 1.2695312500e+00 7.5256688819e+00 5.5530965273e-01
126 1.2734375000e+00 7.4964263983e+00 5.5476942337e-01
126 1.2773437500e+00 7.4673995703e+00 5.5423161272e-01
126 1.2812500000e+00 7.4385868013e+00 5.5369621531e-01
126 1.2851562500e+00 7.4099858846e+00 5.5316321406e-01
126 1.2890625000e+00 7.3815950546e+00 5.5263259977e-01
126 1.2929687500e+00 7.3534106159e+00 5.5210432672e-01
126 1.2968750000e+00 7.3254308713e+00 5.5157838610e-01
126 1.3007812500e+00 7.2976536330e+00 5.5105475960e-01
126 1.3046875000e+00 7.2700773058e+00 5.5053343973e-01
126 1.3085937500e+00 7.2426993170e+00 5.5001440018e-01
126 1.3125000000e+00 7.2155170047e+00 5.4949761251e-01
126 1.3164062500e+00 7.1885284350e+00 5.4898306167e-01
126 1.3203125000e+00 7.1617311581e+00 5.4847072242e-01
126 1.3242187500e+00 7.1351247013e+00 5.4796060704e-01
126 1.3281250000e+00 7.1087047553e+00 5.4745265392e-01
126 1.3320312500e+00 7.0824723096e+00 5.4694690293e-01
126 1.3359375000e+00 7.0564216821e+00 5.4644326505e-01
126 1.3398437500e+00 7.0305531132e+00 5.4594176512e-01
126 1.3437500000e+00 7.0048650825e+00 5.4544239384e-01
126 1.3476562500e+00 6.9793537791e+00 5.4494509694e-01
126 1.3515625000e+00 6.9540194375e+00 5.4444989859e-01
126 1.3554687500e+00 6.9288598651e+00 5.4395677548e-01
126 1.3593750000e+00 6.9038715518e+00 5.4346567795e-01
126 1.3632812500e+00 6.8790540092e+00 5.4297661532e-01
126 1.3671875000e+00 6.8544060669e+00 5.4248958338e-01
126 1.3710937500e+00 6.8299246909e+00 5.4200454075e-01
126 1.3750000000e+00 6.8056083580e+00 5.4152147556e-01
126 1.3789062500e+00 6.7814555873e+00 5.4104037651e-01
126 1.3828125000e+00 6.7574661513e+00 5.4056125714e-01
126 1.3867187500e+00 6.7336366302e+00 5.4008406699e-01
126 1.3906250000e+00 6.7099653746e+00 5.3960879053e-01
126 1.3945312500e+00 6.6864510739e+00 5.3913541878e-01
126 1.3984375000e+00 6.6630929322e+00 5.3866395297e-01
126 1.4023437500e+00 6.6398883044e+00 5.3819435673e-01
126 1.4062500000e+00 6.6168369961e+00 5.3772664299e-01
126 1.4101562500e+00 6.5939346959e+00 5.3726074086e-01
126 1.4140625000e+00 6.5711839890e+00 5.3679671942e-01
126 1.4179687500e+00 6.5485795938e+00 5.3633448730e-01
126 1.4218750000e+00 6.5261230497e+00 5.3587409210e-01
126 1.4257812500e+00 6.5038116446e+00 5.3541549429e-01
126 1.4296875000e+00 6.4816426597e+00 5.3495865371e-01
126 1.4335937500e+00 6.4596164001e+00 5.3450359222e-01
126 1.4375000000e+00 6.4377312219e+00 5.3405029140e-01
126 1.4414062500e+00 6.4159850857e+00 5.3359872430e-01
126 1.4453125000e+00 6.3943774010e+00 5.3314889380e-01
126 1.4492187500e+00 6.3729071477e+00 5.3270079376e-01
126 1.4531250000e+00 6.3515713851e+00 5.3225437762e-01
126 1.4570312500e+00 6.3303695949e+00 5.3180964912e-01
126 1.4609375000e+00 6.3093015026e+00 5.3136661712e-01
126 1.4648437500e+00 6.2883651241e+00 5.3092525436e-01
126 1.4687500000e+00 6.2675589025e+00 5.3048554225e-01
126 1.4726562500e+00 6.2468816247e+00 5.3004746924e-01
126 1.4765625000e+00 6.2263328659e+00 5.2961104033e-01
126 1.4804687500e+00 6.2059110915e+00 5.2917623683e-01
126 1.4843750000e+00 6.1856135233e+00 5.2874301317e-01
126 1.4882812500e+00 6.1654416811e+00 5.2831141538e-01
126 1.4921875000e+00 6.1453912958e+00 5.2788136548e-01
126 1.4960937500e+00 6.1254655628e+00 5.2745294538e-01
126 1.5000000000e+00 6.1056592539e+00 5.2702605590e-01
126 1.5039062500e+00 6.0859730564e+00 5.2660072480e-01
126 1.5078125000e+00 6.0664057607e+00 5.2617693887e-01
126 1.5117187500e+00 6.0469552566e+00 5.2575466514e-01
126 1.5156250000e+00 6.0276225483e+00 5.2533393810e-01
126 1.5195312500e+00 6.0084050993e+00 5.2491471515e-01
126 1.5234375000e+00 5.9893011741e+00 5.2449697075e-01
126 1.5273437500e+00 5.9703113271e+00 5.2408072930e-01
126 1.5312500000e+00 5.9514342575e+00 5.2366597454e-01
126 1.5351562500e+00 5.9326684469e+00 5.2325268519e-01
126 1.5390625000e+00 5.9140127380e+00 5.2284084766e-01
126 1.5429687500e+00 5.8954673130e+00 5.2243047786e-01
126 1.5468750000e+00 5.8770296541e+00 5.2202153181e-01
126 1.5507812500e+00 5.8586989337e+00 5.2161400266e-01
126 1.5546875000e+00 5.8404749448e+00 5.2120789729e-01
126 1.5585937500e+00 5.8223573585e+00 5.2080321985e-01
126 1.5625000000e+00 5.8043444059e+00 5.2039994217e-01
126 1.5664062500e+00 5.7864336553e+00 5.1999802087e-01
126 1.5703125000e+00 5.7686274247e+00 5.1959751906e-01
126 1.5742187500e+00 5.7509222124e+00 5.1919836901e-01
126 1.5781250000e+00 5.7333191939e+00 5.1880060811e-01
126 1.5820312500e+00 5.7158149884e+00 5.1840417073e-01
126 1.5859375000e+00 5.6984103956e+00 5.1800908559e-01
126 1.5898437500e+00 5.6811053888e+00 5.1761536274e-01
126 1.5937500000e+00 5.6638966505e+00 5.1722293720e-01
126 1.5976562500e+00 5.6467854092e+00 5.1683184731e-01
126 1.6015625000e+00 5.6297695508e+00 5.1644205506e-01
126 1.6054687500e+00 5.6128485855e+00 5.1605355937e-01
126 1.6093750000e+00 5.5960228048e+00 5.1566637709e-01
126 1.6132812500e+00 5.5792906066e+00 5.1528048144e-01
126 1.6171875000e+00 5.5626504154e+00 5.1489584597e-01
126 1.6210937500e+00 5.5461022183e+00 5.1451248016e-01
126 1.6250000000e+00 5.5296458397e+00 5.1413038976e-01
126 1.6289062500e+00 5.5132797373e+00 5.1374954865e-01
126 1.6328125000e+00 5.4970027635e+00 5.1336993967e-01
126 1.6367187500e+00 5.4808152049e+00 5.1299157900e-01
126 1.6406250000e+00 5.4647153563e+00 5.1261443619e-01
126 1.6445312500e+00 5.4487030560e+00 5.1223851675e-01
126 1.6484375000e+00 5.4327766907e+00 5.1186379202e-01
126 1.6523437500e+00 5.4169385737e+00 5.1149032569e-01
126 1.6562500000e+00 5.4011838811e+00 5.1111801315e-01
126 1.6601562500e+00 5.3855146265e+00 5.1074691091e-01
126 1.6640625000e+00 5.3699281963e+00 5.1037696597e-01
126 1.6679687500e+00 5.3544255450e+00 5.1000820981e-01
126 1.6718750000e+00 5.3390058680e+00 5.0964063215e-01
126 1.6757812500e+00 5.3236672199e+00 5.0927419528e-01
126 1.6796875000e+00 5.3084105343e+00 5.0890893013e-01
126 1.6835937500e+00 5.2932344061e+00 5.0854481168e-01
126 1.6875000000e+00 5.2781378122e+00 5.0818182383e-01
126 1.6914062500e+00 5.2631208261e+00 5.0781997675e-01
126 1.6953125000e+00 5.2481820719e+00 5.0745924563e-01
126 1.6992187500e+00 5.2333210516e+00 5.0709962665e-01
126 1.7031250000e+00 5.2185379518e+00 5.0674113257e-01
126 1.7070312500e+00 5.2038321514e+00 5.0638375652e-01
126 1.7109375000e+00 5.1892016032e+00 5.0602745680e-01
126 1.7148437500e+00 5.1746462198e+00 5.0567223917e-01
126 1.7187500000e+00 5.1601664067e+00 5.0531812146e-01
126 1.7226562500e+00 5.1457608517e+00 5.0496507950e-01
126 1.7265625000e+00 5.1314294566e+00 5.0461311869e-01
126 1.7304687500e+00 5.1171703893e+00 5.0426220174e-01
126 1.7343750000e+00 5.1029856523e+00 5.0391238565e-01
126 1.7382812500e+00 5.0888710301e+00 5.0356357406e-01
126 1.7421875000e+00 5.0748290976e+00 5.0321583807e-01
126 1.7460937500e+00 5.0608579414e+00 5.0286913788e-01
126 1.7500000000e+00 5.0469569992e+00 5.0252346691e-01
126 1.7539062500e+00 5.0331261243e+00 5.0217882888e-01
126 1.7578125000e+00 5.0193634833e+00 5.0183518534e-01
126 1.7617187500e+00 5.0056709448e+00 5.0149259020e-01
126 1.7656250000e+00 4.9920467727e+00 5.0115100732e-01
126 1.7695312500e+00 4.9784896015e+00 5.0081040954e-01
126 1.7734375000e+00 4.9650002482e+00 5.0047082444e-01
126 1.7773437500e+00 4.9515771413e+00 5.0013221947e-01
126 1.7812500000e+00 4.9382203111e+00 4.9979460233e-01
126 1.7851562500e+00 4.9249293605e+00 4.9945796991e-01
126 1.7890625000e+00 4.9117036480e+00 4.9912231280e-01
126 1.7929687500e+00 4.8985424453e+00 4.9878761930e-01
126 1.7968750000e+00 4.8854454774e+00 4.9845388914e-01
126 1.8007812500e+00 4.8724131087e+00 4.9812113836e-01
126 1.8046875000e+00 4.8594431302e+00 4.9778931717e-01
126 1.8085937500e+00 4.8465362015e+00 4.9745844899e-01
126 1.8125000000e+00 4.8336911404e+00 4.9712851001e-01
126 1.8164062500e+00 4.8209092495e+00 4.9679954023e-01
126 1.8203125000e+00 4.8081875471e+00 4.9647146935e-01
126 1.8242187500e+00 4.7955275217e+00 4.9614434209e-01
126 1.8281250000e+00 4.7829278858e+00 4.9581813154e-01
126 1.8320312500e+00 4.7703878711e+00 4.9549282405e-01
126 1.8359375000e+00 4.7579080884e+00 4.9516844170e-01
126 1.8398437500e+00 4.7454871668e+00 4.9484495507e-01
126 1.8437500000e+00 4.7331257709e+00 4.9452238762e-01
126 1.8476562500e+00 4.7208223895e+00 4.9420070605e-01
126 1.8515625000e+00 4.7085762740e+00 4.9387989673e-01
126 1.8554687500e+00 4.6963883612e+00 4.9355999023e-01
126 1.8593750000e+00 4.6842576738e+00 4.9324096689e-01
126 1.8632812500e+00 4.6721831575e+00 4.9292280486e-01
126 1.8671875000e+00 4.6601652225e+00 4.9260552080e-01
126 1.8710937500e+00 4.6482027575e+00 4.9228909118e-01
126 1.8750000000e+00 4.6362959619e+00 4.9197352703e-01
126 1.8789062500e+00 4.6244443709e+00 4.9165882178e-01
126 1.8828125000e+00 4.6126478776e+00 4.9134497833e-01
126 1.8867187500e+00 4.6009049019e+00 4.9103196025e-01
126 1.8906250000e+00 4.5892165758e+00 4.9071980332e-01
126 1.8945312500e+00 4.5775813887e+00 4.9040847277e-01
126 1.8984375000e+00 4.5659999234e+00 4.9009798975e-01
126 1.9023437500e+00 4.5544698027e+00 4.8978829592e-01
126 1.9062500000e+00 4.5429934517e+00 4.8947946185e-01
126 1.9101562500e+00 4.5315688194e+00 4.8917143785e-01
126 1.9140625000e+00 4.5201957248e+00 4.8886422433e-01
126 1.9179687500e+00 4.5088743256e+00 4.8855783091e-01
126 1.9218750000e+00 4.4976035374e+00 4.8825223351e-01
126 1.9257812500e+00 4.4863834817e+00 4.8794744066e-01
126 1.9296875000e+00 4.4752135653e+00 4.8764344144e-01
126 1.9335937500e+00 4.4640933461e+00 4.8734022897e-01
126 1.9375000000e+00 4.4530235770e+00 4.8703782895e-01
126 1.9414062500e+00 4.4420026371e+00 4.8673620224e-01
126 1.9453125000e+00 4.4310298787e+00 4.8643533607e-01
126 1.9492187500e+00 4.4201062423e+00 4.8613526124e-01
126 1.9531250000e+00 4.4092310929e+00 4.8583596535e-01
126 1.9570312500e+00 4.3984035967e+00 4.8553743041e-01
126 1.9609375000e+00 4.3876235687e+00 4.8523965621e-01
126 1.9648437500e+00 4.3768909463e+00 4.8494264588e-01
126 1.9687500000e+00 4.3662048238e+00 4.8464637920e-01
126 1.9726562500e+00 4.3555660947e+00 4.8435088576e-01
126 1.9765625000e+00 4.3449729850e+00 4.8405612109e-01
126 1.9804687500e+00 4.3344264602e+00 4.8376211676e-01
126 1.9843750000e+00 4.3239246121e+00 4.8346882428e-01
126 1.9882812500e+00 4.3134693176e+00 4.8317630075e-01
126 1.9921875000e+00 4.3030586671e+00 4.8288449743e-01
126 1.9960937500e+00 4.2926923468e+00 4.8259341007e-01
126 2.0000000000e+00 4.2823712620e+00 4.8230306870e-01
126 2.0039062500e+00 4.2720938900e+00 4.8201343505e-01
126 2.0078125000e+00 4.2618607431e+00 4.8172452806e-01
126 2.0117187500e+00 4.2516708772e+00 4.8143632556e-01
126 2.0156250000e+00 4.2415240338e+00 4.8114882465e-01
126 2.0195312500e+00 4.2314205297e+00 4.8086203872e-01
126 2.0234375000e+00 4.2213595643e+00 4.8057594945e-01
126 2.0273437500e+00 4.2113410706e+00 4.8029055929e-01
126 2.0312500000e+00 4.2013653261e+00 4.8000588050e-01
126 2.0351562500e+00 4.1914311817e+00 4.7972188463e-01
126 2.0390625000e+00 4.1815381772e+00 4.7943856271e-01
126 2.0429687500e+00 4.1716867096e+00 4.7915593035e-01
126 2.0468750000e+00 4.1618768154e+00 4.7887399285e-01
126 2.0507812500e+00 4.1521071434e+00 4.7859271556e-01
126 2.0546875000e+00 4.1423787976e+00 4.7831213442e-01
126 2.0585937500e+00 4.1326898424e+00 4.7803219773e-01
126 2.0625000000e+00 4.1230415963e+00 4.7775294766e-01
126 2.0664062500e+00 4.1134325872e+00 4.7747434569e-01
126 2.0703125000e+00 4.1038639901e+00 4.7719642996e-01
126 2.0742187500e+00 4.0943339092e+00 4.7691914943e-01
126 2.0781250000e+00 4.0848424061e+00 4.7664250981e-01
126 2.0820312500e+00 4.0753908403e+00 4.7636655471e-01
126 2.0859375000e+00 4.0659771921e+00 4.7609122917e-01
126 2.0898437500e+00 4.0566018341e+00 4.7581654794e-01
126 2.0937500000e+00 4.0472645051e+00 4.7554250727e-01
126 2.0976562500e+00 4.0379649974e+00 4.7526910490e-01
126 2.1015625000e+00 4.0287033140e+00 4.7499634479e-01
126 2.1054687500e+00 4.0194785933e+00 4.7472420536e-01
126 2.1093750000e+00 4.0102907146e+00 4.7445268680e-01
126 2.1132812500e+00 4.0011404823e+00 4.7418181667e-01
126 2.1171875000e+00 3.9920264987e+00 4.7391155736e-01
126 2.1210937500e+00 3.9829488108e+00 4.7364191395e-01
126 2.1250000000e+00 3.9739073676e+00 4.7337288860e-01
126 2.1289062500e+00 3.9649020491e+00 4.7310448143e-01
126 2.1328125000e+00 3.9559315389e+00 4.7283665678e-01
126 2.1367187500e+00 3.9469973547e+00 4.7256946357e-01
126 2.1406250000e+00 3.9380981171e+00 4.7230286417e-01
126 2.1445312500e+00 3.9292348109e+00 4.7203689171e-01
126 2.1484375000e+00 3.9204055782e+00 4.7177149397e-01
126 2.1523437500e+00 3.9116113196e+00 4.7150670152e-01
126 2.1562500000e+00 3.9028508793e+00 4.7124248305e-01
126 2.1601562500e+00 3.8941248337e+00 4.7097885937e-01
126 2.1640625000e+00 3.8854335044e+00 4.7071584374e-01
126 2.1679687500e+00 3.8767751782e+00 4.7045338772e-01
126 2.1718750000e+00 3.8681505184e+00 4.7019151480e-01
126 2.1757812500e+00 3.8595594599e+00 4.6993022639e-01
126 2.1796875000e+00 3.8510014579e+00 4.6966950932e-01
126 2.1835937500e+00 3.8424766242e+00 4.6940937033e-01
126 2.1875000000e+00 3.8339842022e+00 4.6914978966e-01
126 2.1914062500e+00 3.8255244544e+00 4.6889077860e-01
126 2.1953125000e+00 3.8170974184e+00 4.6863234164e-01
126 2.1992187500e+00 3.8087023284e+00 4.6837445854e-01
126 2.2031250000e+00 3.8003391402e+00 4.6811713118e-01
126 2.2070312500e+00 3.7920080340e+00 4.6786036832e-01
126 2.2109375000e+00 3.7837086336e+00 4.6760416162e-01
126 2.2148437500e+00 3.7754399395e+00 4.6734848334e-01
126 2.2187500000e+00 3.7672034734e+00 4.6709338373e-01
126 2.2226562500e+00 3.7589972133e+00 4.6683880331e-01
126 2.2265625000e+00 3.7508223525e+00 4.6658478220e-01
126 2.2304687500e+00 3.7426777845e+00 4.6633128914e-01
126 2.2343750000e+00 3.7345642033e+00 4.6607834882e-01
126 2.2382812500e+00 3.7264807590e+00 4.6582593782e-01
126 2.2421875000e+00 3.7184271294e+00 4.6557404910e-01
126 2.2460937500e+00 3.7104040360e+00 4.6532270827e-01
126 2.2500000000e+00 3.7024098978e+00 4.6507186879e-01
126 2.2539062500e+00 3.6944458286e+00 4.6482156858e-01
126 2.2578125000e+00 3.6865117632e+00 4.6457180862e-01
126 2.2617187500e+00 3.6786064712e+00 4.6432255316e-01
126 2.2656250000e+00 3.6707303076e+00 4.6407381628e-01
126 2.2695312500e+00 3.6628828249e+00 4.6382558676e-01
126 2.2734375000e+00 3.6550643565e+00 4.6357787804e-01
126 2.2773437500e+00 3.6472747389e+00 4.6333068787e-01
126 2.2812500000e+00 3.6395130381e+00 4.6308398945e-01
126 2.2851562500e+00 3.6317798078e+00 4.6283780321e-01
126 2.2890625000e+00 3.6240747794e+00 4.6259212345e-01
126 2.2929687500e+00 3.6163978189e+00 4.6234694874e-01
126 2.2968750000e+00 3.6087479904e+00 4.6210225194e-01
126 2.3007812500e+00 3.6011269455e+00 4.6185808870e-01
126 2.3046875000e+00 3.5935325118e+00 4.6161439221e-01
126 2.3085937500e+00 3.5859656816e+00 4.6137119702e-01
126 2.3125000000e+00 3.5784258783e+00 4.6112848735e-01
126 2.3164062500e+00 3.5709133159e+00 4.6088627280e-01
126 2.3203125000e+00 3.5634273710e+00 4.6064453598e-01
126 2.3242187500e+00 3.5559679355e+00 4.6040327606e-01
126 2.3281250000e+00 3.5485356604e+00 4.6016251678e-01
126 2.3320312500e+00 3.5411292531e+00 4.5992221894e-01
126 2.3359375000e+00 3.5337493444e+00 4.5968240562e-01
126 2.3398437500e+00 3.5263956148e+00 4.5944306909e-01
126 2.3437500000e+00 3.5190673466e+00 4.5920418856e-01
126 2.3476562500e+00 3.5117653860e+00 4.5896579420e-01
126 2.3515625000e+00 3.5044891327e+00 4.5872786905e-01
126 2.3554687500e+00 3.4972381664e+00 4.5849040189e-01
126 2.3593750000e+00 3.4900127666e+00 4.5825340444e-01
126 2.3632812500e+00 3.4828121085e+00 4.5801685214e-01
126 2.3671875000e+00 3.4756370405e+00 4.5778077538e-01
126 2.3710937500e+00 3.4684869381e+00 4.5754515617e-01
126 2.3750000000e+00 3.4613617780e+00 4.5730999621e-01
126 2.3789062500e+00 3.4542607216e+00 4.5707527029e-01
126 2.3828125000e+00 3.4471851088e+00 4.5684102517e-01
126 2.3867187500e+00 3.4401331371e+00 4.5660720364e-01
126 2.3906250000e+00 3.4331056650e+00 4.5637383655e-01
126 2.3945312500e+00 3.4261023393e+00 4.5614091461e-01
126 2.3984375000e+00 3.4191231993e+00 4.5590844155e-01
126 2.4023437500e+00 3.4121676670e+00 4.5567640049e-01
126 2.4062500000e+00 3.4052359959e+00 4.5544480226e-01
126 2.4101562500e+00 3.3983282944e+00 4.5521365288e-01
126 2.4140625000e+00 3.3914436706e+00 4.5498292484e-01
126 2.4179687500e+00 3.3845825544e+00 4.5475263487e-01
126 2.4218750000e+00 3.3777449219e+00 4.5452278453e-01
126 2.4257812500e+00 3.3709299614e+00 4.5429334882e-01
126 2.4296875000e+00 3.3641382875e+00 4.5406435072e-01
126 2.4335937500e+00 3.3573694668e+00 4.5383577793e-01
126 2.4375000000e+00 3.3506231408e+00 4.5360762060e-01
126 2.4414062500e+00 3.3438997529e+00 4.5337989597e-01
126 2.4453125000e+00 3.3371987758e+00 4.5315258847e-01
126 2.4492187500e+00 3.3305203990e+00 4.5292570676e-01
126 2.4531250000e+00 3.3238640035e+00 4.5269923203e-01
126 2.4570312500e+00 3.3172297486e+00 4.5247317189e-01
126 2.4609375000e+00 3.3106174314e+00 4.5224752161e-01
126 2.4648437500e+00 3.3040278796e+00 4.5202231170e-01
126 2.4687500000e+00 3.2974592450e+00 4.5179748116e-01
126 2.4726562500e+00 3.2909125492e+00 4.5157306706e-01
126 2.4765625000e+00 3.2843874355e+00 4.5134905936e-01
126 2.4804687500e+00 3.2778837508e+00 4.5112545493e-01
126 2.4843750000e+00 3.2714012980e+00 4.5090224913e-01
126 2.4882812500e+00 3.2649401339e+00 4.5067944601e-01
126 2.4921875000e+00 3.2585005001e+00 4.5045705605e-01
126 2.4960937500e+00 3.2520813405e+00 4.5023504486e-01
126 2.5000000000e+00 3.2456832797e+00 4.5001343609e-01
126 2.5039062500e+00 3.2393060912e+00 4.4979222401e-01
126 2.5078125000e+00 3.2329493131e+00 4.4957139463e-01
126 2.5117187500e+00 3.2266134220e+00 4.4935096655e-01
126 2.5156250000e+00 3.2202978942e+00 4.4913092362e-01
126 2.5195312500e+00 3.2140026296e+00 4.4891126436e-01
126 2.5234375000e+00 3.2077280186e+00 4.4869200442e-01
126 2.5273437500e+00 3.2014732597e+00 4.4847311782e-01
126 2.5312500000e+00 3.1952385501e+00 4.4825461342e-01
126 2.5351562500e+00 3.1890237075e+00 4.4803648682e-01
126 2.5390625000e+00 3.1828289864e+00 4.4781874893e-01
126 2.5429687500e+00 3.1766537596e+00 4.4760137968e-01
126 2.5468750000e+00 3.1704985530e+00 4.4738439954e-01
126 2.5507812500e+00 3.1643621572e+00 4.4716776779e-01
126 2.5546875000e+00 3.1582457361e+00 4.4695152744e-01
126 2.5585937500e+00 3.1521488167e+00 4.4673566375e-01
126 2.5625000000e+00 3.1460709748e+00 4.4652016360e-01
126 2.5664062500e+00 3.1400121664e+00 4.4630502731e-01
126 2.5703125000e+00 3.1339724820e+00 4.4609025999e-01
126 2.5742187500e+00 3.1279518850e+00 4.4587586224e-01
126 2.5781250000e+00 3.1219498754e+00 4.4566181810e-01
126 2.5820312500e+00 3.1159669388e+00 4.4544814677e-01
126 2.5859375000e+00 3.1100027484e+00 4.4523483845e-01
126 2.5898437500e+00 3.1040567072e+00 4.4502187362e-01
126 2.5937500000e+00 3.0981293988e+00 4.4480927499e-01
126 2.5976562500e+00 3.0922205384e+00 4.4459703419e-01
126 2.6015625000e+00 3.0863297272e+00 4.4438513870e-01
126 2.6054687500e+00 3.0804575830e+00 4.4417361257e-01
126 2.6093750000e+00 3.0746033624e+00 4.4396243084e-01
126 2.6132812500e+00 3.0687671971e+00 4.4375160003e-01
126 2.6171875000e+00 3.0629488718e+00 4.4354111412e-01
126 2.6210937500e+00 3.0571485836e+00 4.4333098205e-01
126 2.6250000000e+00 3.0513657299e+00 4.4312118371e-01
126 2.6289062500e+00 3.0456009593e+00 4.4291174440e-01
126 2.6328125000e+00 3.0398532504e+00 4.4270262874e-01
126 2.6367187500e+00 3.0341236877e+00 4.4249387793e-01
126 2.6406250000e+00 3.0284113905e+00 4.4228546166e-01
126 2.6445312500e+00 3.0227161179e+00 4.4207737280e-01
126 2.6484375000e+00 3.0170381655e+00 4.4186962386e-01
126 2.6523437500e+00 3.0113776668e+00 4.4166222143e-01
126 2.6562500000e+00 3.0057342069e+00 4.4145515203e-01
126 2.6601562500e+00 3.0001073402e+00 4.4124840097e-01
126 2.6640625000e+00 2.9944976722e+00 4.4104199214e-01
126 2.6679687500e+00 2.9889050066e+00 4.4083592003e-01
126 2.6718750000e+00 2.9833288916e+00 4.4063016965e-01
126 2.6757812500e+00 2.9777696820e+00 4.4042475574e-01
126 2.6796875000e+00 2.9722269580e+00 4.4021966443e-01
126 2.6835937500e+00 2.9667005987e+00 4.4001489288e-01
126 2.6875000000e+00 2.9611908569e+00 4.3981045206e-01
126 2.6914062500e+00 2.9556973561e+00 4.3960632965e-01
126 2.6953125000e+00 2.9502201911e+00 4.3940253076e-01
126 2.6992187500e+00 2.9447593036e+00 4.3919905483e-01
126 2.7031250000e+00 2.9393146004e+00 4.3899590000e-01
126 2.7070312500e+00 2.9338855637e+00 4.3879304850e-01
126 2.7109375000e+00 2.9284729708e+00 4.3859053098e-01
126 2.7148437500e+00 2.9230759346e+00 4.3838831581e-01
126 2.7187500000e+00 2.9176950099e+00 4.3818642534e-01
126 2.7226562500e+00 2.9123297465e+00 4.3798484425e-01
126 2.7265625000e+00 2.9069800345e+00 4.3778356995e-01
126 2.7304687500e+00 2.9016461699e+00 4.3758261512e-01
126 2.7343750000e+00 2.8963277097e+00 4.3738196462e-01
126 2.7382812500e+00 2.8910246526e+00 4.3718161990e-01
126 2.7421875000e+00 2.8857367577e+00 4.3698157337e-01
126 2.7460937500e+00 2.8804645852e+00 4.3678184775e-01
126 2.7500000000e+00 2.8752076271e+00 4.3658242532e-01
126 2.7539062500e+00 2.8699655199e+00 4.3638329376e-01
126 2.7578125000e+00 2.8647387528e+00 4.3618447315e-01
126 2.7617187500e+00 2.8595270261e+00 4.3598595358e-01
126 2.7656250000e+00 2.8543301322e+00 4.3578772861e-01
126 2.7695312500e+00 2.8491484070e+00 4.3558981255e-01
126 2.7734375000e+00 2.8439812306e+00 4.3539218317e-01
126 2.7773437500e+00 2.8388288440e+00 4.3519485112e-01
126 2.7812500000e+00 2.8336910467e+00 4.3499781018e-01
126 2.7851562500e+00 2.8285681803e+00 4.3480107490e-01
126 2.7890625000e+00 2.8234595654e+00 4.3460462063e-01
126 2.7929687500e+00 2.8183658755e+00 4.3440847470e-01
126 2.7968750000e+00 2.8132861611e+00 4.3421260197e-01
126 2.8007812500e+00 2.8082209739e+00 4.3401702512e-01
126 2.8046875000e+00 2.8031700756e+00 4.3382173636e-01
126 2.8085937500e+00 2.7981331762e+00 4.3362672586e-01
126 2.8125000000e+00 2.7931108294e+00 4.3343201647e-01
126 2.8164062500e+00 2.7881024378e+00 4.3323758644e-01
126 2.8203125000e+00 2.7831080424e+00 4.3304343873e-01
126 2.8242187500e+00 2.7781275724e+00 4.3284957196e-01
126 2.8281250000e+00 2.7731611958e+00 4.3265599404e-01
126 2.8320312500e+00 2.7682085971e+00 4.3246269406e-01
126 2.8359375000e+00 2.7632694565e+00 4.3226966085e-01
126 2.8398437500e+00 2.7583444790e+00 4.3207692334e-01
126 2.8437500000e+00 2.7534331912e+00 4.3188446438e-01
126 2.8476562500e+00 2.7485351240e+00 4.3169226689e-01
126 2.8515625000e+00 2.7436508671e+00 4.3150035534e-01
126 2.8554687500e+00 2.7387798966e+00 4.3130871049e-01
126 2.8593750000e+00 2.7339224763e+00 4.3111734403e-01
126 2.8632812500e+00 2.7290782916e+00 4.3092624487e-01
126 2.8671875000e+00 2.7242476630e+00 4.3073542698e-01
126 2.8710937500e+00 2.7194300055e+00 4.3054486856e-01
126 2.8750000000e+00 2.7146258218e+00 4.3035459079e-01
126 2.8789062500e+00 2.7098345003e+00 4.3016457073e-01
126 2.8828125000e+00 2.7050564286e+00 4.2997482505e-01
126 2.8867187500e+00 2.7002913412e+00 4.2978534449e-01
126 2.8906250000e+00 2.6955390491e+00 4.2959612279e-01
126 2.8945312500e+00 2.6907997722e+00 4.2940716998e-01
126 2.8984375000e+00 2.6860732653e+00 4.2921847755e-01
126 2.9023437500e+00 2.6813596297e+00 4.2903005079e-01
126 2.9062500000e+00 2.6766587882e+00 4.2884188790e-01
126 2.9101562500e+00 2.6719705848e+00 4.2865398387e-01
126 2.9140625000e+00 2.6672949287e+00 4.2846633630e-01
126 2.9179687500e+00 2.6626316897e+00 4.2827894118e-01
126 2.9218750000e+00 2.6579813084e+00 4.2809181746e-01
126 2.9257812500e+00 2.6533432610e+00 4.2790494532e-01
126 2.9296875000e+00 2.6487174407e+00 4.2771832163e-01
126 2.9335937500e+00 2.6441042522e+00 4.2753196396e-01
126 2.9375000000e+00 2.6395032410e+00 4.2734585516e-01
126 2.9414062500e+00 2.6349144590e+00 4.2715999854e-01
126 2.9453125000e+00 2.6303378222e+00 4.2697439186e-01
126 2.9492187500e+00 2.6257734642e+00 4.2678904177e-01
126 2.9531250000e+00 2.6212209846e+00 4.2660393318e-01
126 2.9570312500e+00 2.6166808408e+00 4.2641908587e-01
126 2.9609375000e+00 2.6121524556e+00 4.2623447754e-01
126 2.9648437500e+00 2.6076360718e+00 4.2605011925e-01
126 2.9687500000e+00 2.6031316318e+00 4.2586600982e-01
126 2.9726562500e+00 2.5986388788e+00 4.2568213990e-01
126 2.9765625000e+00 2.5941581399e+00 4.2549852406e-01
126 2.9804687500e+00 2.5896889630e+00 4.2531514492e-01
126 2.9843750000e+00 2.5852315257e+00 4.2513201091e-01
126 2.9882812500e+00 2.5807857302e+00 4.2494911916e-01
126 2.9921875000e+00 2.5763515337e+00 4.2476646905e-01
126 2.9960937500e+00 2.5719289226e+00 4.2458406116e-01
126 3.0000000000e+00 2.5675177524e+00 4.2440189065e-01
126 3.0039062500e+00 2.5631181208e+00 4.2421996270e-01
126 3.0078125000e+00 2.5587297605e+00 4.2403826736e-01
126 3.0117187500e+00 2.5543525637e+00 4.2385680126e-01
126 3.0156250000e+00 2.5499870873e+00 4.2367558862e-01
126 3.0195312500e+00 2.5456326541e+00 4.2349460244e-01
126 3.0234375000e+00 2.5412894405e+00 4.2331385116e-01
126 3.0273437500e+00 2.5369573854e+00 4.2313333332e-01
126 3.0312500000e+00 2.5326367094e+00 4.2295305921e-01
126 3.0351562500e+00 2.5283267609e+00 4.2277300276e-01
126 3.0390625000e+00 2.5240280620e+00 4.2259318683e-01
126 3.0429687500e+00 2.5197401703e+00 4.2241359400e-01
126 3.0468750000e+00 2.5154633250e+00 4.2223423537e-01
126 3.0507812500e+00 2.5111974578e+00 4.2205510915e-01
126 3.0546875000e+00 2.5069422626e+00 4.2187620354e-01
126 3.0585937500e+00 2.5026980197e+00 4.2169753140e-01
126 3.0625000000e+00 2.4984644645e+00 4.2151908264e-01
126 3.0664062500e+00 2.4942416480e+00 4.2134086047e-01
126 3.0703125000e+00 2.4900295339e+00 4.2116286441e-01
126 3.0742187500e+00 2.4858279926e+00 4.2098509002e-01
126 3.0781250000e+00 2.4816371152e+00 4.2080754219e-01
126 3.0820312500e+00 2.4774566903e+00 4.2063021301e-01
126 3.0859375000e+00 2.4732868539e+00 4.2045310928e-01
126 3.0898437500e+00 2.4691274530e+00 4.2027622553e-01
126 3.0937500000e+00 2.4649783721e+00 4.2009955786e-01
126 3.0976562500e+00 2.4608399976e+00 4.1992312377e-01
126 3.1015625000e+00 2.4567116545e+00 4.1974689549e-01
126 3.1054687500e+00 2.4525936231e+00 4.1957088597e-01
126 3.1093750000e+00 2.4484859418e+00 4.1939509788e-01
126 3.1132812500e+00 2.4443886454e+00 4.1921953373e-01
126 3.1171875000e+00 2.4403012093e+00 4.1904417203e-01
126 3.1210937500e+00 2.4362240691e+00 4.1886903245e-01
126 3.1250000000e+00 2.4321569435e+00 4.1869410391e-01
126 3.1289062500e+00 2.4280999524e+00 4.1851939254e-01
126 3.1328125000e+00 2.4240529766e+00 4.1834489422e-01
126 3.1367187500e+00 2.4200159046e+00 4.1817060510e-01
126 3.1406250000e+00 2.4159889231e+00 4.1799653423e-01
126 3.1445312500e+00 2.4119718043e+00 4.1782267273e-01
126 3.1484375000e+00 2.4079645051e+00 4.1764901972e-01
126 3.1523437500e+00 2.4039669692e+00 4.1747557372e-01
126 3.1562500000e+00 2.3999791647e+00 4.1730233427e-01
126 3.1601562500e+00 2.3960011963e+00 4.1712930691e-01
126 3.1640625000e+00 2.3920330039e+00 4.1695648997e-01
126 3.1679687500e+00 2.3880744670e+00 4.1678387917e-01
126 3.1718750000e+00 2.3841255347e+00 4.1661147323e-01
126 3.1757812500e+00 2.3801861083e+00 4.1643926877e-01
126 3.1796875000e+00 2.3762564195e+00 4.1626727687e-01
126 3.1835937500e+00 2.3723360874e+00 4.1609548180e-01
126 3.1875000000e+00 2.3684252787e+00 4.1592389178e-01
126 3.1914062500e+00 2.3645240603e+00 4.1575251070e-01
126 3.1953125000e+00 2.3606322662e+00 4.1558133219e-01
126 3.1992187500e+00 2.3567496053e+00 4.1541034436e-01
126 3.2031250000e+00 2.3528765194e+00 4.1523956758e-01
126 3.2070312500e+00 2.3490126416e+00 4.1506898660e-01
126 3.2109375000e+00 2.3451580450e+00 4.1489860555e-01
126 3.2148437500e+00 2.3413126990e+00 4.1472842399e-01
126 3.2187500000e+00 2.3374764678e+00 4.1455843680e-01
126 3.2226562500e+00 2.3336495950e+00 4.1438865570e-01
126 3.2265625000e+00 2.3298317182e+00 4.1421906550e-01
126 3.2304687500e+00 2.3260229890e+00 4.1404967383e-01
126 3.2343750000e+00 2.3222232582e+00 4.1388047495e-01
126 3.2382812500e+00 2.3184325805e+00 4.1371147217e-01
126 3.2421875000e+00 2.3146509204e+00 4.1354266480e-01
126 3.2460937500e+00 2.3108781897e+00 4.1337404978e-01
126 3.2500000000e+00 2.3071144196e+00 4.1320562938e-01
126 3.2539062500e+00 2.3033596135e+00 4.1303740465e-01
126 3.2578125000e+00 2.2996136160e+00 4.1286936949e-01
126 3.2617187500e+00 2.2958765452e+00 4.1270153008e-01
126 3.2656250000e+00 2.2921480057e+00 4.1253386950e-01
126 3.2695312500e+00 2.2884284097e+00 4.1236640714e-01
126 3.2734375000e+00 2.2847175198e+00 4.1219913320e-01
126 3.2773437500e+00 2.2810154094e+00 4.1203205184e-01
126 3.2812500000e+00 2.2773217880e+00 4.1186515080e-01
126 3.2851562500e+00 2.2736371218e+00 4.1169845200e-01
126 3.2890625000e+00 2.2699608349e+00 4.1153193024e-01
126 3.2929687500e+00 2.2662930814e+00 4.1136559332e-01
126 3.2968750000e+00 2.2626339751e+00 4.1119944726e-01
126 3.3007812500e+00 2.2589833385e+00 4.1103348484e-01
126 3.3046875000e+00 2.2553412619e+00 4.1086771100e-01
126 3.3085937500e+00 2.2517075150e+00 4.1070211609e-01
126 3.3125000000e+00 2.2480822086e+00 4.1053670597e-01
126 3.3164062500e+00 2.2444653510e+00 4.1037148186e-01
126 3.3203125000e+00 2.2408567985e+00 4.1020643803e-01
126 3.3242187500e+00 2.2372566364e+00 4.1004157918e-01
126 3.3281250000e+00 2.2336646560e+00 4.0987689659e-01
126 3.3320312500e+00 2.2300809897e+00 4.0971239712e-01
126 3.3359375000e+00 2.2265056373e+00 4.0954808159e-01
126 3.3398437500e+00 2.2229384380e+00 4.0938394343e-01
126 3.3437500000e+00 2.2193795077e+00 4.0921998877e-01
126 3.3476562500e+00 2.2158285643e+00 4.0905620541e-01
126 3.3515625000e+00 2.2122858788e+00 4.0889260666e-01
126 3.3554687500e+00 2.2087512571e+00 4.0872918436e-01
126 3.3593750000e+00 2.2052246876e+00 4.0856593876e-01
126 3.3632812500e+00 2.2017060441e+00 4.0840286480e-01
126 3.3671875000e+00 2.1981956246e+00 4.0823997710e-01
126 3.3710937500e+00 2.1946930376e+00 4.0807725827e-01
126 3.3750000000e+00 2.1911983991e+00 4.0791471449e-01
126 3.3789062500e+00 2.1877117784e+00 4.0775234976e-01
126 3.3828125000e+00 2.1842328928e+00 4.0759015170e-01
126 3.3867187500e+00 2.1807619384e+00 4.0742813021e-01
126 3.3906250000e+00 2.1772988065e+00 4.0726628100e-01
126 3.3945312500e+00 2.1738435788e+00 4.0710460866e-01
126 3.3984375000e+00 2.1703961419e+00 4.0694310867e-01
126 3.4023437500e+00 2.1669563669e+00 4.0678177575e-01
126 3.4062500000e+00 2.1635243694e+00 4.0662061607e-01
126 3.4101562500e+00 2.1601000765e+00 4.0645962698e-01
126 3.4140625000e+00 2.1566834679e+00 4.0629880828e-01
126 3.4179687500e+00 2.1532745183e+00 4.0613815955e-01
126 3.4218750000e+00 2.1498730922e+00 4.0597767513e-01
126 3.4257812500e+00 2.1464793797e+00 4.0581736476e-01
126 3.4296875000e+00 2.1430931138e+00 4.0565721656e-01
126 3.4335937500e+00 2.1397145068e+00 4.0549724132e-01
126 3.4375000000e+00 2.1363433874e+00 4.0533743168e-01
126 3.4414062500e+00 2.1329798042e+00 4.0517779069e-01
126 3.4453125000e+00 2.1296236119e+00 4.0501831219e-01
126 3.4492187500e+00 2.1262749693e+00 4.0485900446e-01
126 3.4531250000e+00 2.1229335893e+00 4.0469985457e-01
126 3.4570312500e+00 2.1195996207e+00 4.0454087033e-01
126 3.4609375000e+00 2.1162731897e+00 4.0438205850e-01
126 3.4648437500e+00 2.1129539249e+00 4.0422340208e-01
126 3.4687500000e+00 2.1096420477e+00 4.0406491236e-01
126 3.4726562500e+00 2.1063374067e+00 4.0390658283e-01
126 3.4765625000e+00 2.1030400758e+00 4.0374841774e-01
126 3.4804687500e+00 2.0997499584e+00 4.0359041317e-01
126 3.4843750000e+00 2.0964670460e+00 4.0343256943e-01
126 3.4882812500e+00 2.0931914170e+00 4.0327489102e-01
126 3.4921875000e+00 2.0899229222e+00 4.0311737145e-01
126 3.4960937500e+00 2.0866615229e+00 4.0296000957e-01
126 3.5000000000e+00 2.0834072685e+00 4.0280280847e-01
126 3.5039062500e+00 2.0801600255e+00 4.0264576238e-01
126 3.5078125000e+00 2.0769200373e+00 4.0248888381e-01
126 3.5117187500e+00 2.0736869581e+00 4.0233215669e-01
126 3.5156250000e+00 2.0704610025e+00 4.0217559213e-01
126 3.5195312500e+00 2.0672419610e+00 4.0201918066e-01
126 3.5234375000e+00 2.0640299829e+00 4.0186293022e-01
126 3.5273437500e+00 2.0608248734e+00 4.0170683203e-01
126 3.5312500000e+00 2.0576268174e+00 4.0155089577e-01
126 3.5351562500e+00 2.0544355185e+00 4.0139510770e-01
126 3.5390625000e+00 2.0512511406e+00 4.0123947646e-01
126 3.5429687500e+00 2.0480737556e+00 4.0108400628e-01
126 3.5468750000e+00 2.0449030456e+00 4.0092868229e-01
126 3.5507812500e+00 2.0417392466e+00 4.0077351669e-01
126 3.5546875000e+00 2.0385822918e+00 4.0061850692e-01
126 3.5585937500e+00 2.0354320683e+00 4.0046364810e-01
126 3.5625000000e+00 2.0322885856e+00 4.0030894135e-01
126 3.5664062500e+00 2.0291517783e+00 4.0015438414e-01
126 3.5703125000e+00 2.0260217971e+00 3.9999998454e-01
126 3.5742187500e+00 2.0228984448e+00 3.9984573352e-01
126 3.5781250000e+00 2.0197817166e+00 3.9969163147e-01
126 3.5820312500e+00 2.0166717106e+00 3.9953768392e-01
126 3.5859375000e+00 2.0135682528e+00 3.9938388292e-01
126 3.5898437500e+00 2.0104714799e+00 3.9923023589e-01
126 3.5937500000e+00 2.0073811458e+00 3.9907673127e-01
126 3.5976562500e+00 2.0042974912e+00 3.9892338168e-01
126 3.6015625000e+00 2.0012204076e+00 3.9877018237e-01
126 3.6054687500e+00 1.9981498228e+00 3.9861713041e-01
126 3.6093750000e+00 1.9950856692e+00 3.9846422307e-01
126 3.6132812500e+00 1.9920280126e+00 3.9831146426e-01
126 3.6171875000e+00 1.9889767480e+00 3.9815884939e-01
126 3.6210937500e+00 1.9859319602e+00 3.9800638333e-01
126 3.6250000000e+00 1.9828936751e+00 3.9785406804e-01
126 3.6289062500e+00 1.9798616466e+00 3.9770189180e-01
126 3.6328125000e+00 1.9768360633e+00 3.9754986471e-01
126 3.6367187500e+00 1.9738168922e+00 3.9739798577e-01
126 3.6406250000e+00 1.9708039993e+00 3.9724624886e-01
126 3.6445312500e+00 1.9677973935e+00 3.9709465504e-01
126 3.6484375000e+00 1.9647970957e+00 3.9694320601e-01
126 3.6523437500e+00 1.9618030907e+00 3.9679190163e-01
126 3.6562500000e+00 1.9588153304e+00 3.9664074008e-01
126 3.6601562500e+00 1.9558337586e+00 3.9648971914e-01
126 3.6640625000e+00 1.9528585037e+00 3.9633884595e-01
126 3.6679687500e+00 1.9498893393e+00 3.9618810964e-01
126 3.6718750000e+00 1.9469264293e+00 3.9603751915e-01
126 3.6757812500e+00 1.9439695981e+00 3.9588706616e-01
126 3.6796875000e+00 1.9410189809e+00 3.9573675817e-01
126 3.6835937500e+00 1.9380744225e+00 3.9558658789e-01
126 3.6875000000e+00 1.9351359717e+00 3.9543655841e-01
126 3.6914062500e+00 1.9322035802e+00 3.9528666786e-01
126 3.6953125000e+00 1.9292773392e+00 3.9513692154e-01
126 3.6992187500e+00 1.9263570513e+00 3.9498730993e-01
126 3.7031250000e+00 1.9234428270e+00 3.9483783930e-01
126 3.7070312500e+00 1.9205346248e+00 3.9468850813e-01
126 3.7109375000e+00 1.9176322963e+00 3.9453930938e-01
126 3.7148437500e+00 1.9147360854e+00 3.9439025620e-01
126 3.7187500000e+00 1.9118458288e+00 3.9424134078e-01
126 3.7226562500e+00 1.9089614264e+00 3.9409255857e-01
126 3.7265625000e+00 1.9060829326e+00 3.9394391295e-01
126 3.7304687500e+00 1.9032103587e+00 3.9379540511e-01
126 3.7343750000e+00 1.9003436585e+00 3.9364703323e-01
126 3.7382812500e+00 1.8974827911e+00 3.9349879579e-01
126 3.7421875000e+00 1.8946277513e+00 3.9335069311e-01
126 3.7460937500e+00 1.8917786623e+00 3.9320273216e-01
126 3.7500000000e+00 1.8889352771e+00 3.9305490071e-01
126 3.7539062500e+00 1.8860977169e+00 3.9290720563e-01
126 3.7578125000e+00 1.8832658542e+00 3.9275964086e-01
126 3.7617187500e+00 1.8804398683e+00 3.9261221633e-01
126 3.7656250000e+00 1.8776195514e+00 3.9246492178e-01
126 3.7695312500e+00 1.8748049732e+00 3.9231776142e-01
126 3.7734375000e+00 1.8719960571e+00 3.9217073181e-01
126 3.7773437500e+00 1.8691928907e+00 3.9202383812e-01
126 3.7812500000e+00 1.8663953147e+00 3.9187707256e-01
126 3.7851562500e+00 1.8636034187e+00 3.9173044040e-01
126 3.7890625000e+00 1.8608172265e+00 3.9158394347e-01
126 3.7929687500e+00 1.8580365731e+00 3.9143757365e-01
126 3.7968750000e+00 1.8552615746e+00 3.9129133761e-01
126 3.8007812500e+00 1.8524921155e+00 3.9114522985e-01
126 3.8046875000e+00 1.8497281864e+00 3.9099925040e-01
126 3.8085937500e+00 1.8469699165e+00 3.9085340667e-01
126 3.8125000000e+00 1.8442171664e+00 3.9070769184e-01
126 3.8164062500e+00 1.8414699200e+00 3.9056210562e-01
126 3.8203125000e+00 1.8387281381e+00 3.9041664648e-01
126 3.8242187500e+00 1.8359918304e+00 3.9027131548e-01
126 3.8281250000e+00 1.8332610538e+00 3.9012611621e-01
126 3.8320312500e+00 1.8305356602e+00 3.8998104133e-01
126 3.8359375000e+00 1.8278157656e+00 3.8983609757e-01
126 3.8398437500e+00 1.8251012618e+00 3.8969127972e-01
126 3.8437500000e+00 1.8223922179e+00 3.8954659201e-01
126 3.8476562500e+00 1.8196885073e+00 3.8940202822e-01
126 3.8515625000e+00 1.8169901630e+00 3.8925759065e-01
126 3.8554687500e+00 1.8142972136e+00 3.8911328138e-01
126 3.8593750000e+00 1.8116096238e+00 3.8896909906e-01
126 3.8632812500e+00 1.8089273265e+00 3.8882504063e-01
126 3.8671875000e+00 1.8062503654e+00 3.8868110897e-01
126 3.8710937500e+00 1.8035787361e+00 3.8853730439e-01
126 3.8750000000e+00 1.8009122708e+00 3.8839361838e-01
126 3.8789062500e+00 1.7982511895e+00 3.8825006334e-01
126 3.8828125000e+00 1.7955953293e+00 3.8810663100e-01
126 3.8867187500e+00 1.7929446775e+00 3.8796332122e-01
126 3.8906250000e+00 1.7902992966e+00 3.8782013789e-01
126 3.8945312500e+00 1.7876590986e+00 3.8767707680e-01
126 3.8984375000e+00 1.7850240469e+00 3.8753413647e-01
126 3.9023437500e+00 1.7823942525e+00 3.8739132347e-01
126 3.9062500000e+00 1.7797696097e+00 3.8724863256e-01
126 3.9101562500e+00 1.7771501273e+00 3.8710606477e-01
126 3.9140625000e+00 1.7745356777e+00 3.8696361364e-01
126 3.9179687500e+00 1.7719264067e+00 3.8682128766e-01
126 3.9218750000e+00 1.7693222364e+00 3.8667908308e-01
126 3.9257812500e+00 1.7667232137e+00 3.8653700300e-01
126 3.9296875000e+00 1.7641291895e+00 3.8639503978e-01
126 3.9335937500e+00 1.7615402819e+00 3.8625320039e-01
126 3.9375000000e+00 1.7589563872e+00 3.8611147967e-01
126 3.9414062500e+00 1.7563775447e+00 3.8596988027e-01
126 3.9453125000e+00 1.7538036799e+00 3.8582839864e-01
126 3.9492187500e+00 1.7512348733e+00 3.8568703969e-01
126 3.9531250000e+00 1.7486710769e+00 3.8554580130e-01
126 3.9570312500e+00 1.7461121518e+00 3.8540467632e-01
126 3.9609375000e+00 1.7435582888e+00 3.8526367578e-01
126 3.9648437500e+00 1.7410093398e+00 3.8512279200e-01
126 3.9687500000e+00 1.7384653088e+00 3.8498202572e-01
126 3.9726562500e+00 1.7359262488e+00 3.8484138036e-01
126 3.9765625000e+00 1.7333920538e+00 3.8470085056e-01
126 3.9804687500e+00 1.7308627607e+00 3.8456043887e-01
126 3.9843750000e+00 1.7283383742e+00 3.8442014603e-01
126 3.9882812500e+00 1.7258188131e+00 3.8427996804e-01
126 3.9921875000e+00 1.7233041170e+00 3.8413990760e-01
126 3.9960937500e+00 1.7207942211e+00 3.8399996157e-01
126 4.0000000000e+00 1.7182892499e+00 3.8386013742e-01
126 4.0039062500e+00 1.7157890132e+00 3.8372042501e-01
126 4.0078125000e+00 1.7132936098e+00 3.8358083035e-01
126 4.0117187500e+00 1.7108029679e+00 3.8344134992e-01
126 4.0156250000e+00 1.7083171637e+00 3.8330198847e-01
126 4.0195312500e+00 1.7058360857e+00 3.8316274025e-01
126 4.0234375000e+00 1.7033597652e+00 3.8302360749e-01
126 4.0273437500e+00 1.7008881608e+00 3.8288458836e-01
126 4.0312500000e+00 1.6984212641e+00 3.8274568286e-01
126 4.0351562500e+00 1.6959591146e+00 3.8260689370e-01
126 4.0390625000e+00 1.6935016088e+00 3.8246821553e-01
126 4.0429687500e+00 1.6910488633e+00 3.8232965541e-01
126 4.0468750000e+00 1.6886007679e+00 3.8219120761e-01
126 4.0507812500e+00 1.6861572594e+00 3.8205286901e-01
126 4.0546875000e+00 1.6837184770e+00 3.8191464797e-01
126 4.0585937500e+00 1.6812842835e+00 3.8177653721e-01
126 4.0625000000e+00 1.6788547090e+00 3.8163853889e-01
126 4.0664062500e+00 1.6764297865e+00 3.8150065538e-01
126 4.0703125000e+00 1.6740094104e+00 3.8136288113e-01
126 4.0742187500e+00 1.6715936739e+00 3.8122522192e-01
126 4.0781250000e+00 1.6691824630e+00 3.8108767174e-01
126 4.0820312500e+00 1.6667758610e+00 3.8095023580e-01
126 4.0859375000e+00 1.6643737385e+00 3.8081290719e-01
126 4.0898437500e+00 1.6619761832e+00 3.8067569136e-01
126 4.0937500000e+00 1.6595831677e+00 3.8053858725e-01
126 4.0976562500e+00 1.6571946700e+00 3.8040159404e-01
126 4.1015625000e+00 1.6548106347e+00 3.8026470902e-01
126 4.1054687500e+00 1.6524310734e+00 3.8012793332e-01
126 4.1093750000e+00 1.6500560252e+00 3.7999126965e-01
126 4.1132812500e+00 1.6476854272e+00 3.7985471485e-01
126 4.1171875000e+00 1.6453192889e+00 3.7971826993e-01
126 4.1210937500e+00 1.6429575449e+00 3.7958193158e-01
126 4.1250000000e+00 1.6406003135e+00 3.7944570709e-01
126 4.1289062500e+00 1.6382474711e+00 3.7930958976e-01
126 4.1328125000e+00 1.6358990024e+00 3.7917357918e-01
126 4.1367187500e+00 1.6335549805e+00 3.7903768003e-01
126 4.1406250000e+00 1.6312153018e+00 3.7890188676e-01
126 4.1445312500e+00 1.6288799541e+00 3.7876619910e-01
126 4.1484375000e+00 1.6265490220e+00 3.7863062244e-01
126 4.1523437500e+00 1.6242223784e+00 3.7849514981e-01
126 4.1562500000e+00 1.6219001462e+00 3.7835978884e-01
126 4.1601562500e+00 1.6195821850e+00 3.7822453179e-01
126 4.1640625000e+00 1.6172685712e+00 3.7808938356e-01
126 4.1679687500e+00 1.6149592286e+00 3.7795434015e-01
126 4.1718750000e+00 1.6126542257e+00 3.7781940601e-01
126 4.1757812500e+00 1.6103534738e+00 3.7768457641e-01
126 4.1796875000e+00 1.6080569917e+00 3.7754985286e-01
126 4.1835937500e+00 1.6057647454e+00 3.7741523384e-01
126 4.1875000000e+00 1.6034767869e+00 3.7728072283e-01
126 4.1914062500e+00 1.6011930570e+00 3.7714631679e-01
126 4.1953125000e+00 1.5989135288e+00 3.7701201459e-01
126 4.1992187500e+00 1.5966382219e+00 3.7687781781e-01
126 4.2031250000e+00 1.5943671160e+00 3.7674372570e-01
126 4.2070312500e+00 1.5921002347e+00 3.7660974008e-01
126 4.2109375000e+00 1.5898375062e+00 3.7647585715e-01
126 4.2148437500e+00 1.5875789194e+00 3.7634207670e-01
126 4.2187500000e+00 1.5853245571e+00 3.7620840405e-01
126 4.2226562500e+00 1.5830743036e+00 3.7607483277e-01
126 4.2265625000e+00 1.5808281766e+00 3.7594136436e-01
126 4.2304687500e+00 1.5785862318e+00 3.7580800255e-01
126 4.2343750000e+00 1.5763483544e+00 3.7567474096e-01
126 4.2382812500e+00 1.5741146096e+00 3.7554158387e-01
126 4.2421875000e+00 1.5718849514e+00 3.7540852900e-01
126 4.2460937500e+00 1.5696594135e+00 3.7527557876e-01
126 4.2500000000e+00 1.5674379243e+00 3.7514272933e-01
126 4.2539062500e+00 1.5652205146e+00 3.7500998296e-01
126 4.2578125000e+00 1.5630071351e+00 3.7487733712e-01
126 4.2617187500e+00 1.5607978042e+00 3.7474479335e-01
126 4.2656250000e+00 1.5585925023e+00 3.7461235088e-01
126 4.2695312500e+00 1.5563912530e+00 3.7448001156e-01
126 4.2734375000e+00 1.5541940364e+00 3.7434777463e-01
126 4.2773437500e+00 1.5520007973e+00 3.7421563717e-01
126 4.2812500000e+00 1.5498115702e+00 3.7408360167e-01
126 4.2851562500e+00 1.5476263119e+00 3.7395166598e-01
126 4.2890625000e+00 1.5454450443e+00 3.7381983180e-01
126 4.2929687500e+00 1.5432677057e+00 3.7368809585e-01
126 4.2968750000e+00 1.5410943168e+00 3.7355645977e-01
126 4.3007812500e+00 1.5389249561e+00 3.7342492875e-01
126 4.3046875000e+00 1.5367594862e+00 3.7329349488e-01
126 4.3085937500e+00 1.5345979099e+00 3.7316215872e-01
126 4.3125000000e+00 1.5324402968e+00 3.7303092493e-01
126 4.3164062500e+00 1.5302865366e+00 3.7289978720e-01
126 4.3203125000e+00 1.5281367250e+00 3.7276875178e-01
126 4.3242187500e+00 1.5259907799e+00 3.7263781407e-01
126 4.3281250000e+00 1.5238487438e+00 3.7250697708e-01
126 4.3320312500e+00 1.5217105385e+00 3.7237623644e-01
126 4.3359375000e+00 1.5195762124e+00 3.7224559551e-01
126 4.3398437500e+00 1.5174457306e+00 3.7211505258e-01
126 4.3437500000e+00 1.5153190761e+00 3.7198460700e-01
126 4.3476562500e+00 1.5131962580e+00 3.7185425972e-01
126 4.3515625000e+00 1.5110772682e+00 3.7172401067e-01
126 4.3554687500e+00 1.5089620787e+00 3.7159385853e-01
126 4.3593750000e+00 1.5068506896e+00 3.7146380370e-01
126 4.3632812500e+00 1.5047431248e+00 3.7133384805e-01
126 4.3671875000e+00 1.5026393085e+00 3.7120398733e-01
126 4.3710937500e+00 1.5005392793e+00 3.7107422431e-01
126 4.3750000000e+00 1.4984430070e+00 3.7094455751e-01
126 4.3789062500e+00 1.4963504956e+00 3.7081498760e-01
126 4.3828125000e+00 1.4942617608e+00 3.7068551594e-01
126 4.3867187500e+00 1.4921767386e+00 3.7055613896e-01
126 4.3906250000e+00 1.4900954267e+00 3.7042685691e-01
126 4.3945312500e+00 1.4880179096e+00 3.7029767546e-01
126 4.3984375000e+00 1.4859440321e+00 3.7016858532e-01
126 4.4023437500e+00 1.4838738679e+00 3.7003959150e-01
126 4.4062500000e+00 1.4818073832e+00 3.6991069226e-01
126 4.4101562500e+00 1.4797446112e+00 3.6978189009e-01
126 4.4140625000e+00 1.4776854914e+00 3.6965318158e-01
126 4.4179687500e+00 1.4756300864e+00 3.6952457106e-01
126 4.4218750000e+00 1.4735783117e+00 3.6939605361e-01
126 4.4257812500e+00 1.4715301827e+00 3.6926763061e-01
126 4.4296875000e+00 1.4694856818e+00 3.6913930132e-01
126 4.4335937500e+00 1.4674448419e+00 3.6901106821e-01
126 4.4375000000e+00 1.4654076095e+00 3.6888292831e-01
126 4.4414062500e+00 1.4633739797e+00 3.6875488167e-01
126 4.4453125000e+00 1.4613439819e+00 3.6862693056e-01
126 4.4492187500e+00 1.4593175443e+00 3.6849907082e-01
126 4.4531250000e+00 1.4572947183e+00 3.6837130608e-01
126 4.4570312500e+00 1.4552754700e+00 3.6824363460e-01
126 4.4609375000e+00 1.4532597825e+00 3.6811605567e-01
126 4.4648437500e+00 1.4512476834e+00 3.6798857143e-01
126 4.4687500000e+00 1.4492391000e+00 3.6786117765e-01
126 4.4726562500e+00 1.4472340730e+00 3.6773387731e-01
126 4.4765625000e+00 1.4452326273e+00 3.6760667235e-01
126 4.4804687500e+00 1.4432346686e+00 3.6747955717e-01
126 4.4843750000e+00 1.4412402549e+00 3.6735253584e-01
126 4.4882812500e+00 1.4392493488e+00 3.6722560635e-01
126 4.4921875000e+00 1.4372619591e+00 3.6709876964e-01
126 4.4960937500e+00 1.4352780246e+00 3.6697202218e-01
126 4.5000000000e+00 1.4332976062e+00 3.6684536824e-01
126 4.5039062500e+00 1.4313206662e+00 3.6671880577e-01
126 4.5078125000e+00 1.4293472011e+00 3.6659233494e-01
126 4.5117187500e+00 1.4273772046e+00 3.6646595571e-01
126 4.5156250000e+00 1.4254106595e+00 3.6633966736e-01
126 4.5195312500e+00 1.4234475531e+00 3.6621346944e-01
126 4.5234375000e+00 1.4214878615e+00 3.6608736078e-01
126 4.5273437500e+00 1.4195316436e+00 3.6596134554e-01
126 4.5312500000e+00 1.4175788190e+00 3.6583541892e-01
126 4.5351562500e+00 1.4156294392e+00 3.6570958460e-01
126 4.5390625000e+00 1.4136834692e+00 3.6558384071e-01
126 4.5429687500e+00 1.4117408672e+00 3.6545818490e-01
126 4.5468750000e+00 1.4098016931e+00 3.6533262142e-01
126 4.5507812500e+00 1.4078658905e+00 3.6520714699e-01
126 4.5546875000e+00 1.4059334582e+00 3.6508176188e-01
126 4.5585937500e+00 1.4040044183e+00 3.6495646791e-01
126 4.5625000000e+00 1.4020786863e+00 3.6483125995e-01
126 4.5664062500e+00 1.4001563425e+00 3.6470614358e-01
126 4.5703125000e+00 1.3982373406e+00 3.6458111616e-01
126 4.5742187500e+00 1.3963216879e+00 3.6445617852e-01
126 4.5781250000e+00 1.3944093351e+00 3.6433132780e-01
126 4.5820312500e+00 1.3925003320e+00 3.6420656763e-01
126 4.5859375000e+00 1.3905946328e+00 3.6408189537e-01
126 4.5898437500e+00 1.3886922291e+00 3.6395731083e-01
126 4.5937500000e+00 1.3867931396e+00 3.6383281560e-01
126 4.5976562500e+00 1.3848973431e+00 3.6370840864e-01
126 4.6015625000e+00 1.3830048306e+00 3.6358408973e-01
126 4.6054687500e+00 1.3811155904e+00 3.6345985845e-01
126 4.6093750000e+00 1.3792296369e+00 3.6333571611e-01
126 4.6132812500e+00 1.3773469105e+00 3.6321165914e-01
126 4.6171875000e+00 1.3754674570e+00 3.6308769092e-01
126 4.6210937500e+00 1.3735912673e+00 3.6296381119e-01
126 4.6250000000e+00 1.3717182955e+00 3.6284001730e-01
126 4.6289062500e+00 1.3698485760e+00 3.6271631185e-01
126 4.6328125000e+00 1.3679820749e+00 3.6259269297e-01
126 4.6367187500e+00 1.3661187705e+00 3.6246915956e-01
126 4.6406250000e+00 1.3642587092e+00 3.6234571506e-01
126 4.6445312500e+00 1.3624018189e+00 3.6222235505e-01
126 4.6484375000e+00 1.3605481585e+00 3.6209908376e-01
126 4.6523437500e+00 1.3586976689e+00 3.6197589763e-01
126 4.6562500000e+00 1.3568503529e+00 3.6185279720e-01
126 4.6601562500e+00 1.3550062065e+00 3.6172978255e-01
126 4.6640625000e+00 1.3531652731e+00 3.6160685692e-01
126 4.6679687500e+00 1.3513274717e+00 3.6148401525e-01
126 4.6718750000e+00 1.3494928017e+00 3.6136125785e-01
126 4.6757812500e+00 1.3476612908e+00 3.6123858691e-01
126 4.6796875000e+00 1.3458329283e+00 3.6111600207e-01
126 4.6835937500e+00 1.3440076891e+00 3.6099350199e-01
126 4.6875000000e+00 1.3421855765e+00 3.6087108723e-01
126 4.6914062500e+00 1.3403666032e+00 3.6074875900e-01
126 4.6953125000e+00 1.3385507247e+00 3.6062651465e-01
126 4.6992187500e+00 1.3367379597e+00 3.6050435578e-01
126 4.7031250000e+00 1.3349282962e+00 3.6038228193e-01
126 4.7070312500e+00 1.3331216956e+00 3.6026029082e-01
126 4.7109375000e+00 1.3313182017e+00 3.6013838576e-01
126 4.7148437500e+00 1.3295177835e+00 3.6001656500e-01
126 4.7187500000e+00 1.3277204217e+00 3.5989482757e-01
126 4.7226562500e+00 1.3259261385e+00 3.5977317531e-01
126 4.7265625000e+00 1.3241348813e+00 3.5965160499e-01
126 4.7304687500e+00 1.3223467108e+00 3.5953012108e-01
126 4.7343750000e+00 1.3205615626e+00 3.5940871954e-01
126 4.7382812500e+00 1.3187794645e+00 3.5928740260e-01
126 4.7421875000e+00 1.3170003952e+00 3.5916616913e-01
126 4.7460937500e+00 1.3152243617e+00 3.5904501997e-01
126 4.7500000000e+00 1.3134513177e+00 3.5892395228e-01
126 4.7539062500e+00 1.3116812718e+00 3.5880296698e-01
126 4.7578125000e+00 1.3099142611e+00 3.5868206695e-01
126 4.7617187500e+00 1.3081502346e+00 3.5856124903e-01
126 4.7656250000e+00 1.3063891971e+00 3.5844051389e-01
126 4.7695312500e+00 1.3046311431e+00 3.5831986148e-01
126 4.7734375000e+00 1.3028760833e+00 3.5819929286e-01
126 4.7773437500e+00 1.3011239723e+00 3.5807880526e-01
126 4.7812500000e+00 1.2993748310e+00 3.5795840044e-01
126 4.7851562500e+00 1.2976286506e+00 3.5783807811e-01
126 4.7890625000e+00 1.2958854059e+00 3.5771783689e-01
126 4.7929687500e+00 1.2941451263e+00 3.5759767911e-01
126 4.7968750000e+00 1.2924077855e+00 3.5747760332e-01
126 4.8007812500e+00 1.2906733492e+00 3.5735760744e-01
126 4.8046875000e+00 1.2889418778e+00 3.5723769600e-01
126 4.8085937500e+00 1.2872132962e+00 3.5711786413e-01
126 4.8125000000e+00 1.2854876497e+00 3.5699811527e-01
126 4.8164062500e+00 1.2837648905e+00 3.5687844646e-01
126 4.8203125000e+00 1.2820450328e+00 3.5675885900e-01
126 4.8242187500e+00 1.2803280763e+00 3.5663935319e-01
126 4.8281250000e+00 1.2786140089e+00 3.5651992853e-01
126 4.8320312500e+00 1.2769028141e+00 3.5640058417e-01
126 4.8359375000e+00 1.2751944962e+00 3.5628132075e-01
126 4.8398437500e+00 1.2734890605e+00 3.5616213895e-01
126 4.8437500000e+00 1.2717864709e+00 3.5604303660e-01
126 4.8476562500e+00 1.2700867376e+00 3.5592401470e-01
126 4.8515625000e+00 1.2683898708e+00 3.5580507431e-01
126 4.8554687500e+00 1.2666958591e+00 3.5568621494e-01
126 4.8593750000e+00 1.2650046634e+00 3.5556743418e-01
126 4.8632812500e+00 1.2633163084e+00 3.5544873407e-01
126 4.8671875000e+00 1.2616307772e+00 3.5533011375e-01
126 4.8710937500e+00 1.2599480611e+00 3.5521157293e-01
126 4.8750000000e+00 1.2582681643e+00 3.5509311222e-01
126 4.8789062500e+00 1.2565910711e+00 3.5497473083e-01
126 4.8828125000e+00 1.2549167698e+00 3.5485642826e-01
126 4.8867187500e+00 1.2532453004e+00 3.5473820764e-01
126 4.8906250000e+00 1.2515765911e+00 3.5462006422e-01
126 4.8945312500e+00 1.2499106797e+00 3.5450200098e-01
126 4.8984375000e+00 1.2482475365e+00 3.5438401615e-01
126 4.9023437500e+00 1.2465871706e+00 3.5426611067e-01
126 4.9062500000e+00 1.2449295740e+00 3.5414828431e-01
126 4.9101562500e+00 1.2432747353e+00 3.5403053656e-01
126 4.9140625000e+00 1.2416226408e+00 3.5391286675e-01
126 4.9179687500e+00 1.2399733077e+00 3.5379527644e-01
126 4.9218750000e+00 1.2383267297e+00 3.5367776547e-01
126 4.9257812500e+00 1.2366828731e+00 3.5356033177e-01
126 4.9296875000e+00 1.2350417435e+00 3.5344297603e-01
126 4.9335937500e+00 1.2334033495e+00 3.5332569919e-01
126 4.9375000000e+00 1.2317676764e+00 3.5320850052e-01
126 4.9414062500e+00 1.2301346994e+00 3.5309137853e-01
126 4.9453125000e+00 1.2285044594e+00 3.5297433647e-01
126 4.9492187500e+00 1.2268769291e+00 3.5285737271e-01
126 4.9531250000e+00 1.2252520766e+00 3.5274048523e-01
126 4.9570312500e+00 1.2236299147e+00 3.5262367530e-01
126 4.9609375000e+00 1.2220104356e+00 3.5250694263e-01
126 4.9648437500e+00 1.2203936349e+00 3.5239028724e-01
126 4.9687500000e+00 1.2187795334e+00 3.5227371091e-01
126 4.9726562500e+00 1.2171680758e+00 3.5215720997e-01
126 4.9765625000e+00 1.2155592941e+00 3.5204078704e-01
126 4.9804687500e+00 1.2139531661e+00 3.5192444082e-01
126 4.9843750000e+00 1.2123496873e+00 3.5180817127e-01
126 4.9882812500e+00 1.2107488508e+00 3.5169197822e-01
126 4.9921875000e+00 1.2091506624e+00 3.5157586238e-01
126 4.9960937500e+00 1.2075551106e+00 3.5145982323e-01
126 5.0000000000e+00 1.2059622077e+00 3.5134386195e-01
