0 1.0000000000e+00 6.0000000000e-01
0 1.0039062500e+00 5.9688917998e-01
0 1.0078125000e+00 5.9380647580e-01
0 1.0117187500e+00 5.9075152582e-01
0 1.0156250000e+00 5.8772397447e-01
0 1.0195312500e+00 5.8472347203e-01
0 1.0234375000e+00 5.8174967460e-01
0 1.0273437500e+00 5.7880224393e-01
0 1.0312500000e+00 5.7588084731e-01
0 1.0351562500e+00 5.7298515748e-01
0 1.0390625000e+00 5.7011485250e-01
0 1.0429687500e+00 5.6726961565e-01
0 1.0468750000e+00 5.6444913534e-01
0 1.0507812500e+00 5.6165310498e-01
0 1.0546875000e+00 5.5888122290e-01
0 1.0585937500e+00 5.5613319228e-01
0 1.0625000000e+00 5.5340872097e-01
0 1.0664062500e+00 5.5070752152e-01
0 1.0703125000e+00 5.4802931096e-01
0 1.0742187500e+00 5.4537381082e-01
0 1.0781250000e+00 5.4274074699e-01
0 1.0820312500e+00 5.4012984964e-01
0 1.0859375000e+00 5.3754085313e-01
0 1.0898437500e+00 5.3497349597e-01
0 1.0937500000e+00 5.3242752070e-01
0 1.0976562500e+00 5.2990267384e-01
0 1.1015625000e+00 5.2739870577e-01
0 1.1054687500e+00 5.2491537074e-01
0 1.1093750000e+00 5.2245242670e-01
0 1.1132812500e+00 5.2000963530e-01
0 1.1171875000e+00 5.1758676181e-01
0 1.1210937500e+00 5.1518357503e-01
0 1.1250000000e+00 5.1279984722e-01
0 1.1289062500e+00 5.1043535408e-01
0 1.1328125000e+00 5.0808987466e-01
0 1.1367187500e+00 5.0576319127e-01
0 1.1406250000e+00 5.0345508947e-01
0 1.1445312500e+00 5.0116535799e-01
0 1.1484375000e+00 4.9889378867e-01
0 1.1523437500e+00 4.9664017640e-01
0 1.1562500000e+00 4.9440431907e-01
0 1.1601562500e+00 4.9218601753e-01
0 1.1640625000e+00 4.8998507552e-01
0 1.1679687500e+00 4.8780129961e-01
0 1.1718750000e+00 4.8563449917e-01
0 1.1757812500e+00 4.8348448633e-01
0 1.1796875000e+00 4.8135107588e-01
0 1.1835937500e+00 4.7923408529e-01
0 1.1875000000e+00 4.7713333461e-01
0 1.1914062500e+00 4.7504864645e-01
0 1.1953125000e+00 4.7297984594e-01
0 1.1992187500e+00 4.7092676067e-01
0 1.2031250000e+00 4.6888922064e-01
0 1.2070312500e+00 4.6686705826e-01
0 1.2109375000e+00 4.6486010826e-01
0 1.2148437500e+00 4.6286820769e-01
0 1.2187500000e+00 4.6089119584e-01
0 1.2226562500e+00 4.5892891424e-01
0 1.2265625000e+00 4.5698120660e-01
0 1.2304687500e+00 4.5504791879e-01
0 1.2343750000e+00 4.5312889876e-01
0 1.2382812500e+00 4.5122399658e-01
0 1.2421875000e+00 4.4933306434e-01
0 1.2460937500e+00 4.4745595613e-01
0 1.2500000000e+00 4.4559252803e-01
0 1.2539062500e+00 4.4374263805e-01
0 1.2578125000e+00 4.4190614613e-01
0 1.2617187500e+00 4.4008291407e-01
0 1.2656250000e+00 4.3827280552e-01
0 1.2695312500e+00 4.3647568594e-01
0 1.2734375000e+00 4.3469142260e-01
0 1.2773437500e+00 4.3291988451e-01
0 1.2812500000e+00 4.3116094241e-01
0 1.2851562500e+00 4.2941446876e-01
0 1.2890625000e+00 4.2768033766e-01
0 1.2929687500e+00 4.2595842489e-01
0 1.2968750000e+00 4.2424860783e-01
0 1.3007812500e+00 4.2255076547e-01
0 1.3046875000e+00 4.2086477836e-01
0 1.3085937500e+00 4.1919052860e-01
0 1.3125000000e+00 4.1752789979e-01
0 1.3164062500e+00 4.1587677706e-01
0 1.3203125000e+00 4.1423704698e-01
0 1.3242187500e+00 4.1260859759e-01
0 1.3281250000e+00 4.1099131835e-01
0 1.3320312500e+00 4.0938510012e-01
0 1.3359375000e+00 4.0778983515e-01
0 1.3398437500e+00 4.0620541705e-01
0 1.3437500000e+00 4.0463174075e-01
0 1.3476562500e+00 4.0306870253e-01
0 1.3515625000e+00 4.0151619994e-01
0 1.3554687500e+00 3.9997413183e-01
0 1.3593750000e+00 3.9844239830e-01
0 1.3632812500e+00 3.9692090069e-01
0 1.3671875000e+00 3.9540954157e-01
0 1.3710937500e+00 3.9390822469e-01
0 1.3750000000e+00 3.9241685500e-01
0 1.3789062500e+00 3.9093533862e-01
0 1.3828125000e+00 3.8946358282e-01
0 1.3867187500e+00 3.8800149598e-01
0 1.3906250000e+00 3.8654898761e-01
0 1.3945312500e+00 3.8510596832e-01
0 1.3984375000e+00 3.8367234981e-01
0 1.4023437500e+00 3.8224804482e-01
0 1.4062500000e+00 3.8083296716e-01
0 1.4101562500e+00 3.7942703166e-01
0 1.4140625000e+00 3.7803015419e-01
0 1.4179687500e+00 3.7664225160e-01
0 1.4218750000e+00 3.7526324174e-01
0 1.4257812500e+00 3.7389304344e-01
0 1.4296875000e+00 3.7253157649e-01
0 1.4335937500e+00 3.7117876161e-01
0 1.4375000000e+00 3.6983452047e-01
0 1.4414062500e+00 3.6849877566e-01
0 1.4453125000e+00 3.6717145067e-01
0 1.4492187500e+00 3.6585246988e-01
0 1.4531250000e+00 3.6454175856e-01
0 1.4570312500e+00 3.6323924283e-01
0 1.4609375000e+00 3.6194484969e-01
0 1.4648437500e+00 3.6065850697e-01
0 1.4687500000e+00 3.5938014333e-01
0 1.4726562500e+00 3.5810968826e-01
0 1.4765625000e+00 3.5684707204e-01
0 1.4804687500e+00 3.5559222576e-01
0 1.4843750000e+00 3.5434508129e-01
0 1.4882812500e+00 3.5310557129e-01
0 1.4921875000e+00 3.5187362915e-01
0 1.4960937500e+00 3.5064918905e-01
0 1.5000000000e+00 3.4943218589e-01
0 1.5039062500e+00 3.4822255532e-01
0 1.5078125000e+00 3.4702023368e-01
0 1.5117187500e+00 3.4582515806e-01
0 1.5156250000e+00 3.4463726623e-01
0 1.5195312500e+00 3.4345649666e-01
0 1.5234375000e+00 3.4228278850e-01
0 1.5273437500e+00 3.4111608158e-01
0 1.5312500000e+00 3.3995631638e-01
0 1.5351562500e+00 3.3880343407e-01
0 1.5390625000e+00 3.3765737642e-01
0 1.5429687500e+00 3.3651808587e-01
0 1.5468750000e+00 3.3538550549e-01
0 1.5507812500e+00 3.3425957895e-01
0 1.5546875000e+00 3.3314025055e-01
0 1.5585937500e+00 3.3202746520e-01
0 1.5625000000e+00 3.3092116839e-01
0 1.5664062500e+00 3.2982130620e-01
0 1.5703125000e+00 3.2872782531e-01
0 1.5742187500e+00 3.2764067296e-01
0 1.5781250000e+00 3.2655979694e-01
0 1.5820312500e+00 3.2548514563e-01
0 1.5859375000e+00 3.2441666793e-01
0 1.5898437500e+00 3.2335431331e-01
0 1.5937500000e+00 3.2229803177e-01
0 1.5976562500e+00 3.2124777383e-01
0 1.6015625000e+00 3.2020349053e-01
0 1.6054687500e+00 3.1916513344e-01
0 1.6093750000e+00 3.1813265463e-01
0 1.6132812500e+00 3.1710600668e-01
0 1.6171875000e+00 3.1608514266e-01
0 1.6210937500e+00 3.1507001613e-01
0 1.6250000000e+00 3.1406058113e-01
0 1.6289062500e+00 3.1305679219e-01
0 1.6328125000e+00 3.1205860431e-01
0 1.6367187500e+00 3.1106597293e-01
0 1.6406250000e+00 3.1007885398e-01
0 1.6445312500e+00 3.0909720383e-01
0 1.6484375000e+00 3.0812097931e-01
0 1.6523437500e+00 3.0715013766e-01
0 1.6562500000e+00 3.0618463659e-01
0 1.6601562500e+00 3.0522443424e-01
0 1.6640625000e+00 3.0426948914e-01
0 1.6679687500e+00 3.0331976029e-01
0 1.6718750000e+00 3.0237520707e-01
0 1.6757812500e+00 3.0143578928e-01
0 1.6796875000e+00 3.0050146713e-01
0 1.6835937500e+00 2.9957220123e-01
0 1.6875000000e+00 2.9864795257e-01
0 1.6914062500e+00 2.9772868254e-01
0 1.6953125000e+00 2.9681435293e-01
0 1.6992187500e+00 2.9590492589e-01
0 1.7031250000e+00 2.9500036395e-01
0 1.7070312500e+00 2.9410063001e-01
0 1.7109375000e+00 2.9320568736e-01
0 1.7148437500e+00 2.9231549961e-01
0 1.7187500000e+00 2.9143003077e-01
0 1.7226562500e+00 2.9054924517e-01
0 1.7265625000e+00 2.8967310752e-01
0 1.7304687500e+00 2.8880158285e-01
0 1.7343750000e+00 2.8793463655e-01
0 1.7382812500e+00 2.8707223432e-01
0 1.7421875000e+00 2.8621434223e-01
0 1.7460937500e+00 2.8536092666e-01
0 1.7500000000e+00 2.8451195430e-01
0 1.7539062500e+00 2.8366739218e-01
0 1.7578125000e+00 2.8282720765e-01
0 1.7617187500e+00 2.8199136837e-01
0 1.7656250000e+00 2.8115984230e-01
0 1.7695312500e+00 2.8033259771e-01
0 1.7734375000e+00 2.7950960319e-01
0 1.7773437500e+00 2.7869082760e-01
0 1.7812500000e+00 2.7787624013e-01
0 1.7851562500e+00 2.7706581022e-01
0 1.7890625000e+00 2.7625950764e-01
0 1.7929687500e+00 2.7545730242e-01
0 1.7968750000e+00 2.7465916488e-01
0 1.8007812500e+00 2.7386506562e-01
0 1.8046875000e+00 2.7307497552e-01
0 1.8085937500e+00 2.7228886572e-01
0 1.8125000000e+00 2.7150670763e-01
0 1.8164062500e+00 2.7072847294e-01
0 1.8203125000e+00 2.6995413360e-01
0 1.8242187500e+00 2.6918366181e-01
0 1.8281250000e+00 2.6841703004e-01
0 1.8320312500e+00 2.6765421099e-01
0 1.8359375000e+00 2.6689517765e-01
0 1.8398437500e+00 2.6613990323e-01
0 1.8437500000e+00 2.6538836119e-01
0 1.8476562500e+00 2.6464052523e-01
0 1.8515625000e+00 2.6389636931e-01
0 1.8554687500e+00 2.6315586761e-01
0 1.8593750000e+00 2.6241899455e-01
0 1.8632812500e+00 2.6168572478e-01
0 1.8671875000e+00 2.6095603318e-01
0 1.8710937500e+00 2.6022989485e-01
0 1.8750000000e+00 2.5950728514e-01
0 1.8789062500e+00 2.5878817960e-01
0 1.8828125000e+00 2.5807255400e-01
0 1.8867187500e+00 2.5736038434e-01
0 1.8906250000e+00 2.5665164682e-01
0 1.8945312500e+00 2.5594631785e-01
0 1.8984375000e+00 2.5524437408e-01
0 1.9023437500e+00 2.5454579234e-01
0 1.9062500000e+00 2.5385054967e-01
0 1.9101562500e+00 2.5315862332e-01
0 1.9140625000e+00 2.5246999073e-01
0 1.9179687500e+00 2.5178462955e-01
0 1.9218750000e+00 2.5110251763e-01
0 1.9257812500e+00 2.5042363301e-01
0 1.9296875000e+00 2.4974795391e-01
0 1.9335937500e+00 2.4907545875e-01
0 1.9375000000e+00 2.4840612616e-01
0 1.9414062500e+00 2.4773993491e-01
0 1.9453125000e+00 2.4707686400e-01
0 1.9492187500e+00 2.4641689258e-01
0 1.9531250000e+00 2.4576000000e-01
0 1.9570312500e+00 2.4510616578e-01
0 1.9609375000e+00 2.4445536963e-01
0 1.9648437500e+00 2.4380759140e-01
0 1.9687500000e+00 2.4316281116e-01
0 1.9726562500e+00 2.4252100912e-01
0 1.9765625000e+00 2.4188216566e-01
0 1.9804687500e+00 2.4124626134e-01
0 1.9843750000e+00 2.4061327689e-01
0 1.9882812500e+00 2.3998319318e-01
0 1.9921875000e+00 2.3935599126e-01
0 1.9960937500e+00 2.3873165234e-01
0 2.0000000000e+00 2.3811015780e-01
0 2.0039062500e+00 2.3749148914e-01
0 2.0078125000e+00 2.3687562805e-01
0 2.0117187500e+00 2.3626255637e-01
0 2.0156250000e+00 2.3565225609e-01
0 2.0195312500e+00 2.3504470933e-01
0 2.0234375000e+00 2.3443989839e-01
0 2.0273437500e+00 2.3383780569e-01
0 2.0312500000e+00 2.3323841383e-01
0 2.0351562500e+00 2.3264170553e-01
0 2.0390625000e+00 2.3204766365e-01
0 2.0429687500e+00 2.3145627121e-01
0 2.0468750000e+00 2.3086751136e-01
0 2.0507812500e+00 2.3028136739e-01
0 2.0546875000e+00 2.2969782272e-01
0 2.0585937500e+00 2.2911686093e-01
0 2.0625000000e+00 2.2853846571e-01
0 2.0664062500e+00 2.2796262089e-01
0 2.0703125000e+00 2.2738931044e-01
0 2.0742187500e+00 2.2681851845e-01
0 2.0781250000e+00 2.2625022915e-01
0 2.0820312500e+00 2.2568442689e-01
0 2.0859375000e+00 2.2512109616e-01
0 2.0898437500e+00 2.2456022155e-01
0 2.0937500000e+00 2.2400178780e-01
0 2.0976562500e+00 2.2344577977e-01
0 2.1015625000e+00 2.2289218242e-01
0 2.1054687500e+00 2.2234098086e-01
0 2.1093750000e+00 2.2179216029e-01
0 2.1132812500e+00 2.2124570606e-01
0 2.1171875000e+00 2.2070160361e-01
0 2.1210937500e+00 2.2015983852e-01
0 2.1250000000e+00 2.1962039646e-01
0 2.1289062500e+00 2.1908326323e-01
0 2.1328125000e+00 2.1854842475e-01
0 2.1367187500e+00 2.1801586702e-01
0 2.1406250000e+00 2.1748557618e-01
0 2.1445312500e+00 2.1695753848e-01
0 2.1484375000e+00 2.1643174025e-01
0 2.1523437500e+00 2.1590816797e-01
0 2.1562500000e+00 2.1538680818e-01
0 2.1601562500e+00 2.1486764756e-01
0 2.1640625000e+00 2.1435067288e-01
0 2.1679687500e+00 2.1383587101e-01
0 2.1718750000e+00 2.1332322893e-01
0 2.1757812500e+00 2.1281273373e-01
0 2.1796875000e+00 2.1230437257e-01
0 2.1835937500e+00 2.1179813274e-01
0 2.1875000000e+00 2.1129400162e-01
0 2.1914062500e+00 2.1079196667e-01
0 2.1953125000e+00 2.1029201547e-01
0 2.1992187500e+00 2.0979413569e-01
0 2.2031250000e+00 2.0929831509e-01
0 2.2070312500e+00 2.0880454152e-01
0 2.2109375000e+00 2.0831280292e-01
0 2.2148437500e+00 2.0782308735e-01
0 2.2187500000e+00 2.0733538293e-01
0 2.2226562500e+00 2.0684967789e-01
0 2.2265625000e+00 2.0636596053e-01
0 2.2304687500e+00 2.0588421925e-01
0 2.2343750000e+00 2.0540444255e-01
0 2.2382812500e+00 2.0492661899e-01
0 2.2421875000e+00 2.0445073724e-01
0 2.2460937500e+00 2.0397678604e-01
0 2.2500000000e+00 2.0350475423e-01
0 2.2539062500e+00 2.0303463072e-01
0 2.2578125000e+00 2.0256640451e-01
0 2.2617187500e+00 2.0210006468e-01
0 2.2656250000e+00 2.0163560038e-01
0 2.2695312500e+00 2.0117300087e-01
0 2.2734375000e+00 2.0071225547e-01
0 2.2773437500e+00 2.0025335357e-01
0 2.2812500000e+00 1.9979628466e-01
0 2.2851562500e+00 1.9934103830e-01
0 2.2890625000e+00 1.9888760412e-01
0 2.2929687500e+00 1.9843597184e-01
0 2.2968750000e+00 1.9798613124e-01
0 2.3007812500e+00 1.9753807218e-01
0 2.3046875000e+00 1.9709178462e-01
0 2.3085937500e+00 1.9664725854e-01
0 2.3125000000e+00 1.9620448405e-01
0 2.3164062500e+00 1.9576345129e-01
0 2.3203125000e+00 1.9532415050e-01
0 2.3242187500e+00 1.9488657197e-01
0 2.3281250000e+00 1.9445070608e-01
0 2.3320312500e+00 1.9401654327e-01
0 2.3359375000e+00 1.9358407404e-01
0 2.3398437500e+00 1.9315328897e-01
0 2.3437500000e+00 1.9272417871e-01
0 2.3476562500e+00 1.9229673398e-01
0 2.3515625000e+00 1.9187094555e-01
0 2.3554687500e+00 1.9144680427e-01
0 2.3593750000e+00 1.9102430106e-01
0 2.3632812500e+00 1.9060342688e-01
0 2.3671875000e+00 1.9018417278e-01
0 2.3710937500e+00 1.8976652987e-01
0 2.3750000000e+00 1.8935048932e-01
0 2.3789062500e+00 1.8893604236e-01
0 2.3828125000e+00 1.8852318028e-01
0 2.3867187500e+00 1.8811189444e-01
0 2.3906250000e+00 1.8770217625e-01
0 2.3945312500e+00 1.8729401720e-01
0 2.3984375000e+00 1.8688740882e-01
0 2.4023437500e+00 1.8648234271e-01
0 2.4062500000e+00 1.8607881053e-01
0 2.4101562500e+00 1.8567680398e-01
0 2.4140625000e+00 1.8527631485e-01
0 2.4179687500e+00 1.8487733497e-01
0 2.4218750000e+00 1.8447985622e-01
0 2.4257812500e+00 1.8408387055e-01
0 2.4296875000e+00 1.8368936995e-01
0 2.4335937500e+00 1.8329634649e-01
0 2.4375000000e+00 1.8290479228e-01
0 2.4414062500e+00 1.8251469948e-01
0 2.4453125000e+00 1.8212606031e-01
0 2.4492187500e+00 1.8173886705e-01
0 2.4531250000e+00 1.8135311202e-01
0 2.4570312500e+00 1.8096878761e-01
0 2.4609375000e+00 1.8058588624e-01
0 2.4648437500e+00 1.8020440041e-01
0 2.4687500000e+00 1.7982432264e-01
0 2.4726562500e+00 1.7944564553e-01
0 2.4765625000e+00 1.7906836171e-01
0 2.4804687500e+00 1.7869246387e-01
0 2.4843750000e+00 1.7831794475e-01
0 2.4882812500e+00 1.7794479714e-01
0 2.4921875000e+00 1.7757301387e-01
0 2.4960937500e+00 1.7720258782e-01
0 2.5000000000e+00 1.7683351193e-01
0 2.5039062500e+00 1.7646577919e-01
0 2.5078125000e+00 1.7609938261e-01
0 2.5117187500e+00 1.7573431528e-01
0 2.5156250000e+00 1.7537057031e-01
0 2.5195312500e+00 1.7500814088e-01
0 2.5234375000e+00 1.7464702019e-01
0 2.5273437500e+00 1.7428720150e-01
0 2.5312500000e+00 1.7392867813e-01
0 2.5351562500e+00 1.7357144342e-01
0 2.5390625000e+00 1.7321549076e-01
0 2.5429687500e+00 1.7286081358e-01
0 2.5468750000e+00 1.7250740538e-01
0 2.5507812500e+00 1.7215525967e-01
0 2.5546875000e+00 1.7180437002e-01
0 2.5585937500e+00 1.7145473004e-01
0 2.5625000000e+00 1.7110633339e-01
0 2.5664062500e+00 1.7075917375e-01
0 2.5703125000e+00 1.7041324486e-01
0 2.5742187500e+00 1.7006854050e-01
0 2.5781250000e+00 1.6972505448e-01
0 2.5820312500e+00 1.6938278066e-01
0 2.5859375000e+00 1.6904171294e-01
0 2.5898437500e+00 1.6870184526e-01
0 2.5937500000e+00 1.6836317159e-01
0 2.5976562500e+00 1.6802568596e-01
0 2.6015625000e+00 1.6768938241e-01
0 2.6054687500e+00 1.6735425504e-01
0 2.6093750000e+00 1.6702029798e-01
0 2.6132812500e+00 1.6668750540e-01
0 2.6171875000e+00 1.6635587152e-01
0 2.6210937500e+00 1.6602539057e-01
0 2.6250000000e+00 1.6569605684e-01
0 2.6289062500e+00 1.6536786465e-01
0 2.6328125000e+00 1.6504080835e-01
0 2.6367187500e+00 1.6471488233e-01
0 2.6406250000e+00 1.6439008104e-01
0 2.6445312500e+00 1.6406639891e-01
0 2.6484375000e+00 1.6374383047e-01
0 2.6523437500e+00 1.6342237023e-01
0 2.6562500000e+00 1.6310201278e-01
0 2.6601562500e+00 1.6278275270e-01
0 2.6640625000e+00 1.6246458465e-01
0 2.6679687500e+00 1.6214750329e-01
0 2.6718750000e+00 1.6183150333e-01
0 2.6757812500e+00 1.6151657950e-01
0 2.6796875000e+00 1.6120272658e-01
0 2.6835937500e+00 1.6088993938e-01
0 2.6875000000e+00 1.6057821273e-01
0 2.6914062500e+00 1.6026754150e-01
0 2.6953125000e+00 1.5995792060e-01
0 2.6992187500e+00 1.5964934496e-01
0 2.7031250000e+00 1.5934180954e-01
0 2.7070312500e+00 1.5903530935e-01
0 2.7109375000e+00 1.5872983941e-01
0 2.7148437500e+00 1.5842539478e-01
0 2.7187500000e+00 1.5812197055e-01
0 2.7226562500e+00 1.5781956185e-01
0 2.7265625000e+00 1.5751816383e-01
0 2.7304687500e+00 1.5721777166e-01
0 2.7343750000e+00 1.5691838056e-01
0 2.7382812500e+00 1.5661998577e-01
0 2.7421875000e+00 1.5632258256e-01
0 2.7460937500e+00 1.5602616623e-01
0 2.7500000000e+00 1.5573073211e-01
0 2.7539062500e+00 1.5543627555e-01
0 2.7578125000e+00 1.5514279195e-01
0 2.7617187500e+00 1.5485027670e-01
0 2.7656250000e+00 1.5455872527e-01
0 2.7695312500e+00 1.5426813311e-01
0 2.7734375000e+00 1.5397849572e-01
0 2.7773437500e+00 1.5368980863e-01
0 2.7812500000e+00 1.5340206739e-01
0 2.7851562500e+00 1.5311526758e-01
0 2.7890625000e+00 1.5282940481e-01
0 2.7929687500e+00 1.5254447470e-01
0 2.7968750000e+00 1.5226047292e-01
0 2.8007812500e+00 1.5197739516e-01
0 2.8046875000e+00 1.5169523711e-01
0 2.8085937500e+00 1.5141399453e-01
0 2.8125000000e+00 1.5113366317e-01
0 2.8164062500e+00 1.5085423882e-01
0 2.8203125000e+00 1.5057571730e-01
0 2.8242187500e+00 1.5029809444e-01
0 2.8281250000e+00 1.5002136611e-01
0 2.8320312500e+00 1.4974552819e-01
0 2.8359375000e+00 1.4947057660e-01
0 2.8398437500e+00 1.4919650728e-01
0 2.8437500000e+00 1.4892331618e-01
0 2.8476562500e+00 1.4865099929e-01
0 2.8515625000e+00 1.4837955262e-01
0 2.8554687500e+00 1.4810897221e-01
0 2.8593750000e+00 1.4783925410e-01
0 2.8632812500e+00 1.4757039439e-01
0 2.8671875000e+00 1.4730238916e-01
0 2.8710937500e+00 1.4703523455e-01
0 2.8750000000e+00 1.4676892671e-01
0 2.8789062500e+00 1.4650346181e-01
0 2.8828125000e+00 1.4623883603e-01
0 2.8867187500e+00 1.4597504561e-01
0 2.8906250000e+00 1.4571208676e-01
0 2.8945312500e+00 1.4544995576e-01
0 2.8984375000e+00 1.4518864889e-01
0 2.9023437500e+00 1.4492816244e-01
0 2.9062500000e+00 1.4466849275e-01
0 2.9101562500e+00 1.4440963617e-01
0 2.9140625000e+00 1.4415158905e-01
0 2.9179687500e+00 1.4389434778e-01
0 2.9218750000e+00 1.4363790879e-01
0 2.9257812500e+00 1.4338226849e-01
0 2.9296875000e+00 1.4312742334e-01
0 2.9335937500e+00 1.4287336981e-01
0 2.9375000000e+00 1.4262010440e-01
0 2.9414062500e+00 1.4236762360e-01
0 2.9453125000e+00 1.4211592397e-01
0 2.9492187500e+00 1.4186500204e-01
0 2.9531250000e+00 1.4161485439e-01
0 2.9570312500e+00 1.4136547761e-01
0 2.9609375000e+00 1.4111686831e-01
0 2.9648437500e+00 1.4086902312e-01
0 2.9687500000e+00 1.4062193870e-01
0 2.9726562500e+00 1.4037561171e-01
0 2.9765625000e+00 1.4013003883e-01
0 2.9804687500e+00 1.3988521677e-01
0 2.9843750000e+00 1.3964114227e-01
0 2.9882812500e+00 1.3939781205e-01
0 2.9921875000e+00 1.3915522289e-01
0 2.9960937500e+00 1.3891337157e-01
0 3.0000000000e+00 1.3867225487e-01
0 3.0039062500e+00 1.3843186962e-01
0 3.0078125000e+00 1.3819221266e-01
0 3.0117187500e+00 1.3795328083e-01
0 3.0156250000e+00 1.3771507100e-01
0 3.0195312500e+00 1.3747758006e-01
0 3.0234375000e+00 1.3724080493e-01
0 3.0273437500e+00 1.3700474250e-01
0 3.0312500000e+00 1.3676938974e-01
0 3.0351562500e+00 1.3653474359e-01
0 3.0390625000e+00 1.3630080103e-01
0 3.0429687500e+00 1.3606755904e-01
0 3.0468750000e+00 1.3583501463e-01
0 3.0507812500e+00 1.3560316484e-01
0 3.0546875000e+00 1.3537200669e-01
0 3.0585937500e+00 1.3514153724e-01
0 3.0625000000e+00 1.3491175356e-01
0 3.0664062500e+00 1.3468265275e-01
0 3.0703125000e+00 1.3445423191e-01
0 3.0742187500e+00 1.3422648816e-01
0 3.0781250000e+00 1.3399941863e-01
0 3.0820312500e+00 1.3377302048e-01
0 3.0859375000e+00 1.3354729088e-01
0 3.0898437500e+00 1.3332222700e-01
0 3.0937500000e+00 1.3309782606e-01
0 3.0976562500e+00 1.3287408525e-01
0 3.1015625000e+00 1.3265100181e-01
0 3.1054687500e+00 1.3242857299e-01
0 3.1093750000e+00 1.3220679605e-01
0 3.1132812500e+00 1.3198566825e-01
0 3.1171875000e+00 1.3176518689e-01
0 3.1210937500e+00 1.3154534927e-01
0 3.1250000000e+00 1.3132615270e-01
0 3.1289062500e+00 1.3110759454e-01
0 3.1328125000e+00 1.3088967211e-01
0 3.1367187500e+00 1.3067238278e-01
0 3.1406250000e+00 1.3045572393e-01
0 3.1445312500e+00 1.3023969294e-01
0 3.1484375000e+00 1.3002428723e-01
0 3.1523437500e+00 1.2980950420e-01
0 3.1562500000e+00 1.2959534130e-01
0 3.1601562500e+00 1.2938179596e-01
0 3.1640625000e+00 1.2916886564e-01
0 3.1679687500e+00 1.2895654782e-01
0 3.1718750000e+00 1.2874483999e-01
0 3.1757812500e+00 1.2853373964e-01
0 3.1796875000e+00 1.2832324428e-01
0 3.1835937500e+00 1.2811335144e-01
0 3.1875000000e+00 1.2790405867e-01
0 3.1914062500e+00 1.2769536351e-01
0 3.1953125000e+00 1.2748726353e-01
0 3.1992187500e+00 1.2727975630e-01
0 3.2031250000e+00 1.2707283943e-01
0 3.2070312500e+00 1.2686651050e-01
0 3.2109375000e+00 1.2666076714e-01
0 3.2148437500e+00 1.2645560698e-01
0 3.2187500000e+00 1.2625102766e-01
0 3.2226562500e+00 1.2604702682e-01
0 3.2265625000e+00 1.2584360215e-01
0 3.2304687500e+00 1.2564075131e-01
0 3.2343750000e+00 1.2543847199e-01
0 3.2382812500e+00 1.2523676191e-01
0 3.2421875000e+00 1.2503561876e-01
0 3.2460937500e+00 1.2483504029e-01
0 3.2500000000e+00 1.2463502422e-01
0 3.2539062500e+00 1.2443556831e-01
0 3.2578125000e+00 1.2423667031e-01
0 3.2617187500e+00 1.2403832801e-01
0 3.2656250000e+00 1.2384053919e-01
0 3.2695312500e+00 1.2364330164e-01
0 3.2734375000e+00 1.2344661317e-01
0 3.2773437500e+00 1.2325047159e-01
0 3.2812500000e+00 1.2305487475e-01
0 3.2851562500e+00 1.2285982048e-01
0 3.2890625000e+00 1.2266530663e-01
0 3.2929687500e+00 1.2247133107e-01
0 3.2968750000e+00 1.2227789167e-01
0 3.3007812500e+00 1.2208498632e-01
0 3.3046875000e+00 1.2189261291e-01
0 3.3085937500e+00 1.2170076935e-01
0 3.3125000000e+00 1.2150945356e-01
0 3.3164062500e+00 1.2131866346e-01
0 3.3203125000e+00 1.2112839700e-01
0 3.3242187500e+00 1.2093865212e-01
0 3.3281250000e+00 1.2074942679e-01
0 3.3320312500e+00 1.2056071897e-01
0 3.3359375000e+00 1.2037252664e-01
0 3.3398437500e+00 1.2018484780e-01
0 3.3437500000e+00 1.1999768045e-01
0 3.3476562500e+00 1.1981102259e-01
0 3.3515625000e+00 1.1962487225e-01
0 3.3554687500e+00 1.1943922746e-01
0 3.3593750000e+00 1.1925408626e-01
0 3.3632812500e+00 1.1906944670e-01
0 3.3671875000e+00 1.1888530684e-01
0 3.3710937500e+00 1.1870166475e-01
0 3.3750000000e+00 1.1851851852e-01
0 3.3789062500e+00 1.1833586622e-01
0 3.3828125000e+00 1.1815370597e-01
0 3.3867187500e+00 1.1797203586e-01
0 3.3906250000e+00 1.1779085402e-01
0 3.3945312500e+00 1.1761015857e-01
0 3.3984375000e+00 1.1742994766e-01
0 3.4023437500e+00 1.1725021942e-01
0 3.4062500000e+00 1.1707097202e-01
0 3.4101562500e+00 1.1689220361e-01
0 3.4140625000e+00 1.1671391237e-01
0 3.4179687500e+00 1.1653609648e-01
0 3.4218750000e+00 1.1635875414e-01
0 3.4257812500e+00 1.1618188354e-01
0 3.4296875000e+00 1.1600548290e-01
0 3.4335937500e+00 1.1582955043e-01
0 3.4375000000e+00 1.1565408435e-01
0 3.4414062500e+00 1.1547908292e-01
0 3.4453125000e+00 1.1530454436e-01
0 3.4492187500e+00 1.1513046693e-01
0 3.4531250000e+00 1.1495684890e-01
0 3.4570312500e+00 1.1478368853e-01
0 3.4609375000e+00 1.1461098411e-01
0 3.4648437500e+00 1.1443873391e-01
0 3.4687500000e+00 1.1426693624e-01
0 3.4726562500e+00 1.1409558939e-01
0 3.4765625000e+00 1.1392469169e-01
0 3.4804687500e+00 1.1375424144e-01
0 3.4843750000e+00 1.1358423699e-01
0 3.4882812500e+00 1.1341467666e-01
0 3.4921875000e+00 1.1324555879e-01
0 3.4960937500e+00 1.1307688175e-01
0 3.5000000000e+00 1.1290864389e-01
0 3.5039062500e+00 1.1274084358e-01
0 3.5078125000e+00 1.1257347919e-01
0 3.5117187500e+00 1.1240654911e-01
0 3.5156250000e+00 1.1224005174e-01
0 3.5195312500e+00 1.1207398546e-01
0 3.5234375000e+00 1.1190834870e-01
0 3.5273437500e+00 1.1174313986e-01
0 3.5312500000e+00 1.1157835736e-01
0 3.5351562500e+00 1.1141399964e-01
0 3.5390625000e+00 1.1125006513e-01
0 3.5429687500e+00 1.1108655228e-01
0 3.5468750000e+00 1.1092345953e-01
0 3.5507812500e+00 1.1076078536e-01
0 3.5546875000e+00 1.1059852823e-01
0 3.5585937500e+00 1.1043668660e-01
0 3.5625000000e+00 1.1027525897e-01
0 3.5664062500e+00 1.1011424382e-01
0 3.5703125000e+00 1.0995363965e-01
0 3.5742187500e+00 1.0979344496e-01
0 3.5781250000e+00 1.0963365826e-01
0 3.5820312500e+00 1.0947427807e-01
0 3.5859375000e+00 1.0931530291e-01
0 3.5898437500e+00 1.0915673131e-01
0 3.5937500000e+00 1.0899856182e-01
0 3.5976562500e+00 1.0884079297e-01
0 3.6015625000e+00 1.0868342332e-01
0 3.6054687500e+00 1.0852645142e-01
0 3.6093750000e+00 1.0836987585e-01
0 3.6132812500e+00 1.0821369517e-01
0 3.6171875000e+00 1.0805790797e-01
0 3.6210937500e+00 1.0790251282e-01
0 3.6250000000e+00 1.0774750833e-01
0 3.6289062500e+00 1.0759289308e-01
0 3.6328125000e+00 1.0743866569e-01
0 3.6367187500e+00 1.0728482476e-01
0 3.6406250000e+00 1.0713136892e-01
0 3.6445312500e+00 1.0697829678e-01
0 3.6484375000e+00 1.0682560698e-01
0 3.6523437500e+00 1.0667329816e-01
0 3.6562500000e+00 1.0652136896e-01
0 3.6601562500e+00 1.0636981803e-01
0 3.6640625000e+00 1.0621864402e-01
0 3.6679687500e+00 1.0606784561e-01
0 3.6718750000e+00 1.0591742144e-01
0 3.6757812500e+00 1.0576737021e-01
0 3.6796875000e+00 1.0561769059e-01
0 3.6835937500e+00 1.0546838126e-01
0 3.6875000000e+00 1.0531944093e-01
0 3.6914062500e+00 1.0517086829e-01
0 3.6953125000e+00 1.0502266204e-01
0 3.6992187500e+00 1.0487482089e-01
0 3.7031250000e+00 1.0472734356e-01
0 3.7070312500e+00 1.0458022878e-01
0 3.7109375000e+00 1.0443347527e-01
0 3.7148437500e+00 1.0428708176e-01
0 3.7187500000e+00 1.0414104700e-01
0 3.7226562500e+00 1.0399536973e-01
0 3.7265625000e+00 1.0385004870e-01
0 3.7304687500e+00 1.0370508267e-01
0 3.7343750000e+00 1.0356047040e-01
0 3.7382812500e+00 1.0341621065e-01
0 3.7421875000e+00 1.0327230221e-01
0 3.7460937500e+00 1.0312874385e-01
0 3.7500000000e+00 1.0298553436e-01
0 3.7539062500e+00 1.0284267252e-01
0 3.7578125000e+00 1.0270015713e-01
0 3.7617187500e+00 1.0255798700e-01
0 3.7656250000e+00 1.0241616093e-01
0 3.7695312500e+00 1.0227467772e-01
0 3.7734375000e+00 1.0213353621e-01
0 3.7773437500e+00 1.0199273520e-01
0 3.7812500000e+00 1.0185227354e-01
0 3.7851562500e+00 1.0171215004e-01
0 3.7890625000e+00 1.0157236355e-01
0 3.7929687500e+00 1.0143291292e-01
0 3.7968750000e+00 1.0129379698e-01
0 3.8007812500e+00 1.0115501460e-01
0 3.8046875000e+00 1.0101656463e-01
0 3.8085937500e+00 1.0087844594e-01
0 3.8125000000e+00 1.0074065740e-01
0 3.8164062500e+00 1.0060319787e-01
0 3.8203125000e+00 1.0046606624e-01
0 3.8242187500e+00 1.0032926139e-01
0 3.8281250000e+00 1.0019278222e-01
0 3.8320312500e+00 1.0005662761e-01
0 3.8359375000e+00 9.9920796455e-02
0 3.8398437500e+00 9.9785287671e-02
0 3.8437500000e+00 9.9650100161e-02
0 3.8476562500e+00 9.9515232838e-02
0 3.8515625000e+00 9.9380684619e-02
0 3.8554687500e+00 9.9246454428e-02
0 3.8593750000e+00 9.9112541190e-02
0 3.8632812500e+00 9.8978943840e-02
0 3.8671875000e+00 9.8845661312e-02
0 3.8710937500e+00 9.8712692548e-02
0 3.8750000000e+00 9.8580036494e-02
0 3.8789062500e+00 9.8447692101e-02
0 3.8828125000e+00 9.8315658323e-02
0 3.8867187500e+00 9.8183934120e-02
0 3.8906250000e+00 9.8052518456e-02
0 3.8945312500e+00 9.7921410301e-02
0 3.8984375000e+00 9.7790608626e-02
0 3.9023437500e+00 9.7660112409e-02
0 3.9062500000e+00 9.7529920633e-02
0 3.9101562500e+00 9.7400032284e-02
0 3.9140625000e+00 9.7270446352e-02
0 3.9179687500e+00 9.7141161833e-02
0 3.9218750000e+00 9.7012177726e-02
0 3.9257812500e+00 9.6883493035e-02
0 3.9296875000e+00 9.6755106767e-02
0 3.9335937500e+00 9.6627017937e-02
0 3.9375000000e+00 9.6499225559e-02
0 3.9414062500e+00 9.6371728654e-02
0 3.9453125000e+00 9.6244526249e-02
0 3.9492187500e+00 9.6117617371e-02
0 3.9531250000e+00 9.5991001055e-02
0 3.9570312500e+00 9.5864676337e-02
0 3.9609375000e+00 9.5738642259e-02
0 3.9648437500e+00 9.5612897867e-02
0 3.9687500000e+00 9.5487442211e-02
0 3.9726562500e+00 9.5362274345e-02
0 3.9765625000e+00 9.5237393325e-02
0 3.9804687500e+00 9.5112798215e-02
0 3.9843750000e+00 9.4988488080e-02
0 3.9882812500e+00 9.4864461989e-02
0 3.9921875000e+00 9.4740719017e-02
0 3.9960937500e+00 9.4617258241e-02
0 4.0000000000e+00 9.4494078742e-02
0 4.0039062500e+00 9.4371179606e-02
0 4.0078125000e+00 9.4248559923e-02
0 4.0117187500e+00 9.4126218785e-02
0 4.0156250000e+00 9.4004155290e-02
0 4.0195312500e+00 9.3882368537e-02
0 4.0234375000e+00 9.3760857632e-02
0 4.0273437500e+00 9.3639621684e-02
0 4.0312500000e+00 9.3518659803e-02
0 4.0351562500e+00 9.3397971106e-02
0 4.0390625000e+00 9.3277554712e-02
0 4.0429687500e+00 9.3157409745e-02
0 4.0468750000e+00 9.3037535330e-02
0 4.0507812500e+00 9.2917930600e-02
0 4.0546875000e+00 9.2798594687e-02
0 4.0585937500e+00 9.2679526730e-02
0 4.0625000000e+00 9.2560725870e-02
0 4.0664062500e+00 9.2442191251e-02
0 4.0703125000e+00 9.2323922023e-02
0 4.0742187500e+00 9.2205917336e-02
0 4.0781250000e+00 9.2088176347e-02
0 4.0820312500e+00 9.1970698215e-02
0 4.0859375000e+00 9.1853482102e-02
0 4.0898437500e+00 9.1736527174e-02
0 4.0937500000e+00 9.1619832600e-02
0 4.0976562500e+00 9.1503397554e-02
0 4.1015625000e+00 9.1387221211e-02
0 4.1054687500e+00 9.1271302751e-02
0 4.1093750000e+00 9.1155641357e-02
0 4.1132812500e+00 9.1040236216e-02
0 4.1171875000e+00 9.0925086516e-02
0 4.1210937500e+00 9.0810191453e-02
0 4.1250000000e+00 9.0695550220e-02
0 4.1289062500e+00 9.0581162019e-02
0 4.1328125000e+00 9.0467026052e-02
0 4.1367187500e+00 9.0353141526e-02
0 4.1406250000e+00 9.0239507649e-02
0 4.1445312500e+00 9.0126123634e-02
0 4.1484375000e+00 9.0012988698e-02
0 4.1523437500e+00 8.9900102060e-02
0 4.1562500000e+00 8.9787462940e-02
0 4.1601562500e+00 8.9675070566e-02
0 4.1640625000e+00 8.9562924166e-02
0 4.1679687500e+00 8.9451022971e-02
0 4.1718750000e+00 8.9339366216e-02
0 4.1757812500e+00 8.9227953139e-02
0 4.1796875000e+00 8.9116782981e-02
0 4.1835937500e+00 8.9005854986e-02
0 4.1875000000e+00 8.8895168401e-02
0 4.1914062500e+00 8.8784722477e-02
0 4.1953125000e+00 8.8674516466e-02
0 4.1992187500e+00 8.8564549625e-02
0 4.2031250000e+00 8.8454821213e-02
0 4.2070312500e+00 8.8345330491e-02
0 4.2109375000e+00 8.8236076727e-02
0 4.2148437500e+00 8.8127059186e-02
0 4.2187500000e+00 8.8018277141e-02
0 4.2226562500e+00 8.7909729865e-02
0 4.2265625000e+00 8.7801416636e-02
0 4.2304687500e+00 8.7693336732e-02
0 4.2343750000e+00 8.7585489437e-02
0 4.2382812500e+00 8.7477874036e-02
0 4.2421875000e+00 8.7370489817e-02
0 4.2460937500e+00 8.7263336072e-02
0 4.2500000000e+00 8.7156412094e-02
0 4.2539062500e+00 8.7049717181e-02
0 4.2578125000e+00 8.6943250631e-02
0 4.2617187500e+00 8.6837011748e-02
0 4.2656250000e+00 8.6730999837e-02
0 4.2695312500e+00 8.6625214205e-02
0 4.2734375000e+00 8.6519654162e-02
0 4.2773437500e+00 8.6414319024e-02
0 4.2812500000e+00 8.6309208105e-02
0 4.2851562500e+00 8.6204320724e-02
0 4.2890625000e+00 8.6099656203e-02
0 4.2929687500e+00 8.5995213866e-02
0 4.2968750000e+00 8.5890993040e-02
0 4.3007812500e+00 8.5786993054e-02
0 4.3046875000e+00 8.5683213240e-02
0 4.3085937500e+00 8.5579652933e-02
0 4.3125000000e+00 8.5476311471e-02
0 4.3164062500e+00 8.5373188193e-02
0 4.3203125000e+00 8.5270282442e-02
0 4.3242187500e+00 8.5167593563e-02
0 4.3281250000e+00 8.5065120904e-02
0 4.3320312500e+00 8.4962863814e-02
0 4.3359375000e+00 8.4860821647e-02
0 4.3398437500e+00 8.4758993758e-02
0 4.3437500000e+00 8.4657379504e-02
0 4.3476562500e+00 8.4555978247e-02
0 4.3515625000e+00 8.4454789348e-02
0 4.3554687500e+00 8.4353812172e-02
0 4.3593750000e+00 8.4253046089e-02
0 4.3632812500e+00 8.4152490467e-02
0 4.3671875000e+00 8.4052144679e-02
0 4.3710937500e+00 8.3952008101e-02
0 4.3750000000e+00 8.3852080110e-02
0 4.3789062500e+00 8.3752360085e-02
0 4.3828125000e+00 8.3652847409e-02
0 4.3867187500e+00 8.3553541467e-02
0 4.3906250000e+00 8.3454441645e-02
0 4.3945312500e+00 8.3355547333e-02
0 4.3984375000e+00 8.3256857923e-02
0 4.4023437500e+00 8.3158372809e-02
0 4.4062500000e+00 8.3060091386e-02
0 4.4101562500e+00 8.2962013054e-02
0 4.4140625000e+00 8.2864137215e-02
0 4.4179687500e+00 8.2766463270e-02
0 4.4218750000e+00 8.2668990625e-02
0 4.4257812500e+00 8.2571718690e-02
0 4.4296875000e+00 8.2474646872e-02
0 4.4335937500e+00 8.2377774586e-02
0 4.4375000000e+00 8.2281101245e-02
0 4.4414062500e+00 8.2184626267e-02
0 4.4453125000e+00 8.2088349070e-02
0 4.4492187500e+00 8.1992269076e-02
0 4.4531250000e+00 8.1896385708e-02
0 4.4570312500e+00 8.1800698392e-02
0 4.4609375000e+00 8.1705206556e-02
0 4.4648437500e+00 8.1609909629e-02
0 4.4687500000e+00 8.1514807044e-02
0 4.4726562500e+00 8.1419898236e-02
0 4.4765625000e+00 8.1325182640e-02
0 4.4804687500e+00 8.1230659695e-02
0 4.4843750000e+00 8.1136328842e-02
0 4.4882812500e+00 8.1042189524e-02
0 4.4921875000e+00 8.0948241185e-02
0 4.4960937500e+00 8.0854483273e-02
0 4.5000000000e+00 8.0760915237e-02
0 4.5039062500e+00 8.0667536528e-02
0 4.5078125000e+00 8.0574346598e-02
0 4.5117187500e+00 8.0481344904e-02
0 4.5156250000e+00 8.0388530903e-02
0 4.5195312500e+00 8.0295904053e-02
0 4.5234375000e+00 8.0203463817e-02
0 4.5273437500e+00 8.0111209657e-02
0 4.5312500000e+00 8.0019141040e-02
0 4.5351562500e+00 7.9927257432e-02
0 4.5390625000e+00 7.9835558303e-02
0 4.5429687500e+00 7.9744043123e-02
0 4.5468750000e+00 7.9652711368e-02
0 4.5507812500e+00 7.9561562510e-02
0 4.5546875000e+00 7.9470596029e-02
0 4.5585937500e+00 7.9379811403e-02
0 4.5625000000e+00 7.9289208113e-02
0 4.5664062500e+00 7.9198785641e-02
0 4.5703125000e+00 7.9108543474e-02
0 4.5742187500e+00 7.9018481098e-02
0 4.5781250000e+00 7.8928598001e-02
0 4.5820312500e+00 7.8838893675e-02
0 4.5859375000e+00 7.8749367611e-02
0 4.5898437500e+00 7.8660019304e-02
0 4.5937500000e+00 7.8570848251e-02
0 4.5976562500e+00 7.8481853949e-02
0 4.6015625000e+00 7.8393035898e-02
0 4.6054687500e+00 7.8304393600e-02
0 4.6093750000e+00 7.8215926558e-02
0 4.6132812500e+00 7.8127634279e-02
0 4.6171875000e+00 7.8039516269e-02
0 4.6210937500e+00 7.7951572037e-02
0 4.6250000000e+00 7.7863801095e-02
0 4.6289062500e+00 7.7776202954e-02
0 4.6328125000e+00 7.7688777129e-02
0 4.6367187500e+00 7.7601523136e-02
0 4.6406250000e+00 7.7514440494e-02
0 4.6445312500e+00 7.7427528722e-02
0 4.6484375000e+00 7.7340787341e-02
0 4.6523437500e+00 7.7254215874e-02
0 4.6562500000e+00 7.7167813847e-02
0 4.6601562500e+00 7.7081580787e-02
0 4.6640625000e+00 7.6995516220e-02
0 4.6679687500e+00 7.6909619678e-02
0 4.6718750000e+00 7.6823890693e-02
0 4.6757812500e+00 7.6738328797e-02
0 4.6796875000e+00 7.6652933526e-02
0 4.6835937500e+00 7.6567704417e-02
0 4.6875000000e+00 7.6482641008e-02
0 4.6914062500e+00 7.6397742839e-02
0 4.6953125000e+00 7.6313009453e-02
0 4.6992187500e+00 7.6228440393e-02
0 4.7031250000e+00 7.6144035203e-02
0 4.7070312500e+00 7.6059793431e-02
0 4.7109375000e+00 7.5975714624e-02
0 4.7148437500e+00 7.5891798334e-02
0 4.7187500000e+00 7.5808044112e-02
0 4.7226562500e+00 7.5724451510e-02
0 4.7265625000e+00 7.5641020084e-02
0 4.7304687500e+00 7.5557749390e-02
0 4.7343750000e+00 7.5474638986e-02
0 4.7382812500e+00 7.5391688431e-02
0 4.7421875000e+00 7.5308897288e-02
0 4.7460937500e+00 7.5226265118e-02
0 4.7500000000e+00 7.5143791485e-02
0 4.7539062500e+00 7.5061475957e-02
0 4.7578125000e+00 7.4979318099e-02
0 4.7617187500e+00 7.4897317481e-02
0 4.7656250000e+00 7.4815473674e-02
0 4.7695312500e+00 7.4733786249e-02
0 4.7734375000e+00 7.4652254780e-02
0 4.7773437500e+00 7.4570878841e-02
0 4.7812500000e+00 7.4489658010e-02
0 4.7851562500e+00 7.4408591864e-02
0 4.7890625000e+00 7.4327679983e-02
0 4.7929687500e+00 7.4246921948e-02
0 4.7968750000e+00 7.4166317341e-02
0 4.8007812500e+00 7.4085865746e-02
0 4.8046875000e+00 7.4005566748e-02
0 4.8085937500e+00 7.3925419935e-02
0 4.8125000000e+00 7.3845424894e-02
0 4.8164062500e+00 7.3765581216e-02
0 4.8203125000e+00 7.3685888492e-02
0 4.8242187500e+00 7.3606346314e-02
0 4.8281250000e+00 7.3526954276e-02
0 4.8320312500e+00 7.3447711974e-02
0 4.8359375000e+00 7.3368619004e-02
0 4.8398437500e+00 7.3289674965e-02
0 4.8437500000e+00 7.3210879457e-02
0 4.8476562500e+00 7.3132232081e-02
0 4.8515625000e+00 7.3053732439e-02
0 4.8554687500e+00 7.2975380135e-02
0 4.8593750000e+00 7.2897174775e-02
0 4.8632812500e+00 7.2819115964e-02
0 4.8671875000e+00 7.2741203311e-02
0 4.8710937500e+00 7.2663436426e-02
0 4.8750000000e+00 7.2585814919e-02
0 4.8789062500e+00 7.2508338402e-02
0 4.8828125000e+00 7.2431006488e-02
0 4.8867187500e+00 7.2353818793e-02
0 4.8906250000e+00 7.2276774932e-02
0 4.8945312500e+00 7.2199874523e-02
0 4.8984375000e+00 7.2123117185e-02
0 4.9023437500e+00 7.2046502537e-02
0 4.9062500000e+00 7.1970030201e-02
0 4.9101562500e+00 7.1893699799e-02
0 4.9140625000e+00 7.1817510957e-02
0 4.9179687500e+00 7.1741463298e-02
0 4.9218750000e+00 7.1665556449e-02
0 4.9257812500e+00 7.1589790038e-02
0 4.9296875000e+00 7.1514163695e-02
0 4.9335937500e+00 7.1438677050e-02
0 4.9375000000e+00 7.1363329733e-02
0 4.9414062500e+00 7.1288121380e-02
0 4.9453125000e+00 7.1213051622e-02
0 4.9492187500e+00 7.1138120096e-02
0 4.9531250000e+00 7.1063326439e-02
0 4.9570312500e+00 7.0988670288e-02
0 4.9609375000e+00 7.0914151283e-02
0 4.9648437500e+00 7.0839769064e-02
0 4.9687500000e+00 7.0765523272e-02
0 4.9726562500e+00 7.0691413550e-02
0 4.9765625000e+00 7.0617439543e-02
0 4.9804687500e+00 7.0543600895e-02
0 4.9843750000e+00 7.0469897253e-02
0 4.9882812500e+00 7.0396328265e-02
0 4.9921875000e+00 7.0322893580e-02
0 4.9960937500e+00 7.0249592846e-02
0 5.0000000000e+00 7.0176425717e-02
