51 1.0000000000e+00 1.0256736933e+01 6.0000000000e-01
51 1.0039062500e+00 1.0203586332e+01 5.9922118213e-01
51 1.0078125000e+00 1.0150970148e+01 5.9844719240e-01
51 1.0117187500e+00 1.0098880197e+01 5.9767797400e-01
51 1.0156250000e+00 1.0047308527e+01 5.9691347205e-01
51 1.0195312500e+00 9.9962473009e+00 5.9615363191e-01
51 1.0234375000e+00 9.9456887931e+00 5.9539839915e-01
51 1.0273437500e+00 9.8956254530e+00 5.9464772053e-01
51 1.0312500000e+00 9.8460498420e+00 5.9390154307e-01
51 1.0351562500e+00 9.7969546071e+00 5.9315981374e-01
51 1.0390625000e+00 9.7483325511e+00 5.9242248050e-01
51 1.0429687500e+00 9.7001766083e+00 5.9168949195e-01
51 1.0468750000e+00 9.6524796204e+00 5.9096079401e-01
51 1.0507812500e+00 9.6052350981e+00 5.9023634149e-01
51 1.0546875000e+00 9.5584359603e+00 5.8951607893e-01
51 1.0585937500e+00 9.5120757931e+00 5.8879995985e-01
51 1.0625000000e+00 9.4661480867e+00 5.8808793510e-01
51 1.0664062500e+00 9.4206463218e+00 5.8737995418e-01
51 1.0703125000e+00 9.3755642078e+00 5.8667596895e-01
51 1.0742187500e+00 9.3308956248e+00 5.8597593280e-01
51 1.0781250000e+00 9.2866347029e+00 5.8527980194e-01
51 1.0820312500e+00 9.2427745884e+00 5.8458751591e-01
51 1.0859375000e+00 9.1993112865e+00 5.8389905836e-01
51 1.0898437500e+00 9.1562367952e+00 5.8321434845e-01
51 1.0937500000e+00 9.1135465054e+00 5.8253335800e-01
51 1.0976562500e+00 9.0712354598e+00 5.8185605242e-01
51 1.1015625000e+00 9.0292972424e+00 5.8118237280e-01
51 1.1054687500e+00 8.9877265296e+00 5.8051227662e-01
51 1.1093750000e+00 8.9465182295e+00 5.7984572416e-01
51 1.1132812500e+00 8.9056671984e+00 5.7918267394e-01
51 1.1171875000e+00 8.8651685044e+00 5.7852308695e-01
51 1.1210937500e+00 8.8250170645e+00 5.7786692088e-01
51 1.1250000000e+00 8.7852077240e+00 5.7721413125e-01
51 1.1289062500e+00 8.7457355123e+00 5.7656467570e-01
51 1.1328125000e+00 8.7065959277e+00 5.7591851870e-01
51 1.1367187500e+00 8.6677842280e+00 5.7527561993e-01
51 1.1406250000e+00 8.6292957746e+00 5.7463593991e-01
51 1.1445312500e+00 8.5911261694e+00 5.7399944235e-01
51 1.1484375000e+00 8.5532707974e+00 5.7336608651e-01
51 1.1523437500e+00 8.5157255137e+00 5.7273583875e-01
51 1.1562500000e+00 8.4784859350e+00 5.7210866062e-01
51 1.1601562500e+00 8.4415480589e+00 5.7148451935e-01
51 1.1640625000e+00 8.4049067621e+00 5.7086336241e-01
51 1.1679687500e+00 8.3685599321e+00 5.7024518758e-01
51 1.1718750000e+00 8.3325012891e+00 5.6962992115e-01
51 1.1757812500e+00 8.2967282116e+00 5.6901755088e-01
51 1.1796875000e+00 8.2612371576e+00 5.6840804829e-01
51 1.1835937500e+00 8.2260232031e+00 5.6780136041e-01
51 1.1875000000e+00 8.1910830844e+00 5.6719746212e-01
51 1.1914062500e+00 8.1564136473e+00 5.6659632960e-01
51 1.1953125000e+00 8.1220109926e+00 5.6599792551e-01
51 1.1992187500e+00 8.0878712167e+00 5.6540221174e-01
51 1.2031250000e+00 8.0539909697e+00 5.6480915914e-01
51 1.2070312500e+00 8.0203670875e+00 5.6421874127e-01
51 1.2109375000e+00 7.9869963050e+00 5.6363092933e-01
51 1.2148437500e+00 7.9538751956e+00 5.6304569110e-01
51 1.2187500000e+00 7.9210003045e+00 5.6246299322e-01
51 1.2226562500e+00 7.8883683508e+00 5.6188280482e-01
51 1.2265625000e+00 7.8559765130e+00 5.6130510266e-01
51 1.2304687500e+00 7.8238217177e+00 5.6072985846e-01
51 1.2343750000e+00 7.7919009927e+00 5.6015704524e-01
51 1.2382812500e+00 7.7602110821e+00 5.5958663039e-01
51 1.2421875000e+00 7.7287495681e+00 5.5901859583e-01
51 1.2460937500e+00 7.6975124623e+00 5.5845289463e-01
51 1.2500000000e+00 7.6664985534e+00 5.5788952960e-01
51 1.2539062500e+00 7.6357032923e+00 5.5732844250e-01
51 1.2578125000e+00 7.6051252523e+00 5.5676963137e-01
51 1.2617187500e+00 7.5747615943e+00 5.5621306813e-01
51 1.2656250000e+00 7.5446090674e+00 5.5565871659e-01
51 1.2695312500e+00 7.5146655058e+00 5.5510656002e-01
51 1.2734375000e+00 7.4849287429e+00 5.5455658130e-01
51 1.2773437500e+00 7.4553954169e+00 5.5400874076e-01
51 1.2812500000e+00 7.4260634395e+00 5.5346302182e-01
51 1.2851562500e+00 7.3969304324e+00 5.5291940212e-01
51 1.2890625000e+00 7.3679941235e+00 5.5237786089e-01
51 1.2929687500e+00 7.3392518259e+00 5.5183836918e-01
51 1.2968750000e+00 7.3107014538e+00 5.5130090886e-01
51 1.3007812500e+00 7.2823406601e+00 5.5076545653e-01
51 1.3046875000e+00 7.2541675291e+00 5.5023199654e-01
51 1.3085937500e+00 7.2261797644e+00 5.4970050570e-01
51 1.3125000000e+00 7.1983748718e+00 5.4917095662e-01
51 1.3164062500e+00 7.1707508380e+00 5.4864333067e-01
51 1.3203125000e+00 7.1433055929e+00 5.4811760780e-01
51 1.3242187500e+00 7.1160375236e+00 5.4759377638e-01
51 1.3281250000e+00 7.0889439546e+00 5.4707180401e-01
51 1.3320312500e+00 7.0620235809e+00 5.4655168434e-01
51 1.3359375000e+00 7.0352736098e+00 5.4603338194e-01
51 1.3398437500e+00 7.0086925713e+00 5.4551688661e-01
51 1.3437500000e+00 6.9822787856e+00 5.4500218380e-01
51 1.3476562500e+00 6.9560298639e+00 5.4448924482e-01
51 1.3515625000e+00 6.9299445538e+00 5.4397806286e-01
51 1.3554687500e+00 6.9040210638e+00 5.4346862029e-01
51 1.3593750000e+00 6.8782569801e+00 5.4296088689e-01
51 1.3632812500e+00 6.8526509201e+00 5.4245485242e-01
51 1.3671875000e+00 6.8272014510e+00 5.4195050541e-01
51 1.3710937500e+00 6.8019064171e+00 5.4144781978e-01
51 1.3750000000e+00 6.7767642695e+00 5.4094678116e-01
51 1.3789062500e+00 6.7517734981e+00 5.4044737569e-01
51 1.3828125000e+00 6.7269328132e+00 5.3994959369e-01
51 1.3867187500e+00 6.7022401736e+00 5.3945341017e-01
51 1.3906250000e+00 6.6776939466e+00 5.3895880798e-01
51 1.3945312500e+00 6.6532927638e+00 5.3846577505e-01
51 1.3984375000e+00 6.6290352469e+00 5.3797429888e-01
51 1.4023437500e+00 6.6049197183e+00 5.3748436067e-01
51 1.4062500000e+00 6.5809448131e+00 5.3699594768e-01
51 1.4101562500e+00 6.5571087127e+00 5.3650903767e-01
51 1.4140625000e+00 6.5334107432e+00 5.3602363156e-01
51 1.4179687500e+00 6.5098488505e+00 5.3553970180e-01
51 1.4218750000e+00 6.4864223036e+00 5.3505724774e-01
51 1.4257812500e+00 6.4631293624e+00 5.3457624778e-01
51 1.4296875000e+00 6.4399684147e+00 5.3409668266e-01
51 1.4335937500e+00 6.4169384520e+00 5.3361854537e-01
51 1.4375000000e+00 6.3940381734e+00 5.3314182266e-01
51 1.4414062500e+00 6.3712662195e+00 5.3266649983e-01
51 1.4453125000e+00 6.3486215232e+00 5.3219256809e-01
51 1.4492187500e+00 6.3261028440e+00 5.3172001482e-01
51 1.4531250000e+00 6.3037086327e+00 5.3124882069e-01
51 1.4570312500e+00 6.2814378332e+00 5.3077897651e-01
51 1.4609375000e+00 6.2592894715e+00 5.3031047466e-01
51 1.4648437500e+00 6.2372622678e+00 5.2984330087e-01
51 1.4687500000e+00 6.2153550596e+00 5.2937744315e-01
51 1.4726562500e+00 6.1935666730e+00 5.2891288906e-01
51 1.4765625000e+00 6.1718961585e+00 5.2844963079e-01
51 1.4804687500e+00 6.1503423226e+00 5.2798765512e-01
51 1.4843750000e+00 6.1289038272e+00 5.2752694551e-01
51 1.4882812500e+00 6.1075799084e+00 5.2706749760e-01
51 1.4921875000e+00 6.0863692949e+00 5.2660929591e-01
51 1.4960937500e+00 6.0652713748e+00 5.2615233906e-01
51 1.5000000000e+00 6.0442846955e+00 5.2569660730e-01
51 1.5039062500e+00 6.0234084334e+00 5.2524209433e-01
51 1.5078125000e+00 6.0026415358e+00 5.2478878871e-01
51 1.5117187500e+00 5.9819829704e+00 5.2433667928e-01
51 1.5156250000e+00 5.9614320931e+00 5.2388576322e-01
51 1.5195312500e+00 5.9409876180e+00 5.2343602349e-01
51 1.5234375000e+00 5.9206485666e+00 5.2298744962e-01
51 1.5273437500e+00 5.9004142894e+00 5.2254003823e-01
51 1.5312500000e+00 5.8802837748e+00 5.2209377784e-01
51 1.5351562500e+00 5.8602560715e+00 5.2164865813e-01
51 1.5390625000e+00 5.8403303203e+00 5.2120467067e-01
51 1.5429687500e+00 5.8205057904e+00 5.2076180975e-01
51 1.5468750000e+00 5.8007813068e+00 5.2032005961e-01
51 1.5507812500e+00 5.7811560584e+00 5.1987941245e-01
51 1.5546875000e+00 5.7616293925e+00 5.1943986390e-01
51 1.5585937500e+00 5.7422006244e+00 5.1900140878e-01
51 1.5625000000e+00 5.7228686250e+00 5.1856403174e-01
51 1.5664062500e+00 5.7036325521e+00 5.1812772373e-01
51 1.5703125000e+00 5.6844918633e+00 5.1769248240e-01
51 1.5742187500e+00 5.6654457020e+00 5.1725829814e-01
51 1.5781250000e+00 5.6464932562e+00 5.1682516223e-01
51 1.5820312500e+00 5.6276336882e+00 5.1639306522e-01
51 1.5859375000e+00 5.6088664295e+00 5.1596200369e-01
51 1.5898437500e+00 5.5901907913e+00 5.1553197140e-01
51 1.5937500000e+00 5.5716057031e+00 5.1510295315e-01
51 1.5976562500e+00 5.5531106000e+00 5.1467494527e-01
51 1.6015625000e+00 5.5347047402e+00 5.1424793990e-01
51 1.6054687500e+00 5.5163875160e+00 5.1382193218e-01
51 1.6093750000e+00 5.4981582959e+00 5.1339691660e-01
51 1.6132812500e+00 5.4800163279e+00 5.1297288472e-01
51 1.6171875000e+00 5.4619607738e+00 5.1254982597e-01
51 1.6210937500e+00 5.4439910279e+00 5.1212773509e-01
51 1.6250000000e+00 5.4261065517e+00 5.1170660832e-01
51 1.6289062500e+00 5.4083066835e+00 5.1128643889e-01
51 1.6328125000e+00 5.3905905921e+00 5.1086721593e-01
51 1.6367187500e+00 5.3729577875e+00 5.1044893651e-01
51 1.6406250000e+00 5.3554075924e+00 5.1003159317e-01
51 1.6445312500e+00 5.3379393878e+00 5.0961517974e-01
51 1.6484375000e+00 5.3205526005e+00 5.0919969103e-01
51 1.6523437500e+00 5.3032467831e+00 5.0878512480e-01
51 1.6562500000e+00 5.2860210254e+00 5.0837146760e-01
51 1.6601562500e+00 5.2688748958e+00 5.0795871735e-01
51 1.6640625000e+00 5.2518076803e+00 5.0754686511e-01
51 1.6679687500e+00 5.2348189082e+00 5.0713590768e-01
51 1.6718750000e+00 5.2179079868e+00 5.0672583884e-01
51 1.6757812500e+00 5.2010743832e+00 5.0631665373e-01
51 1.6796875000e+00 5.1843176009e+00 5.0590834830e-01
51 1.6835937500e+00 5.1676370354e+00 5.0550091577e-01
51 1.6875000000e+00 5.1510321566e+00 5.0509435110e-01
51 1.6914062500e+00 5.1345024171e+00 5.0468864872e-01
51 1.6953125000e+00 5.1180471564e+00 5.0428380020e-01
51 1.6992187500e+00 5.1016659587e+00 5.0387980304e-01
51 1.7031250000e+00 5.0853583672e+00 5.0347665364e-01
51 1.7070312500e+00 5.0691238115e+00 5.0307434555e-01
51 1.7109375000e+00 5.0529616842e+00 5.0267287128e-01
51 1.7148437500e+00 5.0368715427e+00 5.0227222735e-01
51 1.7187500000e+00 5.0208528980e+00 5.0187240906e-01
51 1.7226562500e+00 5.0049053461e+00 5.0147341375e-01
51 1.7265625000e+00 4.9890283719e+00 5.0107523591e-01
51 1.7304687500e+00 4.9732215306e+00 5.0067787174e-01
51 1.7343750000e+00 4.9574843460e+00 5.0028131654e-01
51 1.7382812500e+00 4.9418161730e+00 4.9988556131e-01
51 1.7421875000e+00 4.9262166097e+00 4.9949060306e-01
51 1.7460937500e+00 4.9106853278e+00 4.9909644062e-01
51 1.7500000000e+00 4.8952218102e+00 4.9870306798e-01
51 1.7539062500e+00 4.8798255288e+00 4.9831047876e-01
51 1.7578125000e+00 4.8644960464e+00 4.9791866880e-01
51 1.7617187500e+00 4.8492331274e+00 4.9752763905e-01
51 1.7656250000e+00 4.8340362279e+00 4.9713738253e-01
51 1.7695312500e+00 4.8189048419e+00 4.9674789313e-01
51 1.7734375000e+00 4.8038385723e+00 4.9635916744e-01
51 1.7773437500e+00 4.7888369941e+00 4.9597120130e-01
51 1.7812500000e+00 4.7738997813e+00 4.9558399306e-01
51 1.7851562500e+00 4.7590263828e+00 4.9519753512e-01
51 1.7890625000e+00 4.7442164682e+00 4.9481182560e-01
51 1.7929687500e+00 4.7294696930e+00 4.9442686215e-01
51 1.7968750000e+00 4.7147856039e+00 4.9404263955e-01
51 1.8007812500e+00 4.7001637827e+00 4.9365915342e-01
51 1.8046875000e+00 4.6856037788e+00 4.9327639847e-01
51 1.8085937500e+00 4.6711052102e+00 4.9289437111e-01
51 1.8125000000e+00 4.6566677759e+00 4.9251306986e-01
51 1.8164062500e+00 4.6422911421e+00 4.9213249233e-01
51 1.8203125000e+00 4.6279749205e+00 4.9175263463e-01
51 1.8242187500e+00 4.6137186700e+00 4.9137349138e-01
51 1.8281250000e+00 4.5995220172e+00 4.9099505897e-01
51 1.8320312500e+00 4.5853845961e+00 4.9061733390e-01
51 1.8359375000e+00 4.5713061379e+00 4.9024031522e-01
51 1.8398437500e+00 4.5572863184e+00 4.8986400048e-01
51 1.8437500000e+00 4.5433247325e+00 4.8948838497e-01
51 1.8476562500e+00 4.5294209339e+00 4.8911346283e-01
51 1.8515625000e+00 4.5155745817e+00 4.8873923095e-01
51 1.8554687500e+00 4.5017853775e+00 4.8836568733e-01
51 1.8593750000e+00 4.4880530329e+00 4.8799283020e-01
51 1.8632812500e+00 4.4743770893e+00 4.8762065311e-01
51 1.8671875000e+00 4.4607572503e+00 4.8724915396e-01
51 1.8710937500e+00 4.4471932080e+00 4.8687833027e-01
51 1.8750000000e+00 4.4336847211e+00 4.8650818138e-01
51 1.8789062500e+00 4.4202314623e+00 4.8613870421e-01
51 1.8828125000e+00 4.4068330146e+00 4.8576989315e-01
51 1.8867187500e+00 4.3934890760e+00 4.8540174572e-01
51 1.8906250000e+00 4.3801993491e+00 4.8503425949e-01
51 1.8945312500e+00 4.3669635490e+00 4.8466743235e-01
51 1.8984375000e+00 4.3537812745e+00 4.8430125891e-01
51 1.9023437500e+00 4.3406522131e+00 4.8393573619e-01
51 1.9062500000e+00 4.3275762162e+00 4.8357086572e-01
51 1.9101562500e+00 4.3145529424e+00 4.8320664364e-01
51 1.9140625000e+00 4.3015820303e+00 4.8284306545e-01
51 1.9179687500e+00 4.2886631520e+00 4.8248012757e-01
51 1.9218750000e+00 4.2757960621e+00 4.8211782865e-01
51 1.9257812500e+00 4.2629804068e+00 4.8175616426e-01
51 1.9296875000e+00 4.2502159531e+00 4.8139513333e-01
51 1.9335937500e+00 4.2375024360e+00 4.8103473385e-01
51 1.9375000000e+00 4.2248396568e+00 4.8067496566e-01
51 1.9414062500e+00 4.2122271808e+00 4.8031582183e-01
51 1.9453125000e+00 4.1996646994e+00 4.7995729899e-01
51 1.9492187500e+00 4.1871520568e+00 4.7959939805e-01
51 1.9531250000e+00 4.1746890496e+00 4.7924211857e-01
51 1.9570312500e+00 4.1622752826e+00 4.7888545455e-01
51 1.9609375000e+00 4.1499104506e+00 4.7852940253e-01
51 1.9648437500e+00 4.1375943222e+00 4.7817396112e-01
51 1.9687500000e+00 4.1253266783e+00 4.7781912925e-01
51 1.9726562500e+00 4.1131072474e+00 4.7746490431e-01
51 1.9765625000e+00 4.1009357491e+00 4.7711128337e-01
51 1.9804687500e+00 4.0888118806e+00 4.7675826281e-01
51 1.9843750000e+00 4.0767353956e+00 4.7640584064e-01
51 1.9882812500e+00 4.0647061474e+00 4.7605401769e-01
51 1.9921875000e+00 4.0527238538e+00 4.7570279084e-01
51 1.9960937500e+00 4.0407882293e+00 4.7535215683e-01
51 2.0000000000e+00 4.0288990779e+00 4.7500211497e-01
51 2.0039062500e+00 4.0170560919e+00 4.7465266125e-01
51 2.0078125000e+00 4.0052590091e+00 4.7430379296e-01
51 2.0117187500e+00 3.9935075559e+00 4.7395550700e-01
51 2.0156250000e+00 3.9818015300e+00 4.7360780236e-01
51 2.0195312500e+00 3.9701407169e+00 4.7326067761e-01
51 2.0234375000e+00 3.9585248953e+00 4.7291413111e-01
51 2.0273437500e+00 3.9469538601e+00 4.7256816167e-01
51 2.0312500000e+00 3.9354273726e+00 4.7222276706e-01
51 2.0351562500e+00 3.9239451491e+00 4.7187794365e-01
51 2.0390625000e+00 3.9125069316e+00 4.7153368854e-01
51 2.0429687500e+00 3.9011125455e+00 4.7119000131e-01
51 2.0468750000e+00 3.8897618107e+00 4.7084688135e-01
51 2.0507812500e+00 3.8784544199e+00 4.7050432417e-01
51 2.0546875000e+00 3.8671902073e+00 4.7016232952e-01
51 2.0585937500e+00 3.8559689001e+00 4.6982089387e-01
51 2.0625000000e+00 3.8447902853e+00 4.6948001546e-01
51 2.0664062500e+00 3.8336542145e+00 4.6913969450e-01
51 2.0703125000e+00 3.8225605308e+00 4.6879993090e-01
51 2.0742187500e+00 3.8115088609e+00 4.6846071791e-01
51 2.0781250000e+00 3.8004989963e+00 4.6812205378e-01
51 2.0820312500e+00 3.7895308559e+00 4.6778394064e-01
51 2.0859375000e+00 3.7786041259e+00 4.6744637347e-01
51 2.0898437500e+00 3.7677186210e+00 4.6710935112e-01
51 2.0937500000e+00 3.7568741898e+00 4.6677287351e-01
51 2.0976562500e+00 3.7460705788e+00 4.6643693733e-01
51 2.1015625000e+00 3.7353075839e+00 4.6610154080e-01
51 2.1054687500e+00 3.7245849961e+00 4.6576668191e-01
51 2.1093750000e+00 3.7139026055e+00 4.6543235863e-01
51 2.1132812500e+00 3.7032603083e+00 4.6509857221e-01
51 2.1171875000e+00 3.6926578161e+00 4.6476531808e-01
51 2.1210937500e+00 3.6820949572e+00 4.6443259531e-01
51 2.1250000000e+00 3.6715715289e+00 4.6410040195e-01
51 2.1289062500e+00 3.6610873668e+00 4.6376873724e-01
51 2.1328125000e+00 3.6506422208e+00 4.6343759768e-01
51 2.1367187500e+00 3.6402359239e+00 4.6310698236e-01
51 2.1406250000e+00 3.6298683589e+00 4.6277689193e-01
51 2.1445312500e+00 3.6195393672e+00 4.6244732572e-01
51 2.1484375000e+00 3.6092486483e+00 4.6211827849e-01
51 2.1523437500e+00 3.5989960436e+00 4.6178974948e-01
51 2.1562500000e+00 3.5887813310e+00 4.6146173589e-01
51 2.1601562500e+00 3.5786043988e+00 4.6113423843e-01
51 2.1640625000e+00 3.5684650734e+00 4.6080725579e-01
51 2.1679687500e+00 3.5583630892e+00 4.6048078366e-01
51 2.1718750000e+00 3.5482983110e+00 4.6015482192e-01
51 2.1757812500e+00 3.5382705921e+00 4.5982937004e-01
51 2.1796875000e+00 3.5282797217e+00 4.5950442540e-01
51 2.1835937500e+00 3.5183255610e+00 4.5917998769e-01
51 2.1875000000e+00 3.5084078905e+00 4.5885605393e-01
51 2.1914062500e+00 3.4985265954e+00 4.5853262455e-01
51 2.1953125000e+00 3.4886814777e+00 4.5820969722e-01
51 2.1992187500e+00 3.4788723620e+00 4.5788727034e-01
51 2.2031250000e+00 3.4690990531e+00 4.5756534160e-01
51 2.2070312500e+00 3.4593614276e+00 4.5724391106e-01
51 2.2109375000e+00 3.4496593028e+00 4.5692297676e-01
51 2.2148437500e+00 3.4399924935e+00 4.5660253668e-01
51 2.2187500000e+00 3.4303609365e+00 4.5628259278e-01
51 2.2226562500e+00 3.4207643398e+00 4.5596313943e-01
51 2.2265625000e+00 3.4112026117e+00 4.5564417760e-01
51 2.2304687500e+00 3.4016755178e+00 4.5532570351e-01
51 2.2343750000e+00 3.3921829610e+00 4.5500771790e-01
51 2.2382812500e+00 3.3827247421e+00 4.5469021809e-01
51 2.2421875000e+00 3.3733006820e+00 4.5437320206e-01
51 2.2460937500e+00 3.3639106991e+00 4.5405667102e-01
51 2.2500000000e+00 3.3545545503e+00 4.5374062072e-01
51 2.2539062500e+00 3.3452321643e+00 4.5342505270e-01
51 2.2578125000e+00 3.3359434663e+00 4.5310996837e-01
51 2.2617187500e+00 3.3266881308e+00 4.5279536059e-01
51 2.2656250000e+00 3.3174660553e+00 4.5248122978e-01
51 2.2695312500e+00 3.3082770691e+00 4.5216757401e-01
51 2.2734375000e+00 3.2991210750e+00 4.5185439382e-01
51 2.2773437500e+00 3.2899979104e+00 4.5154168752e-01
51 2.2812500000e+00 3.2809073557e+00 4.5122945142e-01
51 2.2851562500e+00 3.2718493804e+00 4.5091768831e-01
51 2.2890625000e+00 3.2628237957e+00 4.5060639551e-01
51 2.2929687500e+00 3.2538304382e+00 4.5029557119e-01
51 2.2968750000e+00 3.2448691213e+00 4.4998521271e-01
51 2.3007812500e+00 3.2359398532e+00 4.4967532413e-01
51 2.3046875000e+00 3.2270423109e+00 4.4936589800e-01
51 2.3085937500e+00 3.2181764336e+00 4.4905693598e-01
51 2.3125000000e+00 3.2093420599e+00 4.4874843617e-01
51 2.3164062500e+00 3.2005390631e+00 4.4844039789e-01
51 2.3203125000e+00 3.1917672697e+00 4.4813281878e-01
51 2.3242187500e+00 3.1830265683e+00 4.4782569863e-01
51 2.3281250000e+00 3.1743168629e+00 4.4751903777e-01
51 2.3320312500e+00 3.1656379396e+00 4.4721283237e-01
51 2.3359375000e+00 3.1569897170e+00 4.4690708320e-01
51 2.3398437500e+00 3.1483720185e+00 4.4660178769e-01
51 2.3437500000e+00 3.1397846967e+00 4.4629694425e-01
51 2.3476562500e+00 3.1312277249e+00 4.4599255558e-01
51 2.3515625000e+00 3.1227009254e+00 4.4568861899e-01
51 2.3554687500e+00 3.1142041197e+00 4.4538513173e-01
51 2.3593750000e+00 3.1057372022e+00 4.4508209362e-01
51 2.3632812500e+00 3.0972999576e+00 4.4477950055e-01
51 2.3671875000e+00 3.0888923696e+00 4.4447735550e-01
51 2.3710937500e+00 3.0805142691e+00 4.4417565596e-01
51 2.3750000000e+00 3.0721655537e+00 4.4387440181e-01
51 2.3789062500e+00 3.0638460152e+00 4.4357358906e-01
51 2.3828125000e+00 3.0555556408e+00 4.4327322079e-01
51 2.3867187500e+00 3.0472941773e+00 4.4297329135e-01
51 2.3906250000e+00 3.0390615609e+00 4.4267380192e-01
51 2.3945312500e+00 3.0308576556e+00 4.4237475104e-01
51 2.3984375000e+00 3.0226823746e+00 4.4207613904e-01
51 2.4023437500e+00 3.0145355252e+00 4.4177796236e-01
51 2.4062500000e+00 3.0064170885e+00 4.4148022377e-01
51 2.4101562500e+00 2.9983269147e+00 4.4118292125e-01
51 2.4140625000e+00 2.9902648076e+00 4.4088605101e-01
51 2.4179687500e+00 2.9822306846e+00 4.4058961345e-01
51 2.4218750000e+00 2.9742244399e+00 4.4029360809e-01
51 2.4257812500e+00 2.9662458805e+00 4.3999803120e-01
51 2.4296875000e+00 2.9582949769e+00 4.3970288507e-01
51 2.4335937500e+00 2.9503715995e+00 4.3940816830e-01
51 2.4375000000e+00 2.9424755993e+00 4.3911387871e-01
51 2.4414062500e+00 2.9346069066e+00 4.3882001709e-01
51 2.4453125000e+00 2.9267653625e+00 4.3852658087e-01
51 2.4492187500e+00 2.9189509010e+00 4.3823357091e-01
51 2.4531250000e+00 2.9111632937e+00 4.3794098199e-01
51 2.4570312500e+00 2.9034025214e+00 4.3764881672e-01
51 2.4609375000e+00 2.8956684314e+00 4.3735707266e-01
51 2.4648437500e+00 2.8879610330e+00 4.3706575348e-01
51 2.4687500000e+00 2.8802800016e+00 4.3677485020e-01
51 2.4726562500e+00 2.8726253402e+00 4.3648436622e-01
51 2.4765625000e+00 2.8649969183e+00 4.3619429987e-01
51 2.4804687500e+00 2.8573946271e+00 4.3590465026e-01
51 2.4843750000e+00 2.8498183447e+00 4.3561541602e-01
51 2.4882812500e+00 2.8422680004e+00 4.3532659768e-01
51 2.4921875000e+00 2.8347435333e+00 4.3503819616e-01
51 2.4960937500e+00 2.8272447012e+00 4.3475020543e-01
51 2.5000000000e+00 2.8197714824e+00 4.3446262783e-01
51 2.5039062500e+00 2.8123237479e+00 4.3417546164e-01
51 2.5078125000e+00 2.8049013770e+00 4.3388870539e-01
51 2.5117187500e+00 2.7975043072e+00 4.3360235985e-01
51 2.5156250000e+00 2.7901323712e+00 4.3331642173e-01
51 2.5195312500e+00 2.7827854905e+00 4.3303089115e-01
51 2.5234375000e+00 2.7754636333e+00 4.3274577005e-01
51 2.5273437500e+00 2.7681665879e+00 4.3246105333e-01
51 2.5312500000e+00 2.7608942932e+00 4.3217674174e-01
51 2.5351562500e+00 2.7536466259e+00 4.3189283360e-01
51 2.5390625000e+00 2.7464235085e+00 4.3160932900e-01
51 2.5429687500e+00 2.7392248086e+00 4.3132622584e-01
51 2.5468750000e+00 2.7320504889e+00 4.3104352577e-01
51 2.5507812500e+00 2.7249003215e+00 4.3076122290e-01
51 2.5546875000e+00 2.7177743706e+00 4.3047932285e-01
51 2.5585937500e+00 2.7106724914e+00 4.3019782297e-01
51 2.5625000000e+00 2.7035945361e+00 4.2991672050e-01
51 2.5664062500e+00 2.6965404122e+00 4.2963601479e-01
51 2.5703125000e+00 2.6895100358e+00 4.2935570558e-01
51 2.5742187500e+00 2.6825033213e+00 4.2907579248e-01
51 2.5781250000e+00 2.6755201160e+00 4.2879627242e-01
51 2.5820312500e+00 2.6685604216e+00 4.2851714852e-01
51 2.5859375000e+00 2.6616240922e+00 4.2823841793e-01
51 2.5898437500e+00 2.6547109258e+00 4.2796007552e-01
51 2.5937500000e+00 2.6478209624e+00 4.2768212592e-01
51 2.5976562500e+00 2.6409540840e+00 4.2740456735e-01
51 2.6015625000e+00 2.6341101086e+00 4.2712739542e-01
51 2.6054687500e+00 2.6272890926e+00 4.2685061540e-01
51 2.6093750000e+00 2.6204908459e+00 4.2657422254e-01
51 2.6132812500e+00 2.6137153055e+00 4.2629821723e-01
51 2.6171875000e+00 2.6069623472e+00 4.2602259736e-01
51 2.6210937500e+00 2.6002319224e+00 4.2574736389e-01
51 2.6250000000e+00 2.5935238785e+00 4.2547251350e-01
51 2.6289062500e+00 2.5868382178e+00 4.2519804920e-01
51 2.6328125000e+00 2.5801747116e+00 4.2492396453e-01
51 2.6367187500e+00 2.5735334428e+00 4.2465026578e-01
51 2.6406250000e+00 2.5669142253e+00 4.2437694822e-01
51 2.6445312500e+00 2.5603169150e+00 4.2410400874e-01
51 2.6484375000e+00 2.5537415088e+00 4.2383145011e-01
51 2.6523437500e+00 2.5471879393e+00 4.2355927242e-01
51 2.6562500000e+00 2.5406560550e+00 4.2328747223e-01
51 2.6601562500e+00 2.5341457392e+00 4.2301604755e-01
51 2.6640625000e+00 2.5276570120e+00 4.2274500204e-01
51 2.6679687500e+00 2.5211897237e+00 4.2247433231e-01
51 2.6718750000e+00 2.5147437915e+00 4.2220403772e-01
51 2.6757812500e+00 2.5083191550e+00 4.2193411857e-01
51 2.6796875000e+00 2.5019156819e+00 4.2166457211e-01
51 2.6835937500e+00 2.4955332999e+00 4.2139539810e-01
51 2.6875000000e+00 2.4891719447e+00 4.2112659663e-01
51 2.6914062500e+00 2.4828315075e+00 4.2085816589e-01
51 2.6953125000e+00 2.4765119349e+00 4.2059010641e-01
51 2.6992187500e+00 2.4702131285e+00 4.2032241678e-01
51 2.7031250000e+00 2.4639350080e+00 4.2005509638e-01
51 2.7070312500e+00 2.4576774106e+00 4.1978814101e-01
51 2.7109375000e+00 2.4514404043e+00 4.1952155632e-01
51 2.7148437500e+00 2.4452238000e+00 4.1925533699e-01
51 2.7187500000e+00 2.4390275893e+00 4.1898948539e-01
51 2.7226562500e+00 2.4328516557e+00 4.1872399926e-01
51 2.7265625000e+00 2.4266958908e+00 4.1845887666e-01
51 2.7304687500e+00 2.4205602681e+00 4.1819411916e-01
51 2.7343750000e+00 2.4144446726e+00 4.1792972451e-01
51 2.7382812500e+00 2.4083490137e+00 4.1766569149e-01
51 2.7421875000e+00 2.4022732005e+00 4.1740201884e-01
51 2.7460937500e+00 2.3962172411e+00 4.1713870961e-01
51 2.7500000000e+00 2.3901810068e+00 4.1687576089e-01
51 2.7539062500e+00 2.3841643709e+00 4.1661316981e-01
51 2.7578125000e+00 2.3781673227e+00 4.1635093859e-01
51 2.7617187500e+00 2.3721897923e+00 4.1608906680e-01
51 2.7656250000e+00 2.3662316196e+00 4.1582755010e-01
51 2.7695312500e+00 2.3602928474e+00 4.1556639300e-01
51 2.7734375000e+00 2.3543732641e+00 4.1530558883e-01
51 2.7773437500e+00 2.3484728941e+00 4.1504514129e-01
51 2.7812500000e+00 2.3425915943e+00 4.1478504667e-01
51 2.7851562500e+00 2.3367293801e+00 4.1452530827e-01
51 2.7890625000e+00 2.3308860822e+00 4.1426592120e-01
51 2.7929687500e+00 2.3250617510e+00 4.1400689029e-01
51 2.7968750000e+00 2.3192561433e+00 4.1374820733e-01
51 2.8007812500e+00 2.3134692921e+00 4.1348987635e-01
51 2.8046875000e+00 2.3077011231e+00 4.1323189662e-01
51 2.8085937500e+00 2.3019514778e+00 4.1297426361e-01
51 2.8125000000e+00 2.2962204460e+00 4.1271698391e-01
51 2.8164062500e+00 2.2905078528e+00 4.1246005224e-01
51 2.8203125000e+00 2.2848135962e+00 4.1220346656e-01
51 2.8242187500e+00 2.2791376403e+00 4.1194722777e-01
51 2.8281250000e+00 2.2734799565e+00 4.1169133714e-01
51 2.8320312500e+00 2.2678404290e+00 4.1143579195e-01
51 2.8359375000e+00 2.2622189123e+00 4.1118058812e-01
51 2.8398437500e+00 2.2566155029e+00 4.1092573255e-01
51 2.8437500000e+00 2.2510300658e+00 4.1067122162e-01
51 2.8476562500e+00 2.2454624019e+00 4.1041704874e-01
51 2.8515625000e+00 2.2399126049e+00 4.1016322068e-01
51 2.8554687500e+00 2.2343805102e+00 4.0990973241e-01
51 2.8593750000e+00 2.2288661281e+00 4.0965658687e-01
51 2.8632812500e+00 2.2233693016e+00 4.0940377932e-01
51 2.8671875000e+00 2.2178900824e+00 4.0915131462e-01
51 2.8710937500e+00 2.2124283089e+00 4.0889918777e-01
51 2.8750000000e+00 2.2069839726e+00 4.0864740086e-01
51 2.8789062500e+00 2.2015569310e+00 4.0839594973e-01
51 2.8828125000e+00 2.1961471957e+00 4.0814483736e-01
51 2.8867187500e+00 2.1907546520e+00 4.0789406087e-01
51 2.8906250000e+00 2.1853792311e+00 4.0764361947e-01
51 2.8945312500e+00 2.1800208961e+00 4.0739351387e-01
51 2.8984375000e+00 2.1746795432e+00 4.0714374164e-01
51 2.9023437500e+00 2.1693551528e+00 4.0689430427e-01
51 2.9062500000e+00 2.1640476588e+00 4.0664520107e-01
51 2.9101562500e+00 2.1587569553e+00 4.0639642946e-01
51 2.9140625000e+00 2.1534829944e+00 4.0614798958e-01
51 2.9179687500e+00 2.1482256726e+00 4.0589987893e-01
51 2.9218750000e+00 2.1429850410e+00 4.0565210230e-01
51 2.9257812500e+00 2.1377609434e+00 4.0540465468e-01
51 2.9296875000e+00 2.1325533172e+00 4.0515753546e-01
51 2.9335937500e+00 2.1273621569e+00 4.0491074674e-01
51 2.9375000000e+00 2.1221873424e+00 4.0466428518e-01
51 2.9414062500e+00 2.1170288328e+00 4.0441815115e-01
51 2.9453125000e+00 2.1118865659e+00 4.0417234402e-01
51 2.9492187500e+00 2.1067605161e+00 4.0392686493e-01
51 2.9531250000e+00 2.1016505170e+00 4.0368170821e-01
51 2.9570312500e+00 2.0965566604e+00 4.0343688059e-01
51 2.9609375000e+00 2.0914787503e+00 4.0319237498e-01
51 2.9648437500e+00 2.0864167953e+00 4.0294819407e-01
51 2.9687500000e+00 2.0813707252e+00 4.0270433681e-01
51 2.9726562500e+00 2.0763404294e+00 4.0246080013e-01
51 2.9765625000e+00 2.0713259564e+00 4.0221758868e-01
51 2.9804687500e+00 2.0663271502e+00 4.0197469717e-01
51 2.9843750000e+00 2.0613440095e+00 4.0173212782e-01
51 2.9882812500e+00 2.0563764456e+00 4.0148987859e-01
51 2.9921875000e+00 2.0514243948e+00 4.0124794864e-01
51 2.9960937500e+00 2.0464878036e+00 4.0100633760e-01
51 3.0000000000e+00 2.0415665983e+00 4.0076504413e-01
51 3.0039062500e+00 2.0366607545e+00 4.0052406927e-01
51 3.0078125000e+00 2.0317701815e+00 4.0028341082e-01
51 3.0117187500e+00 2.0268947981e+00 4.0004306700e-01
51 3.0156250000e+00 2.0220346833e+00 3.9980304394e-01
51 3.0195312500e+00 2.0171896497e+00 3.9956333463e-01
51 3.0234375000e+00 2.0123596569e+00 3.9932393928e-01
51 3.0273437500e+00 2.0075446739e+00 3.9908485856e-01
51 3.0312500000e+00 2.0027446979e+00 3.9884609455e-01
51 3.0351562500e+00 1.9979595138e+00 3.9860763874e-01
51 3.0390625000e+00 1.9931892448e+00 3.9836949947e-01
51 3.0429687500e+00 1.9884337224e+00 3.9813167052e-01
51 3.0468750000e+00 1.9836929350e+00 3.9789415349e-01
51 3.0507812500e+00 1.9789668703e+00 3.9765694995e-01
51 3.0546875000e+00 1.9742553641e+00 3.9742005384e-01
51 3.0585937500e+00 1.9695584501e+00 3.9718346901e-01
51 3.0625000000e+00 1.9648760329e+00 3.9694719283e-01
51 3.0664062500e+00 1.9602080637e+00 3.9671122497e-01
51 3.0703125000e+00 1.9555545028e+00 3.9647556559e-01
51 3.0742187500e+00 1.9509152701e+00 3.9624021278e-01
51 3.0781250000e+00 1.9462903630e+00 3.9600516854e-01
51 3.0820312500e+00 1.9416796711e+00 3.9577042941e-01
51 3.0859375000e+00 1.9370831842e+00 3.9553599697e-01
51 3.0898437500e+00 1.9325008270e+00 3.9530186954e-01
51 3.0937500000e+00 1.9279325007e+00 3.9506804415e-01
51 3.0976562500e+00 1.9233783063e+00 3.9483452811e-01
51 3.1015625000e+00 1.9188380057e+00 3.9460131131e-01
51 3.1054687500e+00 1.9143116244e+00 3.9436839715e-01
51 3.1093750000e+00 1.9097991387e+00 3.9413578651e-01
51 3.1132812500e+00 1.9053005533e+00 3.9390348173e-01
51 3.1171875000e+00 1.9008156491e+00 3.9367147360e-01
51 3.1210937500e+00 1.8963444876e+00 3.9343976734e-01
51 3.1250000000e+00 1.8918869970e+00 3.9320836133e-01
51 3.1289062500e+00 1.8874431578e+00 3.9297725662e-01
51 3.1328125000e+00 1.8830128708e+00 3.9274645012e-01
51 3.1367187500e+00 1.8785960882e+00 3.9251594140e-01
51 3.1406250000e+00 1.8741928307e+00 3.9228573358e-01
51 3.1445312500e+00 1.8698029889e+00 3.9205582301e-01
51 3.1484375000e+00 1.8654264944e+00 3.9182620815e-01
51 3.1523437500e+00 1.8610633059e+00 3.9159688885e-01
51 3.1562500000e+00 1.8567133845e+00 3.9136786510e-01
51 3.1601562500e+00 1.8523766956e+00 3.9113913711e-01
51 3.1640625000e+00 1.8480532274e+00 3.9091070628e-01
51 3.1679687500e+00 1.8437428764e+00 3.9068256917e-01
51 3.1718750000e+00 1.8394455977e+00 3.9045472541e-01
51 3.1757812500e+00 1.8351613185e+00 3.9022717314e-01
51 3.1796875000e+00 1.8308901049e+00 3.8999991787e-01
51 3.1835937500e+00 1.8266317614e+00 3.8977295121e-01
51 3.1875000000e+00 1.8223863269e+00 3.8954627720e-01
51 3.1914062500e+00 1.8181537626e+00 3.8931989578e-01
51 3.1953125000e+00 1.8139340078e+00 3.8909380568e-01
51 3.1992187500e+00 1.8097269306e+00 3.8886800181e-01
51 3.2031250000e+00 1.8055326288e+00 3.8864249137e-01
51 3.2070312500e+00 1.8013509390e+00 3.8841726756e-01
51 3.2109375000e+00 1.7971818876e+00 3.8819233376e-01
51 3.2148437500e+00 1.7930254081e+00 3.8796768833e-01
51 3.2187500000e+00 1.7888814192e+00 3.8774332884e-01
51 3.2226562500e+00 1.7847499486e+00 3.8751925873e-01
51 3.2265625000e+00 1.7806308780e+00 3.8729547352e-01
51 3.2304687500e+00 1.7765242138e+00 3.8707197551e-01
51 3.2343750000e+00 1.7724298705e+00 3.8684876196e-01
51 3.2382812500e+00 1.7683478332e+00 3.8662583400e-01
51 3.2421875000e+00 1.7642780567e+00 3.8640319107e-01
51 3.2460937500e+00 1.7602204832e+00 3.8618083194e-01
51 3.2500000000e+00 1.7561750610e+00 3.8595875567e-01
51 3.2539062500e+00 1.7521417785e+00 3.8573696356e-01
51 3.2578125000e+00 1.7481205710e+00 3.8551545392e-01
51 3.2617187500e+00 1.7441114166e+00 3.8529422747e-01
51 3.2656250000e+00 1.7401141590e+00 3.8507327747e-01
51 3.2695312500e+00 1.7361289179e+00 3.8485261241e-01
51 3.2734375000e+00 1.7321555491e+00 3.8463222620e-01
51 3.2773437500e+00 1.7281940730e+00 3.8441212185e-01
51 3.2812500000e+00 1.7242443681e+00 3.8419229447e-01
51 3.2851562500e+00 1.7203065475e+00 3.8397275226e-01
51 3.2890625000e+00 1.7163803730e+00 3.8375348378e-01
51 3.2929687500e+00 1.7124658861e+00 3.8353449322e-01
51 3.2968750000e+00 1.7085630753e+00 3.8331578177e-01
51 3.3007812500e+00 1.7046718530e+00 3.8309734639e-01
51 3.3046875000e+00 1.7007922248e+00 3.8287918924e-01
51 3.3085937500e+00 1.6969240753e+00 3.8266130567e-01
51 3.3125000000e+00 1.6930674116e+00 3.8244369790e-01
51 3.3164062500e+00 1.6892222160e+00 3.8222636678e-01
51 3.3203125000e+00 1.6853883970e+00 3.8200930896e-01
51 3.3242187500e+00 1.6815659795e+00 3.8179252769e-01
51 3.3281250000e+00 1.6777548305e+00 3.8157601722e-01
51 3.3320312500e+00 1.6739549716e+00 3.8135978061e-01
51 3.3359375000e+00 1.6701663822e+00 3.8114381848e-01
51 3.3398437500e+00 1.6663889621e+00 3.8092812694e-01
51 3.3437500000e+00 1.6626227451e+00 3.8071270972e-01
51 3.3476562500e+00 1.6588675812e+00 3.8049756003e-01
51 3.3515625000e+00 1.6551235480e+00 3.8028268411e-01
51 3.3554687500e+00 1.6513905361e+00 3.8006807746e-01
51 3.3593750000e+00 1.6476685217e+00 3.7985374051e-01
51 3.3632812500e+00 1.6439574498e+00 3.7963967185e-01
51 3.3671875000e+00 1.6402573668e+00 3.7942587595e-01
51 3.3710937500e+00 1.6365681148e+00 3.7921234546e-01
51 3.3750000000e+00 1.6328897187e+00 3.7899908356e-01
51 3.3789062500e+00 1.6292221561e+00 3.7878609074e-01
51 3.3828125000e+00 1.6255653073e+00 3.7857336179e-01
51 3.3867187500e+00 1.6219192249e+00 3.7836090152e-01
51 3.3906250000e+00 1.6182838156e+00 3.7814870624e-01
51 3.3945312500e+00 1.6146590930e+00 3.7793677849e-01
51 3.3984375000e+00 1.6110449793e+00 3.7772511547e-01
51 3.4023437500e+00 1.6074414142e+00 3.7751371538e-01
51 3.4062500000e+00 1.6038484142e+00 3.7730258090e-01
51 3.4101562500e+00 1.6002659313e+00 3.7709171095e-01
51 3.4140625000e+00 1.5966939077e+00 3.7688110385e-01
51 3.4179687500e+00 1.5931323225e+00 3.7667076008e-01
51 3.4218750000e+00 1.5895811153e+00 3.7646067780e-01
51 3.4257812500e+00 1.5860402996e+00 3.7625085951e-01
51 3.4296875000e+00 1.5825097531e+00 3.7604129966e-01
51 3.4335937500e+00 1.5789895403e+00 3.7583200379e-01
51 3.4375000000e+00 1.5754795629e+00 3.7562296774e-01
51 3.4414062500e+00 1.5719798299e+00 3.7541419376e-01
51 3.4453125000e+00 1.5684902464e+00 3.7520567786e-01
51 3.4492187500e+00 1.5650108268e+00 3.7499742259e-01
51 3.4531250000e+00 1.5615414603e+00 3.7478942301e-01
51 3.4570312500e+00 1.5580821858e+00 3.7458168309e-01
51 3.4609375000e+00 1.5546330120e+00 3.7437420507e-01
51 3.4648437500e+00 1.5511937668e+00 3.7416698024e-01
51 3.4687500000e+00 1.5477645098e+00 3.7396001386e-01
51 3.4726562500e+00 1.5443451642e+00 3.7375330295e-01
51 3.4765625000e+00 1.5409357403e+00 3.7354684979e-01
51 3.4804687500e+00 1.5375361661e+00 3.7334065167e-01
51 3.4843750000e+00 1.5341464045e+00 3.7313470799e-01
51 3.4882812500e+00 1.5307664819e+00 3.7292902200e-01
51 3.4921875000e+00 1.5273963048e+00 3.7272358964e-01
51 3.4960937500e+00 1.5240358437e+00 3.7251841076e-01
51 3.5000000000e+00 1.5206850796e+00 3.7231348583e-01
51 3.5039062500e+00 1.5173439307e+00 3.7210881146e-01
51 3.5078125000e+00 1.5140124843e+00 3.7190439464e-01
51 3.5117187500e+00 1.5106905679e+00 3.7170022639e-01
51 3.5156250000e+00 1.5073782533e+00 3.7149631273e-01
51 3.5195312500e+00 1.5040754238e+00 3.7129264812e-01
51 3.5234375000e+00 1.5007821215e+00 3.7108923674e-01
51 3.5273437500e+00 1.4974982221e+00 3.7088607252e-01
51 3.5312500000e+00 1.4942238121e+00 3.7068316241e-01
51 3.5351562500e+00 1.4909587392e+00 3.7048049856e-01
51 3.5390625000e+00 1.4877030372e+00 3.7027808467e-01
51 3.5429687500e+00 1.4844567160e+00 3.7007592294e-01
51 3.5468750000e+00 1.4812196180e+00 3.6987400514e-01
51 3.5507812500e+00 1.4779918303e+00 3.6967233828e-01
51 3.5546875000e+00 1.4747732741e+00 3.6947091903e-01
51 3.5585937500e+00 1.4715639204e+00 3.6926974714e-01
51 3.5625000000e+00 1.4683637083e+00 3.6906882034e-01
51 3.5664062500e+00 1.4651726289e+00 3.6886813966e-01
51 3.5703125000e+00 1.4619906995e+00 3.6866770774e-01
51 3.5742187500e+00 1.4588178185e+00 3.6846751974e-01
51 3.5781250000e+00 1.4556539614e+00 3.6826757567e-01
51 3.5820312500e+00 1.4524991548e+00 3.6806787876e-01
51 3.5859375000e+00 1.4493532957e+00 3.6786842403e-01
51 3.5898437500e+00 1.4462164293e+00 3.6766921590e-01
51 3.5937500000e+00 1.4430884123e+00 3.6747024680e-01
51 3.5976562500e+00 1.4399693356e+00 3.6727152404e-01
51 3.6015625000e+00 1.4368591279e+00 3.6707304461e-01
51 3.6054687500e+00 1.4337577488e+00 3.6687480749e-01
51 3.6093750000e+00 1.4306651387e+00 3.6667681037e-01
51 3.6132812500e+00 1.4275813089e+00 3.6647905548e-01
51 3.6171875000e+00 1.4245061786e+00 3.6628153918e-01
51 3.6210937500e+00 1.4214397814e+00 3.6608426512e-01
51 3.6250000000e+00 1.4183821088e+00 3.6588723428e-01
51 3.6289062500e+00 1.4153330212e+00 3.6569043916e-01
51 3.6328125000e+00 1.4122925561e+00 3.6549388368e-01
51 3.6367187500e+00 1.4092607245e+00 3.6529757005e-01
51 3.6406250000e+00 1.4062374247e+00 3.6510149320e-01
51 3.6445312500e+00 1.4032226368e+00 3.6490565329e-01
51 3.6484375000e+00 1.4002163731e+00 3.6471005264e-01
51 3.6523437500e+00 1.3972185945e+00 3.6451469018e-01
51 3.6562500000e+00 1.3942292536e+00 3.6431956431e-01
51 3.6601562500e+00 1.3912483182e+00 3.6412467438e-01
51 3.6640625000e+00 1.3882758056e+00 3.6393002303e-01
51 3.6679687500e+00 1.3853116026e+00 3.6373560430e-01
51 3.6718750000e+00 1.3823557919e+00 3.6354142508e-01
51 3.6757812500e+00 1.3794082277e+00 3.6334747725e-01
51 3.6796875000e+00 1.3764689738e+00 3.6315376648e-01
51 3.6835937500e+00 1.3735379365e+00 3.6296028805e-01
51 3.6875000000e+00 1.3706151169e+00 3.6276704347e-01
51 3.6914062500e+00 1.3677004860e+00 3.6257403228e-01
51 3.6953125000e+00 1.3647940556e+00 3.6238125670e-01
51 3.6992187500e+00 1.3618957061e+00 3.6218871025e-01
51 3.7031250000e+00 1.3590054999e+00 3.6199639850e-01
51 3.7070312500e+00 1.3561233702e+00 3.6180431846e-01
51 3.7109375000e+00 1.3532492417e+00 3.6161246653e-01
51 3.7148437500e+00 1.3503832033e+00 3.6142085006e-01
51 3.7187500000e+00 1.3475251713e+00 3.6122946491e-01
51 3.7226562500e+00 1.3446750753e+00 3.6103830776e-01
51 3.7265625000e+00 1.3418329133e+00 3.6084737991e-01
51 3.7304687500e+00 1.3389986873e+00 3.6065668290e-01
51 3.7343750000e+00 1.3361723449e+00 3.6046621462e-01
51 3.7382812500e+00 1.3333538507e+00 3.6027597408e-01
51 3.7421875000e+00 1.3305431877e+00 3.6008596154e-01
51 3.7460937500e+00 1.3277404125e+00 3.5989618225e-01
51 3.7500000000e+00 1.3249453660e+00 3.5970662681e-01
51 3.7539062500e+00 1.3221580950e+00 3.5951729981e-01
51 3.7578125000e+00 1.3193785100e+00 3.5932819654e-01
51 3.7617187500e+00 1.3166067038e+00 3.5913932471e-01
51 3.7656250000e+00 1.3138425389e+00 3.5895067633e-01
51 3.7695312500e+00 1.3110860430e+00 3.5876225469e-01
51 3.7734375000e+00 1.3083371527e+00 3.5857405681e-01
51 3.7773437500e+00 1.3055959013e+00 3.5838608637e-01
51 3.7812500000e+00 1.3028621970e+00 3.5819833842e-01
51 3.7851562500e+00 1.3001360527e+00 3.5801081523e-01
51 3.7890625000e+00 1.2974174715e+00 3.5782351837e-01
51 3.7929687500e+00 1.2947063577e+00 3.5763644262e-01
51 3.7968750000e+00 1.2920027516e+00 3.5744959212e-01
51 3.8007812500e+00 1.2893065802e+00 3.5726296316e-01
51 3.8046875000e+00 1.2866178101e+00 3.5707655480e-01
51 3.8085937500e+00 1.2839364939e+00 3.5689037203e-01
51 3.8125000000e+00 1.2812625460e+00 3.5670441025e-01
51 3.8164062500e+00 1.2785959545e+00 3.5651866997e-01
51 3.8203125000e+00 1.2759366768e+00 3.5633314958e-01
51 3.8242187500e+00 1.2732846970e+00 3.5614784929e-01
51 3.8281250000e+00 1.2706400423e+00 3.5596277234e-01
51 3.8320312500e+00 1.2680025920e+00 3.5577791161e-01
51 3.8359375000e+00 1.2653724135e+00 3.5559327315e-01
51 3.8398437500e+00 1.2627494167e+00 3.5540885196e-01
51 3.8437500000e+00 1.2601336403e+00 3.5522465209e-01
51 3.8476562500e+00 1.2575250062e+00 3.5504066935e-01
51 3.8515625000e+00 1.2549234926e+00 3.5485690351e-01
51 3.8554687500e+00 1.2523291104e+00 3.5467335666e-01
51 3.8593750000e+00 1.2497418304e+00 3.5449002804e-01
51 3.8632812500e+00 1.2471616001e+00 3.5430691523e-01
51 3.8671875000e+00 1.2445884321e+00 3.5412402044e-01
51 3.8710937500e+00 1.2420223016e+00 3.5394134320e-01
51 3.8750000000e+00 1.2394630972e+00 3.5375887687e-01
51 3.8789062500e+00 1.2369109462e+00 3.5357663182e-01
51 3.8828125000e+00 1.2343657190e+00 3.5339460010e-01
51 3.8867187500e+00 1.2318273986e+00 3.5321278176e-01
51 3.8906250000e+00 1.2292960124e+00 3.5303118006e-01
51 3.8945312500e+00 1.2267715044e+00 3.5284979226e-01
51 3.8984375000e+00 1.2242538194e+00 3.5266861567e-01
51 3.9023437500e+00 1.2217430287e+00 3.5248765668e-01
51 3.9062500000e+00 1.2192390418e+00 3.5230691008e-01
51 3.9101562500e+00 1.2167418596e+00 3.5212637716e-01
51 3.9140625000e+00 1.2142513977e+00 3.5194605312e-01
51 3.9179687500e+00 1.2117677126e+00 3.5176594329e-01
51 3.9218750000e+00 1.2092907527e+00 3.5158604519e-01
51 3.9257812500e+00 1.2068205351e+00 3.5140636133e-01
51 3.9296875000e+00 1.2043569421e+00 3.5122688441e-01
51 3.9335937500e+00 1.2019000472e+00 3.5104762101e-01
51 3.9375000000e+00 1.1994497764e+00 3.5086856700e-01
51 3.9414062500e+00 1.1970061255e+00 3.5068972330e-01
51 3.9453125000e+00 1.1945690442e+00 3.5051108749e-01
51 3.9492187500e+00 1.1921385729e+00 3.5033266375e-01
51 3.9531250000e+00 1.1897146653e+00 3.5015444994e-01
51 3.9570312500e+00 1.1872972216e+00 3.4997643993e-01
51 3.9609375000e+00 1.1848863518e+00 3.4979864307e-01
51 3.9648437500e+00 1.1824819462e+00 3.4962105250e-01
51 3.9687500000e+00 1.1800840133e+00 3.4944367006e-01
51 3.9726562500e+00 1.1776925453e+00 3.4926649641e-01
51 3.9765625000e+00 1.1753074737e+00 3.4908952769e-01
51 3.9804687500e+00 1.1729288163e+00 3.4891276642e-01
51 3.9843750000e+00 1.1705565654e+00 3.4873621327e-01
51 3.9882812500e+00 1.1681906517e+00 3.4855986428e-01
51 3.9921875000e+00 1.1658310863e+00 3.4838372148e-01
51 3.9960937500e+00 1.1634778074e+00 3.4820778145e-01
51 4.0000000000e+00 1.1611309023e+00 3.4803205195e-01
51 4.0039062500e+00 1.1587902319e+00 3.4785652375e-01
51 4.0078125000e+00 1.1564558385e+00 3.4768120122e-01
51 4.0117187500e+00 1.1541276627e+00 3.4750608109e-01
51 4.0156250000e+00 1.1518057587e+00 3.4733116864e-01
51 4.0195312500e+00 1.1494900121e+00 3.4715645643e-01
51 4.0234375000e+00 1.1471804715e+00 3.4698194932e-01
51 4.0273437500e+00 1.1448770769e+00 3.4680764396e-01
51 4.0312500000e+00 1.1425798075e+00 3.4663353994e-01
51 4.0351562500e+00 1.1402886812e+00 3.4645963981e-01
51 4.0390625000e+00 1.1380036225e+00 3.4628593900e-01
51 4.0429687500e+00 1.1357246876e+00 3.4611244298e-01
51 4.0468750000e+00 1.1334518039e+00 3.4593914737e-01
51 4.0507812500e+00 1.1311849147e+00 3.4576604902e-01
51 4.0546875000e+00 1.1289241065e+00 3.4559315570e-01
51 4.0585937500e+00 1.1266692807e+00 3.4542046102e-01
51 4.0625000000e+00 1.1244204238e+00 3.4524796513e-01
51 4.0664062500e+00 1.1221775585e+00 3.4507567091e-01
51 4.0703125000e+00 1.1199406013e+00 3.4490357309e-01
51 4.0742187500e+00 1.1177096099e+00 3.4473167728e-01
51 4.0781250000e+00 1.1154844938e+00 3.4455997765e-01
51 4.0820312500e+00 1.1132652987e+00 3.4438847887e-01
51 4.0859375000e+00 1.1110519331e+00 3.4421717500e-01
51 4.0898437500e+00 1.1088444410e+00 3.4404607061e-01
51 4.0937500000e+00 1.1066427874e+00 3.4387516410e-01
51 4.0976562500e+00 1.1044469549e+00 3.4370445527e-01
51 4.1015625000e+00 1.1022568995e+00 3.4353394184e-01
51 4.1054687500e+00 1.1000726112e+00 3.4336362413e-01
51 4.1093750000e+00 1.0978941068e+00 3.4319350462e-01
51 4.1132812500e+00 1.0957213268e+00 3.4302357975e-01
51 4.1171875000e+00 1.0935542796e+00 3.4285385133e-01
51 4.1210937500e+00 1.0913928960e+00 3.4268431503e-01
51 4.1250000000e+00 1.0892372500e+00 3.4251497779e-01
51 4.1289062500e+00 1.0870872509e+00 3.4234583360e-01
51 4.1328125000e+00 1.0849428805e+00 3.4217688213e-01
51 4.1367187500e+00 1.0828041791e+00 3.4200812768e-01
51 4.1406250000e+00 1.0806710644e+00 3.4183956485e-01
51 4.1445312500e+00 1.0785435212e+00 3.4167119355e-01
51 4.1484375000e+00 1.0764215985e+00 3.4150301874e-01
51 4.1523437500e+00 1.0743051844e+00 3.4133503268e-01
51 4.1562500000e+00 1.0721943780e+00 3.4116724432e-01
51 4.1601562500e+00 1.0700890443e+00 3.4099964401e-01
51 4.1640625000e+00 1.0679892445e+00 3.4083223775e-01
51 4.1679687500e+00 1.0658949098e+00 3.4066502110e-01
51 4.1718750000e+00 1.0638060823e+00 3.4049799854e-01
51 4.1757812500e+00 1.0617226768e+00 3.4033116433e-01
51 4.1796875000e+00 1.0596447204e+00 3.4016452172e-01
51 4.1835937500e+00 1.0575721606e+00 3.3999806757e-01
51 4.1875000000e+00 1.0555050313e+00 3.3983180571e-01
51 4.1914062500e+00 1.0534432801e+00 3.3966573297e-01
51 4.1953125000e+00 1.0513868828e+00 3.3949984848e-01
51 4.1992187500e+00 1.0493358496e+00 3.3933415414e-01
51 4.2031250000e+00 1.0472901464e+00 3.3916864825e-01
51 4.2070312500e+00 1.0452497724e+00 3.3900333183e-01
51 4.2109375000e+00 1.0432146794e+00 3.3883820202e-01
51 4.2148437500e+00 1.0411848580e+00 3.3867325910e-01
51 4.2187500000e+00 1.0391603518e+00 3.3850850771e-01
51 4.2226562500e+00 1.0371410663e+00 3.3834394120e-01
51 4.2265625000e+00 1.0351269969e+00 3.3817956024e-01
51 4.2304687500e+00 1.0331181960e+00 3.3801537015e-01
51 4.2343750000e+00 1.0311145528e+00 3.3785136295e-01
51 4.2382812500e+00 1.0291161063e+00 3.3768754285e-01
51 4.2421875000e+00 1.0271228319e+00 3.3752390889e-01
51 4.2460937500e+00 1.0251347302e+00 3.3736046215e-01
51 4.2500000000e+00 1.0231517501e+00 3.3719719949e-01
51 4.2539062500e+00 1.0211739066e+00 3.3703412318e-01
51 4.2578125000e+00 1.0192011393e+00 3.3687122924e-01
51 4.2617187500e+00 1.0172334751e+00 3.3670852096e-01
51 4.2656250000e+00 1.0152708729e+00 3.3654599594e-01
51 4.2695312500e+00 1.0133133361e+00 3.3638365552e-01
51 4.2734375000e+00 1.0113608519e+00 3.3622149963e-01
51 4.2773437500e+00 1.0094133784e+00 3.3605952584e-01
51 4.2812500000e+00 1.0074709265e+00 3.3589773607e-01
51 4.2851562500e+00 1.0055334496e+00 3.3573612744e-01
51 4.2890625000e+00 1.0036009698e+00 3.3557470283e-01
51 4.2929687500e+00 1.0016734220e+00 3.3541345780e-01
51 4.2968750000e+00 9.9975080901e-01 3.3525239359e-01
51 4.3007812500e+00 9.9783319027e-01 3.3509151619e-01
51 4.3046875000e+00 9.9592045959e-01 3.3493081772e-01
51 4.3085937500e+00 9.9401260260e-01 3.3477029796e-01
51 4.3125000000e+00 9.9210967211e-01 3.3460996236e-01
51 4.3164062500e+00 9.9021156768e-01 3.3444980344e-01
51 4.3203125000e+00 9.8831835623e-01 3.3428982786e-01
51 4.3242187500e+00 9.8642996276e-01 3.3413003028e-01
51 4.3281250000e+00 9.8454642805e-01 3.3397041513e-01
51 4.3320312500e+00 9.8266766579e-01 3.3381097610e-01
51 4.3359375000e+00 9.8079372518e-01 3.3365171835e-01
51 4.3398437500e+00 9.7892456287e-01 3.3349263917e-01
51 4.3437500000e+00 9.7706015430e-01 3.3333373748e-01
51 4.3476562500e+00 9.7520049993e-01 3.3317501427e-01
51 4.3515625000e+00 9.7334558791e-01 3.3301646953e-01
51 4.3554687500e+00 9.7149539082e-01 3.3285810189e-01
51 4.3593750000e+00 9.6964989686e-01 3.3269991130e-01
51 4.3632812500e+00 9.6780912371e-01 3.3254190027e-01
51 4.3671875000e+00 9.6597299645e-01 3.3238406332e-01
51 4.3710937500e+00 9.6414154308e-01 3.3222640384e-01
51 4.3750000000e+00 9.6231473186e-01 3.3206892006e-01
51 4.3789062500e+00 9.6049255173e-01 3.3191161198e-01
51 4.3828125000e+00 9.5867502379e-01 3.3175448240e-01
51 4.3867187500e+00 9.5686207121e-01 3.3159752563e-01
51 4.3906250000e+00 9.5505369360e-01 3.3144074258e-01
51 4.3945312500e+00 9.5324996947e-01 3.3128414104e-01
51 4.3984375000e+00 9.5145074221e-01 3.3112770836e-01
51 4.4023437500e+00 9.4965608431e-01 3.3097145177e-01
51 4.4062500000e+00 9.4786594663e-01 3.3081536797e-01
51 4.4101562500e+00 9.4608035746e-01 3.3065946035e-01
51 4.4140625000e+00 9.4429924127e-01 3.3050372327e-01
51 4.4179687500e+00 9.4252266914e-01 3.3034816389e-01
51 4.4218750000e+00 9.4075055383e-01 3.3019277552e-01
51 4.4257812500e+00 9.3898289361e-01 3.3003755894e-01
51 4.4296875000e+00 9.3721967849e-01 3.2988251420e-01
51 4.4335937500e+00 9.3546093233e-01 3.2972764433e-01
51 4.4375000000e+00 9.3370659862e-01 3.2957294531e-01
51 4.4414062500e+00 9.3195666297e-01 3.2941841678e-01
51 4.4453125000e+00 9.3021115758e-01 3.2926406252e-01
51 4.4492187500e+00 9.2847000322e-01 3.2910987645e-01
51 4.4531250000e+00 9.2673324288e-01 3.2895586330e-01
51 4.4570312500e+00 9.2500083194e-01 3.2880202004e-01
51 4.4609375000e+00 9.2327276090e-01 3.2864834673e-01
51 4.4648437500e+00 9.2154904961e-01 3.2849484607e-01
51 4.4687500000e+00 9.1982962449e-01 3.2834151243e-01
51 4.4726562500e+00 9.1811450608e-01 3.2818834853e-01
51 4.4765625000e+00 9.1640371869e-01 3.2803535747e-01
51 4.4804687500e+00 9.1469717283e-01 3.2788253215e-01
51 4.4843750000e+00 9.1299491619e-01 3.2772987777e-01
51 4.4882812500e+00 9.1129689640e-01 3.2757739051e-01
51 4.4921875000e+00 9.0960313678e-01 3.2742507339e-01
51 4.4960937500e+00 9.0791357434e-01 3.2727292163e-01
51 4.5000000000e+00 9.0622825672e-01 3.2712094043e-01
51 4.5039062500e+00 9.0454712405e-01 3.2696912529e-01
51 4.5078125000e+00 9.0287018797e-01 3.2681747815e-01
51 4.5117187500e+00 9.0119742877e-01 3.2666599813e-01
51 4.5156250000e+00 8.9952883405e-01 3.2651468500e-01
51 4.5195312500e+00 8.9786439095e-01 3.2636353848e-01
51 4.5234375000e+00 8.9620405844e-01 3.2621255572e-01
51 4.5273437500e+00 8.9454789859e-01 3.2606174327e-01
51 4.5312500000e+00 8.9289580804e-01 3.2591109259e-01
51 4.5351562500e+00 8.9124785198e-01 3.2576061050e-01
51 4.5390625000e+00 8.8960398500e-01 3.2561029376e-01
51 4.5429687500e+00 8.8796415714e-01 3.2546013865e-01
51 4.5468750000e+00 8.8632843050e-01 3.2531015175e-01
51 4.5507812500e+00 8.8469674648e-01 3.2516032856e-01
51 4.5546875000e+00 8.8306909804e-01 3.2501066931e-01
51 4.5585937500e+00 8.8144550729e-01 3.2486117689e-01
51 4.5625000000e+00 8.7982587522e-01 3.2471184306e-01
51 4.5664062500e+00 8.7821027554e-01 3.2456267549e-01
51 4.5703125000e+00 8.7659866538e-01 3.2441367107e-01
51 4.5742187500e+00 8.7499105849e-01 3.2426483194e-01
51 4.5781250000e+00 8.7338738371e-01 3.2411615239e-01
51 4.5820312500e+00 8.7178769232e-01 3.2396763802e-01
51 4.5859375000e+00 8.7019192835e-01 3.2381928449e-01
51 4.5898437500e+00 8.6860009474e-01 3.2367109293e-01
51 4.5937500000e+00 8.6701219462e-01 3.2352306448e-01
51 4.5976562500e+00 8.6542819622e-01 3.2337519705e-01
51 4.6015625000e+00 8.6384809230e-01 3.2322749079e-01
51 4.6054687500e+00 8.6227186426e-01 3.2307994482e-01
51 4.6093750000e+00 8.6069953578e-01 3.2293256220e-01
51 4.6132812500e+00 8.5913102643e-01 3.2278533624e-01
51 4.6171875000e+00 8.5756639382e-01 3.2263827319e-01
51 4.6210937500e+00 8.5600560707e-01 3.2249137098e-01
51 4.6250000000e+00 8.5444862456e-01 3.2234462653e-01
51 4.6289062500e+00 8.5289548473e-01 3.2219804431e-01
51 4.6328125000e+00 8.5134614236e-01 3.2205162089e-01
51 4.6367187500e+00 8.4980056605e-01 3.2190535412e-01
51 4.6406250000e+00 8.4825881113e-01 3.2175925009e-01
51 4.6445312500e+00 8.4672079319e-01 3.2161330161e-01
51 4.6484375000e+00 8.4518656720e-01 3.2146751473e-01
51 4.6523437500e+00 8.4365606904e-01 3.2132188419e-01
51 4.6562500000e+00 8.4212930447e-01 3.2117641136e-01
51 4.6601562500e+00 8.4060625447e-01 3.2103109525e-01
51 4.6640625000e+00 8.3908696833e-01 3.2088594137e-01
51 4.6679687500e+00 8.3757135027e-01 3.2074094141e-01
51 4.6718750000e+00 8.3605940403e-01 3.2059609654e-01
51 4.6757812500e+00 8.3455116595e-01 3.2045141104e-01
51 4.6796875000e+00 8.3304659749e-01 3.2030688203e-01
51 4.6835937500e+00 8.3154568179e-01 3.2016250872e-01
51 4.6875000000e+00 8.3004841228e-01 3.2001829127e-01
51 4.6914062500e+00 8.2855480055e-01 3.1987423162e-01
51 4.6953125000e+00 8.2706479653e-01 3.1973032574e-01
51 4.6992187500e+00 8.2557841219e-01 3.1958657558e-01
51 4.7031250000e+00 8.2409565302e-01 3.1944298249e-01
51 4.7070312500e+00 8.2261645707e-01 3.1929954127e-01
51 4.7109375000e+00 8.2114086307e-01 3.1915625647e-01
51 4.7148437500e+00 8.1966884854e-01 3.1901312670e-01
51 4.7187500000e+00 8.1820038507e-01 3.1887015000e-01
51 4.7226562500e+00 8.1673549190e-01 3.1872732905e-01
51 4.7265625000e+00 8.1527410422e-01 3.1858465830e-01
51 4.7304687500e+00 8.1381629447e-01 3.1844214562e-01
51 4.7343750000e+00 8.1236197579e-01 3.1829978332e-01
51 4.7382812500e+00 8.1091118339e-01 3.1815757563e-01
51 4.7421875000e+00 8.0946388978e-01 3.1801552064e-01
51 4.7460937500e+00 8.0802010593e-01 3.1787362021e-01
51 4.7500000000e+00 8.0657977631e-01 3.1773186966e-01
51 4.7539062500e+00 8.0514290173e-01 3.1759026986e-01
51 4.7578125000e+00 8.0370952134e-01 3.1744882544e-01
51 4.7617187500e+00 8.0227957433e-01 3.1730753117e-01
51 4.7656250000e+00 8.0085306401e-01 3.1716638817e-01
51 4.7695312500e+00 7.9942998729e-01 3.1702539690e-01
51 4.7734375000e+00 7.9801034615e-01 3.1688455832e-01
51 4.7773437500e+00 7.9659409318e-01 3.1674386852e-01
51 4.7812500000e+00 7.9518124581e-01 3.1660332997e-01
51 4.7851562500e+00 7.9377179589e-01 3.1646294265e-01
51 4.7890625000e+00 7.9236570809e-01 3.1632270380e-01
51 4.7929687500e+00 7.9096301089e-01 3.1618261703e-01
51 4.7968750000e+00 7.8956367599e-01 3.1604268027e-01
51 4.8007812500e+00 7.8816765766e-01 3.1590288970e-01
51 4.8046875000e+00 7.8677502334e-01 3.1576325285e-01
51 4.8085937500e+00 7.8538568357e-01 3.1562376150e-01
51 4.8125000000e+00 7.8399969193e-01 3.1548442177e-01
51 4.8164062500e+00 7.8261698809e-01 3.1534522838e-01
51 4.8203125000e+00 7.8123759186e-01 3.1520618405e-01
51 4.8242187500e+00 7.7986149409e-01 3.1506728861e-01
51 4.8281250000e+00 7.7848867526e-01 3.1492854086e-01
51 4.8320312500e+00 7.7711912013e-01 3.1478993999e-01
51 4.8359375000e+00 7.7575283507e-01 3.1465148739e-01
51 4.8398437500e+00 7.7438981954e-01 3.1451318376e-01
51 4.8437500000e+00 7.7303001749e-01 3.1437502415e-01
51 4.8476562500e+00 7.7167346736e-01 3.1423701321e-01
51 4.8515625000e+00 7.7032014528e-01 3.1409914924e-01
51 4.8554687500e+00 7.6897005478e-01 3.1396143336e-01
51 4.8593750000e+00 7.6762314658e-01 3.1382386127e-01
51 4.8632812500e+00 7.6627944896e-01 3.1368643659e-01
51 4.8671875000e+00 7.6493893068e-01 3.1354915686e-01
51 4.8710937500e+00 7.6360158972e-01 3.1341202260e-01
51 4.8750000000e+00 7.6226742875e-01 3.1327503483e-01
51 4.8789062500e+00 7.6093641932e-01 3.1313819134e-01
51 4.8828125000e+00 7.5960855251e-01 3.1300149195e-01
51 4.8867187500e+00 7.5828386795e-01 3.1286494146e-01
51 4.8906250000e+00 7.5696227517e-01 3.1272853128e-01
51 4.8945312500e+00 7.5564383100e-01 3.1259226798e-01
51 4.8984375000e+00 7.5432848061e-01 3.1245614663e-01
51 4.9023437500e+00 7.5301625089e-01 3.1232017073e-01
51 4.9062500000e+00 7.5170711732e-01 3.1218433845e-01
51 4.9101562500e+00 7.5040106907e-01 3.1204864939e-01
51 4.9140625000e+00 7.4909809158e-01 3.1191310275e-01
51 4.9179687500e+00 7.4779819886e-01 3.1177770070e-01
51 4.9218750000e+00 7.4650137959e-01 3.1164244277e-01
51 4.9257812500e+00 7.4520759625e-01 3.1150732577e-01
51 4.9296875000e+00 7.4391684716e-01 3.1137235022e-01
51 4.9335937500e+00 7.4262914463e-01 3.1123751811e-01
51 4.9375000000e+00 7.4134447561e-01 3.1110282880e-01
51 4.9414062500e+00 7.4006279343e-01 3.1096827808e-01
51 4.9453125000e+00 7.3878414983e-01 3.1083387210e-01
51 4.9492187500e+00 7.3750852029e-01 3.1069960898e-01
51 4.9531250000e+00 7.3623586314e-01 3.1056548503e-01
51 4.9570312500e+00 7.3496618715e-01 3.1043150188e-01
51 4.9609375000e+00 7.3369948260e-01 3.1029765919e-01
51 4.9648437500e+00 7.3243573892e-01 3.1016395655e-01
51 4.9687500000e+00 7.3117498864e-01 3.1003039809e-01
51 4.9726562500e+00 7.2991714936e-01 3.0989697577e-01
51 4.9765625000e+00 7.2866227787e-01 3.0976369632e-01
51 4.9804687500e+00 7.2741033410e-01 3.0963055616e-01
51 4.9843750000e+00 7.2616130902e-01 3.0949755502e-01
51 4.9882812500e+00 7.2491519085e-01 3.0936469234e-01
51 4.9921875000e+00 7.2367199270e-01 3.0923197019e-01
51 4.9960937500e+00 7.2243168181e-01 3.0909938577e-01
51 5.0000000000e+00 7.2119428780e-01 3.0896694292e-01
