0.25000 0.81113918
0.25500 0.78712644
0.26000 0.76454285
0.26500 0.74327686
0.27000 0.72322830
0.27500 0.70430606
0.28000 0.68642737
0.28500 0.66951680
0.29000 0.65350553
0.29500 0.63833067
0.30000 0.62393460
0.30500 0.61026453
0.31000 0.59727194
0.31500 0.58491224
0.32000 0.57314437
0.32500 0.56193044
0.33000 0.55123551
0.33500 0.54102727
0.34000 0.53127583
0.34500 0.52195349
0.35000 0.51303458
0.35500 0.50449527
0.36000 0.49631342
0.36500 0.48846843
0.37000 0.48094113
0.37500 0.47371368
0.38000 0.46676942
0.38500 0.46009282
0.39000 0.45366935
0.39500 0.44748546
0.40000 0.44152846
0.40500 0.43578648
0.41000 0.43024838
0.41500 0.42490373
0.42000 0.41974277
0.42500 0.41475629
0.43000 0.40993567
0.43500 0.40527281
0.44000 0.40076009
0.44500 0.39639031
0.45000 0.39215674
0.45500 0.38805300
0.46000 0.38407309
0.46500 0.38021135
0.47000 0.37646244
0.47500 0.37282130
0.48000 0.36928319
0.48500 0.36584359
0.49000 0.36249823
0.49500 0.35924309
0.50000 0.35607436
0.50500 0.35298840
0.51000 0.34998181
0.51500 0.34705132
0.52000 0.34419386
0.52500 0.34140651
0.53000 0.33868648
0.53500 0.33603114
0.54000 0.33343799
0.54500 0.33090463
0.55000 0.32842881
0.55500 0.32600837
0.56000 0.32364125
0.56500 0.32132551
0.57000 0.31905928
0.57500 0.31684077
0.58000 0.31466831
0.58500 0.31254028
0.59000 0.31045513
0.59500 0.30841140
0.60000 0.30640768
0.60500 0.30444262
0.61000 0.30251495
0.61500 0.30062344
0.62000 0.29876692
0.62500 0.29694426
0.63000 0.29515438
0.63500 0.29339627
0.64000 0.29166893
0.64500 0.28997142
0.65000 0.28830284
0.65500 0.28666231
0.66000 0.28504900
0.66500 0.28346212
0.67000 0.28190090
0.67500 0.28036459
0.68000 0.27885250
0.68500 0.27736394
0.69000 0.27589826
0.69500 0.27445483
0.70000 0.27303304
0.70500 0.27163232
0.71000 0.27025210
0.71500 0.26889184
0.72000 0.26755103
0.72500 0.26622917
0.73000 0.26492576
0.73500 0.26364035
0.74000 0.26237249
0.74500 0.26112175
0.75000 0.25988771
0.75500 0.25866996
0.76000 0.25746812
0.76500 0.25628180
0.77000 0.25511066
0.77500 0.25395434
0.78000 0.25281249
0.78500 0.25168479
0.79000 0.25057093
0.79500 0.24947059
0.80000 0.24838349
0.80500 0.24730932
0.81000 0.24624782
0.81500 0.24519871
0.82000 0.24416174
0.82500 0.24313664
0.83000 0.24212318
0.83500 0.24112112
0.84000 0.24013021
0.84500 0.23915026
0.85000 0.23818102
0.85500 0.23722230
0.86000 0.23627389
0.86500 0.23533558
0.87000 0.23440719
0.87500 0.23348854
0.88000 0.23257942
0.88500 0.23167968
0.89000 0.23078913
0.89500 0.22990761
0.90000 0.22903496
0.90500 0.22817101
0.91000 0.22731561
0.91500 0.22646862
0.92000 0.22562988
0.92500 0.22479926
0.93000 0.22397661
0.93500 0.22316180
0.94000 0.22235469
0.94500 0.22155516
0.95000 0.22076309
0.95500 0.21997835
0.96000 0.21920081
0.96500 0.21843038
0.97000 0.21766692
0.97500 0.21691033
0.98000 0.21616051
0.98500 0.21541735
0.99000 0.21468073
0.99500 0.21395058
1.00000 0.21322677
1.00500 0.21250923
1.01000 0.21179785
1.01500 0.21109254
1.02000 0.21039322
1.02500 0.20969979
1.03000 0.20901217
1.03500 0.20833028
1.04000 0.20765403
1.04500 0.20698334
1.05000 0.20631814
1.05500 0.20565835
1.06000 0.20500389
1.06500 0.20435469
1.07000 0.20371068
1.07500 0.20307178
1.08000 0.20243792
1.08500 0.20180905
1.09000 0.20118508
1.09500 0.20056597
1.10000 0.19995164
1.10500 0.19934202
1.11000 0.19873707
1.11500 0.19813671
1.12000 0.19754090
1.12500 0.19694956
1.13000 0.19636265
1.13500 0.19578011
1.14000 0.19520188
1.14500 0.19462791
1.15000 0.19405815
1.15500 0.19349255
1.16000 0.19293105
1.16500 0.19237361
1.17000 0.19182017
1.17500 0.19127069
1.18000 0.19072512
1.18500 0.19018342
1.19000 0.18964554
1.19500 0.18911143
1.20000 0.18858105
1.20500 0.18805435
1.21000 0.18753130
1.21500 0.18701185
1.22000 0.18649597
1.22500 0.18598360
1.23000 0.18547472
1.23500 0.18496928
1.24000 0.18446724
1.24500 0.18396857
1.25000 0.18347322
1.25500 0.18298117
1.26000 0.18249237
1.26500 0.18200679
1.27000 0.18152440
1.27500 0.18104516
1.28000 0.18056904
1.28500 0.18009600
1.29000 0.17962602
1.29500 0.17915905
1.30000 0.17869507
1.30500 0.17823404
1.31000 0.17777594
1.31500 0.17732074
1.32000 0.17686840
1.32500 0.17641890
1.33000 0.17597220
1.33500 0.17552828
1.34000 0.17508712
1.34500 0.17464867
1.35000 0.17421292
1.35500 0.17377983
1.36000 0.17334939
1.36500 0.17292157
1.37000 0.17249633
1.37500 0.17207366
1.38000 0.17165352
1.38500 0.17123590
1.39000 0.17082077
1.39500 0.17040811
1.40000 0.16999789
1.40500 0.16959008
1.41000 0.16918468
1.41500 0.16878164
1.42000 0.16838096
1.42500 0.16798260
1.43000 0.16758655
1.43500 0.16719279
1.44000 0.16680129
1.44500 0.16641203
1.45000 0.16602500
1.45500 0.16564016
1.46000 0.16525751
1.46500 0.16487702
1.47000 0.16449867
1.47500 0.16412244
1.48000 0.16374832
1.48500 0.16337628
1.49000 0.16300631
1.49500 0.16263839
1.50000 0.16227249
1.50500 0.16190861
1.51000 0.16154671
1.51500 0.16118680
1.52000 0.16082884
1.52500 0.16047283
1.53000 0.16011874
1.53500 0.15976656
1.54000 0.15941627
1.54500 0.15906785
1.55000 0.15872130
1.55500 0.15837659
1.56000 0.15803370
1.56500 0.15769263
1.57000 0.15735336
1.57500 0.15701586
1.58000 0.15668014
1.58500 0.15634616
1.59000 0.15601393
1.59500 0.15568341
1.60000 0.15535461
1.60500 0.15502750
1.61000 0.15470207
1.61500 0.15437831
1.62000 0.15405620
1.62500 0.15373573
1.63000 0.15341689
1.63500 0.15309967
1.64000 0.15278404
1.64500 0.15247000
1.65000 0.15215753
1.65500 0.15184663
1.66000 0.15153728
1.66500 0.15122947
1.67000 0.15092318
1.67500 0.15061840
1.68000 0.15031513
1.68500 0.15001334
1.69000 0.14971304
1.69500 0.14941420
1.70000 0.14911681
1.70500 0.14882087
1.71000 0.14852637
1.71500 0.14823328
1.72000 0.14794161
1.72500 0.14765134
1.73000 0.14736245
1.73500 0.14707495
1.74000 0.14678881
1.74500 0.14650403
1.75000 0.14622060
1.75500 0.14593851
1.76000 0.14565775
1.76500 0.14537830
1.77000 0.14510017
1.77500 0.14482333
1.78000 0.14454778
1.78500 0.14427350
1.79000 0.14400050
1.79500 0.14372876
1.80000 0.14345828
1.80500 0.14318903
1.81000 0.14292102
1.81500 0.14265423
1.82000 0.14238865
1.82500 0.14212429
1.83000 0.14186112
1.83500 0.14159914
1.84000 0.14133834
1.84500 0.14107872
1.85000 0.14082026
1.85500 0.14056295
1.86000 0.14030680
1.86500 0.14005178
1.87000 0.13979789
1.87500 0.13954513
1.88000 0.13929349
1.88500 0.13904295
1.89000 0.13879351
1.89500 0.13854517
1.90000 0.13829791
1.90500 0.13805173
1.91000 0.13780662
1.91500 0.13756257
1.92000 0.13731958
1.92500 0.13707763
1.93000 0.13683673
1.93500 0.13659686
1.94000 0.13635802
1.94500 0.13612020
1.95000 0.13588340
1.95500 0.13564760
1.96000 0.13541280
1.96500 0.13517899
1.97000 0.13494617
1.97500 0.13471433
1.98000 0.13448346
1.98500 0.13425357
1.99000 0.13402463
1.99500 0.13379664
2.00000 0.13356961
2.00500 0.13334351
2.01000 0.13311836
2.01500 0.13289413
2.02000 0.13267082
2.02500 0.13244844
2.03000 0.13222696
2.03500 0.13200639
2.04000 0.13178672
2.04500 0.13156795
2.05000 0.13135006
2.05500 0.13113306
2.06000 0.13091693
2.06500 0.13070167
2.07000 0.13048729
2.07500 0.13027376
2.08000 0.13006108
2.08500 0.12984926
2.09000 0.12963828
2.09500 0.12942814
2.10000 0.12921884
2.10500 0.12901036
2.11000 0.12880270
2.11500 0.12859587
2.12000 0.12838985
2.12500 0.12818463
2.13000 0.12798022
2.13500 0.12777661
2.14000 0.12757379
2.14500 0.12737176
2.15000 0.12717052
2.15500 0.12697005
2.16000 0.12677036
2.16500 0.12657143
2.17000 0.12637327
2.17500 0.12617588
2.18000 0.12597923
2.18500 0.12578334
2.19000 0.12558820
2.19500 0.12539380
2.20000 0.12520013
2.20500 0.12500720
2.21000 0.12481500
2.21500 0.12462352
2.22000 0.12443276
2.22500 0.12424272
2.23000 0.12405339
2.23500 0.12386477
2.24000 0.12367685
2.24500 0.12348963
2.25000 0.12330311
2.25500 0.12311728
2.26000 0.12293213
2.26500 0.12274767
2.27000 0.12256389
2.27500 0.12238078
2.28000 0.12219835
2.28500 0.12201658
2.29000 0.12183548
2.29500 0.12165503
2.30000 0.12147525
2.30500 0.12129611
2.31000 0.12111762
2.31500 0.12093978
2.32000 0.12076258
2.32500 0.12058602
2.33000 0.12041009
2.33500 0.12023479
2.34000 0.12006012
2.34500 0.11988608
2.35000 0.11971265
2.35500 0.11953984
2.36000 0.11936764
2.36500 0.11919605
2.37000 0.11902507
2.37500 0.11885469
2.38000 0.11868492
2.38500 0.11851573
2.39000 0.11834714
2.39500 0.11817914
2.40000 0.11801173
2.40500 0.11784490
2.41000 0.11767865
2.41500 0.11751298
2.42000 0.11734788
2.42500 0.11718335
2.43000 0.11701939
2.43500 0.11685599
2.44000 0.11669316
2.44500 0.11653088
2.45000 0.11636916
2.45500 0.11620799
2.46000 0.11604737
2.46500 0.11588730
2.47000 0.11572777
2.47500 0.11556878
2.48000 0.11541033
2.48500 0.11525241
2.49000 0.11509503
2.49500 0.11493818
2.50000 0.11478185
2.50500 0.11462604
2.51000 0.11447076
2.51500 0.11431600
2.52000 0.11416175
2.52500 0.11400801
2.53000 0.11385478
2.53500 0.11370207
2.54000 0.11354985
2.54500 0.11339814
2.55000 0.11324693
2.55500 0.11309621
2.56000 0.11294599
2.56500 0.11279626
2.57000 0.11264703
2.57500 0.11249827
2.58000 0.11235001
2.58500 0.11220222
2.59000 0.11205491
2.59500 0.11190808
2.60000 0.11176173
2.60500 0.11161585
2.61000 0.11147043
2.61500 0.11132549
2.62000 0.11118101
2.62500 0.11103699
2.63000 0.11089343
2.63500 0.11075033
2.64000 0.11060769
2.64500 0.11046550
2.65000 0.11032376
2.65500 0.11018247
2.66000 0.11004163
2.66500 0.10990123
2.67000 0.10976127
2.67500 0.10962176
2.68000 0.10948268
2.68500 0.10934404
2.69000 0.10920583
2.69500 0.10906805
2.70000 0.10893070
2.70500 0.10879378
2.71000 0.10865729
2.71500 0.10852122
2.72000 0.10838557
2.72500 0.10825033
2.73000 0.10811552
2.73500 0.10798112
2.74000 0.10784713
2.74500 0.10771355
2.75000 0.10758039
2.75500 0.10744763
2.76000 0.10731527
2.76500 0.10718332
2.77000 0.10705177
2.77500 0.10692061
2.78000 0.10678986
2.78500 0.10665950
2.79000 0.10652953
2.79500 0.10639996
2.80000 0.10627078
2.80500 0.10614198
2.81000 0.10601357
2.81500 0.10588554
2.82000 0.10575790
2.82500 0.10563064
2.83000 0.10550375
2.83500 0.10537725
2.84000 0.10525111
2.84500 0.10512536
2.85000 0.10499997
2.85500 0.10487495
2.86000 0.10475031
2.86500 0.10462603
2.87000 0.10450211
2.87500 0.10437856
2.88000 0.10425537
2.88500 0.10413254
2.89000 0.10401006
2.89500 0.10388795
2.90000 0.10376619
2.90500 0.10364478
2.91000 0.10352372
2.91500 0.10340302
2.92000 0.10328266
2.92500 0.10316265
2.93000 0.10304299
2.93500 0.10292366
2.94000 0.10280469
2.94500 0.10268605
2.95000 0.10256775
2.95500 0.10244979
2.96000 0.10233216
2.96500 0.10221487
2.97000 0.10209791
2.97500 0.10198129
2.98000 0.10186499
2.98500 0.10174903
2.99000 0.10163339
2.99500 0.10151807
3.00000 0.10140308
3.00500 0.10128842
3.01000 0.10117407
3.01500 0.10106004
3.02000 0.10094634
3.02500 0.10083295
3.03000 0.10071987
3.03500 0.10060711
3.04000 0.10049467
3.04500 0.10038253
3.05000 0.10027071
3.05500 0.10015919
3.06000 0.10004798
3.06500 0.09993708
3.07000 0.09982648
3.07500 0.09971619
3.08000 0.09960620
3.08500 0.09949651
3.09000 0.09938711
3.09500 0.09927802
3.10000 0.09916923
3.10500 0.09906073
3.11000 0.09895252
3.11500 0.09884461
3.12000 0.09873699
3.12500 0.09862966
3.13000 0.09852262
3.13500 0.09841587
3.14000 0.09830940
3.14500 0.09820322
3.15000 0.09809733
3.15500 0.09799171
3.16000 0.09788639
3.16500 0.09778134
3.17000 0.09767657
3.17500 0.09757208
3.18000 0.09746787
3.18500 0.09736393
3.19000 0.09726027
3.19500 0.09715688
3.20000 0.09705377
3.20500 0.09695092
3.21000 0.09684835
3.21500 0.09674605
3.22000 0.09664401
3.22500 0.09654225
3.23000 0.09644075
3.23500 0.09633951
3.24000 0.09623854
3.24500 0.09613783
3.25000 0.09603738
3.25500 0.09593719
3.26000 0.09583726
3.26500 0.09573759
3.27000 0.09563818
3.27500 0.09553902
3.28000 0.09544012
3.28500 0.09534148
3.29000 0.09524308
3.29500 0.09514494
3.30000 0.09504705
3.30500 0.09494941
3.31000 0.09485202
3.31500 0.09475488
3.32000 0.09465798
3.32500 0.09456133
3.33000 0.09446493
3.33500 0.09436877
3.34000 0.09427285
3.34500 0.09417717
3.35000 0.09408174
3.35500 0.09398655
3.36000 0.09389159
3.36500 0.09379688
3.37000 0.09370240
3.37500 0.09360815
3.38000 0.09351415
3.38500 0.09342037
3.39000 0.09332684
3.39500 0.09323353
3.40000 0.09314045
3.40500 0.09304761
3.41000 0.09295500
3.41500 0.09286261
3.42000 0.09277046
3.42500 0.09267853
3.43000 0.09258682
3.43500 0.09249535
3.44000 0.09240409
3.44500 0.09231306
3.45000 0.09222226
3.45500 0.09213167
3.46000 0.09204131
3.46500 0.09195116
3.47000 0.09186124
3.47500 0.09177153
3.48000 0.09168205
3.48500 0.09159278
3.49000 0.09150372
3.49500 0.09141488
3.50000 0.09132626
3.50500 0.09123784
3.51000 0.09114964
3.51500 0.09106166
3.52000 0.09097388
3.52500 0.09088631
3.53000 0.09079896
3.53500 0.09071181
3.54000 0.09062487
3.54500 0.09053814
3.55000 0.09045161
3.55500 0.09036529
3.56000 0.09027917
3.56500 0.09019326
3.57000 0.09010755
3.57500 0.09002204
3.58000 0.08993674
3.58500 0.08985163
3.59000 0.08976673
3.59500 0.08968202
3.60000 0.08959752
3.60500 0.08951321
3.61000 0.08942910
3.61500 0.08934518
3.62000 0.08926146
3.62500 0.08917794
3.63000 0.08909461
3.63500 0.08901147
3.64000 0.08892853
3.64500 0.08884578
3.65000 0.08876322
3.65500 0.08868085
3.66000 0.08859867
3.66500 0.08851668
3.67000 0.08843488
3.67500 0.08835326
3.68000 0.08827184
3.68500 0.08819060
3.69000 0.08810954
3.69500 0.08802867
3.70000 0.08794799
3.70500 0.08786749
3.71000 0.08778717
3.71500 0.08770704
3.72000 0.08762708
3.72500 0.08754731
3.73000 0.08746772
3.73500 0.08738831
3.74000 0.08730907
3.74500 0.08723002
3.75000 0.08715114
3.75500 0.08707244
3.76000 0.08699392
3.76500 0.08691558
3.77000 0.08683740
3.77500 0.08675941
3.78000 0.08668159
3.78500 0.08660394
3.79000 0.08652646
3.79500 0.08644916
3.80000 0.08637203
3.80500 0.08629507
3.81000 0.08621828
3.81500 0.08614166
3.82000 0.08606520
3.82500 0.08598892
3.83000 0.08591281
3.83500 0.08583686
3.84000 0.08576108
3.84500 0.08568547
3.85000 0.08561002
3.85500 0.08553473
3.86000 0.08545962
3.86500 0.08538466
3.87000 0.08530987
3.87500 0.08523524
3.88000 0.08516078
3.88500 0.08508647
3.89000 0.08501233
3.89500 0.08493834
3.90000 0.08486452
3.90500 0.08479086
3.91000 0.08471735
3.91500 0.08464401
3.92000 0.08457082
3.92500 0.08449779
3.93000 0.08442491
3.93500 0.08435220
3.94000 0.08427963
3.94500 0.08420723
3.95000 0.08413497
3.95500 0.08406287
3.96000 0.08399093
3.96500 0.08391914
3.97000 0.08384750
3.97500 0.08377601
3.98000 0.08370467
3.98500 0.08363349
3.99000 0.08356245
3.99500 0.08349157
4.00000 0.08342083
4.00500 0.08335025
4.01000 0.08327981
4.01500 0.08320952
4.02000 0.08313938
4.02500 0.08306938
4.03000 0.08299953
4.03500 0.08292983
4.04000 0.08286027
4.04500 0.08279086
4.05000 0.08272159
4.05500 0.08265246
4.06000 0.08258348
4.06500 0.08251464
4.07000 0.08244595
4.07500 0.08237740
4.08000 0.08230898
4.08500 0.08224071
4.09000 0.08217258
4.09500 0.08210459
4.10000 0.08203674
4.10500 0.08196903
4.11000 0.08190146
4.11500 0.08183403
4.12000 0.08176673
4.12500 0.08169958
4.13000 0.08163256
4.13500 0.08156567
4.14000 0.08149892
4.14500 0.08143231
4.15000 0.08136583
4.15500 0.08129949
4.16000 0.08123328
4.16500 0.08116721
4.17000 0.08110127
4.17500 0.08103546
4.18000 0.08096979
4.18500 0.08090425
4.19000 0.08083884
4.19500 0.08077356
4.20000 0.08070841
4.20500 0.08064339
4.21000 0.08057850
4.21500 0.08051375
4.22000 0.08044912
4.22500 0.08038462
4.23000 0.08032025
4.23500 0.08025600
4.24000 0.08019189
4.24500 0.08012790
4.25000 0.08006404
4.25500 0.08000030
4.26000 0.07993669
4.26500 0.07987321
4.27000 0.07980985
4.27500 0.07974662
4.28000 0.07968351
4.28500 0.07962053
4.29000 0.07955766
4.29500 0.07949493
4.30000 0.07943231
4.30500 0.07936982
4.31000 0.07930745
4.31500 0.07924520
4.32000 0.07918307
4.32500 0.07912107
4.33000 0.07905918
4.33500 0.07899742
4.34000 0.07893577
4.34500 0.07887425
4.35000 0.07881284
4.35500 0.07875155
4.36000 0.07869038
4.36500 0.07862933
4.37000 0.07856839
4.37500 0.07850758
4.38000 0.07844688
4.38500 0.07838629
4.39000 0.07832583
4.39500 0.07826548
4.40000 0.07820524
4.40500 0.07814512
4.41000 0.07808511
4.41500 0.07802522
4.42000 0.07796544
4.42500 0.07790578
4.43000 0.07784623
4.43500 0.07778679
4.44000 0.07772747
4.44500 0.07766826
4.45000 0.07760916
4.45500 0.07755017
4.46000 0.07749129
4.46500 0.07743252
4.47000 0.07737387
4.47500 0.07731532
4.48000 0.07725689
4.48500 0.07719856
4.49000 0.07714035
4.49500 0.07708224
4.50000 0.07702424
4.50500 0.07696635
4.51000 0.07690857
4.51500 0.07685089
4.52000 0.07679333
4.52500 0.07673587
4.53000 0.07667851
4.53500 0.07662127
4.54000 0.07656413
4.54500 0.07650709
4.55000 0.07645016
4.55500 0.07639334
4.56000 0.07633662
4.56500 0.07628000
4.57000 0.07622349
4.57500 0.07616709
4.58000 0.07611078
4.58500 0.07605459
4.59000 0.07599849
4.59500 0.07594249
4.60000 0.07588660
4.60500 0.07583081
4.61000 0.07577513
4.61500 0.07571954
4.62000 0.07566406
4.62500 0.07560867
4.63000 0.07555339
4.63500 0.07549821
4.64000 0.07544312
4.64500 0.07538814
4.65000 0.07533326
4.65500 0.07527847
4.66000 0.07522379
4.66500 0.07516920
4.67000 0.07511471
4.67500 0.07506032
4.68000 0.07500603
4.68500 0.07495184
4.69000 0.07489774
4.69500 0.07484374
4.70000 0.07478983
4.70500 0.07473603
4.71000 0.07468232
4.71500 0.07462870
4.72000 0.07457518
4.72500 0.07452175
4.73000 0.07446842
4.73500 0.07441519
4.74000 0.07436205
4.74500 0.07430900
4.75000 0.07425605
4.75500 0.07420319
4.76000 0.07415042
4.76500 0.07409775
4.77000 0.07404517
4.77500 0.07399269
4.78000 0.07394029
4.78500 0.07388799
4.79000 0.07383578
4.79500 0.07378366
4.80000 0.07373163
4.80500 0.07367970
4.81000 0.07362785
4.81500 0.07357609
4.82000 0.07352443
4.82500 0.07347285
4.83000 0.07342137
4.83500 0.07336997
4.84000 0.07331867
4.84500 0.07326745
4.85000 0.07321632
4.85500 0.07316528
4.86000 0.07311433
4.86500 0.07306347
4.87000 0.07301269
4.87500 0.07296200
4.88000 0.07291140
4.88500 0.07286089
4.89000 0.07281046
4.89500 0.07276012
4.90000 0.07270987
4.90500 0.07265970
4.91000 0.07260962
4.91500 0.07255962
4.92000 0.07250971
4.92500 0.07245989
4.93000 0.07241015
4.93500 0.07236049
4.94000 0.07231092
4.94500 0.07226143
4.95000 0.07221203
4.95500 0.07216271
4.96000 0.07211348
4.96500 0.07206433
4.97000 0.07201526
4.97500 0.07196627
4.98000 0.07191737
4.98500 0.07186855
4.99000 0.07181981
4.99500 0.07177115
5.00000 0.07172258
5.00500 0.07167409
5.01000 0.07162567
5.01500 0.07157734
5.02000 0.07152909
5.02500 0.07148093
5.03000 0.07143284
5.03500 0.07138483
5.04000 0.07133690
5.04500 0.07128905
5.05000 0.07124128
5.05500 0.07119360
5.06000 0.07114599
5.06500 0.07109846
5.07000 0.07105100
5.07500 0.07100363
5.08000 0.07095634
5.08500 0.07090912
5.09000 0.07086198
5.09500 0.07081492
5.10000 0.07076794
5.10500 0.07072103
5.11000 0.07067420
5.11500 0.07062745
5.12000 0.07058077
5.12500 0.07053418
5.13000 0.07048765
5.13500 0.07044121
5.14000 0.07039484
5.14500 0.07034854
5.15000 0.07030232
5.15500 0.07025618
5.16000 0.07021011
5.16500 0.07016412
5.17000 0.07011820
5.17500 0.07007236
5.18000 0.07002659
5.18500 0.06998089
5.19000 0.06993527
5.19500 0.06988972
5.20000 0.06984425
5.20500 0.06979885
5.21000 0.06975352
5.21500 0.06970827
5.22000 0.06966309
5.22500 0.06961798
5.23000 0.06957294
5.23500 0.06952798
5.24000 0.06948309
5.24500 0.06943827
5.25000 0.06939352
5.25500 0.06934884
5.26000 0.06930424
5.26500 0.06925970
5.27000 0.06921524
5.27500 0.06917085
5.28000 0.06912653
5.28500 0.06908228
5.29000 0.06903810
5.29500 0.06899398
5.30000 0.06894994
5.30500 0.06890597
5.31000 0.06886207
5.31500 0.06881824
5.32000 0.06877448
5.32500 0.06873078
5.33000 0.06868716
5.33500 0.06864360
5.34000 0.06860012
5.34500 0.06855670
5.35000 0.06851335
5.35500 0.06847007
5.36000 0.06842685
5.36500 0.06838370
5.37000 0.06834062
5.37500 0.06829761
5.38000 0.06825467
5.38500 0.06821179
5.39000 0.06816898
5.39500 0.06812623
5.40000 0.06808355
5.40500 0.06804094
5.41000 0.06799840
5.41500 0.06795592
5.42000 0.06791351
5.42500 0.06787116
5.43000 0.06782888
5.43500 0.06778666
5.44000 0.06774451
5.44500 0.06770242
5.45000 0.06766040
5.45500 0.06761844
5.46000 0.06757655
5.46500 0.06753472
5.47000 0.06749296
5.47500 0.06745126
5.48000 0.06740962
5.48500 0.06736805
5.49000 0.06732654
5.49500 0.06728510
5.50000 0.06724372
5.50500 0.06720240
5.51000 0.06716114
5.51500 0.06711995
5.52000 0.06707882
5.52500 0.06703775
5.53000 0.06699675
5.53500 0.06695580
5.54000 0.06691492
5.54500 0.06687411
5.55000 0.06683335
5.55500 0.06679265
5.56000 0.06675202
5.56500 0.06671145
5.57000 0.06667094
5.57500 0.06663049
5.58000 0.06659010
5.58500 0.06654977
5.59000 0.06650950
5.59500 0.06646930
5.60000 0.06642915
5.60500 0.06638906
5.61000 0.06634904
5.61500 0.06630907
5.62000 0.06626916
5.62500 0.06622931
5.63000 0.06618953
5.63500 0.06614980
5.64000 0.06611013
5.64500 0.06607052
5.65000 0.06603097
5.65500 0.06599147
5.66000 0.06595204
5.66500 0.06591267
5.67000 0.06587335
5.67500 0.06583409
5.68000 0.06579489
5.68500 0.06575575
5.69000 0.06571666
5.69500 0.06567763
5.70000 0.06563866
5.70500 0.06559975
5.71000 0.06556090
5.71500 0.06552210
5.72000 0.06548336
5.72500 0.06544467
5.73000 0.06540604
5.73500 0.06536747
5.74000 0.06532896
5.74500 0.06529050
5.75000 0.06525210
5.75500 0.06521375
5.76000 0.06517546
5.76500 0.06513723
5.77000 0.06509905
5.77500 0.06506093
5.78000 0.06502286
5.78500 0.06498485
5.79000 0.06494689
5.79500 0.06490899
5.80000 0.06487114
5.80500 0.06483335
5.81000 0.06479561
5.81500 0.06475793
5.82000 0.06472030
5.82500 0.06468273
5.83000 0.06464521
5.83500 0.06460774
5.84000 0.06457033
5.84500 0.06453297
5.85000 0.06449566
5.85500 0.06445841
5.86000 0.06442121
5.86500 0.06438407
5.87000 0.06434698
5.87500 0.06430994
5.88000 0.06427295
5.88500 0.06423602
5.89000 0.06419914
5.89500 0.06416231
5.90000 0.06412554
5.90500 0.06408882
5.91000 0.06405215
5.91500 0.06401553
5.92000 0.06397896
5.92500 0.06394245
5.93000 0.06390598
5.93500 0.06386957
5.94000 0.06383321
5.94500 0.06379691
5.95000 0.06376065
5.95500 0.06372444
5.96000 0.06368829
5.96500 0.06365218
5.97000 0.06361613
5.97500 0.06358013
5.98000 0.06354418
5.98500 0.06350828
5.99000 0.06347242
5.99500 0.06343662
6.00000 0.06340087
6.00500 0.06336517
6.01000 0.06332952
6.01500 0.06329392
6.02000 0.06325837
6.02500 0.06322287
6.03000 0.06318742
6.03500 0.06315201
6.04000 0.06311666
6.04500 0.06308136
6.05000 0.06304610
6.05500 0.06301089
6.06000 0.06297574
6.06500 0.06294063
6.07000 0.06290557
6.07500 0.06287056
6.08000 0.06283559
6.08500 0.06280068
6.09000 0.06276581
6.09500 0.06273099
6.10000 0.06269622
6.10500 0.06266150
6.11000 0.06262682
6.11500 0.06259220
6.12000 0.06255762
6.12500 0.06252308
6.13000 0.06248860
6.13500 0.06245416
6.14000 0.06241977
6.14500 0.06238542
6.15000 0.06235113
6.15500 0.06231688
6.16000 0.06228267
6.16500 0.06224852
6.17000 0.06221441
6.17500 0.06218034
6.18000 0.06214632
6.18500 0.06211235
6.19000 0.06207843
6.19500 0.06204455
6.20000 0.06201072
6.20500 0.06197693
6.21000 0.06194319
6.21500 0.06190949
6.22000 0.06187584
6.22500 0.06184223
6.23000 0.06180867
6.23500 0.06177516
6.24000 0.06174169
6.24500 0.06170827
6.25000 0.06167489
6.25500 0.06164155
6.26000 0.06160826
6.26500 0.06157502
6.27000 0.06154182
6.27500 0.06150866
6.28000 0.06147555
6.28500 0.06144248
6.29000 0.06140946
6.29500 0.06137648
6.30000 0.06134354
6.30500 0.06131065
6.31000 0.06127780
6.31500 0.06124500
6.32000 0.06121224
6.32500 0.06117952
6.33000 0.06114685
6.33500 0.06111422
6.34000 0.06108163
6.34500 0.06104909
6.35000 0.06101659
6.35500 0.06098413
6.36000 0.06095171
6.36500 0.06091934
6.37000 0.06088701
6.37500 0.06085473
6.38000 0.06082248
6.38500 0.06079028
6.39000 0.06075812
6.39500 0.06072600
6.40000 0.06069393
6.40500 0.06066190
6.41000 0.06062990
6.41500 0.06059796
6.42000 0.06056605
6.42500 0.06053418
6.43000 0.06050236
6.43500 0.06047058
6.44000 0.06043884
6.44500 0.06040714
6.45000 0.06037548
6.45500 0.06034386
6.46000 0.06031229
6.46500 0.06028075
6.47000 0.06024926
6.47500 0.06021781
6.48000 0.06018639
6.48500 0.06015502
6.49000 0.06012369
6.49500 0.06009240
6.50000 0.06006115
6.50500 0.06002994
6.51000 0.05999877
6.51500 0.05996764
6.52000 0.05993656
6.52500 0.05990551
6.53000 0.05987450
6.53500 0.05984353
6.54000 0.05981260
6.54500 0.05978171
6.55000 0.05975086
6.55500 0.05972005
6.56000 0.05968928
6.56500 0.05965855
6.57000 0.05962786
6.57500 0.05959720
6.58000 0.05956659
6.58500 0.05953602
6.59000 0.05950548
6.59500 0.05947498
6.60000 0.05944453
6.60500 0.05941411
6.61000 0.05938373
6.61500 0.05935338
6.62000 0.05932308
6.62500 0.05929282
6.63000 0.05926259
6.63500 0.05923240
6.64000 0.05920225
6.64500 0.05917214
6.65000 0.05914207
6.65500 0.05911203
6.66000 0.05908203
6.66500 0.05905207
6.67000 0.05902215
6.67500 0.05899226
6.68000 0.05896242
6.68500 0.05893261
6.69000 0.05890284
6.69500 0.05887310
6.70000 0.05884340
6.70500 0.05881374
6.71000 0.05878412
6.71500 0.05875453
6.72000 0.05872498
6.72500 0.05869547
6.73000 0.05866600
6.73500 0.05863656
6.74000 0.05860716
6.74500 0.05857779
6.75000 0.05854846
6.75500 0.05851917
6.76000 0.05848992
6.76500 0.05846070
6.77000 0.05843151
6.77500 0.05840237
6.78000 0.05837326
6.78500 0.05834418
6.79000 0.05831514
6.79500 0.05828614
6.80000 0.05825717
6.80500 0.05822824
6.81000 0.05819935
6.81500 0.05817049
6.82000 0.05814166
6.82500 0.05811287
6.83000 0.05808412
6.83500 0.05805540
6.84000 0.05802672
6.84500 0.05799807
6.85000 0.05796946
6.85500 0.05794088
6.86000 0.05791234
6.86500 0.05788383
6.87000 0.05785536
6.87500 0.05782692
6.88000 0.05779852
6.88500 0.05777015
6.89000 0.05774182
6.89500 0.05771352
6.90000 0.05768525
6.90500 0.05765702
6.91000 0.05762883
6.91500 0.05760067
6.92000 0.05757254
6.92500 0.05754445
6.93000 0.05751639
6.93500 0.05748836
6.94000 0.05746037
6.94500 0.05743241
6.95000 0.05740449
6.95500 0.05737660
6.96000 0.05734874
6.96500 0.05732092
6.97000 0.05729313
6.97500 0.05726538
6.98000 0.05723765
6.98500 0.05720997
6.99000 0.05718231
6.99500 0.05715469
7.00000 0.05712710
7.00500 0.05709954
7.01000 0.05707202
7.01500 0.05704453
7.02000 0.05701707
7.02500 0.05698965
7.03000 0.05696226
7.03500 0.05693490
7.04000 0.05690757
7.04500 0.05688028
7.05000 0.05685302
7.05500 0.05682579
7.06000 0.05679859
7.06500 0.05677143
7.07000 0.05674430
7.07500 0.05671720
7.08000 0.05669013
7.08500 0.05666310
7.09000 0.05663610
7.09500 0.05660913
7.10000 0.05658219
7.10500 0.05655528
7.11000 0.05652840
7.11500 0.05650156
7.12000 0.05647475
7.12500 0.05644797
7.13000 0.05642122
7.13500 0.05639450
7.14000 0.05636782
7.14500 0.05634116
7.15000 0.05631454
7.15500 0.05628795
7.16000 0.05626139
7.16500 0.05623486
7.17000 0.05620836
7.17500 0.05618189
7.18000 0.05615546
7.18500 0.05612905
7.19000 0.05610268
7.19500 0.05607634
7.20000 0.05605002
7.20500 0.05602374
7.21000 0.05599749
7.21500 0.05597127
7.22000 0.05594508
7.22500 0.05591892
7.23000 0.05589279
7.23500 0.05586669
7.24000 0.05584062
7.24500 0.05581458
7.25000 0.05578857
7.25500 0.05576260
7.26000 0.05573665
7.26500 0.05571073
7.27000 0.05568484
7.27500 0.05565898
7.28000 0.05563315
7.28500 0.05560736
7.29000 0.05558159
7.29500 0.05555585
7.30000 0.05553014
7.30500 0.05550446
7.31000 0.05547881
7.31500 0.05545319
7.32000 0.05542760
7.32500 0.05540203
7.33000 0.05537650
7.33500 0.05535100
7.34000 0.05532552
7.34500 0.05530008
7.35000 0.05527466
7.35500 0.05524927
7.36000 0.05522392
7.36500 0.05519859
7.37000 0.05517329
7.37500 0.05514801
7.38000 0.05512277
7.38500 0.05509756
7.39000 0.05507237
7.39500 0.05504722
7.40000 0.05502209
7.40500 0.05499699
7.41000 0.05497192
7.41500 0.05494688
7.42000 0.05492186
7.42500 0.05489687
7.43000 0.05487192
7.43500 0.05484699
7.44000 0.05482209
7.44500 0.05479721
7.45000 0.05477237
7.45500 0.05474755
7.46000 0.05472276
7.46500 0.05469800
7.47000 0.05467327
7.47500 0.05464856
7.48000 0.05462388
7.48500 0.05459923
7.49000 0.05457461
7.49500 0.05455002
7.50000 0.05452545
7.50500 0.05450091
7.51000 0.05447640
7.51500 0.05445191
7.52000 0.05442745
7.52500 0.05440302
7.53000 0.05437862
7.53500 0.05435425
7.54000 0.05432990
7.54500 0.05430558
7.55000 0.05428128
7.55500 0.05425701
7.56000 0.05423277
7.56500 0.05420856
7.57000 0.05418437
7.57500 0.05416021
7.58000 0.05413608
7.58500 0.05411198
7.59000 0.05408790
7.59500 0.05406384
7.60000 0.05403982
7.60500 0.05401582
7.61000 0.05399184
7.61500 0.05396790
7.62000 0.05394398
7.62500 0.05392008
7.63000 0.05389622
7.63500 0.05387237
7.64000 0.05384856
7.64500 0.05382477
7.65000 0.05380101
7.65500 0.05377727
7.66000 0.05375356
7.66500 0.05372988
7.67000 0.05370622
7.67500 0.05368258
7.68000 0.05365898
7.68500 0.05363540
7.69000 0.05361184
7.69500 0.05358831
7.70000 0.05356481
7.70500 0.05354133
7.71000 0.05351788
7.71500 0.05349445
7.72000 0.05347105
7.72500 0.05344767
7.73000 0.05342432
7.73500 0.05340100
7.74000 0.05337770
7.74500 0.05335442
7.75000 0.05333117
7.75500 0.05330795
7.76000 0.05328475
7.76500 0.05326157
7.77000 0.05323843
7.77500 0.05321530
7.78000 0.05319220
7.78500 0.05316913
7.79000 0.05314608
7.79500 0.05312306
7.80000 0.05310006
7.80500 0.05307708
7.81000 0.05305413
7.81500 0.05303121
7.82000 0.05300831
7.82500 0.05298543
7.83000 0.05296258
7.83500 0.05293975
7.84000 0.05291695
7.84500 0.05289417
7.85000 0.05287142
7.85500 0.05284869
7.86000 0.05282598
7.86500 0.05280330
7.87000 0.05278065
7.87500 0.05275801
7.88000 0.05273541
7.88500 0.05271282
7.89000 0.05269026
7.89500 0.05266773
7.90000 0.05264521
7.90500 0.05262273
7.91000 0.05260026
7.91500 0.05257782
7.92000 0.05255540
7.92500 0.05253301
7.93000 0.05251064
7.93500 0.05248830
7.94000 0.05246598
7.94500 0.05244368
7.95000 0.05242140
7.95500 0.05239915
7.96000 0.05237693
7.96500 0.05235472
7.97000 0.05233254
7.97500 0.05231038
7.98000 0.05228825
7.98500 0.05226614
7.99000 0.05224405
7.99500 0.05222199
8.00000 0.05219995
8.00500 0.05217793
8.01000 0.05215593
8.01500 0.05213396
8.02000 0.05211201
8.02500 0.05209009
8.03000 0.05206819
8.03500 0.05204631
8.04000 0.05202445
8.04500 0.05200262
8.05000 0.05198081
8.05500 0.05195902
8.06000 0.05193725
8.06500 0.05191551
8.07000 0.05189379
8.07500 0.05187209
8.08000 0.05185041
8.08500 0.05182876
8.09000 0.05180713
8.09500 0.05178552
8.10000 0.05176394
8.10500 0.05174238
8.11000 0.05172084
8.11500 0.05169932
8.12000 0.05167782
8.12500 0.05165635
8.13000 0.05163490
8.13500 0.05161347
8.14000 0.05159206
8.14500 0.05157067
8.15000 0.05154931
8.15500 0.05152797
8.16000 0.05150665
8.16500 0.05148535
8.17000 0.05146408
8.17500 0.05144283
8.18000 0.05142159
8.18500 0.05140038
8.19000 0.05137920
8.19500 0.05135803
8.20000 0.05133689
8.20500 0.05131576
8.21000 0.05129466
8.21500 0.05127358
8.22000 0.05125252
8.22500 0.05123149
8.23000 0.05121047
8.23500 0.05118948
8.24000 0.05116851
8.24500 0.05114756
8.25000 0.05112663
8.25500 0.05110572
8.26000 0.05108483
8.26500 0.05106397
8.27000 0.05104312
8.27500 0.05102230
8.28000 0.05100150
8.28500 0.05098072
8.29000 0.05095996
8.29500 0.05093922
8.30000 0.05091850
8.30500 0.05089780
8.31000 0.05087713
8.31500 0.05085647
8.32000 0.05083584
8.32500 0.05081522
8.33000 0.05079463
8.33500 0.05077406
8.34000 0.05075351
8.34500 0.05073298
8.35000 0.05071247
8.35500 0.05069198
8.36000 0.05067151
8.36500 0.05065106
8.37000 0.05063063
8.37500 0.05061023
8.38000 0.05058984
8.38500 0.05056947
8.39000 0.05054913
8.39500 0.05052880
8.40000 0.05050850
8.40500 0.05048821
8.41000 0.05046795
8.41500 0.05044771
8.42000 0.05042748
8.42500 0.05040728
8.43000 0.05038709
8.43500 0.05036693
8.44000 0.05034679
8.44500 0.05032666
8.45000 0.05030656
8.45500 0.05028648
8.46000 0.05026641
8.46500 0.05024637
8.47000 0.05022635
8.47500 0.05020634
8.48000 0.05018636
8.48500 0.05016640
8.49000 0.05014645
8.49500 0.05012653
8.50000 0.05010662
8.50500 0.05008674
8.51000 0.05006687
8.51500 0.05004703
8.52000 0.05002720
8.52500 0.05000739
8.53000 0.04998760
8.53500 0.04996784
8.54000 0.04994809
8.54500 0.04992836
8.55000 0.04990865
8.55500 0.04988896
8.56000 0.04986929
8.56500 0.04984964
8.57000 0.04983001
8.57500 0.04981039
8.58000 0.04979080
8.58500 0.04977122
8.59000 0.04975167
8.59500 0.04973213
8.60000 0.04971261
8.60500 0.04969312
8.61000 0.04967364
8.61500 0.04965418
8.62000 0.04963474
8.62500 0.04961531
8.63000 0.04959591
8.63500 0.04957653
8.64000 0.04955716
8.64500 0.04953781
8.65000 0.04951849
8.65500 0.04949918
8.66000 0.04947989
8.66500 0.04946061
8.67000 0.04944136
8.67500 0.04942213
8.68000 0.04940291
8.68500 0.04938371
8.69000 0.04936454
8.69500 0.04934538
8.70000 0.04932623
8.70500 0.04930711
8.71000 0.04928801
8.71500 0.04926892
8.72000 0.04924985
8.72500 0.04923080
8.73000 0.04921177
8.73500 0.04919276
8.74000 0.04917376
8.74500 0.04915479
8.75000 0.04913583
8.75500 0.04911689
8.76000 0.04909797
8.76500 0.04907906
8.77000 0.04906018
8.77500 0.04904131
8.78000 0.04902246
8.78500 0.04900363
8.79000 0.04898482
8.79500 0.04896602
8.80000 0.04894725
8.80500 0.04892849
8.81000 0.04890974
8.81500 0.04889102
8.82000 0.04887232
8.82500 0.04885363
8.83000 0.04883496
8.83500 0.04881630
8.84000 0.04879767
8.84500 0.04877905
8.85000 0.04876045
8.85500 0.04874187
8.86000 0.04872331
8.86500 0.04870476
8.87000 0.04868623
8.87500 0.04866772
8.88000 0.04864923
8.88500 0.04863075
8.89000 0.04861229
8.89500 0.04859385
8.90000 0.04857543
8.90500 0.04855702
8.91000 0.04853863
8.91500 0.04852026
8.92000 0.04850191
8.92500 0.04848357
8.93000 0.04846525
8.93500 0.04844695
8.94000 0.04842866
8.94500 0.04841039
8.95000 0.04839214
8.95500 0.04837391
8.96000 0.04835569
8.96500 0.04833749
8.97000 0.04831931
8.97500 0.04830114
8.98000 0.04828299
8.98500 0.04826486
8.99000 0.04824675
8.99500 0.04822865
9.00000 0.04821057
9.00500 0.04819250
9.01000 0.04817445
9.01500 0.04815642
9.02000 0.04813841
9.02500 0.04812041
9.03000 0.04810243
9.03500 0.04808447
9.04000 0.04806652
9.04500 0.04804859
9.05000 0.04803068
9.05500 0.04801278
9.06000 0.04799490
9.06500 0.04797704
9.07000 0.04795919
9.07500 0.04794136
9.08000 0.04792355
9.08500 0.04790575
9.09000 0.04788797
9.09500 0.04787020
9.10000 0.04785245
9.10500 0.04783472
9.11000 0.04781701
9.11500 0.04779931
9.12000 0.04778163
9.12500 0.04776396
9.13000 0.04774631
9.13500 0.04772867
9.14000 0.04771106
9.14500 0.04769345
9.15000 0.04767587
9.15500 0.04765830
9.16000 0.04764075
9.16500 0.04762321
9.17000 0.04760569
9.17500 0.04758818
9.18000 0.04757069
9.18500 0.04755322
9.19000 0.04753576
9.19500 0.04751832
9.20000 0.04750090
9.20500 0.04748349
9.21000 0.04746609
9.21500 0.04744872
9.22000 0.04743136
9.22500 0.04741401
9.23000 0.04739668
9.23500 0.04737937
9.24000 0.04736207
9.24500 0.04734478
9.25000 0.04732752
9.25500 0.04731027
9.26000 0.04729303
9.26500 0.04727581
9.27000 0.04725860
9.27500 0.04724142
9.28000 0.04722424
9.28500 0.04720708
9.29000 0.04718994
9.29500 0.04717282
9.30000 0.04715570
9.30500 0.04713861
9.31000 0.04712153
9.31500 0.04710446
9.32000 0.04708741
9.32500 0.04707038
9.33000 0.04705336
9.33500 0.04703636
9.34000 0.04701937
9.34500 0.04700239
9.35000 0.04698544
9.35500 0.04696849
9.36000 0.04695157
9.36500 0.04693465
9.37000 0.04691776
9.37500 0.04690088
9.38000 0.04688401
9.38500 0.04686716
9.39000 0.04685032
9.39500 0.04683350
9.40000 0.04681669
9.40500 0.04679990
9.41000 0.04678312
9.41500 0.04676636
9.42000 0.04674962
9.42500 0.04673288
9.43000 0.04671617
9.43500 0.04669947
9.44000 0.04668278
9.44500 0.04666611
9.45000 0.04664945
9.45500 0.04663281
9.46000 0.04661618
9.46500 0.04659957
9.47000 0.04658297
9.47500 0.04656639
9.48000 0.04654982
9.48500 0.04653326
9.49000 0.04651672
9.49500 0.04650020
9.50000 0.04648369
9.50500 0.04646719
9.51000 0.04645071
9.51500 0.04643425
9.52000 0.04641779
9.52500 0.04640136
9.53000 0.04638493
9.53500 0.04636852
9.54000 0.04635213
9.54500 0.04633575
9.55000 0.04631939
9.55500 0.04630304
9.56000 0.04628670
9.56500 0.04627038
9.57000 0.04625407
9.57500 0.04623778
9.58000 0.04622150
9.58500 0.04620523
9.59000 0.04618898
9.59500 0.04617275
9.60000 0.04615652
9.60500 0.04614032
9.61000 0.04612412
9.61500 0.04610794
9.62000 0.04609178
9.62500 0.04607562
9.63000 0.04605949
9.63500 0.04604336
9.64000 0.04602726
9.64500 0.04601116
9.65000 0.04599508
9.65500 0.04597901
9.66000 0.04596296
9.66500 0.04594692
9.67000 0.04593089
9.67500 0.04591488
9.68000 0.04589889
9.68500 0.04588290
9.69000 0.04586693
9.69500 0.04585098
9.70000 0.04583504
9.70500 0.04581911
9.71000 0.04580319
9.71500 0.04578729
9.72000 0.04577141
9.72500 0.04575553
9.73000 0.04573967
9.73500 0.04572383
9.74000 0.04570799
9.74500 0.04569218
9.75000 0.04567637
9.75500 0.04566058
9.76000 0.04564480
9.76500 0.04562904
9.77000 0.04561329
9.77500 0.04559755
9.78000 0.04558183
9.78500 0.04556612
9.79000 0.04555042
9.79500 0.04553474
9.80000 0.04551907
9.80500 0.04550341
9.81000 0.04548777
9.81500 0.04547214
9.82000 0.04545653
9.82500 0.04544092
9.83000 0.04542533
9.83500 0.04540976
9.84000 0.04539419
9.84500 0.04537865
9.85000 0.04536311
9.85500 0.04534759
9.86000 0.04533208
9.86500 0.04531658
9.87000 0.04530110
9.87500 0.04528563
9.88000 0.04527017
9.88500 0.04525473
9.89000 0.04523930
9.89500 0.04522388
9.90000 0.04520847
9.90500 0.04519308
9.91000 0.04517771
9.91500 0.04516234
9.92000 0.04514699
9.92500 0.04513165
9.93000 0.04511632
9.93500 0.04510101
9.94000 0.04508571
9.94500 0.04507042
9.95000 0.04505515
9.95500 0.04503989
9.96000 0.04502464
9.96500 0.04500940
9.97000 0.04499418
9.97500 0.04497897
9.98000 0.04496377
9.98500 0.04494859
9.99000 0.04493341
9.99500 0.04491825
10.00000 0.04490311
10.00500 0.04488797
10.01000 0.04487285
10.01500 0.04485775
10.02000 0.04484265
10.02500 0.04482757
10.03000 0.04481250
10.03500 0.04479744
10.04000 0.04478239
10.04500 0.04476736
10.05000 0.04475234
10.05500 0.04473733
10.06000 0.04472234
10.06500 0.04470736
10.07000 0.04469239
10.07500 0.04467743
10.08000 0.04466248
10.08500 0.04464755
10.09000 0.04463263
10.09500 0.04461772
10.10000 0.04460283
10.10500 0.04458795
10.11000 0.04457308
10.11500 0.04455822
10.12000 0.04454337
10.12500 0.04452854
10.13000 0.04451372
10.13500 0.04449891
10.14000 0.04448411
10.14500 0.04446933
10.15000 0.04445456
10.15500 0.04443980
10.16000 0.04442505
10.16500 0.04441031
10.17000 0.04439559
10.17500 0.04438088
10.18000 0.04436618
10.18500 0.04435149
10.19000 0.04433682
10.19500 0.04432216
10.20000 0.04430751
10.20500 0.04429287
10.21000 0.04427824
10.21500 0.04426363
10.22000 0.04424902
10.22500 0.04423443
10.23000 0.04421985
10.23500 0.04420529
10.24000 0.04419073
10.24500 0.04417619
10.25000 0.04416166
10.25500 0.04414714
10.26000 0.04413263
10.26500 0.04411814
10.27000 0.04410366
10.27500 0.04408919
10.28000 0.04407473
10.28500 0.04406028
10.29000 0.04404584
10.29500 0.04403142
10.30000 0.04401701
10.30500 0.04400261
10.31000 0.04398822
10.31500 0.04397384
10.32000 0.04395947
10.32500 0.04394512
10.33000 0.04393078
10.33500 0.04391645
10.34000 0.04390213
10.34500 0.04388782
10.35000 0.04387353
10.35500 0.04385924
10.36000 0.04384497
10.36500 0.04383071
10.37000 0.04381646
10.37500 0.04380222
10.38000 0.04378800
10.38500 0.04377378
10.39000 0.04375958
10.39500 0.04374539
10.40000 0.04373121
10.40500 0.04371704
10.41000 0.04370288
10.41500 0.04368874
10.42000 0.04367460
10.42500 0.04366048
10.43000 0.04364637
10.43500 0.04363227
10.44000 0.04361818
10.44500 0.04360410
10.45000 0.04359003
10.45500 0.04357598
10.46000 0.04356193
10.46500 0.04354790
10.47000 0.04353388
10.47500 0.04351987
10.48000 0.04350587
10.48500 0.04349188
10.49000 0.04347791
10.49500 0.04346394
10.50000 0.04344999
10.50500 0.04343605
10.51000 0.04342211
10.51500 0.04340819
10.52000 0.04339428
10.52500 0.04338039
10.53000 0.04336650
10.53500 0.04335262
10.54000 0.04333876
10.54500 0.04332490
10.55000 0.04331106
10.55500 0.04329723
10.56000 0.04328341
10.56500 0.04326960
10.57000 0.04325580
10.57500 0.04324201
10.58000 0.04322823
10.58500 0.04321447
10.59000 0.04320071
10.59500 0.04318697
10.60000 0.04317323
10.60500 0.04315951
10.61000 0.04314580
10.61500 0.04313210
10.62000 0.04311841
10.62500 0.04310473
10.63000 0.04309106
10.63500 0.04307740
10.64000 0.04306376
10.64500 0.04305012
10.65000 0.04303649
10.65500 0.04302288
10.66000 0.04300928
10.66500 0.04299568
10.67000 0.04298210
10.67500 0.04296853
10.68000 0.04295497
10.68500 0.04294142
10.69000 0.04292788
10.69500 0.04291435
10.70000 0.04290083
10.70500 0.04288732
10.71000 0.04287383
10.71500 0.04286034
10.72000 0.04284686
10.72500 0.04283340
10.73000 0.04281994
10.73500 0.04280650
10.74000 0.04279306
10.74500 0.04277964
10.75000 0.04276623
10.75500 0.04275282
10.76000 0.04273943
10.76500 0.04272605
10.77000 0.04271268
10.77500 0.04269932
10.78000 0.04268597
10.78500 0.04267263
10.79000 0.04265930
10.79500 0.04264598
10.80000 0.04263267
10.80500 0.04261937
10.81000 0.04260608
10.81500 0.04259281
10.82000 0.04257954
10.82500 0.04256628
10.83000 0.04255304
10.83500 0.04253980
10.84000 0.04252657
10.84500 0.04251336
10.85000 0.04250015
10.85500 0.04248695
10.86000 0.04247377
10.86500 0.04246059
10.87000 0.04244743
10.87500 0.04243427
10.88000 0.04242113
10.88500 0.04240799
10.89000 0.04239487
10.89500 0.04238176
10.90000 0.04236865
10.90500 0.04235556
10.91000 0.04234247
10.91500 0.04232940
10.92000 0.04231633
10.92500 0.04230328
10.93000 0.04229024
10.93500 0.04227720
10.94000 0.04226418
10.94500 0.04225117
10.95000 0.04223816
10.95500 0.04222517
10.96000 0.04221218
10.96500 0.04219921
10.97000 0.04218625
10.97500 0.04217329
10.98000 0.04216035
10.98500 0.04214741
10.99000 0.04213449
10.99500 0.04212157
11.00000 0.04210867
11.00500 0.04209577
11.01000 0.04208289
11.01500 0.04207001
11.02000 0.04205715
11.02500 0.04204429
11.03000 0.04203145
11.03500 0.04201861
11.04000 0.04200578
11.04500 0.04199297
11.05000 0.04198016
11.05500 0.04196736
11.06000 0.04195458
11.06500 0.04194180
11.07000 0.04192903
11.07500 0.04191627
11.08000 0.04190352
11.08500 0.04189079
11.09000 0.04187806
11.09500 0.04186534
11.10000 0.04185263
11.10500 0.04183993
11.11000 0.04182723
11.11500 0.04181455
11.12000 0.04180188
11.12500 0.04178922
11.13000 0.04177657
11.13500 0.04176392
11.14000 0.04175129
11.14500 0.04173867
11.15000 0.04172605
11.15500 0.04171345
11.16000 0.04170085
11.16500 0.04168827
11.17000 0.04167569
11.17500 0.04166312
11.18000 0.04165057
11.18500 0.04163802
11.19000 0.04162548
11.19500 0.04161295
11.20000 0.04160043
11.20500 0.04158792
11.21000 0.04157542
11.21500 0.04156293
11.22000 0.04155044
11.22500 0.04153797
11.23000 0.04152551
11.23500 0.04151305
11.24000 0.04150061
11.24500 0.04148817
11.25000 0.04147574
11.25500 0.04146333
11.26000 0.04145092
11.26500 0.04143852
11.27000 0.04142613
11.27500 0.04141375
11.28000 0.04140138
11.28500 0.04138902
11.29000 0.04137666
11.29500 0.04136432
11.30000 0.04135199
11.30500 0.04133966
11.31000 0.04132735
11.31500 0.04131504
11.32000 0.04130274
11.32500 0.04129045
11.33000 0.04127817
11.33500 0.04126590
11.34000 0.04125364
11.34500 0.04124139
11.35000 0.04122915
11.35500 0.04121691
11.36000 0.04120469
11.36500 0.04119247
11.37000 0.04118026
11.37500 0.04116807
11.38000 0.04115588
11.38500 0.04114370
11.39000 0.04113153
11.39500 0.04111936
11.40000 0.04110721
11.40500 0.04109507
11.41000 0.04108293
11.41500 0.04107080
11.42000 0.04105869
11.42500 0.04104658
11.43000 0.04103448
11.43500 0.04102239
11.44000 0.04101031
11.44500 0.04099823
11.45000 0.04098617
11.45500 0.04097411
11.46000 0.04096207
11.46500 0.04095003
11.47000 0.04093800
11.47500 0.04092598
11.48000 0.04091397
11.48500 0.04090197
11.49000 0.04088997
11.49500 0.04087799
11.50000 0.04086601
11.50500 0.04085405
11.51000 0.04084209
11.51500 0.04083014
11.52000 0.04081820
11.52500 0.04080626
11.53000 0.04079434
11.53500 0.04078242
11.54000 0.04077052
11.54500 0.04075862
11.55000 0.04074673
11.55500 0.04073485
11.56000 0.04072298
11.56500 0.04071112
11.57000 0.04069926
11.57500 0.04068742
11.58000 0.04067558
11.58500 0.04066375
11.59000 0.04065193
11.59500 0.04064012
11.60000 0.04062831
11.60500 0.04061652
11.61000 0.04060473
11.61500 0.04059296
11.62000 0.04058119
11.62500 0.04056943
11.63000 0.04055767
11.63500 0.04054593
11.64000 0.04053420
11.64500 0.04052247
11.65000 0.04051075
11.65500 0.04049904
11.66000 0.04048734
11.66500 0.04047565
11.67000 0.04046396
11.67500 0.04045229
11.68000 0.04044062
11.68500 0.04042896
11.69000 0.04041731
11.69500 0.04040567
11.70000 0.04039403
11.70500 0.04038241
11.71000 0.04037079
11.71500 0.04035918
11.72000 0.04034758
11.72500 0.04033599
11.73000 0.04032440
11.73500 0.04031282
11.74000 0.04030126
11.74500 0.04028970
11.75000 0.04027815
11.75500 0.04026660
11.76000 0.04025507
11.76500 0.04024354
11.77000 0.04023202
11.77500 0.04022051
11.78000 0.04020901
11.78500 0.04019752
11.79000 0.04018603
11.79500 0.04017456
11.80000 0.04016309
11.80500 0.04015163
11.81000 0.04014017
11.81500 0.04012873
11.82000 0.04011729
11.82500 0.04010586
11.83000 0.04009444
11.83500 0.04008303
11.84000 0.04007163
11.84500 0.04006023
11.85000 0.04004884
11.85500 0.04003746
11.86000 0.04002609
11.86500 0.04001473
11.87000 0.04000337
11.87500 0.03999203
11.88000 0.03998069
11.88500 0.03996935
11.89000 0.03995803
11.89500 0.03994672
11.90000 0.03993541
11.90500 0.03992411
11.91000 0.03991282
11.91500 0.03990153
11.92000 0.03989026
11.92500 0.03987899
11.93000 0.03986773
11.93500 0.03985648
11.94000 0.03984523
11.94500 0.03983400
11.95000 0.03982277
11.95500 0.03981155
11.96000 0.03980034
11.96500 0.03978913
11.97000 0.03977793
11.97500 0.03976675
11.98000 0.03975556
11.98500 0.03974439
11.99000 0.03973323
11.99500 0.03972207
12.00000 0.03971092
12.00500 0.03969978
12.01000 0.03968864
12.01500 0.03967752
12.02000 0.03966640
12.02500 0.03965529
12.03000 0.03964418
12.03500 0.03963309
12.04000 0.03962200
12.04500 0.03961092
12.05000 0.03959985
12.05500 0.03958878
12.06000 0.03957773
12.06500 0.03956668
12.07000 0.03955564
12.07500 0.03954460
12.08000 0.03953358
12.08500 0.03952256
12.09000 0.03951155
12.09500 0.03950054
12.10000 0.03948955
12.10500 0.03947856
12.11000 0.03946758
12.11500 0.03945661
12.12000 0.03944564
12.12500 0.03943469
12.13000 0.03942374
12.13500 0.03941279
12.14000 0.03940186
12.14500 0.03939093
12.15000 0.03938001
12.15500 0.03936910
12.16000 0.03935820
12.16500 0.03934730
12.17000 0.03933641
12.17500 0.03932553
12.18000 0.03931465
12.18500 0.03930379
12.19000 0.03929293
12.19500 0.03928207
12.20000 0.03927123
12.20500 0.03926039
12.21000 0.03924956
12.21500 0.03923874
12.22000 0.03922793
12.22500 0.03921712
12.23000 0.03920632
12.23500 0.03919553
12.24000 0.03918474
12.24500 0.03917396
12.25000 0.03916319
12.25500 0.03915243
12.26000 0.03914168
12.26500 0.03913093
12.27000 0.03912019
12.27500 0.03910945
12.28000 0.03909873
12.28500 0.03908801
12.29000 0.03907730
12.29500 0.03906659
12.30000 0.03905590
12.30500 0.03904521
12.31000 0.03903452
12.31500 0.03902385
12.32000 0.03901318
12.32500 0.03900252
12.33000 0.03899187
12.33500 0.03898122
12.34000 0.03897058
12.34500 0.03895995
12.35000 0.03894933
12.35500 0.03893871
12.36000 0.03892810
12.36500 0.03891750
12.37000 0.03890690
12.37500 0.03889632
12.38000 0.03888573
12.38500 0.03887516
12.39000 0.03886459
12.39500 0.03885403
12.40000 0.03884348
12.40500 0.03883294
12.41000 0.03882240
12.41500 0.03881187
12.42000 0.03880134
12.42500 0.03879083
12.43000 0.03878032
12.43500 0.03876982
12.44000 0.03875932
12.44500 0.03874883
12.45000 0.03873835
12.45500 0.03872788
12.46000 0.03871741
12.46500 0.03870695
12.47000 0.03869650
12.47500 0.03868605
12.48000 0.03867561
12.48500 0.03866518
12.49000 0.03865475
12.49500 0.03864434
12.50000 0.03863393
12.50500 0.03862352
12.51000 0.03861312
12.51500 0.03860273
12.52000 0.03859235
12.52500 0.03858198
12.53000 0.03857161
12.53500 0.03856124
12.54000 0.03855089
12.54500 0.03854054
12.55000 0.03853020
12.55500 0.03851986
12.56000 0.03850954
12.56500 0.03849922
12.57000 0.03848890
12.57500 0.03847860
12.58000 0.03846830
12.58500 0.03845800
12.59000 0.03844772
12.59500 0.03843744
12.60000 0.03842716
12.60500 0.03841690
12.61000 0.03840664
12.61500 0.03839639
12.62000 0.03838614
12.62500 0.03837590
12.63000 0.03836567
12.63500 0.03835545
12.64000 0.03834523
12.64500 0.03833502
12.65000 0.03832481
12.65500 0.03831462
12.66000 0.03830443
12.66500 0.03829424
12.67000 0.03828406
12.67500 0.03827389
12.68000 0.03826373
12.68500 0.03825357
12.69000 0.03824342
12.69500 0.03823328
12.70000 0.03822314
12.70500 0.03821301
12.71000 0.03820289
12.71500 0.03819277
12.72000 0.03818266
12.72500 0.03817256
12.73000 0.03816246
12.73500 0.03815237
12.74000 0.03814228
12.74500 0.03813221
12.75000 0.03812214
12.75500 0.03811207
12.76000 0.03810202
12.76500 0.03809197
12.77000 0.03808192
12.77500 0.03807188
12.78000 0.03806185
12.78500 0.03805183
12.79000 0.03804181
12.79500 0.03803180
12.80000 0.03802180
12.80500 0.03801180
12.81000 0.03800181
12.81500 0.03799182
12.82000 0.03798184
12.82500 0.03797187
12.83000 0.03796191
12.83500 0.03795195
12.84000 0.03794200
12.84500 0.03793205
12.85000 0.03792211
12.85500 0.03791218
12.86000 0.03790225
12.86500 0.03789233
12.87000 0.03788242
12.87500 0.03787251
12.88000 0.03786261
12.88500 0.03785272
12.89000 0.03784283
12.89500 0.03783295
12.90000 0.03782308
12.90500 0.03781321
12.91000 0.03780335
12.91500 0.03779349
12.92000 0.03778364
12.92500 0.03777380
12.93000 0.03776396
12.93500 0.03775413
12.94000 0.03774431
12.94500 0.03773449
12.95000 0.03772468
12.95500 0.03771488
12.96000 0.03770508
12.96500 0.03769529
12.97000 0.03768550
12.97500 0.03767572
12.98000 0.03766595
12.98500 0.03765619
12.99000 0.03764643
12.99500 0.03763667
13.00000 0.03762693
13.00500 0.03761718
13.01000 0.03760745
13.01500 0.03759772
13.02000 0.03758800
13.02500 0.03757828
13.03000 0.03756857
13.03500 0.03755887
13.04000 0.03754917
13.04500 0.03753948
13.05000 0.03752980
13.05500 0.03752012
13.06000 0.03751045
13.06500 0.03750078
13.07000 0.03749112
13.07500 0.03748147
13.08000 0.03747182
13.08500 0.03746218
13.09000 0.03745254
13.09500 0.03744291
13.10000 0.03743329
13.10500 0.03742367
13.11000 0.03741406
13.11500 0.03740446
13.12000 0.03739486
13.12500 0.03738527
13.13000 0.03737568
13.13500 0.03736610
13.14000 0.03735653
13.14500 0.03734696
13.15000 0.03733740
13.15500 0.03732785
13.16000 0.03731830
13.16500 0.03730875
13.17000 0.03729922
13.17500 0.03728969
13.18000 0.03728016
13.18500 0.03727064
13.19000 0.03726113
13.19500 0.03725162
13.20000 0.03724212
13.20500 0.03723263
13.21000 0.03722314
13.21500 0.03721366
13.22000 0.03720418
13.22500 0.03719471
13.23000 0.03718525
13.23500 0.03717579
13.24000 0.03716634
13.24500 0.03715689
13.25000 0.03714745
13.25500 0.03713801
13.26000 0.03712858
13.26500 0.03711916
13.27000 0.03710975
13.27500 0.03710034
13.28000 0.03709093
13.28500 0.03708153
13.29000 0.03707214
13.29500 0.03706275
13.30000 0.03705337
13.30500 0.03704400
13.31000 0.03703463
13.31500 0.03702526
13.32000 0.03701591
13.32500 0.03700655
13.33000 0.03699721
13.33500 0.03698787
13.34000 0.03697854
13.34500 0.03696921
13.35000 0.03695989
13.35500 0.03695057
13.36000 0.03694126
13.36500 0.03693195
13.37000 0.03692266
13.37500 0.03691336
13.38000 0.03690408
13.38500 0.03689479
13.39000 0.03688552
13.39500 0.03687625
13.40000 0.03686699
13.40500 0.03685773
13.41000 0.03684848
13.41500 0.03683923
13.42000 0.03682999
13.42500 0.03682075
13.43000 0.03681153
13.43500 0.03680230
13.44000 0.03679308
13.44500 0.03678387
13.45000 0.03677467
13.45500 0.03676547
13.46000 0.03675627
13.46500 0.03674708
13.47000 0.03673790
13.47500 0.03672872
13.48000 0.03671955
13.48500 0.03671039
13.49000 0.03670123
13.49500 0.03669207
13.50000 0.03668292
13.50500 0.03667378
13.51000 0.03666464
13.51500 0.03665551
13.52000 0.03664638
13.52500 0.03663726
13.53000 0.03662815
13.53500 0.03661904
13.54000 0.03660994
13.54500 0.03660084
13.55000 0.03659175
13.55500 0.03658266
13.56000 0.03657358
13.56500 0.03656450
13.57000 0.03655543
13.57500 0.03654637
13.58000 0.03653731
13.58500 0.03652826
13.59000 0.03651921
13.59500 0.03651017
13.60000 0.03650113
13.60500 0.03649210
13.61000 0.03648308
13.61500 0.03647406
13.62000 0.03646504
13.62500 0.03645604
13.63000 0.03644703
13.63500 0.03643804
13.64000 0.03642904
13.64500 0.03642006
13.65000 0.03641108
13.65500 0.03640210
13.66000 0.03639313
13.66500 0.03638417
13.67000 0.03637521
13.67500 0.03636626
13.68000 0.03635731
13.68500 0.03634837
13.69000 0.03633943
13.69500 0.03633050
13.70000 0.03632157
13.70500 0.03631265
13.71000 0.03630374
13.71500 0.03629483
13.72000 0.03628592
13.72500 0.03627703
13.73000 0.03626813
13.73500 0.03625925
13.74000 0.03625036
13.74500 0.03624149
13.75000 0.03623262
13.75500 0.03622375
13.76000 0.03621489
13.76500 0.03620603
13.77000 0.03619718
13.77500 0.03618834
13.78000 0.03617950
13.78500 0.03617067
13.79000 0.03616184
13.79500 0.03615302
13.80000 0.03614420
13.80500 0.03613539
13.81000 0.03612658
13.81500 0.03611778
13.82000 0.03610898
13.82500 0.03610019
13.83000 0.03609141
13.83500 0.03608263
13.84000 0.03607385
13.84500 0.03606508
13.85000 0.03605632
13.85500 0.03604756
13.86000 0.03603881
13.86500 0.03603006
13.87000 0.03602132
13.87500 0.03601258
13.88000 0.03600385
13.88500 0.03599512
13.89000 0.03598640
13.89500 0.03597768
13.90000 0.03596897
13.90500 0.03596027
13.91000 0.03595157
13.91500 0.03594287
13.92000 0.03593418
13.92500 0.03592549
13.93000 0.03591681
13.93500 0.03590814
13.94000 0.03589947
13.94500 0.03589081
13.95000 0.03588215
13.95500 0.03587349
13.96000 0.03586485
13.96500 0.03585620
13.97000 0.03584757
13.97500 0.03583893
13.98000 0.03583031
13.98500 0.03582168
13.99000 0.03581307
13.99500 0.03580445
14.00000 0.03579585
14.00500 0.03578724
14.01000 0.03577865
14.01500 0.03577006
14.02000 0.03576147
14.02500 0.03575289
14.03000 0.03574431
14.03500 0.03573574
14.04000 0.03572718
14.04500 0.03571862
14.05000 0.03571006
14.05500 0.03570151
14.06000 0.03569296
14.06500 0.03568442
14.07000 0.03567589
14.07500 0.03566736
14.08000 0.03565883
14.08500 0.03565031
14.09000 0.03564180
14.09500 0.03563329
14.10000 0.03562478
14.10500 0.03561628
14.11000 0.03560779
14.11500 0.03559930
14.12000 0.03559082
14.12500 0.03558234
14.13000 0.03557386
14.13500 0.03556539
14.14000 0.03555693
14.14500 0.03554847
14.15000 0.03554001
14.15500 0.03553157
14.16000 0.03552312
14.16500 0.03551468
14.17000 0.03550625
14.17500 0.03549782
14.18000 0.03548939
14.18500 0.03548097
14.19000 0.03547256
14.19500 0.03546415
14.20000 0.03545575
14.20500 0.03544735
14.21000 0.03543895
14.21500 0.03543056
14.22000 0.03542218
14.22500 0.03541380
14.23000 0.03540542
14.23500 0.03539705
14.24000 0.03538869
14.24500 0.03538033
14.25000 0.03537197
14.25500 0.03536362
14.26000 0.03535528
14.26500 0.03534694
14.27000 0.03533860
14.27500 0.03533027
14.28000 0.03532195
14.28500 0.03531363
14.29000 0.03530531
14.29500 0.03529700
14.30000 0.03528869
14.30500 0.03528039
14.31000 0.03527210
14.31500 0.03526381
14.32000 0.03525552
14.32500 0.03524724
14.33000 0.03523896
14.33500 0.03523069
14.34000 0.03522242
14.34500 0.03521416
14.35000 0.03520590
14.35500 0.03519765
14.36000 0.03518940
14.36500 0.03518116
14.37000 0.03517292
14.37500 0.03516469
14.38000 0.03515646
14.38500 0.03514824
14.39000 0.03514002
14.39500 0.03513180
14.40000 0.03512359
14.40500 0.03511539
14.41000 0.03510719
14.41500 0.03509899
14.42000 0.03509080
14.42500 0.03508262
14.43000 0.03507444
14.43500 0.03506626
14.44000 0.03505809
14.44500 0.03504992
14.45000 0.03504176
14.45500 0.03503360
14.46000 0.03502545
14.46500 0.03501730
14.47000 0.03500916
14.47500 0.03500102
14.48000 0.03499289
14.48500 0.03498476
14.49000 0.03497664
14.49500 0.03496852
14.50000 0.03496040
14.50500 0.03495229
14.51000 0.03494419
14.51500 0.03493609
14.52000 0.03492799
14.52500 0.03491990
14.53000 0.03491181
14.53500 0.03490373
14.54000 0.03489566
14.54500 0.03488758
14.55000 0.03487952
14.55500 0.03487145
14.56000 0.03486339
14.56500 0.03485534
14.57000 0.03484729
14.57500 0.03483925
14.58000 0.03483121
14.58500 0.03482317
14.59000 0.03481514
14.59500 0.03480711
14.60000 0.03479909
14.60500 0.03479108
14.61000 0.03478306
14.61500 0.03477506
14.62000 0.03476705
14.62500 0.03475905
14.63000 0.03475106
14.63500 0.03474307
14.64000 0.03473509
14.64500 0.03472711
14.65000 0.03471913
14.65500 0.03471116
14.66000 0.03470319
14.66500 0.03469523
14.67000 0.03468727
14.67500 0.03467932
14.68000 0.03467137
14.68500 0.03466343
14.69000 0.03465549
14.69500 0.03464755
14.70000 0.03463962
14.70500 0.03463170
14.71000 0.03462378
14.71500 0.03461586
14.72000 0.03460795
14.72500 0.03460004
14.73000 0.03459214
14.73500 0.03458424
14.74000 0.03457635
14.74500 0.03456846
14.75000 0.03456057
14.75500 0.03455269
14.76000 0.03454481
14.76500 0.03453694
14.77000 0.03452908
14.77500 0.03452121
14.78000 0.03451335
14.78500 0.03450550
14.79000 0.03449765
14.79500 0.03448981
14.80000 0.03448197
14.80500 0.03447413
14.81000 0.03446630
14.81500 0.03445847
14.82000 0.03445065
14.82500 0.03444283
14.83000 0.03443502
14.83500 0.03442721
14.84000 0.03441940
14.84500 0.03441160
14.85000 0.03440381
14.85500 0.03439601
14.86000 0.03438823
14.86500 0.03438044
14.87000 0.03437267
14.87500 0.03436489
14.88000 0.03435712
14.88500 0.03434936
14.89000 0.03434160
14.89500 0.03433384
14.90000 0.03432609
14.90500 0.03431834
14.91000 0.03431060
14.91500 0.03430286
14.92000 0.03429512
14.92500 0.03428739
14.93000 0.03427966
14.93500 0.03427194
14.94000 0.03426423
14.94500 0.03425651
14.95000 0.03424880
14.95500 0.03424110
14.96000 0.03423340
14.96500 0.03422570
14.97000 0.03421801
14.97500 0.03421032
14.98000 0.03420264
14.98500 0.03419496
14.99000 0.03418729
14.99500 0.03417962
15.00000 0.03417195
15.00500 0.03416429
15.01000 0.03415663
15.01500 0.03414898
15.02000 0.03414133
15.02500 0.03413369
15.03000 0.03412605
15.03500 0.03411841
15.04000 0.03411078
15.04500 0.03410315
15.05000 0.03409553
15.05500 0.03408791
15.06000 0.03408030
15.06500 0.03407269
15.07000 0.03406508
15.07500 0.03405748
15.08000 0.03404988
15.08500 0.03404229
15.09000 0.03403470
15.09500 0.03402711
15.10000 0.03401953
15.10500 0.03401196
15.11000 0.03400438
15.11500 0.03399682
15.12000 0.03398925
15.12500 0.03398169
15.13000 0.03397414
15.13500 0.03396659
15.14000 0.03395904
15.14500 0.03395150
15.15000 0.03394396
15.15500 0.03393642
15.16000 0.03392889
15.16500 0.03392137
15.17000 0.03391384
15.17500 0.03390633
15.18000 0.03389881
15.18500 0.03389130
15.19000 0.03388380
15.19500 0.03387629
15.20000 0.03386880
15.20500 0.03386130
15.21000 0.03385382
15.21500 0.03384633
15.22000 0.03383885
15.22500 0.03383137
15.23000 0.03382390
15.23500 0.03381643
15.24000 0.03380897
15.24500 0.03380151
15.25000 0.03379405
15.25500 0.03378660
15.26000 0.03377915
15.26500 0.03377171
15.27000 0.03376427
15.27500 0.03375683
15.28000 0.03374940
15.28500 0.03374198
15.29000 0.03373455
15.29500 0.03372713
15.30000 0.03371972
15.30500 0.03371231
15.31000 0.03370490
15.31500 0.03369750
15.32000 0.03369010
15.32500 0.03368270
15.33000 0.03367531
15.33500 0.03366792
15.34000 0.03366054
15.34500 0.03365316
15.35000 0.03364579
15.35500 0.03363842
15.36000 0.03363105
15.36500 0.03362369
15.37000 0.03361633
15.37500 0.03360898
15.38000 0.03360163
15.38500 0.03359428
15.39000 0.03358694
15.39500 0.03357960
15.40000 0.03357226
15.40500 0.03356493
15.41000 0.03355761
15.41500 0.03355028
15.42000 0.03354296
15.42500 0.03353565
15.43000 0.03352834
15.43500 0.03352103
15.44000 0.03351373
15.44500 0.03350643
15.45000 0.03349914
15.45500 0.03349185
15.46000 0.03348456
15.46500 0.03347728
15.47000 0.03347000
15.47500 0.03346272
15.48000 0.03345545
15.48500 0.03344818
15.49000 0.03344092
15.49500 0.03343366
15.50000 0.03342641
15.50500 0.03341916
15.51000 0.03341191
15.51500 0.03340466
15.52000 0.03339742
15.52500 0.03339019
15.53000 0.03338296
15.53500 0.03337573
15.54000 0.03336851
15.54500 0.03336129
15.55000 0.03335407
15.55500 0.03334686
15.56000 0.03333965
15.56500 0.03333244
15.57000 0.03332524
15.57500 0.03331805
15.58000 0.03331085
15.58500 0.03330366
15.59000 0.03329648
15.59500 0.03328930
15.60000 0.03328212
15.60500 0.03327495
15.61000 0.03326778
15.61500 0.03326061
15.62000 0.03325345
15.62500 0.03324629
15.63000 0.03323914
15.63500 0.03323199
15.64000 0.03322484
15.64500 0.03321770
15.65000 0.03321056
15.65500 0.03320342
15.66000 0.03319629
15.66500 0.03318916
15.67000 0.03318204
15.67500 0.03317492
15.68000 0.03316780
15.68500 0.03316069
15.69000 0.03315358
15.69500 0.03314648
15.70000 0.03313938
15.70500 0.03313228
15.71000 0.03312519
15.71500 0.03311810
15.72000 0.03311101
15.72500 0.03310393
15.73000 0.03309685
15.73500 0.03308978
15.74000 0.03308271
15.74500 0.03307564
15.75000 0.03306858
15.75500 0.03306152
15.76000 0.03305446
15.76500 0.03304741
15.77000 0.03304036
15.77500 0.03303332
15.78000 0.03302628
15.78500 0.03301924
15.79000 0.03301221
15.79500 0.03300518
15.80000 0.03299815
15.80500 0.03299113
15.81000 0.03298411
15.81500 0.03297710
15.82000 0.03297009
15.82500 0.03296308
15.83000 0.03295608
15.83500 0.03294908
15.84000 0.03294208
15.84500 0.03293509
15.85000 0.03292810
15.85500 0.03292112
15.86000 0.03291414
15.86500 0.03290716
15.87000 0.03290019
15.87500 0.03289322
15.88000 0.03288625
15.88500 0.03287929
15.89000 0.03287233
15.89500 0.03286537
15.90000 0.03285842
15.90500 0.03285147
15.91000 0.03284453
15.91500 0.03283759
15.92000 0.03283065
15.92500 0.03282372
15.93000 0.03281679
15.93500 0.03280986
15.94000 0.03280294
15.94500 0.03279602
15.95000 0.03278911
15.95500 0.03278219
15.96000 0.03277529
15.96500 0.03276838
15.97000 0.03276148
15.97500 0.03275458
15.98000 0.03274769
15.98500 0.03274080
15.99000 0.03273391
15.99500 0.03272703
16.00000 0.03272015
16.00500 0.03271328
16.01000 0.03270641
16.01500 0.03269954
16.02000 0.03269267
16.02500 0.03268581
16.03000 0.03267896
16.03500 0.03267210
16.04000 0.03266525
16.04500 0.03265841
16.05000 0.03265156
16.05500 0.03264472
16.06000 0.03263789
16.06500 0.03263106
16.07000 0.03262423
16.07500 0.03261740
16.08000 0.03261058
16.08500 0.03260376
16.09000 0.03259695
16.09500 0.03259014
16.10000 0.03258333
16.10500 0.03257653
16.11000 0.03256973
16.11500 0.03256293
16.12000 0.03255614
16.12500 0.03254935
16.13000 0.03254256
16.13500 0.03253578
16.14000 0.03252900
16.14500 0.03252222
16.15000 0.03251545
16.15500 0.03250868
16.16000 0.03250192
16.16500 0.03249516
16.17000 0.03248840
16.17500 0.03248164
16.18000 0.03247489
16.18500 0.03246814
16.19000 0.03246140
16.19500 0.03245466
16.20000 0.03244792
16.20500 0.03244119
16.21000 0.03243446
16.21500 0.03242773
16.22000 0.03242101
16.22500 0.03241429
16.23000 0.03240757
16.23500 0.03240086
16.24000 0.03239415
16.24500 0.03238745
16.25000 0.03238074
16.25500 0.03237405
16.26000 0.03236735
16.26500 0.03236066
16.27000 0.03235397
16.27500 0.03234729
16.28000 0.03234060
16.28500 0.03233393
16.29000 0.03232725
16.29500 0.03232058
16.30000 0.03231391
16.30500 0.03230725
16.31000 0.03230059
16.31500 0.03229393
16.32000 0.03228728
16.32500 0.03228062
16.33000 0.03227398
16.33500 0.03226733
16.34000 0.03226069
16.34500 0.03225406
16.35000 0.03224742
16.35500 0.03224079
16.36000 0.03223417
16.36500 0.03222754
16.37000 0.03222092
16.37500 0.03221431
16.38000 0.03220769
16.38500 0.03220108
16.39000 0.03219448
16.39500 0.03218787
16.40000 0.03218127
16.40500 0.03217468
16.41000 0.03216808
16.41500 0.03216149
16.42000 0.03215491
16.42500 0.03214833
16.43000 0.03214175
16.43500 0.03213517
16.44000 0.03212860
16.44500 0.03212203
16.45000 0.03211546
16.45500 0.03210890
16.46000 0.03210234
16.46500 0.03209578
16.47000 0.03208923
16.47500 0.03208268
16.48000 0.03207613
16.48500 0.03206959
16.49000 0.03206305
16.49500 0.03205652
16.50000 0.03204998
16.50500 0.03204345
16.51000 0.03203693
16.51500 0.03203041
16.52000 0.03202389
16.52500 0.03201737
16.53000 0.03201086
16.53500 0.03200435
16.54000 0.03199784
16.54500 0.03199134
16.55000 0.03198484
16.55500 0.03197834
16.56000 0.03197185
16.56500 0.03196536
16.57000 0.03195887
16.57500 0.03195239
16.58000 0.03194591
16.58500 0.03193943
16.59000 0.03193296
16.59500 0.03192649
16.60000 0.03192002
16.60500 0.03191356
16.61000 0.03190710
16.61500 0.03190064
16.62000 0.03189419
16.62500 0.03188774
16.63000 0.03188129
16.63500 0.03187485
16.64000 0.03186841
16.64500 0.03186197
16.65000 0.03185553
16.65500 0.03184910
16.66000 0.03184267
16.66500 0.03183625
16.67000 0.03182983
16.67500 0.03182341
16.68000 0.03181700
16.68500 0.03181058
16.69000 0.03180418
16.69500 0.03179777
16.70000 0.03179137
16.70500 0.03178497
16.71000 0.03177857
16.71500 0.03177218
16.72000 0.03176579
16.72500 0.03175941
16.73000 0.03175302
16.73500 0.03174664
16.74000 0.03174027
16.74500 0.03173389
16.75000 0.03172752
16.75500 0.03172116
16.76000 0.03171479
16.76500 0.03170843
16.77000 0.03170208
16.77500 0.03169572
16.78000 0.03168937
16.78500 0.03168302
16.79000 0.03167668
16.79500 0.03167034
16.80000 0.03166400
16.80500 0.03165767
16.81000 0.03165133
16.81500 0.03164500
16.82000 0.03163868
16.82500 0.03163236
16.83000 0.03162604
16.83500 0.03161972
16.84000 0.03161341
16.84500 0.03160710
16.85000 0.03160079
16.85500 0.03159449
16.86000 0.03158819
16.86500 0.03158189
16.87000 0.03157560
16.87500 0.03156931
16.88000 0.03156302
16.88500 0.03155673
16.89000 0.03155045
16.89500 0.03154417
16.90000 0.03153790
16.90500 0.03153162
16.91000 0.03152536
16.91500 0.03151909
16.92000 0.03151283
16.92500 0.03150657
16.93000 0.03150031
16.93500 0.03149406
16.94000 0.03148781
16.94500 0.03148156
16.95000 0.03147531
16.95500 0.03146907
16.96000 0.03146283
16.96500 0.03145660
16.97000 0.03145037
16.97500 0.03144414
16.98000 0.03143791
16.98500 0.03143169
16.99000 0.03142547
16.99500 0.03141925
17.00000 0.03141304
17.00500 0.03140683
17.01000 0.03140062
17.01500 0.03139442
17.02000 0.03138822
17.02500 0.03138202
17.03000 0.03137582
17.03500 0.03136963
17.04000 0.03136344
17.04500 0.03135725
17.05000 0.03135107
17.05500 0.03134489
17.06000 0.03133871
17.06500 0.03133254
17.07000 0.03132637
17.07500 0.03132020
17.08000 0.03131404
17.08500 0.03130788
17.09000 0.03130172
17.09500 0.03129556
17.10000 0.03128941
17.10500 0.03128326
17.11000 0.03127711
17.11500 0.03127097
17.12000 0.03126483
17.12500 0.03125869
17.13000 0.03125255
17.13500 0.03124642
17.14000 0.03124029
17.14500 0.03123417
17.15000 0.03122805
17.15500 0.03122193
17.16000 0.03121581
17.16500 0.03120970
17.17000 0.03120358
17.17500 0.03119748
17.18000 0.03119137
17.18500 0.03118527
17.19000 0.03117917
17.19500 0.03117308
17.20000 0.03116698
17.20500 0.03116089
17.21000 0.03115481
17.21500 0.03114872
17.22000 0.03114264
17.22500 0.03113656
17.23000 0.03113049
17.23500 0.03112442
17.24000 0.03111835
17.24500 0.03111228
17.25000 0.03110622
17.25500 0.03110016
17.26000 0.03109410
17.26500 0.03108804
17.27000 0.03108199
17.27500 0.03107594
17.28000 0.03106990
17.28500 0.03106386
17.29000 0.03105782
17.29500 0.03105178
17.30000 0.03104575
17.30500 0.03103971
17.31000 0.03103369
17.31500 0.03102766
17.32000 0.03102164
17.32500 0.03101562
17.33000 0.03100960
17.33500 0.03100359
17.34000 0.03099758
17.34500 0.03099157
17.35000 0.03098557
17.35500 0.03097957
17.36000 0.03097357
17.36500 0.03096757
17.37000 0.03096158
17.37500 0.03095559
17.38000 0.03094960
17.38500 0.03094361
17.39000 0.03093763
17.39500 0.03093165
17.40000 0.03092568
17.40500 0.03091971
17.41000 0.03091374
17.41500 0.03090777
17.42000 0.03090180
17.42500 0.03089584
17.43000 0.03088988
17.43500 0.03088393
17.44000 0.03087798
17.44500 0.03087203
17.45000 0.03086608
17.45500 0.03086013
17.46000 0.03085419
17.46500 0.03084825
17.47000 0.03084232
17.47500 0.03083638
17.48000 0.03083045
17.48500 0.03082453
17.49000 0.03081860
17.49500 0.03081268
17.50000 0.03080676
17.50500 0.03080085
17.51000 0.03079493
17.51500 0.03078902
17.52000 0.03078312
17.52500 0.03077721
17.53000 0.03077131
17.53500 0.03076541
17.54000 0.03075952
17.54500 0.03075362
17.55000 0.03074773
17.55500 0.03074184
17.56000 0.03073596
17.56500 0.03073008
17.57000 0.03072420
17.57500 0.03071832
17.58000 0.03071245
17.58500 0.03070658
17.59000 0.03070071
17.59500 0.03069484
17.60000 0.03068898
17.60500 0.03068312
17.61000 0.03067727
17.61500 0.03067141
17.62000 0.03066556
17.62500 0.03065971
17.63000 0.03065387
17.63500 0.03064802
17.64000 0.03064218
17.64500 0.03063635
17.65000 0.03063051
17.65500 0.03062468
17.66000 0.03061885
17.66500 0.03061302
17.67000 0.03060720
17.67500 0.03060138
17.68000 0.03059556
17.68500 0.03058975
17.69000 0.03058393
17.69500 0.03057812
17.70000 0.03057232
17.70500 0.03056651
17.71000 0.03056071
17.71500 0.03055491
17.72000 0.03054912
17.72500 0.03054332
17.73000 0.03053753
17.73500 0.03053175
17.74000 0.03052596
17.74500 0.03052018
17.75000 0.03051440
17.75500 0.03050862
17.76000 0.03050285
17.76500 0.03049708
17.77000 0.03049131
17.77500 0.03048554
17.78000 0.03047978
17.78500 0.03047402
17.79000 0.03046826
17.79500 0.03046251
17.80000 0.03045675
17.80500 0.03045100
17.81000 0.03044526
17.81500 0.03043951
17.82000 0.03043377
17.82500 0.03042803
17.83000 0.03042230
17.83500 0.03041656
17.84000 0.03041083
17.84500 0.03040510
17.85000 0.03039938
17.85500 0.03039366
17.86000 0.03038794
17.86500 0.03038222
17.87000 0.03037650
17.87500 0.03037079
17.88000 0.03036508
17.88500 0.03035938
17.89000 0.03035367
17.89500 0.03034797
17.90000 0.03034227
17.90500 0.03033658
17.91000 0.03033088
17.91500 0.03032519
17.92000 0.03031951
17.92500 0.03031382
17.93000 0.03030814
17.93500 0.03030246
17.94000 0.03029678
17.94500 0.03029111
17.95000 0.03028543
17.95500 0.03027977
17.96000 0.03027410
17.96500 0.03026843
17.97000 0.03026277
17.97500 0.03025711
17.98000 0.03025146
17.98500 0.03024581
17.99000 0.03024015
17.99500 0.03023451
18.00000 0.03022886
18.00500 0.03022322
18.01000 0.03021758
18.01500 0.03021194
18.02000 0.03020631
18.02500 0.03020067
18.03000 0.03019504
18.03500 0.03018942
18.04000 0.03018379
18.04500 0.03017817
18.05000 0.03017255
18.05500 0.03016693
18.06000 0.03016132
18.06500 0.03015571
18.07000 0.03015010
18.07500 0.03014449
18.08000 0.03013889
18.08500 0.03013329
18.09000 0.03012769
18.09500 0.03012209
18.10000 0.03011650
18.10500 0.03011091
18.11000 0.03010532
18.11500 0.03009974
18.12000 0.03009415
18.12500 0.03008857
18.13000 0.03008299
18.13500 0.03007742
18.14000 0.03007185
18.14500 0.03006628
18.15000 0.03006071
18.15500 0.03005514
18.16000 0.03004958
18.16500 0.03004402
18.17000 0.03003846
18.17500 0.03003291
18.18000 0.03002736
18.18500 0.03002181
18.19000 0.03001626
18.19500 0.03001072
18.20000 0.03000518
18.20500 0.02999964
18.21000 0.02999410
18.21500 0.02998857
18.22000 0.02998303
18.22500 0.02997750
18.23000 0.02997198
18.23500 0.02996645
18.24000 0.02996093
18.24500 0.02995541
18.25000 0.02994990
18.25500 0.02994438
18.26000 0.02993887
18.26500 0.02993336
18.27000 0.02992786
18.27500 0.02992235
18.28000 0.02991685
18.28500 0.02991135
18.29000 0.02990586
18.29500 0.02990036
18.30000 0.02989487
18.30500 0.02988938
18.31000 0.02988390
18.31500 0.02987841
18.32000 0.02987293
18.32500 0.02986745
18.33000 0.02986198
18.33500 0.02985650
18.34000 0.02985103
18.34500 0.02984556
18.35000 0.02984010
18.35500 0.02983463
18.36000 0.02982917
18.36500 0.02982371
18.37000 0.02981826
18.37500 0.02981281
18.38000 0.02980735
18.38500 0.02980191
18.39000 0.02979646
18.39500 0.02979102
18.40000 0.02978557
18.40500 0.02978014
18.41000 0.02977470
18.41500 0.02976927
18.42000 0.02976383
18.42500 0.02975841
18.43000 0.02975298
18.43500 0.02974756
18.44000 0.02974213
18.44500 0.02973671
18.45000 0.02973130
18.45500 0.02972588
18.46000 0.02972047
18.46500 0.02971506
18.47000 0.02970966
18.47500 0.02970425
18.48000 0.02969885
18.48500 0.02969345
18.49000 0.02968805
18.49500 0.02968266
18.50000 0.02967727
18.50500 0.02967188
18.51000 0.02966649
18.51500 0.02966111
18.52000 0.02965573
18.52500 0.02965035
18.53000 0.02964497
18.53500 0.02963959
18.54000 0.02963422
18.54500 0.02962885
18.55000 0.02962348
18.55500 0.02961812
18.56000 0.02961275
18.56500 0.02960739
18.57000 0.02960204
18.57500 0.02959668
18.58000 0.02959133
18.58500 0.02958598
18.59000 0.02958063
18.59500 0.02957528
18.60000 0.02956994
18.60500 0.02956460
18.61000 0.02955926
18.61500 0.02955392
18.62000 0.02954859
18.62500 0.02954326
18.63000 0.02953793
18.63500 0.02953260
18.64000 0.02952728
18.64500 0.02952196
18.65000 0.02951664
18.65500 0.02951132
18.66000 0.02950601
18.66500 0.02950069
18.67000 0.02949538
18.67500 0.02949008
18.68000 0.02948477
18.68500 0.02947947
18.69000 0.02947417
18.69500 0.02946887
18.70000 0.02946357
18.70500 0.02945828
18.71000 0.02945299
18.71500 0.02944770
18.72000 0.02944242
18.72500 0.02943713
18.73000 0.02943185
18.73500 0.02942657
18.74000 0.02942130
18.74500 0.02941602
18.75000 0.02941075
18.75500 0.02940548
18.76000 0.02940021
18.76500 0.02939495
18.77000 0.02938968
18.77500 0.02938442
18.78000 0.02937917
18.78500 0.02937391
18.79000 0.02936866
18.79500 0.02936341
18.80000 0.02935816
18.80500 0.02935291
18.81000 0.02934767
18.81500 0.02934243
18.82000 0.02933719
18.82500 0.02933195
18.83000 0.02932672
18.83500 0.02932149
18.84000 0.02931626
18.84500 0.02931103
18.85000 0.02930580
18.85500 0.02930058
18.86000 0.02929536
18.86500 0.02929014
18.87000 0.02928493
18.87500 0.02927971
18.88000 0.02927450
18.88500 0.02926929
18.89000 0.02926409
18.89500 0.02925888
18.90000 0.02925368
18.90500 0.02924848
18.91000 0.02924328
18.91500 0.02923809
18.92000 0.02923289
18.92500 0.02922770
18.93000 0.02922252
18.93500 0.02921733
18.94000 0.02921215
18.94500 0.02920696
18.95000 0.02920179
18.95500 0.02919661
18.96000 0.02919143
18.96500 0.02918626
18.97000 0.02918109
18.97500 0.02917593
18.98000 0.02917076
18.98500 0.02916560
18.99000 0.02916044
18.99500 0.02915528
19.00000 0.02915012
19.00500 0.02914497
19.01000 0.02913982
19.01500 0.02913467
19.02000 0.02912952
19.02500 0.02912438
19.03000 0.02911923
19.03500 0.02911409
19.04000 0.02910895
19.04500 0.02910382
19.05000 0.02909869
19.05500 0.02909355
19.06000 0.02908843
19.06500 0.02908330
19.07000 0.02907817
19.07500 0.02907305
19.08000 0.02906793
19.08500 0.02906281
19.09000 0.02905770
19.09500 0.02905259
19.10000 0.02904747
19.10500 0.02904237
19.11000 0.02903726
19.11500 0.02903216
19.12000 0.02902705
19.12500 0.02902195
19.13000 0.02901686
19.13500 0.02901176
19.14000 0.02900667
19.14500 0.02900158
19.15000 0.02899649
19.15500 0.02899140
19.16000 0.02898632
19.16500 0.02898124
19.17000 0.02897616
19.17500 0.02897108
19.18000 0.02896600
19.18500 0.02896093
19.19000 0.02895586
19.19500 0.02895079
19.20000 0.02894573
19.20500 0.02894066
19.21000 0.02893560
19.21500 0.02893054
19.22000 0.02892548
19.22500 0.02892043
19.23000 0.02891537
19.23500 0.02891032
19.24000 0.02890527
19.24500 0.02890023
19.25000 0.02889518
19.25500 0.02889014
19.26000 0.02888510
19.26500 0.02888006
19.27000 0.02887503
19.27500 0.02886999
19.28000 0.02886496
19.28500 0.02885993
19.29000 0.02885491
19.29500 0.02884988
19.30000 0.02884486
19.30500 0.02883984
19.31000 0.02883482
19.31500 0.02882981
19.32000 0.02882479
19.32500 0.02881978
19.33000 0.02881477
19.33500 0.02880976
19.34000 0.02880476
19.34500 0.02879976
19.35000 0.02879476
19.35500 0.02878976
19.36000 0.02878476
19.36500 0.02877977
19.37000 0.02877477
19.37500 0.02876978
19.38000 0.02876480
19.38500 0.02875981
19.39000 0.02875483
19.39500 0.02874985
19.40000 0.02874487
19.40500 0.02873989
19.41000 0.02873492
19.41500 0.02872994
19.42000 0.02872497
19.42500 0.02872000
19.43000 0.02871504
19.43500 0.02871007
19.44000 0.02870511
19.44500 0.02870015
19.45000 0.02869519
19.45500 0.02869024
19.46000 0.02868529
19.46500 0.02868033
19.47000 0.02867538
19.47500 0.02867044
19.48000 0.02866549
19.48500 0.02866055
19.49000 0.02865561
19.49500 0.02865067
19.50000 0.02864573
19.50500 0.02864080
19.51000 0.02863587
19.51500 0.02863094
19.52000 0.02862601
19.52500 0.02862108
19.53000 0.02861616
19.53500 0.02861124
19.54000 0.02860632
19.54500 0.02860140
19.55000 0.02859649
19.55500 0.02859157
19.56000 0.02858666
19.56500 0.02858175
19.57000 0.02857685
19.57500 0.02857194
19.58000 0.02856704
19.58500 0.02856214
19.59000 0.02855724
19.59500 0.02855235
19.60000 0.02854745
19.60500 0.02854256
19.61000 0.02853767
19.61500 0.02853278
19.62000 0.02852790
19.62500 0.02852301
19.63000 0.02851813
19.63500 0.02851325
19.64000 0.02850837
19.64500 0.02850350
19.65000 0.02849862
19.65500 0.02849375
19.66000 0.02848888
19.66500 0.02848402
19.67000 0.02847915
19.67500 0.02847429
19.68000 0.02846943
19.68500 0.02846457
19.69000 0.02845971
19.69500 0.02845486
19.70000 0.02845000
19.70500 0.02844515
19.71000 0.02844031
19.71500 0.02843546
19.72000 0.02843061
19.72500 0.02842577
19.73000 0.02842093
19.73500 0.02841609
19.74000 0.02841126
19.74500 0.02840642
19.75000 0.02840159
19.75500 0.02839676
19.76000 0.02839193
19.76500 0.02838711
19.77000 0.02838228
19.77500 0.02837746
19.78000 0.02837264
19.78500 0.02836782
19.79000 0.02836301
19.79500 0.02835820
19.80000 0.02835338
19.80500 0.02834857
19.81000 0.02834377
19.81500 0.02833896
19.82000 0.02833416
19.82500 0.02832936
19.83000 0.02832456
19.83500 0.02831976
19.84000 0.02831496
19.84500 0.02831017
19.85000 0.02830538
19.85500 0.02830059
19.86000 0.02829580
19.86500 0.02829102
19.87000 0.02828623
19.87500 0.02828145
19.88000 0.02827667
19.88500 0.02827190
19.89000 0.02826712
19.89500 0.02826235
19.90000 0.02825758
19.90500 0.02825281
19.91000 0.02824804
19.91500 0.02824328
19.92000 0.02823851
19.92500 0.02823375
19.93000 0.02822899
19.93500 0.02822424
19.94000 0.02821948
19.94500 0.02821473
19.95000 0.02820998
19.95500 0.02820523
19.96000 0.02820048
19.96500 0.02819574
19.97000 0.02819099
19.97500 0.02818625
19.98000 0.02818151
19.98500 0.02817677
19.99000 0.02817204
19.99500 0.02816731
20.00000 0.02816258
20.00500 0.02815785
20.01000 0.02815312
20.01500 0.02814839
20.02000 0.02814367
20.02500 0.02813895
20.03000 0.02813423
20.03500 0.02812951
20.04000 0.02812480
20.04500 0.02812008
20.05000 0.02811537
20.05500 0.02811066
20.06000 0.02810596
20.06500 0.02810125
20.07000 0.02809655
20.07500 0.02809184
20.08000 0.02808714
20.08500 0.02808245
20.09000 0.02807775
20.09500 0.02807306
20.10000 0.02806837
20.10500 0.02806368
20.11000 0.02805899
20.11500 0.02805430
20.12000 0.02804962
20.12500 0.02804494
20.13000 0.02804026
20.13500 0.02803558
20.14000 0.02803090
20.14500 0.02802623
20.15000 0.02802156
20.15500 0.02801689
20.16000 0.02801222
20.16500 0.02800755
20.17000 0.02800289
20.17500 0.02799822
20.18000 0.02799356
20.18500 0.02798890
20.19000 0.02798425
20.19500 0.02797959
20.20000 0.02797494
20.20500 0.02797029
20.21000 0.02796564
20.21500 0.02796099
20.22000 0.02795635
20.22500 0.02795170
20.23000 0.02794706
20.23500 0.02794242
20.24000 0.02793779
20.24500 0.02793315
20.25000 0.02792852
