0.25000 -4.80254763
0.25500 -4.65963364
0.26000 -4.38495887
0.26500 -4.13145501
0.27000 -3.89707962
0.27500 -3.68009302
0.28000 -3.47892631
0.28500 -3.29218337
0.29000 -3.11861306
0.29500 -2.95709304
0.30000 -2.80661393
0.30500 -2.66626614
0.31000 -2.53522833
0.31500 -2.41275752
0.32000 -2.29818031
0.32500 -2.19088535
0.33000 -2.09031680
0.33500 -1.99596837
0.34000 -1.90737826
0.34500 -1.82412471
0.35000 -1.74582190
0.35500 -1.67211647
0.36000 -1.60268440
0.36500 -1.53722817
0.37000 -1.47547429
0.37500 -1.41717108
0.38000 -1.36208668
0.38500 -1.31000727
0.39000 -1.26073545
0.39500 -1.21408880
0.40000 -1.16989861
0.40500 -1.12800867
0.41000 -1.08827426
0.41500 -1.05056114
0.42000 -1.01474473
0.42500 -0.98070931
0.43000 -0.94834728
0.43500 -0.91755855
0.44000 -0.88824992
0.44500 -0.86033455
0.45000 -0.83373148
0.45500 -0.80836518
0.46000 -0.78416511
0.46500 -0.76106538
0.47000 -0.73900439
0.47500 -0.71792453
0.48000 -0.69777185
0.48500 -0.67849584
0.49000 -0.66004917
0.49500 -0.64238745
0.50000 -0.62546903
0.50500 -0.60925484
0.51000 -0.59370816
0.51500 -0.57879449
0.52000 -0.56448141
0.52500 -0.55073840
0.53000 -0.53753676
0.53500 -0.52484945
0.54000 -0.51265101
0.54500 -0.50091743
0.55000 -0.48962609
0.55500 -0.47875564
0.56000 -0.46828592
0.56500 -0.45819793
0.57000 -0.44847367
0.57500 -0.43909619
0.58000 -0.43004942
0.58500 -0.42131817
0.59000 -0.41288809
0.59500 -0.40474557
0.60000 -0.39687774
0.60500 -0.38927239
0.61000 -0.38191797
0.61500 -0.37480351
0.62000 -0.36791861
0.62500 -0.36125342
0.63000 -0.35479857
0.63500 -0.34854517
0.64000 -0.34248478
0.64500 -0.33660937
0.65000 -0.33091132
0.65500 -0.32538337
0.66000 -0.32001864
0.66500 -0.31481055
0.67000 -0.30975286
0.67500 -0.30483963
0.68000 -0.30006517
0.68500 -0.29542411
0.69000 -0.29091128
0.69500 -0.28652178
0.70000 -0.28225094
0.70500 -0.27809429
0.71000 -0.27404757
0.71500 -0.27010671
0.72000 -0.26626783
0.72500 -0.26252721
0.73000 -0.25888132
0.73500 -0.25532675
0.74000 -0.25186027
0.74500 -0.24847879
0.75000 -0.24517933
0.75500 -0.24195905
0.76000 -0.23881525
0.76500 -0.23574531
0.77000 -0.23274675
0.77500 -0.22981718
0.78000 -0.22695430
0.78500 -0.22415593
0.79000 -0.22141996
0.79500 -0.21874438
0.80000 -0.21612724
0.80500 -0.21356668
0.81000 -0.21106093
0.81500 -0.20860827
0.82000 -0.20620706
0.82500 -0.20385570
0.83000 -0.20155269
0.83500 -0.19929656
0.84000 -0.19708590
0.84500 -0.19491936
0.85000 -0.19279565
0.85500 -0.19071351
0.86000 -0.18867174
0.86500 -0.18666917
0.87000 -0.18470469
0.87500 -0.18277723
0.88000 -0.18088574
0.88500 -0.17902923
0.89000 -0.17720673
0.89500 -0.17541732
0.90000 -0.17366009
0.90500 -0.17193419
0.91000 -0.17023877
0.91500 -0.16857303
0.92000 -0.16693620
0.92500 -0.16532752
0.93000 -0.16374627
0.93500 -0.16219174
0.94000 -0.16066326
0.94500 -0.15916017
0.95000 -0.15768184
0.95500 -0.15622766
0.96000 -0.15479703
0.96500 -0.15338938
0.97000 -0.15200416
0.97500 -0.15064082
0.98000 -0.14929886
0.98500 -0.14797776
0.99000 -0.14667704
0.99500 -0.14539622
1.00000 -0.14413484
1.00500 -0.14289247
1.01000 -0.14166867
1.01500 -0.14046303
1.02000 -0.13927513
1.02500 -0.13810460
1.03000 -0.13695103
1.03500 -0.13581408
1.04000 -0.13469337
1.04500 -0.13358856
1.05000 -0.13249931
1.05500 -0.13142528
1.06000 -0.13036618
1.06500 -0.12932167
1.07000 -0.12829146
1.07500 -0.12727526
1.08000 -0.12627278
1.08500 -0.12528374
1.09000 -0.12430788
1.09500 -0.12334493
1.10000 -0.12239464
1.10500 -0.12145676
1.11000 -0.12053104
1.11500 -0.11961726
1.12000 -0.11871517
1.12500 -0.11782457
1.13000 -0.11694523
1.13500 -0.11607693
1.14000 -0.11521948
1.14500 -0.11437268
1.15000 -0.11353631
1.15500 -0.11271021
1.16000 -0.11189417
1.16500 -0.11108802
1.17000 -0.11029158
1.17500 -0.10950468
1.18000 -0.10872714
1.18500 -0.10795881
1.19000 -0.10719952
1.19500 -0.10644911
1.20000 -0.10570744
1.20500 -0.10497435
1.21000 -0.10424970
1.21500 -0.10353334
1.22000 -0.10282513
1.22500 -0.10212494
1.23000 -0.10143264
1.23500 -0.10074810
1.24000 -0.10007118
1.24500 -0.09940176
1.25000 -0.09873973
1.25500 -0.09808496
1.26000 -0.09743733
1.26500 -0.09679674
1.27000 -0.09616307
1.27500 -0.09553622
1.28000 -0.09491607
1.28500 -0.09430252
1.29000 -0.09369547
1.29500 -0.09309482
1.30000 -0.09250047
1.30500 -0.09191233
1.31000 -0.09133030
1.31500 -0.09075429
1.32000 -0.09018421
1.32500 -0.08961997
1.33000 -0.08906149
1.33500 -0.08850868
1.34000 -0.08796145
1.34500 -0.08741974
1.35000 -0.08688344
1.35500 -0.08635250
1.36000 -0.08582683
1.36500 -0.08530635
1.37000 -0.08479100
1.37500 -0.08428070
1.38000 -0.08377537
1.38500 -0.08327496
1.39000 -0.08277939
1.39500 -0.08228859
1.40000 -0.08180250
1.40500 -0.08132105
1.41000 -0.08084419
1.41500 -0.08037184
1.42000 -0.07990395
1.42500 -0.07944046
1.43000 -0.07898130
1.43500 -0.07852643
1.44000 -0.07807578
1.44500 -0.07762929
1.45000 -0.07718692
1.45500 -0.07674861
1.46000 -0.07631431
1.46500 -0.07588396
1.47000 -0.07545751
1.47500 -0.07503491
1.48000 -0.07461612
1.48500 -0.07420109
1.49000 -0.07378976
1.49500 -0.07338209
1.50000 -0.07297804
1.50500 -0.07257755
1.51000 -0.07218059
1.51500 -0.07178711
1.52000 -0.07139707
1.52500 -0.07101043
1.53000 -0.07062713
1.53500 -0.07024715
1.54000 -0.06987045
1.54500 -0.06949697
1.55000 -0.06912669
1.55500 -0.06875956
1.56000 -0.06839556
1.56500 -0.06803463
1.57000 -0.06767674
1.57500 -0.06732186
1.58000 -0.06696996
1.58500 -0.06662099
1.59000 -0.06627492
1.59500 -0.06593172
1.60000 -0.06559136
1.60500 -0.06525380
1.61000 -0.06491900
1.61500 -0.06458695
1.62000 -0.06425760
1.62500 -0.06393093
1.63000 -0.06360691
1.63500 -0.06328550
1.64000 -0.06296668
1.64500 -0.06265041
1.65000 -0.06233667
1.65500 -0.06202543
1.66000 -0.06171667
1.66500 -0.06141035
1.67000 -0.06110644
1.67500 -0.06080493
1.68000 -0.06050578
1.68500 -0.06020897
1.69000 -0.05991448
1.69500 -0.05962227
1.70000 -0.05933232
1.70500 -0.05904462
1.71000 -0.05875913
1.71500 -0.05847583
1.72000 -0.05819470
1.72500 -0.05791571
1.73000 -0.05763885
1.73500 -0.05736408
1.74000 -0.05709139
1.74500 -0.05682076
1.75000 -0.05655216
1.75500 -0.05628557
1.76000 -0.05602098
1.76500 -0.05575836
1.77000 -0.05549768
1.77500 -0.05523894
1.78000 -0.05498211
1.78500 -0.05472717
1.79000 -0.05447410
1.79500 -0.05422288
1.80000 -0.05397350
1.80500 -0.05372593
1.81000 -0.05348016
1.81500 -0.05323617
1.82000 -0.05299394
1.82500 -0.05275345
1.83000 -0.05251469
1.83500 -0.05227763
1.84000 -0.05204227
1.84500 -0.05180858
1.85000 -0.05157656
1.85500 -0.05134617
1.86000 -0.05111741
1.86500 -0.05089026
1.87000 -0.05066471
1.87500 -0.05044073
1.88000 -0.05021832
1.88500 -0.04999746
1.89000 -0.04977813
1.89500 -0.04956032
1.90000 -0.04934401
1.90500 -0.04912920
1.91000 -0.04891586
1.91500 -0.04870398
1.92000 -0.04849355
1.92500 -0.04828455
1.93000 -0.04807698
1.93500 -0.04787081
1.94000 -0.04766604
1.94500 -0.04746265
1.95000 -0.04726063
1.95500 -0.04705996
1.96000 -0.04686064
1.96500 -0.04666264
1.97000 -0.04646597
1.97500 -0.04627060
1.98000 -0.04607653
1.98500 -0.04588374
1.99000 -0.04569222
1.99500 -0.04550196
2.00000 -0.04531295
2.00500 -0.04512517
2.01000 -0.04493862
2.01500 -0.04475329
2.02000 -0.04456916
2.02500 -0.04438622
2.03000 -0.04420446
2.03500 -0.04402388
2.04000 -0.04384445
2.04500 -0.04366618
2.05000 -0.04348905
2.05500 -0.04331305
2.06000 -0.04313817
2.06500 -0.04296440
2.07000 -0.04279173
2.07500 -0.04262016
2.08000 -0.04244966
2.08500 -0.04228024
2.09000 -0.04211189
2.09500 -0.04194458
2.10000 -0.04177833
2.10500 -0.04161311
2.11000 -0.04144891
2.11500 -0.04128574
2.12000 -0.04112358
2.12500 -0.04096241
2.13000 -0.04080224
2.13500 -0.04064306
2.14000 -0.04048485
2.14500 -0.04032761
2.15000 -0.04017133
2.15500 -0.04001600
2.16000 -0.03986161
2.16500 -0.03970816
2.17000 -0.03955564
2.17500 -0.03940404
2.18000 -0.03925336
2.18500 -0.03910357
2.19000 -0.03895469
2.19500 -0.03880670
2.20000 -0.03865959
2.20500 -0.03851335
2.21000 -0.03836799
2.21500 -0.03822349
2.22000 -0.03807984
2.22500 -0.03793704
2.23000 -0.03779508
2.23500 -0.03765395
2.24000 -0.03751366
2.24500 -0.03737418
2.25000 -0.03723552
2.25500 -0.03709767
2.26000 -0.03696061
2.26500 -0.03682436
2.27000 -0.03668889
2.27500 -0.03655420
2.28000 -0.03642029
2.28500 -0.03628715
2.29000 -0.03615478
2.29500 -0.03602316
2.30000 -0.03589229
2.30500 -0.03576218
2.31000 -0.03563280
2.31500 -0.03550416
2.32000 -0.03537624
2.32500 -0.03524905
2.33000 -0.03512258
2.33500 -0.03499682
2.34000 -0.03487176
2.34500 -0.03474741
2.35000 -0.03462376
2.35500 -0.03450079
2.36000 -0.03437851
2.36500 -0.03425691
2.37000 -0.03413599
2.37500 -0.03401574
2.38000 -0.03389615
2.38500 -0.03377722
2.39000 -0.03365895
2.39500 -0.03354132
2.40000 -0.03342434
2.40500 -0.03330801
2.41000 -0.03319230
2.41500 -0.03307723
2.42000 -0.03296279
2.42500 -0.03284896
2.43000 -0.03273576
2.43500 -0.03262316
2.44000 -0.03251118
2.44500 -0.03239979
2.45000 -0.03228901
2.45500 -0.03217882
2.46000 -0.03206922
2.46500 -0.03196021
2.47000 -0.03185178
2.47500 -0.03174393
2.48000 -0.03163665
2.48500 -0.03152994
2.49000 -0.03142379
2.49500 -0.03131821
2.50000 -0.03121318
2.50500 -0.03110871
2.51000 -0.03100478
2.51500 -0.03090140
2.52000 -0.03079856
2.52500 -0.03069626
2.53000 -0.03059449
2.53500 -0.03049326
2.54000 -0.03039254
2.54500 -0.03029236
2.55000 -0.03019269
2.55500 -0.03009353
2.56000 -0.02999489
2.56500 -0.02989675
2.57000 -0.02979912
2.57500 -0.02970199
2.58000 -0.02960536
2.58500 -0.02950922
2.59000 -0.02941357
2.59500 -0.02931841
2.60000 -0.02922373
2.60500 -0.02912953
2.61000 -0.02903581
2.61500 -0.02894256
2.62000 -0.02884979
2.62500 -0.02875748
2.63000 -0.02866564
2.63500 -0.02857425
2.64000 -0.02848333
2.64500 -0.02839286
2.65000 -0.02830284
2.65500 -0.02821327
2.66000 -0.02812414
2.66500 -0.02803546
2.67000 -0.02794722
2.67500 -0.02785941
2.68000 -0.02777204
2.68500 -0.02768510
2.69000 -0.02759859
2.69500 -0.02751250
2.70000 -0.02742684
2.70500 -0.02734159
2.71000 -0.02725676
2.71500 -0.02717235
2.72000 -0.02708834
2.72500 -0.02700475
2.73000 -0.02692156
2.73500 -0.02683877
2.74000 -0.02675639
2.74500 -0.02667440
2.75000 -0.02659281
2.75500 -0.02651161
2.76000 -0.02643080
2.76500 -0.02635038
2.77000 -0.02627034
2.77500 -0.02619069
2.78000 -0.02611142
2.78500 -0.02603252
2.79000 -0.02595400
2.79500 -0.02587586
2.80000 -0.02579808
2.80500 -0.02572067
2.81000 -0.02564363
2.81500 -0.02556695
2.82000 -0.02549064
2.82500 -0.02541468
2.83000 -0.02533907
2.83500 -0.02526383
2.84000 -0.02518893
2.84500 -0.02511439
2.85000 -0.02504019
2.85500 -0.02496634
2.86000 -0.02489283
2.86500 -0.02481966
2.87000 -0.02474683
2.87500 -0.02467434
2.88000 -0.02460218
2.88500 -0.02453036
2.89000 -0.02445887
2.89500 -0.02438770
2.90000 -0.02431686
2.90500 -0.02424635
2.91000 -0.02417616
2.91500 -0.02410629
2.92000 -0.02403674
2.92500 -0.02396750
2.93000 -0.02389858
2.93500 -0.02382997
2.94000 -0.02376167
2.94500 -0.02369369
2.95000 -0.02362601
2.95500 -0.02355863
2.96000 -0.02349156
2.96500 -0.02342479
2.97000 -0.02335832
2.97500 -0.02329214
2.98000 -0.02322626
2.98500 -0.02316068
2.99000 -0.02309539
2.99500 -0.02303039
3.00000 -0.02296568
3.00500 -0.02290126
3.01000 -0.02283712
3.01500 -0.02277327
3.02000 -0.02270969
3.02500 -0.02264640
3.03000 -0.02258339
3.03500 -0.02252066
3.04000 -0.02245820
3.04500 -0.02239601
3.05000 -0.02233410
3.05500 -0.02227245
3.06000 -0.02221108
3.06500 -0.02214997
3.07000 -0.02208913
3.07500 -0.02202856
3.08000 -0.02196824
3.08500 -0.02190819
3.09000 -0.02184840
3.09500 -0.02178886
3.10000 -0.02172959
3.10500 -0.02167056
3.11000 -0.02161180
3.11500 -0.02155328
3.12000 -0.02149501
3.12500 -0.02143700
3.13000 -0.02137923
3.13500 -0.02132171
3.14000 -0.02126443
3.14500 -0.02120740
3.15000 -0.02115061
3.15500 -0.02109406
3.16000 -0.02103775
3.16500 -0.02098168
3.17000 -0.02092584
3.17500 -0.02087024
3.18000 -0.02081488
3.18500 -0.02075975
3.19000 -0.02070484
3.19500 -0.02065017
3.20000 -0.02059573
3.20500 -0.02054152
3.21000 -0.02048753
3.21500 -0.02043376
3.22000 -0.02038023
3.22500 -0.02032691
3.23000 -0.02027381
3.23500 -0.02022094
3.24000 -0.02016828
3.24500 -0.02011584
3.25000 -0.02006362
3.25500 -0.02001161
3.26000 -0.01995981
3.26500 -0.01990823
3.27000 -0.01985686
3.27500 -0.01980570
3.28000 -0.01975475
3.28500 -0.01970401
3.29000 -0.01965347
3.29500 -0.01960315
3.30000 -0.01955302
3.30500 -0.01950310
3.31000 -0.01945338
3.31500 -0.01940386
3.32000 -0.01935454
3.32500 -0.01930543
3.33000 -0.01925651
3.33500 -0.01920778
3.34000 -0.01915926
3.34500 -0.01911092
3.35000 -0.01906278
3.35500 -0.01901484
3.36000 -0.01896708
3.36500 -0.01891952
3.37000 -0.01887215
3.37500 -0.01882496
3.38000 -0.01877796
3.38500 -0.01873115
3.39000 -0.01868452
3.39500 -0.01863808
3.40000 -0.01859182
3.40500 -0.01854575
3.41000 -0.01849986
3.41500 -0.01845414
3.42000 -0.01840861
3.42500 -0.01836326
3.43000 -0.01831808
3.43500 -0.01827308
3.44000 -0.01822825
3.44500 -0.01818361
3.45000 -0.01813913
3.45500 -0.01809483
3.46000 -0.01805070
3.46500 -0.01800674
3.47000 -0.01796295
3.47500 -0.01791934
3.48000 -0.01787589
3.48500 -0.01783260
3.49000 -0.01778949
3.49500 -0.01774654
3.50000 -0.01770376
3.50500 -0.01766114
3.51000 -0.01761868
3.51500 -0.01757639
3.52000 -0.01753425
3.52500 -0.01749228
3.53000 -0.01745047
3.53500 -0.01740882
3.54000 -0.01736733
3.54500 -0.01732599
3.55000 -0.01728481
3.55500 -0.01724379
3.56000 -0.01720292
3.56500 -0.01716221
3.57000 -0.01712165
3.57500 -0.01708124
3.58000 -0.01704099
3.58500 -0.01700088
3.59000 -0.01696093
3.59500 -0.01692113
3.60000 -0.01688147
3.60500 -0.01684197
3.61000 -0.01680261
3.61500 -0.01676339
3.62000 -0.01672433
3.62500 -0.01668541
3.63000 -0.01664663
3.63500 -0.01660800
3.64000 -0.01656951
3.64500 -0.01653116
3.65000 -0.01649295
3.65500 -0.01645489
3.66000 -0.01641697
3.66500 -0.01637918
3.67000 -0.01634153
3.67500 -0.01630402
3.68000 -0.01626665
3.68500 -0.01622942
3.69000 -0.01619232
3.69500 -0.01615536
3.70000 -0.01611853
3.70500 -0.01608184
3.71000 -0.01604528
3.71500 -0.01600885
3.72000 -0.01597255
3.72500 -0.01593639
3.73000 -0.01590035
3.73500 -0.01586445
3.74000 -0.01582867
3.74500 -0.01579303
3.75000 -0.01575751
3.75500 -0.01572212
3.76000 -0.01568686
3.76500 -0.01565172
3.77000 -0.01561671
3.77500 -0.01558183
3.78000 -0.01554706
3.78500 -0.01551243
3.79000 -0.01547791
3.79500 -0.01544352
3.80000 -0.01540925
3.80500 -0.01537510
3.81000 -0.01534108
3.81500 -0.01530717
3.82000 -0.01527338
3.82500 -0.01523972
3.83000 -0.01520617
3.83500 -0.01517274
3.84000 -0.01513942
3.84500 -0.01510623
3.85000 -0.01507315
3.85500 -0.01504018
3.86000 -0.01500733
3.86500 -0.01497460
3.87000 -0.01494198
3.87500 -0.01490947
3.88000 -0.01487708
3.88500 -0.01484480
3.89000 -0.01481263
3.89500 -0.01478057
3.90000 -0.01474862
3.90500 -0.01471679
3.91000 -0.01468506
3.91500 -0.01465344
3.92000 -0.01462193
3.92500 -0.01459053
3.93000 -0.01455924
3.93500 -0.01452806
3.94000 -0.01449698
3.94500 -0.01446601
3.95000 -0.01443514
3.95500 -0.01440438
3.96000 -0.01437372
3.96500 -0.01434317
3.97000 -0.01431273
3.97500 -0.01428238
3.98000 -0.01425214
3.98500 -0.01422200
3.99000 -0.01419196
3.99500 -0.01416203
4.00000 -0.01413219
4.00500 -0.01410246
4.01000 -0.01407283
4.01500 -0.01404329
4.02000 -0.01401386
4.02500 -0.01398452
4.03000 -0.01395528
4.03500 -0.01392614
4.04000 -0.01389710
4.04500 -0.01386815
4.05000 -0.01383930
4.05500 -0.01381055
4.06000 -0.01378189
4.06500 -0.01375333
4.07000 -0.01372486
4.07500 -0.01369649
4.08000 -0.01366821
4.08500 -0.01364002
4.09000 -0.01361193
4.09500 -0.01358393
4.10000 -0.01355602
4.10500 -0.01352820
4.11000 -0.01350048
4.11500 -0.01347284
4.12000 -0.01344530
4.12500 -0.01341784
4.13000 -0.01339048
4.13500 -0.01336320
4.14000 -0.01333602
4.14500 -0.01330892
4.15000 -0.01328191
4.15500 -0.01325499
4.16000 -0.01322816
4.16500 -0.01320141
4.17000 -0.01317475
4.17500 -0.01314817
4.18000 -0.01312168
4.18500 -0.01309528
4.19000 -0.01306896
4.19500 -0.01304273
4.20000 -0.01301658
4.20500 -0.01299051
4.21000 -0.01296453
4.21500 -0.01293863
4.22000 -0.01291282
4.22500 -0.01288708
4.23000 -0.01286143
4.23500 -0.01283586
4.24000 -0.01281037
4.24500 -0.01278497
4.25000 -0.01275964
4.25500 -0.01273439
4.26000 -0.01270923
4.26500 -0.01268414
4.27000 -0.01265913
4.27500 -0.01263420
4.28000 -0.01260935
4.28500 -0.01258458
4.29000 -0.01255989
4.29500 -0.01253527
4.30000 -0.01251073
4.30500 -0.01248627
4.31000 -0.01246188
4.31500 -0.01243757
4.32000 -0.01241334
4.32500 -0.01238918
4.33000 -0.01236510
4.33500 -0.01234109
4.34000 -0.01231716
4.34500 -0.01229330
4.35000 -0.01226951
4.35500 -0.01224580
4.36000 -0.01222216
4.36500 -0.01219860
4.37000 -0.01217511
4.37500 -0.01215169
4.38000 -0.01212834
4.38500 -0.01210506
4.39000 -0.01208186
4.39500 -0.01205873
4.40000 -0.01203566
4.40500 -0.01201267
4.41000 -0.01198975
4.41500 -0.01196690
4.42000 -0.01194412
4.42500 -0.01192141
4.43000 -0.01189876
4.43500 -0.01187619
4.44000 -0.01185368
4.44500 -0.01183125
4.45000 -0.01180888
4.45500 -0.01178657
4.46000 -0.01176434
4.46500 -0.01174217
4.47000 -0.01172007
4.47500 -0.01169804
4.48000 -0.01167607
4.48500 -0.01165417
4.49000 -0.01163233
4.49500 -0.01161056
4.50000 -0.01158886
4.50500 -0.01156722
4.51000 -0.01154564
4.51500 -0.01152413
4.52000 -0.01150268
4.52500 -0.01148130
4.53000 -0.01145998
4.53500 -0.01143873
4.54000 -0.01141753
4.54500 -0.01139640
4.55000 -0.01137534
4.55500 -0.01135433
4.56000 -0.01133339
4.56500 -0.01131251
4.57000 -0.01129169
4.57500 -0.01127093
4.58000 -0.01125023
4.58500 -0.01122959
4.59000 -0.01120902
4.59500 -0.01118850
4.60000 -0.01116805
4.60500 -0.01114765
4.61000 -0.01112731
4.61500 -0.01110704
4.62000 -0.01108682
4.62500 -0.01106666
4.63000 -0.01104656
4.63500 -0.01102652
4.64000 -0.01100653
4.64500 -0.01098661
4.65000 -0.01096674
4.65500 -0.01094693
4.66000 -0.01092718
4.66500 -0.01090748
4.67000 -0.01088784
4.67500 -0.01086826
4.68000 -0.01084873
4.68500 -0.01082926
4.69000 -0.01080985
4.69500 -0.01079049
4.70000 -0.01077118
4.70500 -0.01075194
4.71000 -0.01073274
4.71500 -0.01071360
4.72000 -0.01069452
4.72500 -0.01067549
4.73000 -0.01065652
4.73500 -0.01063759
4.74000 -0.01061873
4.74500 -0.01059991
4.75000 -0.01058115
4.75500 -0.01056244
4.76000 -0.01054379
4.76500 -0.01052519
4.77000 -0.01050664
4.77500 -0.01048814
4.78000 -0.01046970
4.78500 -0.01045130
4.79000 -0.01043296
4.79500 -0.01041467
4.80000 -0.01039643
4.80500 -0.01037824
4.81000 -0.01036011
4.81500 -0.01034202
4.82000 -0.01032398
4.82500 -0.01030600
4.83000 -0.01028806
4.83500 -0.01027018
4.84000 -0.01025234
4.84500 -0.01023456
4.85000 -0.01021682
4.85500 -0.01019913
4.86000 -0.01018149
4.86500 -0.01016390
4.87000 -0.01014636
4.87500 -0.01012887
4.88000 -0.01011142
4.88500 -0.01009403
4.89000 -0.01007668
4.89500 -0.01005938
4.90000 -0.01004212
4.90500 -0.01002491
4.91000 -0.01000776
4.91500 -0.00999064
4.92000 -0.00997358
4.92500 -0.00995656
4.93000 -0.00993959
4.93500 -0.00992266
4.94000 -0.00990578
4.94500 -0.00988894
4.95000 -0.00987216
4.95500 -0.00985541
4.96000 -0.00983871
4.96500 -0.00982206
4.97000 -0.00980545
4.97500 -0.00978889
4.98000 -0.00977237
4.98500 -0.00975590
4.99000 -0.00973947
4.99500 -0.00972309
5.00000 -0.00970675
5.00500 -0.00969045
5.01000 -0.00967420
5.01500 -0.00965799
5.02000 -0.00964182
5.02500 -0.00962570
5.03000 -0.00960962
5.03500 -0.00959358
5.04000 -0.00957758
5.04500 -0.00956163
5.05000 -0.00954572
5.05500 -0.00952986
5.06000 -0.00951403
5.06500 -0.00949825
5.07000 -0.00948251
5.07500 -0.00946681
5.08000 -0.00945115
5.08500 -0.00943553
5.09000 -0.00941996
5.09500 -0.00940443
5.10000 -0.00938893
5.10500 -0.00937348
5.11000 -0.00935807
5.11500 -0.00934270
5.12000 -0.00932737
5.12500 -0.00931207
5.13000 -0.00929682
5.13500 -0.00928161
5.14000 -0.00926644
5.14500 -0.00925131
5.15000 -0.00923622
5.15500 -0.00922117
5.16000 -0.00920615
5.16500 -0.00919118
5.17000 -0.00917624
5.17500 -0.00916134
5.18000 -0.00914649
5.18500 -0.00913167
5.19000 -0.00911688
5.19500 -0.00910214
5.20000 -0.00908744
5.20500 -0.00907277
5.21000 -0.00905814
5.21500 -0.00904355
5.22000 -0.00902899
5.22500 -0.00901448
5.23000 -0.00900000
5.23500 -0.00898555
5.24000 -0.00897115
5.24500 -0.00895678
5.25000 -0.00894245
5.25500 -0.00892815
5.26000 -0.00891389
5.26500 -0.00889967
5.27000 -0.00888549
5.27500 -0.00887133
5.28000 -0.00885722
5.28500 -0.00884314
5.29000 -0.00882910
5.29500 -0.00881509
5.30000 -0.00880112
5.30500 -0.00878719
5.31000 -0.00877328
5.31500 -0.00875942
5.32000 -0.00874559
5.32500 -0.00873179
5.33000 -0.00871803
5.33500 -0.00870430
5.34000 -0.00869061
5.34500 -0.00867695
5.35000 -0.00866333
5.35500 -0.00864974
5.36000 -0.00863618
5.36500 -0.00862266
5.37000 -0.00860918
5.37500 -0.00859572
5.38000 -0.00858230
5.38500 -0.00856891
5.39000 -0.00855556
5.39500 -0.00854224
5.40000 -0.00852895
5.40500 -0.00851570
5.41000 -0.00850248
5.41500 -0.00848929
5.42000 -0.00847613
5.42500 -0.00846301
5.43000 -0.00844992
5.43500 -0.00843686
5.44000 -0.00842383
5.44500 -0.00841084
5.45000 -0.00839787
5.45500 -0.00838494
5.46000 -0.00837204
5.46500 -0.00835918
5.47000 -0.00834634
5.47500 -0.00833354
5.48000 -0.00832076
5.48500 -0.00830802
5.49000 -0.00829531
5.49500 -0.00828263
5.50000 -0.00826998
5.50500 -0.00825736
5.51000 -0.00824478
5.51500 -0.00823222
5.52000 -0.00821969
5.52500 -0.00820720
5.53000 -0.00819473
5.53500 -0.00818230
5.54000 -0.00816989
5.54500 -0.00815752
5.55000 -0.00814517
5.55500 -0.00813286
5.56000 -0.00812057
5.56500 -0.00810831
5.57000 -0.00809609
5.57500 -0.00808389
5.58000 -0.00807172
5.58500 -0.00805958
5.59000 -0.00804747
5.59500 -0.00803539
5.60000 -0.00802334
5.60500 -0.00801132
5.61000 -0.00799932
5.61500 -0.00798736
5.62000 -0.00797542
5.62500 -0.00796351
5.63000 -0.00795163
5.63500 -0.00793978
5.64000 -0.00792796
5.64500 -0.00791616
5.65000 -0.00790439
5.65500 -0.00789265
5.66000 -0.00788094
5.66500 -0.00786926
5.67000 -0.00785760
5.67500 -0.00784597
5.68000 -0.00783437
5.68500 -0.00782280
5.69000 -0.00781125
5.69500 -0.00779973
5.70000 -0.00778824
5.70500 -0.00777677
5.71000 -0.00776533
5.71500 -0.00775392
5.72000 -0.00774253
5.72500 -0.00773117
5.73000 -0.00771984
5.73500 -0.00770854
5.74000 -0.00769726
5.74500 -0.00768600
5.75000 -0.00767478
5.75500 -0.00766358
5.76000 -0.00765240
5.76500 -0.00764125
5.77000 -0.00763013
5.77500 -0.00761903
5.78000 -0.00760796
5.78500 -0.00759692
5.79000 -0.00758590
5.79500 -0.00757490
5.80000 -0.00756393
5.80500 -0.00755299
5.81000 -0.00754207
5.81500 -0.00753118
5.82000 -0.00752031
5.82500 -0.00750947
5.83000 -0.00749865
5.83500 -0.00748786
5.84000 -0.00747709
5.84500 -0.00746634
5.85000 -0.00745562
5.85500 -0.00744493
5.86000 -0.00743426
5.86500 -0.00742361
5.87000 -0.00741299
5.87500 -0.00740239
5.88000 -0.00739182
5.88500 -0.00738127
5.89000 -0.00737074
5.89500 -0.00736024
5.90000 -0.00734977
5.90500 -0.00733931
5.91000 -0.00732888
5.91500 -0.00731847
5.92000 -0.00730809
5.92500 -0.00729773
5.93000 -0.00728740
5.93500 -0.00727708
5.94000 -0.00726679
5.94500 -0.00725653
5.95000 -0.00724628
5.95500 -0.00723606
5.96000 -0.00722587
5.96500 -0.00721569
5.97000 -0.00720554
5.97500 -0.00719541
5.98000 -0.00718531
5.98500 -0.00717522
5.99000 -0.00716516
5.99500 -0.00715512
6.00000 -0.00714511
6.00500 -0.00713511
6.01000 -0.00712514
6.01500 -0.00711519
6.02000 -0.00710527
6.02500 -0.00709536
6.03000 -0.00708548
6.03500 -0.00707562
6.04000 -0.00706578
6.04500 -0.00705596
6.05000 -0.00704616
6.05500 -0.00703639
6.06000 -0.00702664
6.06500 -0.00701691
6.07000 -0.00700720
6.07500 -0.00699751
6.08000 -0.00698784
6.08500 -0.00697820
6.09000 -0.00696857
6.09500 -0.00695897
6.10000 -0.00694939
6.10500 -0.00693983
6.11000 -0.00693029
6.11500 -0.00692077
6.12000 -0.00691127
6.12500 -0.00690179
6.13000 -0.00689234
6.13500 -0.00688290
6.14000 -0.00687348
6.14500 -0.00686409
6.15000 -0.00685472
6.15500 -0.00684536
6.16000 -0.00683603
6.16500 -0.00682671
6.17000 -0.00681742
6.17500 -0.00680815
6.18000 -0.00679889
6.18500 -0.00678966
6.19000 -0.00678045
6.19500 -0.00677125
6.20000 -0.00676208
6.20500 -0.00675293
6.21000 -0.00674379
6.21500 -0.00673468
6.22000 -0.00672559
6.22500 -0.00671651
6.23000 -0.00670746
6.23500 -0.00669842
6.24000 -0.00668940
6.24500 -0.00668041
6.25000 -0.00667143
6.25500 -0.00666247
6.26000 -0.00665353
6.26500 -0.00664461
6.27000 -0.00663571
6.27500 -0.00662682
6.28000 -0.00661796
6.28500 -0.00660912
6.29000 -0.00660029
6.29500 -0.00659148
6.30000 -0.00658270
6.30500 -0.00657393
6.31000 -0.00656517
6.31500 -0.00655644
6.32000 -0.00654773
6.32500 -0.00653903
6.33000 -0.00653036
6.33500 -0.00652170
6.34000 -0.00651306
6.34500 -0.00650443
6.35000 -0.00649583
6.35500 -0.00648724
6.36000 -0.00647868
6.36500 -0.00647013
6.37000 -0.00646159
6.37500 -0.00645308
6.38000 -0.00644458
6.38500 -0.00643611
6.39000 -0.00642765
6.39500 -0.00641920
6.40000 -0.00641078
6.40500 -0.00640237
6.41000 -0.00639398
6.41500 -0.00638561
6.42000 -0.00637725
6.42500 -0.00636892
6.43000 -0.00636060
6.43500 -0.00635229
6.44000 -0.00634401
6.44500 -0.00633574
6.45000 -0.00632749
6.45500 -0.00631925
6.46000 -0.00631104
6.46500 -0.00630284
6.47000 -0.00629465
6.47500 -0.00628649
6.48000 -0.00627834
6.48500 -0.00627020
6.49000 -0.00626209
6.49500 -0.00625399
6.50000 -0.00624591
6.50500 -0.00623784
6.51000 -0.00622979
6.51500 -0.00622176
6.52000 -0.00621374
6.52500 -0.00620575
6.53000 -0.00619776
6.53500 -0.00618980
6.54000 -0.00618184
6.54500 -0.00617391
6.55000 -0.00616599
6.55500 -0.00615809
6.56000 -0.00615020
6.56500 -0.00614234
6.57000 -0.00613448
6.57500 -0.00612664
6.58000 -0.00611882
6.58500 -0.00611102
6.59000 -0.00610323
6.59500 -0.00609545
6.60000 -0.00608769
6.60500 -0.00607995
6.61000 -0.00607222
6.61500 -0.00606451
6.62000 -0.00605682
6.62500 -0.00604914
6.63000 -0.00604147
6.63500 -0.00603382
6.64000 -0.00602619
6.64500 -0.00601857
6.65000 -0.00601097
6.65500 -0.00600338
6.66000 -0.00599581
6.66500 -0.00598825
6.67000 -0.00598071
6.67500 -0.00597318
6.68000 -0.00596567
6.68500 -0.00595817
6.69000 -0.00595069
6.69500 -0.00594323
6.70000 -0.00593577
6.70500 -0.00592834
6.71000 -0.00592091
6.71500 -0.00591351
6.72000 -0.00590611
6.72500 -0.00589874
6.73000 -0.00589137
6.73500 -0.00588403
6.74000 -0.00587669
6.74500 -0.00586937
6.75000 -0.00586207
6.75500 -0.00585478
6.76000 -0.00584750
6.76500 -0.00584024
6.77000 -0.00583299
6.77500 -0.00582576
6.78000 -0.00581854
6.78500 -0.00581134
6.79000 -0.00580415
6.79500 -0.00579697
6.80000 -0.00578981
6.80500 -0.00578266
6.81000 -0.00577553
6.81500 -0.00576841
6.82000 -0.00576130
6.82500 -0.00575421
6.83000 -0.00574713
6.83500 -0.00574007
6.84000 -0.00573302
6.84500 -0.00572598
6.85000 -0.00571896
6.85500 -0.00571195
6.86000 -0.00570495
6.86500 -0.00569797
6.87000 -0.00569100
6.87500 -0.00568405
6.88000 -0.00567711
6.88500 -0.00567018
6.89000 -0.00566327
6.89500 -0.00565637
6.90000 -0.00564948
6.90500 -0.00564261
6.91000 -0.00563575
6.91500 -0.00562890
6.92000 -0.00562207
6.92500 -0.00561525
6.93000 -0.00560844
6.93500 -0.00560164
6.94000 -0.00559486
6.94500 -0.00558809
6.95000 -0.00558134
6.95500 -0.00557460
6.96000 -0.00556787
6.96500 -0.00556115
6.97000 -0.00555445
6.97500 -0.00554776
6.98000 -0.00554108
6.98500 -0.00553442
6.99000 -0.00552776
6.99500 -0.00552112
7.00000 -0.00551450
7.00500 -0.00550788
7.01000 -0.00550128
7.01500 -0.00549469
7.02000 -0.00548812
7.02500 -0.00548155
7.03000 -0.00547500
7.03500 -0.00546846
7.04000 -0.00546194
7.04500 -0.00545542
7.05000 -0.00544892
7.05500 -0.00544243
7.06000 -0.00543596
7.06500 -0.00542949
7.07000 -0.00542304
7.07500 -0.00541660
7.08000 -0.00541017
7.08500 -0.00540376
7.09000 -0.00539735
7.09500 -0.00539096
7.10000 -0.00538458
7.10500 -0.00537822
7.11000 -0.00537186
7.11500 -0.00536552
7.12000 -0.00535919
7.12500 -0.00535287
7.13000 -0.00534656
7.13500 -0.00534026
7.14000 -0.00533398
7.14500 -0.00532771
7.15000 -0.00532145
7.15500 -0.00531520
7.16000 -0.00530896
7.16500 -0.00530273
7.17000 -0.00529652
7.17500 -0.00529032
7.18000 -0.00528413
7.18500 -0.00527795
7.19000 -0.00527178
7.19500 -0.00526563
7.20000 -0.00525948
7.20500 -0.00525335
7.21000 -0.00524723
7.21500 -0.00524111
7.22000 -0.00523502
7.22500 -0.00522893
7.23000 -0.00522285
7.23500 -0.00521679
7.24000 -0.00521073
7.24500 -0.00520469
7.25000 -0.00519866
7.25500 -0.00519264
7.26000 -0.00518663
7.26500 -0.00518063
7.27000 -0.00517464
7.27500 -0.00516867
7.28000 -0.00516270
7.28500 -0.00515675
7.29000 -0.00515080
7.29500 -0.00514487
7.30000 -0.00513895
7.30500 -0.00513304
7.31000 -0.00512714
7.31500 -0.00512125
7.32000 -0.00511537
7.32500 -0.00510950
7.33000 -0.00510365
7.33500 -0.00509780
7.34000 -0.00509196
7.34500 -0.00508614
7.35000 -0.00508032
7.35500 -0.00507452
7.36000 -0.00506873
7.36500 -0.00506295
7.37000 -0.00505717
7.37500 -0.00505141
7.38000 -0.00504566
7.38500 -0.00503992
7.39000 -0.00503419
7.39500 -0.00502847
7.40000 -0.00502276
7.40500 -0.00501706
7.41000 -0.00501137
7.41500 -0.00500569
7.42000 -0.00500002
7.42500 -0.00499437
7.43000 -0.00498872
7.43500 -0.00498308
7.44000 -0.00497745
7.44500 -0.00497184
7.45000 -0.00496623
7.45500 -0.00496063
7.46000 -0.00495504
7.46500 -0.00494947
7.47000 -0.00494390
7.47500 -0.00493834
7.48000 -0.00493279
7.48500 -0.00492726
7.49000 -0.00492173
7.49500 -0.00491621
7.50000 -0.00491070
7.50500 -0.00490521
7.51000 -0.00489972
7.51500 -0.00489424
7.52000 -0.00488877
7.52500 -0.00488331
7.53000 -0.00487786
7.53500 -0.00487242
7.54000 -0.00486699
7.54500 -0.00486157
7.55000 -0.00485616
7.55500 -0.00485076
7.56000 -0.00484537
7.56500 -0.00483999
7.57000 -0.00483462
7.57500 -0.00482925
7.58000 -0.00482390
7.58500 -0.00481856
7.59000 -0.00481322
7.59500 -0.00480790
7.60000 -0.00480258
7.60500 -0.00479728
7.61000 -0.00479198
7.61500 -0.00478669
7.62000 -0.00478141
7.62500 -0.00477614
7.63000 -0.00477088
7.63500 -0.00476563
7.64000 -0.00476039
7.64500 -0.00475516
7.65000 -0.00474994
7.65500 -0.00474472
7.66000 -0.00473952
7.66500 -0.00473432
7.67000 -0.00472914
7.67500 -0.00472396
7.68000 -0.00471879
7.68500 -0.00471363
7.69000 -0.00470848
7.69500 -0.00470334
7.70000 -0.00469821
7.70500 -0.00469308
7.71000 -0.00468797
7.71500 -0.00468286
7.72000 -0.00467777
7.72500 -0.00467268
7.73000 -0.00466760
7.73500 -0.00466253
7.74000 -0.00465747
7.74500 -0.00465241
7.75000 -0.00464737
7.75500 -0.00464233
7.76000 -0.00463731
7.76500 -0.00463229
7.77000 -0.00462728
7.77500 -0.00462228
7.78000 -0.00461729
7.78500 -0.00461230
7.79000 -0.00460733
7.79500 -0.00460236
7.80000 -0.00459740
7.80500 -0.00459245
7.81000 -0.00458751
7.81500 -0.00458258
7.82000 -0.00457766
7.82500 -0.00457274
7.83000 -0.00456783
7.83500 -0.00456294
7.84000 -0.00455805
7.84500 -0.00455316
7.85000 -0.00454829
7.85500 -0.00454342
7.86000 -0.00453857
7.86500 -0.00453372
7.87000 -0.00452888
7.87500 -0.00452404
7.88000 -0.00451922
7.88500 -0.00451440
7.89000 -0.00450960
7.89500 -0.00450480
7.90000 -0.00450001
7.90500 -0.00449522
7.91000 -0.00449045
7.91500 -0.00448568
7.92000 -0.00448092
7.92500 -0.00447617
7.93000 -0.00447143
7.93500 -0.00446669
7.94000 -0.00446197
7.94500 -0.00445725
7.95000 -0.00445254
7.95500 -0.00444783
7.96000 -0.00444314
7.96500 -0.00443845
7.97000 -0.00443377
7.97500 -0.00442910
7.98000 -0.00442443
7.98500 -0.00441978
7.99000 -0.00441513
7.99500 -0.00441049
8.00000 -0.00440586
8.00500 -0.00440123
8.01000 -0.00439662
8.01500 -0.00439201
8.02000 -0.00438741
8.02500 -0.00438281
8.03000 -0.00437822
8.03500 -0.00437365
8.04000 -0.00436908
8.04500 -0.00436451
8.05000 -0.00435996
8.05500 -0.00435541
8.06000 -0.00435087
8.06500 -0.00434633
8.07000 -0.00434181
8.07500 -0.00433729
8.08000 -0.00433278
8.08500 -0.00432828
8.09000 -0.00432378
8.09500 -0.00431929
8.10000 -0.00431481
8.10500 -0.00431034
8.11000 -0.00430587
8.11500 -0.00430142
8.12000 -0.00429696
8.12500 -0.00429252
8.13000 -0.00428808
8.13500 -0.00428365
8.14000 -0.00427923
8.14500 -0.00427482
8.15000 -0.00427041
8.15500 -0.00426601
8.16000 -0.00426162
8.16500 -0.00425723
8.17000 -0.00425285
8.17500 -0.00424848
8.18000 -0.00424412
8.18500 -0.00423976
8.19000 -0.00423541
8.19500 -0.00423107
8.20000 -0.00422673
8.20500 -0.00422240
8.21000 -0.00421808
8.21500 -0.00421377
8.22000 -0.00420946
8.22500 -0.00420516
8.23000 -0.00420087
8.23500 -0.00419658
8.24000 -0.00419230
8.24500 -0.00418803
8.25000 -0.00418376
8.25500 -0.00417950
8.26000 -0.00417525
8.26500 -0.00417101
8.27000 -0.00416677
8.27500 -0.00416254
8.28000 -0.00415831
8.28500 -0.00415410
8.29000 -0.00414989
8.29500 -0.00414568
8.30000 -0.00414149
8.30500 -0.00413730
8.31000 -0.00413311
8.31500 -0.00412894
8.32000 -0.00412477
8.32500 -0.00412060
8.33000 -0.00411645
8.33500 -0.00411230
8.34000 -0.00410815
8.34500 -0.00410402
8.35000 -0.00409989
8.35500 -0.00409576
8.36000 -0.00409165
8.36500 -0.00408754
8.37000 -0.00408343
8.37500 -0.00407934
8.38000 -0.00407525
8.38500 -0.00407116
8.39000 -0.00406708
8.39500 -0.00406301
8.40000 -0.00405895
8.40500 -0.00405489
8.41000 -0.00405084
8.41500 -0.00404680
8.42000 -0.00404276
8.42500 -0.00403873
8.43000 -0.00403470
8.43500 -0.00403068
8.44000 -0.00402667
8.44500 -0.00402266
8.45000 -0.00401866
8.45500 -0.00401467
8.46000 -0.00401068
8.46500 -0.00400670
8.47000 -0.00400272
8.47500 -0.00399876
8.48000 -0.00399479
8.48500 -0.00399084
8.49000 -0.00398689
8.49500 -0.00398294
8.50000 -0.00397901
8.50500 -0.00397508
8.51000 -0.00397115
8.51500 -0.00396723
8.52000 -0.00396332
8.52500 -0.00395941
8.53000 -0.00395551
8.53500 -0.00395162
8.54000 -0.00394773
8.54500 -0.00394385
8.55000 -0.00393997
8.55500 -0.00393610
8.56000 -0.00393224
8.56500 -0.00392838
8.57000 -0.00392453
8.57500 -0.00392069
8.58000 -0.00391685
8.58500 -0.00391301
8.59000 -0.00390918
8.59500 -0.00390536
8.60000 -0.00390155
8.60500 -0.00389774
8.61000 -0.00389393
8.61500 -0.00389014
8.62000 -0.00388634
8.62500 -0.00388256
8.63000 -0.00387878
8.63500 -0.00387500
8.64000 -0.00387124
8.64500 -0.00386747
8.65000 -0.00386372
8.65500 -0.00385997
8.66000 -0.00385622
8.66500 -0.00385248
8.67000 -0.00384875
8.67500 -0.00384502
8.68000 -0.00384130
8.68500 -0.00383758
8.69000 -0.00383387
8.69500 -0.00383017
8.70000 -0.00382647
8.70500 -0.00382277
8.71000 -0.00381909
8.71500 -0.00381540
8.72000 -0.00381173
8.72500 -0.00380806
8.73000 -0.00380439
8.73500 -0.00380073
8.74000 -0.00379708
8.74500 -0.00379343
8.75000 -0.00378979
8.75500 -0.00378615
8.76000 -0.00378252
8.76500 -0.00377889
8.77000 -0.00377527
8.77500 -0.00377166
8.78000 -0.00376805
8.78500 -0.00376444
8.79000 -0.00376085
8.79500 -0.00375725
8.80000 -0.00375366
8.80500 -0.00375008
8.81000 -0.00374651
8.81500 -0.00374294
8.82000 -0.00373937
8.82500 -0.00373581
8.83000 -0.00373225
8.83500 -0.00372871
8.84000 -0.00372516
8.84500 -0.00372162
8.85000 -0.00371809
8.85500 -0.00371456
8.86000 -0.00371104
8.86500 -0.00370752
8.87000 -0.00370401
8.87500 -0.00370050
8.88000 -0.00369700
8.88500 -0.00369351
8.89000 -0.00369001
8.89500 -0.00368653
8.90000 -0.00368305
8.90500 -0.00367957
8.91000 -0.00367610
8.91500 -0.00367264
8.92000 -0.00366918
8.92500 -0.00366573
8.93000 -0.00366228
8.93500 -0.00365883
8.94000 -0.00365539
8.94500 -0.00365196
8.95000 -0.00364853
8.95500 -0.00364511
8.96000 -0.00364169
8.96500 -0.00363828
8.97000 -0.00363487
8.97500 -0.00363147
8.98000 -0.00362807
8.98500 -0.00362468
8.99000 -0.00362129
8.99500 -0.00361791
9.00000 -0.00361453
9.00500 -0.00361116
9.01000 -0.00360779
9.01500 -0.00360443
9.02000 -0.00360107
9.02500 -0.00359772
9.03000 -0.00359437
9.03500 -0.00359103
9.04000 -0.00358769
9.04500 -0.00358436
9.05000 -0.00358103
9.05500 -0.00357771
9.06000 -0.00357439
9.06500 -0.00357108
9.07000 -0.00356777
9.07500 -0.00356447
9.08000 -0.00356117
9.08500 -0.00355787
9.09000 -0.00355459
9.09500 -0.00355130
9.10000 -0.00354802
9.10500 -0.00354475
9.11000 -0.00354148
9.11500 -0.00353822
9.12000 -0.00353496
9.12500 -0.00353170
9.13000 -0.00352845
9.13500 -0.00352521
9.14000 -0.00352197
9.14500 -0.00351873
9.15000 -0.00351550
9.15500 -0.00351227
9.16000 -0.00350905
9.16500 -0.00350583
9.17000 -0.00350262
9.17500 -0.00349941
9.18000 -0.00349621
9.18500 -0.00349301
9.19000 -0.00348982
9.19500 -0.00348663
9.20000 -0.00348345
9.20500 -0.00348027
9.21000 -0.00347709
9.21500 -0.00347392
9.22000 -0.00347076
9.22500 -0.00346760
9.23000 -0.00346444
9.23500 -0.00346129
9.24000 -0.00345814
9.24500 -0.00345500
9.25000 -0.00345186
9.25500 -0.00344873
9.26000 -0.00344560
9.26500 -0.00344247
9.27000 -0.00343935
9.27500 -0.00343624
9.28000 -0.00343313
9.28500 -0.00343002
9.29000 -0.00342692
9.29500 -0.00342382
9.30000 -0.00342073
9.30500 -0.00341764
9.31000 -0.00341456
9.31500 -0.00341148
9.32000 -0.00340840
9.32500 -0.00340533
9.33000 -0.00340226
9.33500 -0.00339920
9.34000 -0.00339614
9.34500 -0.00339309
9.35000 -0.00339004
9.35500 -0.00338700
9.36000 -0.00338396
9.36500 -0.00338092
9.37000 -0.00337789
9.37500 -0.00337486
9.38000 -0.00337184
9.38500 -0.00336882
9.39000 -0.00336581
9.39500 -0.00336280
9.40000 -0.00335979
9.40500 -0.00335679
9.41000 -0.00335380
9.41500 -0.00335080
9.42000 -0.00334781
9.42500 -0.00334483
9.43000 -0.00334185
9.43500 -0.00333887
9.44000 -0.00333590
9.44500 -0.00333294
9.45000 -0.00332997
9.45500 -0.00332701
9.46000 -0.00332406
9.46500 -0.00332111
9.47000 -0.00331816
9.47500 -0.00331522
9.48000 -0.00331228
9.48500 -0.00330935
9.49000 -0.00330642
9.49500 -0.00330349
9.50000 -0.00330057
9.50500 -0.00329766
9.51000 -0.00329474
9.51500 -0.00329183
9.52000 -0.00328893
9.52500 -0.00328603
9.53000 -0.00328313
9.53500 -0.00328024
9.54000 -0.00327735
9.54500 -0.00327446
9.55000 -0.00327158
9.55500 -0.00326871
9.56000 -0.00326584
9.56500 -0.00326297
9.57000 -0.00326010
9.57500 -0.00325724
9.58000 -0.00325439
9.58500 -0.00325153
9.59000 -0.00324869
9.59500 -0.00324584
9.60000 -0.00324300
9.60500 -0.00324016
9.61000 -0.00323733
9.61500 -0.00323450
9.62000 -0.00323168
9.62500 -0.00322886
9.63000 -0.00322604
9.63500 -0.00322323
9.64000 -0.00322042
9.64500 -0.00321761
9.65000 -0.00321481
9.65500 -0.00321202
9.66000 -0.00320922
9.66500 -0.00320643
9.67000 -0.00320365
9.67500 -0.00320087
9.68000 -0.00319809
9.68500 -0.00319531
9.69000 -0.00319254
9.69500 -0.00318978
9.70000 -0.00318702
9.70500 -0.00318426
9.71000 -0.00318150
9.71500 -0.00317875
9.72000 -0.00317600
9.72500 -0.00317326
9.73000 -0.00317052
9.73500 -0.00316778
9.74000 -0.00316505
9.74500 -0.00316232
9.75000 -0.00315960
9.75500 -0.00315688
9.76000 -0.00315416
9.76500 -0.00315145
9.77000 -0.00314874
9.77500 -0.00314603
9.78000 -0.00314333
9.78500 -0.00314063
9.79000 -0.00313794
9.79500 -0.00313524
9.80000 -0.00313256
9.80500 -0.00312987
9.81000 -0.00312719
9.81500 -0.00312452
9.82000 -0.00312184
9.82500 -0.00311917
9.83000 -0.00311651
9.83500 -0.00311385
9.84000 -0.00311119
9.84500 -0.00310853
9.85000 -0.00310588
9.85500 -0.00310324
9.86000 -0.00310059
9.86500 -0.00309795
9.87000 -0.00309532
9.87500 -0.00309268
9.88000 -0.00309005
9.88500 -0.00308743
9.89000 -0.00308480
9.89500 -0.00308219
9.90000 -0.00307957
9.90500 -0.00307696
9.91000 -0.00307435
9.91500 -0.00307175
9.92000 -0.00306914
9.92500 -0.00306655
9.93000 -0.00306395
9.93500 -0.00306136
9.94000 -0.00305878
9.94500 -0.00305619
9.95000 -0.00305361
9.95500 -0.00305103
9.96000 -0.00304846
9.96500 -0.00304589
9.97000 -0.00304333
9.97500 -0.00304076
9.98000 -0.00303820
9.98500 -0.00303565
9.99000 -0.00303309
9.99500 -0.00303055
10.00000 -0.00302800
10.00500 -0.00302546
10.01000 -0.00302292
10.01500 -0.00302038
10.02000 -0.00301785
10.02500 -0.00301532
10.03000 -0.00301280
10.03500 -0.00301028
10.04000 -0.00300776
10.04500 -0.00300524
10.05000 -0.00300273
10.05500 -0.00300022
10.06000 -0.00299772
10.06500 -0.00299521
10.07000 -0.00299272
10.07500 -0.00299022
10.08000 -0.00298773
10.08500 -0.00298524
10.09000 -0.00298276
10.09500 -0.00298027
10.10000 -0.00297780
10.10500 -0.00297532
10.11000 -0.00297285
10.11500 -0.00297038
10.12000 -0.00296791
10.12500 -0.00296545
10.13000 -0.00296299
10.13500 -0.00296054
10.14000 -0.00295808
10.14500 -0.00295564
10.15000 -0.00295319
10.15500 -0.00295075
10.16000 -0.00294831
10.16500 -0.00294587
10.17000 -0.00294344
10.17500 -0.00294101
10.18000 -0.00293858
10.18500 -0.00293616
10.19000 -0.00293374
10.19500 -0.00293132
10.20000 -0.00292891
10.20500 -0.00292650
10.21000 -0.00292409
10.21500 -0.00292168
10.22000 -0.00291928
10.22500 -0.00291688
10.23000 -0.00291449
10.23500 -0.00291210
10.24000 -0.00290971
10.24500 -0.00290732
10.25000 -0.00290494
10.25500 -0.00290256
10.26000 -0.00290019
10.26500 -0.00289781
10.27000 -0.00289544
10.27500 -0.00289308
10.28000 -0.00289071
10.28500 -0.00288835
10.29000 -0.00288599
10.29500 -0.00288364
10.30000 -0.00288129
10.30500 -0.00287894
10.31000 -0.00287659
10.31500 -0.00287425
10.32000 -0.00287191
10.32500 -0.00286957
10.33000 -0.00286724
10.33500 -0.00286491
10.34000 -0.00286258
10.34500 -0.00286026
10.35000 -0.00285794
10.35500 -0.00285562
10.36000 -0.00285331
10.36500 -0.00285099
10.37000 -0.00284868
10.37500 -0.00284638
10.38000 -0.00284407
10.38500 -0.00284177
10.39000 -0.00283948
10.39500 -0.00283718
10.40000 -0.00283489
10.40500 -0.00283260
10.41000 -0.00283032
10.41500 -0.00282804
10.42000 -0.00282576
10.42500 -0.00282348
10.43000 -0.00282121
10.43500 -0.00281893
10.44000 -0.00281667
10.44500 -0.00281440
10.45000 -0.00281214
10.45500 -0.00280988
10.46000 -0.00280762
10.46500 -0.00280537
10.47000 -0.00280312
10.47500 -0.00280087
10.48000 -0.00279863
10.48500 -0.00279639
10.49000 -0.00279415
10.49500 -0.00279191
10.50000 -0.00278968
10.50500 -0.00278745
10.51000 -0.00278522
10.51500 -0.00278300
10.52000 -0.00278077
10.52500 -0.00277855
10.53000 -0.00277634
10.53500 -0.00277413
10.54000 -0.00277191
10.54500 -0.00276971
10.55000 -0.00276750
10.55500 -0.00276530
10.56000 -0.00276310
10.56500 -0.00276090
10.57000 -0.00275871
10.57500 -0.00275652
10.58000 -0.00275433
10.58500 -0.00275215
10.59000 -0.00274996
10.59500 -0.00274778
10.60000 -0.00274561
10.60500 -0.00274343
10.61000 -0.00274126
10.61500 -0.00273909
10.62000 -0.00273692
10.62500 -0.00273476
10.63000 -0.00273260
10.63500 -0.00273044
10.64000 -0.00272829
10.64500 -0.00272613
10.65000 -0.00272398
10.65500 -0.00272184
10.66000 -0.00271969
10.66500 -0.00271755
10.67000 -0.00271541
10.67500 -0.00271328
10.68000 -0.00271114
10.68500 -0.00270901
10.69000 -0.00270688
10.69500 -0.00270476
10.70000 -0.00270263
10.70500 -0.00270051
10.71000 -0.00269840
10.71500 -0.00269628
10.72000 -0.00269417
10.72500 -0.00269206
10.73000 -0.00268995
10.73500 -0.00268785
10.74000 -0.00268575
10.74500 -0.00268365
10.75000 -0.00268155
10.75500 -0.00267946
10.76000 -0.00267736
10.76500 -0.00267528
10.77000 -0.00267319
10.77500 -0.00267111
10.78000 -0.00266903
10.78500 -0.00266695
10.79000 -0.00266487
10.79500 -0.00266280
10.80000 -0.00266073
10.80500 -0.00265866
10.81000 -0.00265659
10.81500 -0.00265453
10.82000 -0.00265247
10.82500 -0.00265041
10.83000 -0.00264836
10.83500 -0.00264630
10.84000 -0.00264425
10.84500 -0.00264221
10.85000 -0.00264016
10.85500 -0.00263812
10.86000 -0.00263608
10.86500 -0.00263404
10.87000 -0.00263201
10.87500 -0.00262997
10.88000 -0.00262794
10.88500 -0.00262592
10.89000 -0.00262389
10.89500 -0.00262187
10.90000 -0.00261985
10.90500 -0.00261783
10.91000 -0.00261582
10.91500 -0.00261380
10.92000 -0.00261179
10.92500 -0.00260979
10.93000 -0.00260778
10.93500 -0.00260578
10.94000 -0.00260378
10.94500 -0.00260178
10.95000 -0.00259978
10.95500 -0.00259779
10.96000 -0.00259580
10.96500 -0.00259381
10.97000 -0.00259183
10.97500 -0.00258984
10.98000 -0.00258786
10.98500 -0.00258588
10.99000 -0.00258391
10.99500 -0.00258194
11.00000 -0.00257996
11.00500 -0.00257800
11.01000 -0.00257603
11.01500 -0.00257407
11.02000 -0.00257210
11.02500 -0.00257014
11.03000 -0.00256819
11.03500 -0.00256623
11.04000 -0.00256428
11.04500 -0.00256233
11.05000 -0.00256038
11.05500 -0.00255844
11.06000 -0.00255650
11.06500 -0.00255456
11.07000 -0.00255262
11.07500 -0.00255068
11.08000 -0.00254875
11.08500 -0.00254682
11.09000 -0.00254489
11.09500 -0.00254296
11.10000 -0.00254104
11.10500 -0.00253912
11.11000 -0.00253720
11.11500 -0.00253528
11.12000 -0.00253337
11.12500 -0.00253146
11.13000 -0.00252955
11.13500 -0.00252764
11.14000 -0.00252573
11.14500 -0.00252383
11.15000 -0.00252193
11.15500 -0.00252003
11.16000 -0.00251813
11.16500 -0.00251624
11.17000 -0.00251435
11.17500 -0.00251246
11.18000 -0.00251057
11.18500 -0.00250869
11.19000 -0.00250680
11.19500 -0.00250492
11.20000 -0.00250305
11.20500 -0.00250117
11.21000 -0.00249930
11.21500 -0.00249743
11.22000 -0.00249556
11.22500 -0.00249369
11.23000 -0.00249183
11.23500 -0.00248996
11.24000 -0.00248810
11.24500 -0.00248624
11.25000 -0.00248439
11.25500 -0.00248254
11.26000 -0.00248068
11.26500 -0.00247883
11.27000 -0.00247699
11.27500 -0.00247514
11.28000 -0.00247330
11.28500 -0.00247146
11.29000 -0.00246962
11.29500 -0.00246779
11.30000 -0.00246595
11.30500 -0.00246412
11.31000 -0.00246229
11.31500 -0.00246046
11.32000 -0.00245864
11.32500 -0.00245682
11.33000 -0.00245499
11.33500 -0.00245318
11.34000 -0.00245136
11.34500 -0.00244954
11.35000 -0.00244773
11.35500 -0.00244592
11.36000 -0.00244411
11.36500 -0.00244231
11.37000 -0.00244051
11.37500 -0.00243870
11.38000 -0.00243690
11.38500 -0.00243511
11.39000 -0.00243331
11.39500 -0.00243152
11.40000 -0.00242973
11.40500 -0.00242794
11.41000 -0.00242615
11.41500 -0.00242437
11.42000 -0.00242258
11.42500 -0.00242080
11.43000 -0.00241903
11.43500 -0.00241725
11.44000 -0.00241548
11.44500 -0.00241370
11.45000 -0.00241193
11.45500 -0.00241017
11.46000 -0.00240840
11.46500 -0.00240664
11.47000 -0.00240487
11.47500 -0.00240311
11.48000 -0.00240136
11.48500 -0.00239960
11.49000 -0.00239785
11.49500 -0.00239610
11.50000 -0.00239435
11.50500 -0.00239260
11.51000 -0.00239085
11.51500 -0.00238911
11.52000 -0.00238737
11.52500 -0.00238563
11.53000 -0.00238389
11.53500 -0.00238216
11.54000 -0.00238042
11.54500 -0.00237869
11.55000 -0.00237696
11.55500 -0.00237524
11.56000 -0.00237351
11.56500 -0.00237179
11.57000 -0.00237007
11.57500 -0.00236835
11.58000 -0.00236663
11.58500 -0.00236491
11.59000 -0.00236320
11.59500 -0.00236149
11.60000 -0.00235978
11.60500 -0.00235807
11.61000 -0.00235637
11.61500 -0.00235466
11.62000 -0.00235296
11.62500 -0.00235126
11.63000 -0.00234957
11.63500 -0.00234787
11.64000 -0.00234618
11.64500 -0.00234448
11.65000 -0.00234280
11.65500 -0.00234111
11.66000 -0.00233942
11.66500 -0.00233774
11.67000 -0.00233606
11.67500 -0.00233438
11.68000 -0.00233270
11.68500 -0.00233102
11.69000 -0.00232935
11.69500 -0.00232767
11.70000 -0.00232600
11.70500 -0.00232434
11.71000 -0.00232267
11.71500 -0.00232100
11.72000 -0.00231934
11.72500 -0.00231768
11.73000 -0.00231602
11.73500 -0.00231437
11.74000 -0.00231271
11.74500 -0.00231106
11.75000 -0.00230941
11.75500 -0.00230776
11.76000 -0.00230611
11.76500 -0.00230446
11.77000 -0.00230282
11.77500 -0.00230118
11.78000 -0.00229954
11.78500 -0.00229790
11.79000 -0.00229626
11.79500 -0.00229463
11.80000 -0.00229299
11.80500 -0.00229136
11.81000 -0.00228973
11.81500 -0.00228811
11.82000 -0.00228648
11.82500 -0.00228486
11.83000 -0.00228324
11.83500 -0.00228162
11.84000 -0.00228000
11.84500 -0.00227838
11.85000 -0.00227677
11.85500 -0.00227516
11.86000 -0.00227355
11.86500 -0.00227194
11.87000 -0.00227033
11.87500 -0.00226873
11.88000 -0.00226712
11.88500 -0.00226552
11.89000 -0.00226392
11.89500 -0.00226232
11.90000 -0.00226073
11.90500 -0.00225913
11.91000 -0.00225754
11.91500 -0.00225595
11.92000 -0.00225436
11.92500 -0.00225277
11.93000 -0.00225119
11.93500 -0.00224960
11.94000 -0.00224802
11.94500 -0.00224644
11.95000 -0.00224486
11.95500 -0.00224329
11.96000 -0.00224171
11.96500 -0.00224014
11.97000 -0.00223857
11.97500 -0.00223700
11.98000 -0.00223543
11.98500 -0.00223387
11.99000 -0.00223230
11.99500 -0.00223074
12.00000 -0.00222918
12.00500 -0.00222762
12.01000 -0.00222606
12.01500 -0.00222451
12.02000 -0.00222295
12.02500 -0.00222140
12.03000 -0.00221985
12.03500 -0.00221830
12.04000 -0.00221676
12.04500 -0.00221521
12.05000 -0.00221367
12.05500 -0.00221213
12.06000 -0.00221059
12.06500 -0.00220905
12.07000 -0.00220751
12.07500 -0.00220598
12.08000 -0.00220444
12.08500 -0.00220291
12.09000 -0.00220138
12.09500 -0.00219985
12.10000 -0.00219833
12.10500 -0.00219680
12.11000 -0.00219528
12.11500 -0.00219376
12.12000 -0.00219224
12.12500 -0.00219072
12.13000 -0.00218920
12.13500 -0.00218769
12.14000 -0.00218618
12.14500 -0.00218467
12.15000 -0.00218316
12.15500 -0.00218165
12.16000 -0.00218014
12.16500 -0.00217864
12.17000 -0.00217714
12.17500 -0.00217563
12.18000 -0.00217413
12.18500 -0.00217264
12.19000 -0.00217114
12.19500 -0.00216965
12.20000 -0.00216815
12.20500 -0.00216666
12.21000 -0.00216517
12.21500 -0.00216368
12.22000 -0.00216220
12.22500 -0.00216071
12.23000 -0.00215923
12.23500 -0.00215775
12.24000 -0.00215627
12.24500 -0.00215479
12.25000 -0.00215331
12.25500 -0.00215184
12.26000 -0.00215036
12.26500 -0.00214889
12.27000 -0.00214742
12.27500 -0.00214595
12.28000 -0.00214449
12.28500 -0.00214302
12.29000 -0.00214156
12.29500 -0.00214010
12.30000 -0.00213863
12.30500 -0.00213718
12.31000 -0.00213572
12.31500 -0.00213426
12.32000 -0.00213281
12.32500 -0.00213136
12.33000 -0.00212990
12.33500 -0.00212845
12.34000 -0.00212701
12.34500 -0.00212556
12.35000 -0.00212412
12.35500 -0.00212267
12.36000 -0.00212123
12.36500 -0.00211979
12.37000 -0.00211835
12.37500 -0.00211691
12.38000 -0.00211548
12.38500 -0.00211405
12.39000 -0.00211261
12.39500 -0.00211118
12.40000 -0.00210975
12.40500 -0.00210833
12.41000 -0.00210690
12.41500 -0.00210547
12.42000 -0.00210405
12.42500 -0.00210263
12.43000 -0.00210121
12.43500 -0.00209979
12.44000 -0.00209837
12.44500 -0.00209696
12.45000 -0.00209555
12.45500 -0.00209413
12.46000 -0.00209272
12.46500 -0.00209131
12.47000 -0.00208991
12.47500 -0.00208850
12.48000 -0.00208709
12.48500 -0.00208569
12.49000 -0.00208429
12.49500 -0.00208289
12.50000 -0.00208149
12.50500 -0.00208009
12.51000 -0.00207870
12.51500 -0.00207730
12.52000 -0.00207591
12.52500 -0.00207452
12.53000 -0.00207313
12.53500 -0.00207174
12.54000 -0.00207035
12.54500 -0.00206897
12.55000 -0.00206758
12.55500 -0.00206620
12.56000 -0.00206482
12.56500 -0.00206344
12.57000 -0.00206206
12.57500 -0.00206069
12.58000 -0.00205931
12.58500 -0.00205794
12.59000 -0.00205657
12.59500 -0.00205520
12.60000 -0.00205383
12.60500 -0.00205246
12.61000 -0.00205109
12.61500 -0.00204973
12.62000 -0.00204836
12.62500 -0.00204700
12.63000 -0.00204564
12.63500 -0.00204428
12.64000 -0.00204293
12.64500 -0.00204157
12.65000 -0.00204021
12.65500 -0.00203886
12.66000 -0.00203751
12.66500 -0.00203616
12.67000 -0.00203481
12.67500 -0.00203346
12.68000 -0.00203212
12.68500 -0.00203077
12.69000 -0.00202943
12.69500 -0.00202809
12.70000 -0.00202675
12.70500 -0.00202541
12.71000 -0.00202407
12.71500 -0.00202273
12.72000 -0.00202140
12.72500 -0.00202007
12.73000 -0.00201873
12.73500 -0.00201740
12.74000 -0.00201607
12.74500 -0.00201475
12.75000 -0.00201342
12.75500 -0.00201209
12.76000 -0.00201077
12.76500 -0.00200945
12.77000 -0.00200813
12.77500 -0.00200681
12.78000 -0.00200549
12.78500 -0.00200417
12.79000 -0.00200286
12.79500 -0.00200154
12.80000 -0.00200023
12.80500 -0.00199892
12.81000 -0.00199761
12.81500 -0.00199630
12.82000 -0.00199500
12.82500 -0.00199369
12.83000 -0.00199239
12.83500 -0.00199108
12.84000 -0.00198978
12.84500 -0.00198848
12.85000 -0.00198718
12.85500 -0.00198588
12.86000 -0.00198459
12.86500 -0.00198329
12.87000 -0.00198200
12.87500 -0.00198071
12.88000 -0.00197942
12.88500 -0.00197813
12.89000 -0.00197684
12.89500 -0.00197555
12.90000 -0.00197427
12.90500 -0.00197298
12.91000 -0.00197170
12.91500 -0.00197042
12.92000 -0.00196914
12.92500 -0.00196786
12.93000 -0.00196658
12.93500 -0.00196531
12.94000 -0.00196403
12.94500 -0.00196276
12.95000 -0.00196149
12.95500 -0.00196022
12.96000 -0.00195895
12.96500 -0.00195768
12.97000 -0.00195641
12.97500 -0.00195515
12.98000 -0.00195388
12.98500 -0.00195262
12.99000 -0.00195136
12.99500 -0.00195010
13.00000 -0.00194884
13.00500 -0.00194758
13.01000 -0.00194632
13.01500 -0.00194507
13.02000 -0.00194381
13.02500 -0.00194256
13.03000 -0.00194131
13.03500 -0.00194006
13.04000 -0.00193881
13.04500 -0.00193756
13.05000 -0.00193632
13.05500 -0.00193507
13.06000 -0.00193383
13.06500 -0.00193259
13.07000 -0.00193135
13.07500 -0.00193011
13.08000 -0.00192887
13.08500 -0.00192763
13.09000 -0.00192639
13.09500 -0.00192516
13.10000 -0.00192393
13.10500 -0.00192269
13.11000 -0.00192146
13.11500 -0.00192023
13.12000 -0.00191900
13.12500 -0.00191778
13.13000 -0.00191655
13.13500 -0.00191533
13.14000 -0.00191410
13.14500 -0.00191288
13.15000 -0.00191166
13.15500 -0.00191044
13.16000 -0.00190922
13.16500 -0.00190801
13.17000 -0.00190679
13.17500 -0.00190557
13.18000 -0.00190436
13.18500 -0.00190315
13.19000 -0.00190194
13.19500 -0.00190073
13.20000 -0.00189952
13.20500 -0.00189831
13.21000 -0.00189711
13.21500 -0.00189590
13.22000 -0.00189470
13.22500 -0.00189350
13.23000 -0.00189229
13.23500 -0.00189109
13.24000 -0.00188990
13.24500 -0.00188870
13.25000 -0.00188750
13.25500 -0.00188631
13.26000 -0.00188511
13.26500 -0.00188392
13.27000 -0.00188273
13.27500 -0.00188154
13.28000 -0.00188035
13.28500 -0.00187916
13.29000 -0.00187797
13.29500 -0.00187679
13.30000 -0.00187560
13.30500 -0.00187442
13.31000 -0.00187324
13.31500 -0.00187206
13.32000 -0.00187088
13.32500 -0.00186970
13.33000 -0.00186852
13.33500 -0.00186735
13.34000 -0.00186617
13.34500 -0.00186500
13.35000 -0.00186383
13.35500 -0.00186266
13.36000 -0.00186149
13.36500 -0.00186032
13.37000 -0.00185915
13.37500 -0.00185798
13.38000 -0.00185682
13.38500 -0.00185565
13.39000 -0.00185449
13.39500 -0.00185333
13.40000 -0.00185217
13.40500 -0.00185101
13.41000 -0.00184985
13.41500 -0.00184869
13.42000 -0.00184754
13.42500 -0.00184638
13.43000 -0.00184523
13.43500 -0.00184407
13.44000 -0.00184292
13.44500 -0.00184177
13.45000 -0.00184062
13.45500 -0.00183948
13.46000 -0.00183833
13.46500 -0.00183718
13.47000 -0.00183604
13.47500 -0.00183489
13.48000 -0.00183375
13.48500 -0.00183261
13.49000 -0.00183147
13.49500 -0.00183033
13.50000 -0.00182919
13.50500 -0.00182806
13.51000 -0.00182692
13.51500 -0.00182579
13.52000 -0.00182465
13.52500 -0.00182352
13.53000 -0.00182239
13.53500 -0.00182126
13.54000 -0.00182013
13.54500 -0.00181900
13.55000 -0.00181788
13.55500 -0.00181675
13.56000 -0.00181563
13.56500 -0.00181450
13.57000 -0.00181338
13.57500 -0.00181226
13.58000 -0.00181114
13.58500 -0.00181002
13.59000 -0.00180890
13.59500 -0.00180779
13.60000 -0.00180667
13.60500 -0.00180556
13.61000 -0.00180444
13.61500 -0.00180333
13.62000 -0.00180222
13.62500 -0.00180111
13.63000 -0.00180000
13.63500 -0.00179889
13.64000 -0.00179779
13.64500 -0.00179668
13.65000 -0.00179558
13.65500 -0.00179447
13.66000 -0.00179337
13.66500 -0.00179227
13.67000 -0.00179117
13.67500 -0.00179007
13.68000 -0.00178897
13.68500 -0.00178788
13.69000 -0.00178678
13.69500 -0.00178568
13.70000 -0.00178459
13.70500 -0.00178350
13.71000 -0.00178241
13.71500 -0.00178132
13.72000 -0.00178023
13.72500 -0.00177914
13.73000 -0.00177805
13.73500 -0.00177696
13.74000 -0.00177588
13.74500 -0.00177479
13.75000 -0.00177371
13.75500 -0.00177263
13.76000 -0.00177155
13.76500 -0.00177047
13.77000 -0.00176939
13.77500 -0.00176831
13.78000 -0.00176723
13.78500 -0.00176616
13.79000 -0.00176508
13.79500 -0.00176401
13.80000 -0.00176294
13.80500 -0.00176187
13.81000 -0.00176080
13.81500 -0.00175973
13.82000 -0.00175866
13.82500 -0.00175759
13.83000 -0.00175652
13.83500 -0.00175546
13.84000 -0.00175439
13.84500 -0.00175333
13.85000 -0.00175227
13.85500 -0.00175121
13.86000 -0.00175015
13.86500 -0.00174909
13.87000 -0.00174803
13.87500 -0.00174697
13.88000 -0.00174592
13.88500 -0.00174486
13.89000 -0.00174381
13.89500 -0.00174275
13.90000 -0.00174170
13.90500 -0.00174065
13.91000 -0.00173960
13.91500 -0.00173855
13.92000 -0.00173750
13.92500 -0.00173646
13.93000 -0.00173541
13.93500 -0.00173436
13.94000 -0.00173332
13.94500 -0.00173228
13.95000 -0.00173124
13.95500 -0.00173019
13.96000 -0.00172915
13.96500 -0.00172812
13.97000 -0.00172708
13.97500 -0.00172604
13.98000 -0.00172500
13.98500 -0.00172397
13.99000 -0.00172294
13.99500 -0.00172190
14.00000 -0.00172087
14.00500 -0.00171984
14.01000 -0.00171881
14.01500 -0.00171778
14.02000 -0.00171675
14.02500 -0.00171572
14.03000 -0.00171470
14.03500 -0.00171367
14.04000 -0.00171265
14.04500 -0.00171163
14.05000 -0.00171060
14.05500 -0.00170958
14.06000 -0.00170856
14.06500 -0.00170754
14.07000 -0.00170652
14.07500 -0.00170551
14.08000 -0.00170449
14.08500 -0.00170348
14.09000 -0.00170246
14.09500 -0.00170145
14.10000 -0.00170043
14.10500 -0.00169942
14.11000 -0.00169841
14.11500 -0.00169740
14.12000 -0.00169639
14.12500 -0.00169539
14.13000 -0.00169438
14.13500 -0.00169337
14.14000 -0.00169237
14.14500 -0.00169137
14.15000 -0.00169036
14.15500 -0.00168936
14.16000 -0.00168836
14.16500 -0.00168736
14.17000 -0.00168636
14.17500 -0.00168536
14.18000 -0.00168436
14.18500 -0.00168337
14.19000 -0.00168237
14.19500 -0.00168138
14.20000 -0.00168038
14.20500 -0.00167939
14.21000 -0.00167840
14.21500 -0.00167741
14.22000 -0.00167642
14.22500 -0.00167543
14.23000 -0.00167444
14.23500 -0.00167346
14.24000 -0.00167247
14.24500 -0.00167148
14.25000 -0.00167050
14.25500 -0.00166952
14.26000 -0.00166853
14.26500 -0.00166755
14.27000 -0.00166657
14.27500 -0.00166559
14.28000 -0.00166461
14.28500 -0.00166364
14.29000 -0.00166266
14.29500 -0.00166168
14.30000 -0.00166071
14.30500 -0.00165973
14.31000 -0.00165876
14.31500 -0.00165779
14.32000 -0.00165682
14.32500 -0.00165585
14.33000 -0.00165488
14.33500 -0.00165391
14.34000 -0.00165294
14.34500 -0.00165197
14.35000 -0.00165101
14.35500 -0.00165004
14.36000 -0.00164908
14.36500 -0.00164812
14.37000 -0.00164715
14.37500 -0.00164619
14.38000 -0.00164523
14.38500 -0.00164427
14.39000 -0.00164331
14.39500 -0.00164236
14.40000 -0.00164140
14.40500 -0.00164044
14.41000 -0.00163949
14.41500 -0.00163853
14.42000 -0.00163758
14.42500 -0.00163663
14.43000 -0.00163568
14.43500 -0.00163473
14.44000 -0.00163378
14.44500 -0.00163283
14.45000 -0.00163188
14.45500 -0.00163093
14.46000 -0.00162998
14.46500 -0.00162904
14.47000 -0.00162809
14.47500 -0.00162715
14.48000 -0.00162621
14.48500 -0.00162527
14.49000 -0.00162433
14.49500 -0.00162339
14.50000 -0.00162245
14.50500 -0.00162151
14.51000 -0.00162057
14.51500 -0.00161963
14.52000 -0.00161870
14.52500 -0.00161776
14.53000 -0.00161683
14.53500 -0.00161589
14.54000 -0.00161496
14.54500 -0.00161403
14.55000 -0.00161310
14.55500 -0.00161217
14.56000 -0.00161124
14.56500 -0.00161031
14.57000 -0.00160939
14.57500 -0.00160846
14.58000 -0.00160753
14.58500 -0.00160661
14.59000 -0.00160568
14.59500 -0.00160476
14.60000 -0.00160384
14.60500 -0.00160292
14.61000 -0.00160200
14.61500 -0.00160108
14.62000 -0.00160016
14.62500 -0.00159924
14.63000 -0.00159832
14.63500 -0.00159741
14.64000 -0.00159649
14.64500 -0.00159558
14.65000 -0.00159466
14.65500 -0.00159375
14.66000 -0.00159284
14.66500 -0.00159193
14.67000 -0.00159102
14.67500 -0.00159011
14.68000 -0.00158920
14.68500 -0.00158829
14.69000 -0.00158738
14.69500 -0.00158648
14.70000 -0.00158557
14.70500 -0.00158467
14.71000 -0.00158376
14.71500 -0.00158286
14.72000 -0.00158196
14.72500 -0.00158106
14.73000 -0.00158016
14.73500 -0.00157926
14.74000 -0.00157836
14.74500 -0.00157746
14.75000 -0.00157656
14.75500 -0.00157567
14.76000 -0.00157477
14.76500 -0.00157388
14.77000 -0.00157298
14.77500 -0.00157209
14.78000 -0.00157120
14.78500 -0.00157030
14.79000 -0.00156941
14.79500 -0.00156852
14.80000 -0.00156763
14.80500 -0.00156675
14.81000 -0.00156586
14.81500 -0.00156497
14.82000 -0.00156409
14.82500 -0.00156320
14.83000 -0.00156232
14.83500 -0.00156143
14.84000 -0.00156055
14.84500 -0.00155967
14.85000 -0.00155879
14.85500 -0.00155791
14.86000 -0.00155703
14.86500 -0.00155615
14.87000 -0.00155527
14.87500 -0.00155439
14.88000 -0.00155352
14.88500 -0.00155264
14.89000 -0.00155177
14.89500 -0.00155089
14.90000 -0.00155002
14.90500 -0.00154915
14.91000 -0.00154828
14.91500 -0.00154740
14.92000 -0.00154653
14.92500 -0.00154566
14.93000 -0.00154480
14.93500 -0.00154393
14.94000 -0.00154306
14.94500 -0.00154220
14.95000 -0.00154133
14.95500 -0.00154047
14.96000 -0.00153960
14.96500 -0.00153874
14.97000 -0.00153788
14.97500 -0.00153701
14.98000 -0.00153615
14.98500 -0.00153529
14.99000 -0.00153443
14.99500 -0.00153358
15.00000 -0.00153272
15.00500 -0.00153186
15.01000 -0.00153101
15.01500 -0.00153015
15.02000 -0.00152930
15.02500 -0.00152844
15.03000 -0.00152759
15.03500 -0.00152674
15.04000 -0.00152588
15.04500 -0.00152503
15.05000 -0.00152418
15.05500 -0.00152333
15.06000 -0.00152249
15.06500 -0.00152164
15.07000 -0.00152079
15.07500 -0.00151994
15.08000 -0.00151910
15.08500 -0.00151825
15.09000 -0.00151741
15.09500 -0.00151657
15.10000 -0.00151572
15.10500 -0.00151488
15.11000 -0.00151404
15.11500 -0.00151320
15.12000 -0.00151236
15.12500 -0.00151152
15.13000 -0.00151068
15.13500 -0.00150985
15.14000 -0.00150901
15.14500 -0.00150817
15.15000 -0.00150734
15.15500 -0.00150650
15.16000 -0.00150567
15.16500 -0.00150484
15.17000 -0.00150401
15.17500 -0.00150317
15.18000 -0.00150234
15.18500 -0.00150151
15.19000 -0.00150068
15.19500 -0.00149986
15.20000 -0.00149903
15.20500 -0.00149820
15.21000 -0.00149737
15.21500 -0.00149655
15.22000 -0.00149572
15.22500 -0.00149490
15.23000 -0.00149408
15.23500 -0.00149325
15.24000 -0.00149243
15.24500 -0.00149161
15.25000 -0.00149079
15.25500 -0.00148997
15.26000 -0.00148915
15.26500 -0.00148833
15.27000 -0.00148752
15.27500 -0.00148670
15.28000 -0.00148588
15.28500 -0.00148507
15.29000 -0.00148425
15.29500 -0.00148344
15.30000 -0.00148262
15.30500 -0.00148181
15.31000 -0.00148100
15.31500 -0.00148019
15.32000 -0.00147938
15.32500 -0.00147857
15.33000 -0.00147776
15.33500 -0.00147695
15.34000 -0.00147614
15.34500 -0.00147534
15.35000 -0.00147453
15.35500 -0.00147372
15.36000 -0.00147292
15.36500 -0.00147212
15.37000 -0.00147131
15.37500 -0.00147051
15.38000 -0.00146971
15.38500 -0.00146891
15.39000 -0.00146811
15.39500 -0.00146731
15.40000 -0.00146651
15.40500 -0.00146571
15.41000 -0.00146491
15.41500 -0.00146411
15.42000 -0.00146332
15.42500 -0.00146252
15.43000 -0.00146173
15.43500 -0.00146093
15.44000 -0.00146014
15.44500 -0.00145934
15.45000 -0.00145855
15.45500 -0.00145776
15.46000 -0.00145697
15.46500 -0.00145618
15.47000 -0.00145539
15.47500 -0.00145460
15.48000 -0.00145381
15.48500 -0.00145302
15.49000 -0.00145224
15.49500 -0.00145145
15.50000 -0.00145067
15.50500 -0.00144988
15.51000 -0.00144910
15.51500 -0.00144831
15.52000 -0.00144753
15.52500 -0.00144675
15.53000 -0.00144597
15.53500 -0.00144519
15.54000 -0.00144441
15.54500 -0.00144363
15.55000 -0.00144285
15.55500 -0.00144207
15.56000 -0.00144129
15.56500 -0.00144052
15.57000 -0.00143974
15.57500 -0.00143896
15.58000 -0.00143819
15.58500 -0.00143742
15.59000 -0.00143664
15.59500 -0.00143587
15.60000 -0.00143510
15.60500 -0.00143433
15.61000 -0.00143356
15.61500 -0.00143279
15.62000 -0.00143202
15.62500 -0.00143125
15.63000 -0.00143048
15.63500 -0.00142971
15.64000 -0.00142894
15.64500 -0.00142818
15.65000 -0.00142741
15.65500 -0.00142665
15.66000 -0.00142588
15.66500 -0.00142512
15.67000 -0.00142436
15.67500 -0.00142360
15.68000 -0.00142283
15.68500 -0.00142207
15.69000 -0.00142131
15.69500 -0.00142055
15.70000 -0.00141979
15.70500 -0.00141904
15.71000 -0.00141828
15.71500 -0.00141752
15.72000 -0.00141676
15.72500 -0.00141601
15.73000 -0.00141525
15.73500 -0.00141450
15.74000 -0.00141375
15.74500 -0.00141299
15.75000 -0.00141224
15.75500 -0.00141149
15.76000 -0.00141074
15.76500 -0.00140999
15.77000 -0.00140924
15.77500 -0.00140849
15.78000 -0.00140774
15.78500 -0.00140699
15.79000 -0.00140624
15.79500 -0.00140550
15.80000 -0.00140475
15.80500 -0.00140400
15.81000 -0.00140326
15.81500 -0.00140252
15.82000 -0.00140177
15.82500 -0.00140103
15.83000 -0.00140029
15.83500 -0.00139954
15.84000 -0.00139880
15.84500 -0.00139806
15.85000 -0.00139732
15.85500 -0.00139658
15.86000 -0.00139585
15.86500 -0.00139511
15.87000 -0.00139437
15.87500 -0.00139363
15.88000 -0.00139290
15.88500 -0.00139216
15.89000 -0.00139143
15.89500 -0.00139069
15.90000 -0.00138996
15.90500 -0.00138923
15.91000 -0.00138849
15.91500 -0.00138776
15.92000 -0.00138703
15.92500 -0.00138630
15.93000 -0.00138557
15.93500 -0.00138484
15.94000 -0.00138411
15.94500 -0.00138338
15.95000 -0.00138266
15.95500 -0.00138193
15.96000 -0.00138120
15.96500 -0.00138048
15.97000 -0.00137975
15.97500 -0.00137903
15.98000 -0.00137830
15.98500 -0.00137758
15.99000 -0.00137686
15.99500 -0.00137614
16.00000 -0.00137542
16.00500 -0.00137469
16.01000 -0.00137397
16.01500 -0.00137325
16.02000 -0.00137254
16.02500 -0.00137182
16.03000 -0.00137110
16.03500 -0.00137038
16.04000 -0.00136967
16.04500 -0.00136895
16.05000 -0.00136823
16.05500 -0.00136752
16.06000 -0.00136681
16.06500 -0.00136609
16.07000 -0.00136538
16.07500 -0.00136467
16.08000 -0.00136395
16.08500 -0.00136324
16.09000 -0.00136253
16.09500 -0.00136182
16.10000 -0.00136111
16.10500 -0.00136040
16.11000 -0.00135970
16.11500 -0.00135899
16.12000 -0.00135828
16.12500 -0.00135757
16.13000 -0.00135687
16.13500 -0.00135616
16.14000 -0.00135546
16.14500 -0.00135475
16.15000 -0.00135405
16.15500 -0.00135335
16.16000 -0.00135265
16.16500 -0.00135194
16.17000 -0.00135124
16.17500 -0.00135054
16.18000 -0.00134984
16.18500 -0.00134914
16.19000 -0.00134844
16.19500 -0.00134775
16.20000 -0.00134705
16.20500 -0.00134635
16.21000 -0.00134565
16.21500 -0.00134496
16.22000 -0.00134426
16.22500 -0.00134357
16.23000 -0.00134287
16.23500 -0.00134218
16.24000 -0.00134149
16.24500 -0.00134079
16.25000 -0.00134010
16.25500 -0.00133941
16.26000 -0.00133872
16.26500 -0.00133803
16.27000 -0.00133734
16.27500 -0.00133665
16.28000 -0.00133596
16.28500 -0.00133527
16.29000 -0.00133459
16.29500 -0.00133390
16.30000 -0.00133321
16.30500 -0.00133253
16.31000 -0.00133184
16.31500 -0.00133116
16.32000 -0.00133047
16.32500 -0.00132979
16.33000 -0.00132911
16.33500 -0.00132842
16.34000 -0.00132774
16.34500 -0.00132706
16.35000 -0.00132638
16.35500 -0.00132570
16.36000 -0.00132502
16.36500 -0.00132434
16.37000 -0.00132366
16.37500 -0.00132298
16.38000 -0.00132231
16.38500 -0.00132163
16.39000 -0.00132095
16.39500 -0.00132028
16.40000 -0.00131960
16.40500 -0.00131893
16.41000 -0.00131825
16.41500 -0.00131758
16.42000 -0.00131691
16.42500 -0.00131624
16.43000 -0.00131556
16.43500 -0.00131489
16.44000 -0.00131422
16.44500 -0.00131355
16.45000 -0.00131288
16.45500 -0.00131221
16.46000 -0.00131154
16.46500 -0.00131088
16.47000 -0.00131021
16.47500 -0.00130954
16.48000 -0.00130887
16.48500 -0.00130821
16.49000 -0.00130754
16.49500 -0.00130688
16.50000 -0.00130621
16.50500 -0.00130555
16.51000 -0.00130489
16.51500 -0.00130422
16.52000 -0.00130356
16.52500 -0.00130290
16.53000 -0.00130224
16.53500 -0.00130158
16.54000 -0.00130092
16.54500 -0.00130026
16.55000 -0.00129960
16.55500 -0.00129894
16.56000 -0.00129829
16.56500 -0.00129763
16.57000 -0.00129697
16.57500 -0.00129631
16.58000 -0.00129566
16.58500 -0.00129500
16.59000 -0.00129435
16.59500 -0.00129370
16.60000 -0.00129304
16.60500 -0.00129239
16.61000 -0.00129174
16.61500 -0.00129108
16.62000 -0.00129043
16.62500 -0.00128978
16.63000 -0.00128913
16.63500 -0.00128848
16.64000 -0.00128783
16.64500 -0.00128718
16.65000 -0.00128653
16.65500 -0.00128589
16.66000 -0.00128524
16.66500 -0.00128459
16.67000 -0.00128395
16.67500 -0.00128330
16.68000 -0.00128266
16.68500 -0.00128201
16.69000 -0.00128137
16.69500 -0.00128072
16.70000 -0.00128008
16.70500 -0.00127944
16.71000 -0.00127880
16.71500 -0.00127815
16.72000 -0.00127751
16.72500 -0.00127687
16.73000 -0.00127623
16.73500 -0.00127559
16.74000 -0.00127495
16.74500 -0.00127431
16.75000 -0.00127368
16.75500 -0.00127304
16.76000 -0.00127240
16.76500 -0.00127177
16.77000 -0.00127113
16.77500 -0.00127049
16.78000 -0.00126986
16.78500 -0.00126922
16.79000 -0.00126859
16.79500 -0.00126796
16.80000 -0.00126732
16.80500 -0.00126669
16.81000 -0.00126606
16.81500 -0.00126543
16.82000 -0.00126480
16.82500 -0.00126417
16.83000 -0.00126354
16.83500 -0.00126291
16.84000 -0.00126228
16.84500 -0.00126165
16.85000 -0.00126102
16.85500 -0.00126040
16.86000 -0.00125977
16.86500 -0.00125914
16.87000 -0.00125852
16.87500 -0.00125789
16.88000 -0.00125727
16.88500 -0.00125664
16.89000 -0.00125602
16.89500 -0.00125539
16.90000 -0.00125477
16.90500 -0.00125415
16.91000 -0.00125353
16.91500 -0.00125291
16.92000 -0.00125228
16.92500 -0.00125166
16.93000 -0.00125104
16.93500 -0.00125042
16.94000 -0.00124981
16.94500 -0.00124919
16.95000 -0.00124857
16.95500 -0.00124795
16.96000 -0.00124733
16.96500 -0.00124672
16.97000 -0.00124610
16.97500 -0.00124549
16.98000 -0.00124487
16.98500 -0.00124426
16.99000 -0.00124364
16.99500 -0.00124303
17.00000 -0.00124242
17.00500 -0.00124180
17.01000 -0.00124119
17.01500 -0.00124058
17.02000 -0.00123997
17.02500 -0.00123936
17.03000 -0.00123875
17.03500 -0.00123814
17.04000 -0.00123753
17.04500 -0.00123692
17.05000 -0.00123631
17.05500 -0.00123570
17.06000 -0.00123509
17.06500 -0.00123449
17.07000 -0.00123388
17.07500 -0.00123328
17.08000 -0.00123267
17.08500 -0.00123206
17.09000 -0.00123146
17.09500 -0.00123086
17.10000 -0.00123025
17.10500 -0.00122965
17.11000 -0.00122905
17.11500 -0.00122844
17.12000 -0.00122784
17.12500 -0.00122724
17.13000 -0.00122664
17.13500 -0.00122604
17.14000 -0.00122544
17.14500 -0.00122484
17.15000 -0.00122424
17.15500 -0.00122364
17.16000 -0.00122305
17.16500 -0.00122245
17.17000 -0.00122185
17.17500 -0.00122125
17.18000 -0.00122066
17.18500 -0.00122006
17.19000 -0.00121947
17.19500 -0.00121887
17.20000 -0.00121828
17.20500 -0.00121769
17.21000 -0.00121709
17.21500 -0.00121650
17.22000 -0.00121591
17.22500 -0.00121531
17.23000 -0.00121472
17.23500 -0.00121413
17.24000 -0.00121354
17.24500 -0.00121295
17.25000 -0.00121236
17.25500 -0.00121177
17.26000 -0.00121118
17.26500 -0.00121060
17.27000 -0.00121001
17.27500 -0.00120942
17.28000 -0.00120883
17.28500 -0.00120825
17.29000 -0.00120766
17.29500 -0.00120708
17.30000 -0.00120649
17.30500 -0.00120591
17.31000 -0.00120532
17.31500 -0.00120474
17.32000 -0.00120415
17.32500 -0.00120357
17.33000 -0.00120299
17.33500 -0.00120241
17.34000 -0.00120183
17.34500 -0.00120125
17.35000 -0.00120066
17.35500 -0.00120008
17.36000 -0.00119951
17.36500 -0.00119893
17.37000 -0.00119835
17.37500 -0.00119777
17.38000 -0.00119719
17.38500 -0.00119661
17.39000 -0.00119604
17.39500 -0.00119546
17.40000 -0.00119488
17.40500 -0.00119431
17.41000 -0.00119373
17.41500 -0.00119316
17.42000 -0.00119258
17.42500 -0.00119201
17.43000 -0.00119144
17.43500 -0.00119086
17.44000 -0.00119029
17.44500 -0.00118972
17.45000 -0.00118915
17.45500 -0.00118858
17.46000 -0.00118800
17.46500 -0.00118743
17.47000 -0.00118686
17.47500 -0.00118630
17.48000 -0.00118573
17.48500 -0.00118516
17.49000 -0.00118459
17.49500 -0.00118402
17.50000 -0.00118345
17.50500 -0.00118289
17.51000 -0.00118232
17.51500 -0.00118175
17.52000 -0.00118119
17.52500 -0.00118062
17.53000 -0.00118006
17.53500 -0.00117950
17.54000 -0.00117893
17.54500 -0.00117837
17.55000 -0.00117780
17.55500 -0.00117724
17.56000 -0.00117668
17.56500 -0.00117612
17.57000 -0.00117556
17.57500 -0.00117500
17.58000 -0.00117444
17.58500 -0.00117388
17.59000 -0.00117332
17.59500 -0.00117276
17.60000 -0.00117220
17.60500 -0.00117164
17.61000 -0.00117108
17.61500 -0.00117052
17.62000 -0.00116997
17.62500 -0.00116941
17.63000 -0.00116885
17.63500 -0.00116830
17.64000 -0.00116774
17.64500 -0.00116719
17.65000 -0.00116663
17.65500 -0.00116608
17.66000 -0.00116553
17.66500 -0.00116497
17.67000 -0.00116442
17.67500 -0.00116387
17.68000 -0.00116332
17.68500 -0.00116276
17.69000 -0.00116221
17.69500 -0.00116166
17.70000 -0.00116111
17.70500 -0.00116056
17.71000 -0.00116001
17.71500 -0.00115946
17.72000 -0.00115892
17.72500 -0.00115837
17.73000 -0.00115782
17.73500 -0.00115727
17.74000 -0.00115673
17.74500 -0.00115618
17.75000 -0.00115563
17.75500 -0.00115509
17.76000 -0.00115454
17.76500 -0.00115400
17.77000 -0.00115345
17.77500 -0.00115291
17.78000 -0.00115236
17.78500 -0.00115182
17.79000 -0.00115128
17.79500 -0.00115074
17.80000 -0.00115019
17.80500 -0.00114965
17.81000 -0.00114911
17.81500 -0.00114857
17.82000 -0.00114803
17.82500 -0.00114749
17.83000 -0.00114695
17.83500 -0.00114641
17.84000 -0.00114587
17.84500 -0.00114533
17.85000 -0.00114480
17.85500 -0.00114426
17.86000 -0.00114372
17.86500 -0.00114318
17.87000 -0.00114265
17.87500 -0.00114211
17.88000 -0.00114158
17.88500 -0.00114104
17.89000 -0.00114051
17.89500 -0.00113997
17.90000 -0.00113944
17.90500 -0.00113890
17.91000 -0.00113837
17.91500 -0.00113784
17.92000 -0.00113731
17.92500 -0.00113677
17.93000 -0.00113624
17.93500 -0.00113571
17.94000 -0.00113518
17.94500 -0.00113465
17.95000 -0.00113412
17.95500 -0.00113359
17.96000 -0.00113306
17.96500 -0.00113253
17.97000 -0.00113200
17.97500 -0.00113148
17.98000 -0.00113095
17.98500 -0.00113042
17.99000 -0.00112989
17.99500 -0.00112937
18.00000 -0.00112884
18.00500 -0.00112832
18.01000 -0.00112779
18.01500 -0.00112727
18.02000 -0.00112674
18.02500 -0.00112622
18.03000 -0.00112569
18.03500 -0.00112517
18.04000 -0.00112465
18.04500 -0.00112412
18.05000 -0.00112360
18.05500 -0.00112308
18.06000 -0.00112256
18.06500 -0.00112204
18.07000 -0.00112152
18.07500 -0.00112100
18.08000 -0.00112048
18.08500 -0.00111996
18.09000 -0.00111944
18.09500 -0.00111892
18.10000 -0.00111840
18.10500 -0.00111788
18.11000 -0.00111737
18.11500 -0.00111685
18.12000 -0.00111633
18.12500 -0.00111582
18.13000 -0.00111530
18.13500 -0.00111478
18.14000 -0.00111427
18.14500 -0.00111375
18.15000 -0.00111324
18.15500 -0.00111273
18.16000 -0.00111221
18.16500 -0.00111170
18.17000 -0.00111119
18.17500 -0.00111067
18.18000 -0.00111016
18.18500 -0.00110965
18.19000 -0.00110914
18.19500 -0.00110863
18.20000 -0.00110812
18.20500 -0.00110761
18.21000 -0.00110710
18.21500 -0.00110659
18.22000 -0.00110608
18.22500 -0.00110557
18.23000 -0.00110506
18.23500 -0.00110455
18.24000 -0.00110404
18.24500 -0.00110354
18.25000 -0.00110303
18.25500 -0.00110252
18.26000 -0.00110202
18.26500 -0.00110151
18.27000 -0.00110101
18.27500 -0.00110050
18.28000 -0.00110000
18.28500 -0.00109949
18.29000 -0.00109899
18.29500 -0.00109848
18.30000 -0.00109798
18.30500 -0.00109748
18.31000 -0.00109698
18.31500 -0.00109647
18.32000 -0.00109597
18.32500 -0.00109547
18.33000 -0.00109497
18.33500 -0.00109447
18.34000 -0.00109397
18.34500 -0.00109347
18.35000 -0.00109297
18.35500 -0.00109247
18.36000 -0.00109197
18.36500 -0.00109147
18.37000 -0.00109097
18.37500 -0.00109048
18.38000 -0.00108998
18.38500 -0.00108948
18.39000 -0.00108898
18.39500 -0.00108849
18.40000 -0.00108799
18.40500 -0.00108750
18.41000 -0.00108700
18.41500 -0.00108651
18.42000 -0.00108601
18.42500 -0.00108552
18.43000 -0.00108502
18.43500 -0.00108453
18.44000 -0.00108404
18.44500 -0.00108355
18.45000 -0.00108305
18.45500 -0.00108256
18.46000 -0.00108207
18.46500 -0.00108158
18.47000 -0.00108109
18.47500 -0.00108060
18.48000 -0.00108011
18.48500 -0.00107962
18.49000 -0.00107913
18.49500 -0.00107864
18.50000 -0.00107815
18.50500 -0.00107766
18.51000 -0.00107717
18.51500 -0.00107668
18.52000 -0.00107620
18.52500 -0.00107571
18.53000 -0.00107522
18.53500 -0.00107474
18.54000 -0.00107425
18.54500 -0.00107377
18.55000 -0.00107328
18.55500 -0.00107280
18.56000 -0.00107231
18.56500 -0.00107183
18.57000 -0.00107134
18.57500 -0.00107086
18.58000 -0.00107038
18.58500 -0.00106989
18.59000 -0.00106941
18.59500 -0.00106893
18.60000 -0.00106845
18.60500 -0.00106797
18.61000 -0.00106748
18.61500 -0.00106700
18.62000 -0.00106652
18.62500 -0.00106604
18.63000 -0.00106556
18.63500 -0.00106508
18.64000 -0.00106460
18.64500 -0.00106413
18.65000 -0.00106365
18.65500 -0.00106317
18.66000 -0.00106269
18.66500 -0.00106221
18.67000 -0.00106174
18.67500 -0.00106126
18.68000 -0.00106078
18.68500 -0.00106031
18.69000 -0.00105983
18.69500 -0.00105936
18.70000 -0.00105888
18.70500 -0.00105841
18.71000 -0.00105793
18.71500 -0.00105746
18.72000 -0.00105699
18.72500 -0.00105651
18.73000 -0.00105604
18.73500 -0.00105557
18.74000 -0.00105510
18.74500 -0.00105462
18.75000 -0.00105415
18.75500 -0.00105368
18.76000 -0.00105321
18.76500 -0.00105274
18.77000 -0.00105227
18.77500 -0.00105180
18.78000 -0.00105133
18.78500 -0.00105086
18.79000 -0.00105039
18.79500 -0.00104992
18.80000 -0.00104946
18.80500 -0.00104899
18.81000 -0.00104852
18.81500 -0.00104805
18.82000 -0.00104759
18.82500 -0.00104712
18.83000 -0.00104665
18.83500 -0.00104619
18.84000 -0.00104572
18.84500 -0.00104526
18.85000 -0.00104479
18.85500 -0.00104433
18.86000 -0.00104386
18.86500 -0.00104340
18.87000 -0.00104294
18.87500 -0.00104247
18.88000 -0.00104201
18.88500 -0.00104155
18.89000 -0.00104109
18.89500 -0.00104062
18.90000 -0.00104016
18.90500 -0.00103970
18.91000 -0.00103924
18.91500 -0.00103878
18.92000 -0.00103832
18.92500 -0.00103786
18.93000 -0.00103740
18.93500 -0.00103694
18.94000 -0.00103648
18.94500 -0.00103602
18.95000 -0.00103556
18.95500 -0.00103511
18.96000 -0.00103465
18.96500 -0.00103419
18.97000 -0.00103373
18.97500 -0.00103328
18.98000 -0.00103282
18.98500 -0.00103237
18.99000 -0.00103191
18.99500 -0.00103145
19.00000 -0.00103100
19.00500 -0.00103054
19.01000 -0.00103009
19.01500 -0.00102964
19.02000 -0.00102918
19.02500 -0.00102873
19.03000 -0.00102828
19.03500 -0.00102782
19.04000 -0.00102737
19.04500 -0.00102692
19.05000 -0.00102647
19.05500 -0.00102601
19.06000 -0.00102556
19.06500 -0.00102511
19.07000 -0.00102466
19.07500 -0.00102421
19.08000 -0.00102376
19.08500 -0.00102331
19.09000 -0.00102286
19.09500 -0.00102241
19.10000 -0.00102196
19.10500 -0.00102152
19.11000 -0.00102107
19.11500 -0.00102062
19.12000 -0.00102017
19.12500 -0.00101973
19.13000 -0.00101928
19.13500 -0.00101883
19.14000 -0.00101839
19.14500 -0.00101794
19.15000 -0.00101749
19.15500 -0.00101705
19.16000 -0.00101660
19.16500 -0.00101616
19.17000 -0.00101571
19.17500 -0.00101527
19.18000 -0.00101483
19.18500 -0.00101438
19.19000 -0.00101394
19.19500 -0.00101350
19.20000 -0.00101306
19.20500 -0.00101261
19.21000 -0.00101217
19.21500 -0.00101173
19.22000 -0.00101129
19.22500 -0.00101085
19.23000 -0.00101041
19.23500 -0.00100997
19.24000 -0.00100953
19.24500 -0.00100909
19.25000 -0.00100865
19.25500 -0.00100821
19.26000 -0.00100777
19.26500 -0.00100733
19.27000 -0.00100689
19.27500 -0.00100645
19.28000 -0.00100602
19.28500 -0.00100558
19.29000 -0.00100514
19.29500 -0.00100471
19.30000 -0.00100427
19.30500 -0.00100383
19.31000 -0.00100340
19.31500 -0.00100296
19.32000 -0.00100253
19.32500 -0.00100209
19.33000 -0.00100166
19.33500 -0.00100122
19.34000 -0.00100079
19.34500 -0.00100036
19.35000 -0.00099992
19.35500 -0.00099949
19.36000 -0.00099906
19.36500 -0.00099862
19.37000 -0.00099819
19.37500 -0.00099776
19.38000 -0.00099733
19.38500 -0.00099690
19.39000 -0.00099647
19.39500 -0.00099604
19.40000 -0.00099561
19.40500 -0.00099518
19.41000 -0.00099475
19.41500 -0.00099432
19.42000 -0.00099389
19.42500 -0.00099346
19.43000 -0.00099303
19.43500 -0.00099260
19.44000 -0.00099217
19.44500 -0.00099175
19.45000 -0.00099132
19.45500 -0.00099089
19.46000 -0.00099046
19.46500 -0.00099004
19.47000 -0.00098961
19.47500 -0.00098919
19.48000 -0.00098876
19.48500 -0.00098833
19.49000 -0.00098791
19.49500 -0.00098749
19.50000 -0.00098706
19.50500 -0.00098664
19.51000 -0.00098621
19.51500 -0.00098579
19.52000 -0.00098537
19.52500 -0.00098494
19.53000 -0.00098452
19.53500 -0.00098410
19.54000 -0.00098368
19.54500 -0.00098325
19.55000 -0.00098283
19.55500 -0.00098241
19.56000 -0.00098199
19.56500 -0.00098157
19.57000 -0.00098115
19.57500 -0.00098073
19.58000 -0.00098031
19.58500 -0.00097989
19.59000 -0.00097947
19.59500 -0.00097905
19.60000 -0.00097863
19.60500 -0.00097821
19.61000 -0.00097780
19.61500 -0.00097738
19.62000 -0.00097696
19.62500 -0.00097654
19.63000 -0.00097613
19.63500 -0.00097571
19.64000 -0.00097529
19.64500 -0.00097488
19.65000 -0.00097446
19.65500 -0.00097405
19.66000 -0.00097363
19.66500 -0.00097321
19.67000 -0.00097280
19.67500 -0.00097239
19.68000 -0.00097197
19.68500 -0.00097156
19.69000 -0.00097114
19.69500 -0.00097073
19.70000 -0.00097032
19.70500 -0.00096990
19.71000 -0.00096949
19.71500 -0.00096908
19.72000 -0.00096867
19.72500 -0.00096826
19.73000 -0.00096785
19.73500 -0.00096743
19.74000 -0.00096702
19.74500 -0.00096661
19.75000 -0.00096620
19.75500 -0.00096579
19.76000 -0.00096538
19.76500 -0.00096497
19.77000 -0.00096456
19.77500 -0.00096416
19.78000 -0.00096375
19.78500 -0.00096334
19.79000 -0.00096293
19.79500 -0.00096252
19.80000 -0.00096212
19.80500 -0.00096171
19.81000 -0.00096130
19.81500 -0.00096090
19.82000 -0.00096049
19.82500 -0.00096008
19.83000 -0.00095968
19.83500 -0.00095927
19.84000 -0.00095887
19.84500 -0.00095846
19.85000 -0.00095806
19.85500 -0.00095765
19.86000 -0.00095725
19.86500 -0.00095684
19.87000 -0.00095644
19.87500 -0.00095604
19.88000 -0.00095563
19.88500 -0.00095523
19.89000 -0.00095483
19.89500 -0.00095443
19.90000 -0.00095402
19.90500 -0.00095362
19.91000 -0.00095322
19.91500 -0.00095282
19.92000 -0.00095242
19.92500 -0.00095202
19.93000 -0.00095162
19.93500 -0.00095122
19.94000 -0.00095082
19.94500 -0.00095042
19.95000 -0.00095002
19.95500 -0.00094962
19.96000 -0.00094922
19.96500 -0.00094882
19.97000 -0.00094842
19.97500 -0.00094803
19.98000 -0.00094763
19.98500 -0.00094723
19.99000 -0.00094683
19.99500 -0.00094644
20.00000 -0.00094604
20.00500 -0.00094564
20.01000 -0.00094525
20.01500 -0.00094485
20.02000 -0.00094446
20.02500 -0.00094406
20.03000 -0.00094367
20.03500 -0.00094327
20.04000 -0.00094288
20.04500 -0.00094248
20.05000 -0.00094209
20.05500 -0.00094170
20.06000 -0.00094130
20.06500 -0.00094091
20.07000 -0.00094052
20.07500 -0.00094012
20.08000 -0.00093973
20.08500 -0.00093934
20.09000 -0.00093895
20.09500 -0.00093856
20.10000 -0.00093816
20.10500 -0.00093777
20.11000 -0.00093738
20.11500 -0.00093699
20.12000 -0.00093660
20.12500 -0.00093621
20.13000 -0.00093582
20.13500 -0.00093543
20.14000 -0.00093504
20.14500 -0.00093465
20.15000 -0.00093426
20.15500 -0.00093388
20.16000 -0.00093349
20.16500 -0.00093310
20.17000 -0.00093271
20.17500 -0.00093232
20.18000 -0.00093194
20.18500 -0.00093155
20.19000 -0.00093116
20.19500 -0.00093078
20.20000 -0.00093039
20.20500 -0.00093000
20.21000 -0.00092962
20.21500 -0.00092923
20.22000 -0.00092885
20.22500 -0.00092846
20.23000 -0.00092808
20.23500 -0.00092769
20.24000 -0.00092731
20.24500 -0.00092693
20.25000 -0.00092673
