0.25000 3.04063908
0.25500 3.02462028
0.26000 3.00888068
0.26500 2.99341644
0.27000 2.97822269
0.27500 2.96329450
0.28000 2.94862666
0.28500 2.93421387
0.29000 2.92005073
0.29500 2.90613179
0.30000 2.89245158
0.30500 2.87900468
0.31000 2.86578568
0.31500 2.85278923
0.32000 2.84001006
0.32500 2.82744297
0.33000 2.81508287
0.33500 2.80292476
0.34000 2.79096375
0.34500 2.77919504
0.35000 2.76761397
0.35500 2.75621598
0.36000 2.74499663
0.36500 2.73395158
0.37000 2.72307662
0.37500 2.71236765
0.38000 2.70182067
0.38500 2.69143182
0.39000 2.68119732
0.39500 2.67111350
0.40000 2.66117680
0.40500 2.65138377
0.41000 2.64173105
0.41500 2.63221538
0.42000 2.62283358
0.42500 2.61358258
0.43000 2.60445940
0.43500 2.59546113
0.44000 2.58658496
0.44500 2.57782815
0.45000 2.56918805
0.45500 2.56066207
0.46000 2.55224771
0.46500 2.54394253
0.47000 2.53574418
0.47500 2.52765035
0.48000 2.51965882
0.48500 2.51176740
0.49000 2.50397401
0.49500 2.49627658
0.50000 2.48867312
0.50500 2.48116171
0.51000 2.47374045
0.51500 2.46640752
0.52000 2.45916113
0.52500 2.45199955
0.53000 2.44492110
0.53500 2.43792413
0.54000 2.43100706
0.54500 2.42416832
0.55000 2.41740640
0.55500 2.41071983
0.56000 2.40410718
0.56500 2.39756705
0.57000 2.39109808
0.57500 2.38469894
0.58000 2.37836834
0.58500 2.37210503
0.59000 2.36590777
0.59500 2.35977536
0.60000 2.35370665
0.60500 2.34770050
0.61000 2.34175579
0.61500 2.33587145
0.62000 2.33004641
0.62500 2.32427965
0.63000 2.31857017
0.63500 2.31291697
0.64000 2.30731911
0.64500 2.30177565
0.65000 2.29628567
0.65500 2.29084829
0.66000 2.28546262
0.66500 2.28012783
0.67000 2.27484308
0.67500 2.26960756
0.68000 2.26442046
0.68500 2.25928103
0.69000 2.25418849
0.69500 2.24914211
0.70000 2.24414117
0.70500 2.23918494
0.71000 2.23427274
0.71500 2.22940389
0.72000 2.22457772
0.72500 2.21979359
0.73000 2.21505086
0.73500 2.21034891
0.74000 2.20568712
0.74500 2.20106490
0.75000 2.19648167
0.75500 2.19193686
0.76000 2.18742990
0.76500 2.18296025
0.77000 2.17852736
0.77500 2.17413072
0.78000 2.16976981
0.78500 2.16544412
0.79000 2.16115316
0.79500 2.15689643
0.80000 2.15267347
0.80500 2.14848381
0.81000 2.14432699
0.81500 2.14020256
0.82000 2.13611009
0.82500 2.13204913
0.83000 2.12801928
0.83500 2.12402010
0.84000 2.12005120
0.84500 2.11611218
0.85000 2.11220264
0.85500 2.10832219
0.86000 2.10447047
0.86500 2.10064710
0.87000 2.09685171
0.87500 2.09308395
0.88000 2.08934347
0.88500 2.08562992
0.89000 2.08194296
0.89500 2.07828226
0.90000 2.07464750
0.90500 2.07103836
0.91000 2.06745451
0.91500 2.06389565
0.92000 2.06036148
0.92500 2.05685169
0.93000 2.05336600
0.93500 2.04990411
0.94000 2.04646573
0.94500 2.04305060
0.95000 2.03965844
0.95500 2.03628897
0.96000 2.03294193
0.96500 2.02961706
0.97000 2.02631411
0.97500 2.02303281
0.98000 2.01977293
0.98500 2.01653422
0.99000 2.01331644
0.99500 2.01011935
1.00000 2.00694272
1.00500 2.00378632
1.01000 2.00064992
1.01500 1.99753331
1.02000 1.99443627
1.02500 1.99135858
1.03000 1.98830003
1.03500 1.98526041
1.04000 1.98223952
1.04500 1.97923715
1.05000 1.97625311
1.05500 1.97328720
1.06000 1.97033924
1.06500 1.96740902
1.07000 1.96449636
1.07500 1.96160109
1.08000 1.95872301
1.08500 1.95586195
1.09000 1.95301773
1.09500 1.95019018
1.10000 1.94737914
1.10500 1.94458442
1.11000 1.94180587
1.11500 1.93904332
1.12000 1.93629661
1.12500 1.93356558
1.13000 1.93085008
1.13500 1.92814995
1.14000 1.92546504
1.14500 1.92279519
1.15000 1.92014027
1.15500 1.91750013
1.16000 1.91487461
1.16500 1.91226359
1.17000 1.90966692
1.17500 1.90708446
1.18000 1.90451608
1.18500 1.90196163
1.19000 1.89942100
1.19500 1.89689405
1.20000 1.89438066
1.20500 1.89188068
1.21000 1.88939401
1.21500 1.88692051
1.22000 1.88446006
1.22500 1.88201255
1.23000 1.87957785
1.23500 1.87715585
1.24000 1.87474642
1.24500 1.87234947
1.25000 1.86996487
1.25500 1.86759252
1.26000 1.86523230
1.26500 1.86288410
1.27000 1.86054782
1.27500 1.85822336
1.28000 1.85591060
1.28500 1.85360944
1.29000 1.85131980
1.29500 1.84904155
1.30000 1.84677461
1.30500 1.84451887
1.31000 1.84227424
1.31500 1.84004063
1.32000 1.83781793
1.32500 1.83560606
1.33000 1.83340493
1.33500 1.83121444
1.34000 1.82903450
1.34500 1.82686502
1.35000 1.82470592
1.35500 1.82255712
1.36000 1.82041851
1.36500 1.81829003
1.37000 1.81617158
1.37500 1.81406308
1.38000 1.81196446
1.38500 1.80987563
1.39000 1.80779651
1.39500 1.80572702
1.40000 1.80366709
1.40500 1.80161663
1.41000 1.79957558
1.41500 1.79754385
1.42000 1.79552137
1.42500 1.79350807
1.43000 1.79150388
1.43500 1.78950872
1.44000 1.78752252
1.44500 1.78554522
1.45000 1.78357674
1.45500 1.78161701
1.46000 1.77966597
1.46500 1.77772355
1.47000 1.77578968
1.47500 1.77386430
1.48000 1.77194733
1.48500 1.77003873
1.49000 1.76813842
1.49500 1.76624634
1.50000 1.76436243
1.50500 1.76248663
1.51000 1.76061887
1.51500 1.75875910
1.52000 1.75690726
1.52500 1.75506328
1.53000 1.75322711
1.53500 1.75139869
1.54000 1.74957797
1.54500 1.74776489
1.55000 1.74595939
1.55500 1.74416141
1.56000 1.74237091
1.56500 1.74058782
1.57000 1.73881210
1.57500 1.73704368
1.58000 1.73528253
1.58500 1.73352858
1.59000 1.73178179
1.59500 1.73004210
1.60000 1.72830947
1.60500 1.72658384
1.61000 1.72486516
1.61500 1.72315339
1.62000 1.72144847
1.62500 1.71975037
1.63000 1.71805902
1.63500 1.71637439
1.64000 1.71469643
1.64500 1.71302509
1.65000 1.71136032
1.65500 1.70970209
1.66000 1.70805034
1.66500 1.70640504
1.67000 1.70476613
1.67500 1.70313358
1.68000 1.70150734
1.68500 1.69988737
1.69000 1.69827362
1.69500 1.69666606
1.70000 1.69506465
1.70500 1.69346934
1.71000 1.69188009
1.71500 1.69029686
1.72000 1.68871961
1.72500 1.68714831
1.73000 1.68558291
1.73500 1.68402337
1.74000 1.68246966
1.74500 1.68092174
1.75000 1.67937957
1.75500 1.67784311
1.76000 1.67631233
1.76500 1.67478719
1.77000 1.67326765
1.77500 1.67175368
1.78000 1.67024525
1.78500 1.66874231
1.79000 1.66724483
1.79500 1.66575277
1.80000 1.66426611
1.80500 1.66278481
1.81000 1.66130884
1.81500 1.65983815
1.82000 1.65837273
1.82500 1.65691252
1.83000 1.65545752
1.83500 1.65400767
1.84000 1.65256295
1.84500 1.65112333
1.85000 1.64968877
1.85500 1.64825925
1.86000 1.64683473
1.86500 1.64541518
1.87000 1.64400058
1.87500 1.64259088
1.88000 1.64118607
1.88500 1.63978612
1.89000 1.63839099
1.89500 1.63700065
1.90000 1.63561507
1.90500 1.63423424
1.91000 1.63285811
1.91500 1.63148667
1.92000 1.63011988
1.92500 1.62875771
1.93000 1.62740014
1.93500 1.62604714
1.94000 1.62469869
1.94500 1.62335475
1.95000 1.62201530
1.95500 1.62068032
1.96000 1.61934978
1.96500 1.61802365
1.97000 1.61670191
1.97500 1.61538452
1.98000 1.61407148
1.98500 1.61276274
1.99000 1.61145830
1.99500 1.61015811
2.00000 1.60886216
2.00500 1.60757043
2.01000 1.60628289
2.01500 1.60499951
2.02000 1.60372027
2.02500 1.60244515
2.03000 1.60117413
2.03500 1.59990718
2.04000 1.59864428
2.04500 1.59738541
2.05000 1.59613054
2.05500 1.59487965
2.06000 1.59363273
2.06500 1.59238974
2.07000 1.59115067
2.07500 1.58991549
2.08000 1.58868419
2.08500 1.58745674
2.09000 1.58623311
2.09500 1.58501330
2.10000 1.58379728
2.10500 1.58258503
2.11000 1.58137652
2.11500 1.58017174
2.12000 1.57897067
2.12500 1.57777329
2.13000 1.57657958
2.13500 1.57538951
2.14000 1.57420307
2.14500 1.57302024
2.15000 1.57184100
2.15500 1.57066533
2.16000 1.56949322
2.16500 1.56832463
2.17000 1.56715956
2.17500 1.56599799
2.18000 1.56483989
2.18500 1.56368525
2.19000 1.56253405
2.19500 1.56138628
2.20000 1.56024191
2.20500 1.55910093
2.21000 1.55796331
2.21500 1.55682905
2.22000 1.55569813
2.22500 1.55457052
2.23000 1.55344621
2.23500 1.55232519
2.24000 1.55120743
2.24500 1.55009293
2.25000 1.54898165
2.25500 1.54787360
2.26000 1.54676874
2.26500 1.54566707
2.27000 1.54456857
2.27500 1.54347322
2.28000 1.54238100
2.28500 1.54129191
2.29000 1.54020592
2.29500 1.53912302
2.30000 1.53804320
2.30500 1.53696643
2.31000 1.53589271
2.31500 1.53482201
2.32000 1.53375433
2.32500 1.53268965
2.33000 1.53162795
2.33500 1.53056922
2.34000 1.52951344
2.34500 1.52846061
2.35000 1.52741070
2.35500 1.52636370
2.36000 1.52531959
2.36500 1.52427837
2.37000 1.52324002
2.37500 1.52220453
2.38000 1.52117187
2.38500 1.52014204
2.39000 1.51911503
2.39500 1.51809082
2.40000 1.51706939
2.40500 1.51605074
2.41000 1.51503484
2.41500 1.51402170
2.42000 1.51301129
2.42500 1.51200360
2.43000 1.51099861
2.43500 1.50999633
2.44000 1.50899672
2.44500 1.50799979
2.45000 1.50700551
2.45500 1.50601388
2.46000 1.50502488
2.46500 1.50403850
2.47000 1.50305473
2.47500 1.50207355
2.48000 1.50109496
2.48500 1.50011894
2.49000 1.49914548
2.49500 1.49817457
2.50000 1.49720620
2.50500 1.49624035
2.51000 1.49527701
2.51500 1.49431617
2.52000 1.49335783
2.52500 1.49240196
2.53000 1.49144856
2.53500 1.49049762
2.54000 1.48954913
2.54500 1.48860306
2.55000 1.48765942
2.55500 1.48671819
2.56000 1.48577937
2.56500 1.48484293
2.57000 1.48390888
2.57500 1.48297719
2.58000 1.48204786
2.58500 1.48112088
2.59000 1.48019624
2.59500 1.47927392
2.60000 1.47835392
2.60500 1.47743623
2.61000 1.47652084
2.61500 1.47560773
2.62000 1.47469689
2.62500 1.47378833
2.63000 1.47288202
2.63500 1.47197795
2.64000 1.47107612
2.64500 1.47017652
2.65000 1.46927914
2.65500 1.46838396
2.66000 1.46749098
2.66500 1.46660019
2.67000 1.46571158
2.67500 1.46482514
2.68000 1.46394086
2.68500 1.46305873
2.69000 1.46217874
2.69500 1.46130089
2.70000 1.46042515
2.70500 1.45955154
2.71000 1.45868002
2.71500 1.45781061
2.72000 1.45694328
2.72500 1.45607803
2.73000 1.45521485
2.73500 1.45435373
2.74000 1.45349466
2.74500 1.45263764
2.75000 1.45178265
2.75500 1.45092969
2.76000 1.45007875
2.76500 1.44922982
2.77000 1.44838289
2.77500 1.44753795
2.78000 1.44669500
2.78500 1.44585402
2.79000 1.44501502
2.79500 1.44417797
2.80000 1.44334288
2.80500 1.44250972
2.81000 1.44167851
2.81500 1.44084923
2.82000 1.44002186
2.82500 1.43919641
2.83000 1.43837286
2.83500 1.43755121
2.84000 1.43673145
2.84500 1.43591357
2.85000 1.43509756
2.85500 1.43428342
2.86000 1.43347114
2.86500 1.43266071
2.87000 1.43185213
2.87500 1.43104538
2.88000 1.43024046
2.88500 1.42943736
2.89000 1.42863608
2.89500 1.42783661
2.90000 1.42703893
2.90500 1.42624305
2.91000 1.42544896
2.91500 1.42465664
2.92000 1.42386609
2.92500 1.42307731
2.93000 1.42229029
2.93500 1.42150502
2.94000 1.42072149
2.94500 1.41993971
2.95000 1.41915965
2.95500 1.41838131
2.96000 1.41760469
2.96500 1.41682979
2.97000 1.41605658
2.97500 1.41528507
2.98000 1.41451526
2.98500 1.41374713
2.99000 1.41298067
2.99500 1.41221589
3.00000 1.41145277
3.00500 1.41069131
3.01000 1.40993150
3.01500 1.40917333
3.02000 1.40841681
3.02500 1.40766192
3.03000 1.40690865
3.03500 1.40615701
3.04000 1.40540698
3.04500 1.40465856
3.05000 1.40391174
3.05500 1.40316652
3.06000 1.40242288
3.06500 1.40168083
3.07000 1.40094036
3.07500 1.40020147
3.08000 1.39946413
3.08500 1.39872836
3.09000 1.39799415
3.09500 1.39726148
3.10000 1.39653036
3.10500 1.39580077
3.11000 1.39507271
3.11500 1.39434619
3.12000 1.39362118
3.12500 1.39289768
3.13000 1.39217570
3.13500 1.39145522
3.14000 1.39073624
3.14500 1.39001875
3.15000 1.38930274
3.15500 1.38858822
3.16000 1.38787518
3.16500 1.38716360
3.17000 1.38645350
3.17500 1.38574485
3.18000 1.38503766
3.18500 1.38433191
3.19000 1.38362762
3.19500 1.38292476
3.20000 1.38222333
3.20500 1.38152334
3.21000 1.38082476
3.21500 1.38012761
3.22000 1.37943187
3.22500 1.37873754
3.23000 1.37804461
3.23500 1.37735308
3.24000 1.37666295
3.24500 1.37597420
3.25000 1.37528684
3.25500 1.37460085
3.26000 1.37391624
3.26500 1.37323300
3.27000 1.37255112
3.27500 1.37187061
3.28000 1.37119144
3.28500 1.37051363
3.29000 1.36983716
3.29500 1.36916204
3.30000 1.36848824
3.30500 1.36781578
3.31000 1.36714465
3.31500 1.36647484
3.32000 1.36580634
3.32500 1.36513916
3.33000 1.36447329
3.33500 1.36380872
3.34000 1.36314545
3.34500 1.36248347
3.35000 1.36182278
3.35500 1.36116338
3.36000 1.36050527
3.36500 1.35984842
3.37000 1.35919285
3.37500 1.35853855
3.38000 1.35788552
3.38500 1.35723374
3.39000 1.35658322
3.39500 1.35593395
3.40000 1.35528593
3.40500 1.35463915
3.41000 1.35399360
3.41500 1.35334930
3.42000 1.35270622
3.42500 1.35206437
3.43000 1.35142374
3.43500 1.35078432
3.44000 1.35014613
3.44500 1.34950914
3.45000 1.34887336
3.45500 1.34823877
3.46000 1.34760539
3.46500 1.34697320
3.47000 1.34634220
3.47500 1.34571239
3.48000 1.34508375
3.48500 1.34445630
3.49000 1.34383002
3.49500 1.34320491
3.50000 1.34258097
3.50500 1.34195818
3.51000 1.34133656
3.51500 1.34071609
3.52000 1.34009678
3.52500 1.33947861
3.53000 1.33886158
3.53500 1.33824570
3.54000 1.33763095
3.54500 1.33701733
3.55000 1.33640484
3.55500 1.33579348
3.56000 1.33518324
3.56500 1.33457412
3.57000 1.33396611
3.57500 1.33335921
3.58000 1.33275342
3.58500 1.33214873
3.59000 1.33154514
3.59500 1.33094265
3.60000 1.33034125
3.60500 1.32974095
3.61000 1.32914172
3.61500 1.32854358
3.62000 1.32794652
3.62500 1.32735054
3.63000 1.32675563
3.63500 1.32616178
3.64000 1.32556901
3.64500 1.32497729
3.65000 1.32438663
3.65500 1.32379703
3.66000 1.32320849
3.66500 1.32262099
3.67000 1.32203453
3.67500 1.32144912
3.68000 1.32086475
3.68500 1.32028141
3.69000 1.31969911
3.69500 1.31911783
3.70000 1.31853759
3.70500 1.31795836
3.71000 1.31738016
3.71500 1.31680297
3.72000 1.31622679
3.72500 1.31565163
3.73000 1.31507747
3.73500 1.31450432
3.74000 1.31393217
3.74500 1.31336101
3.75000 1.31279086
3.75500 1.31222169
3.76000 1.31165351
3.76500 1.31108632
3.77000 1.31052011
3.77500 1.30995488
3.78000 1.30939063
3.78500 1.30882735
3.79000 1.30826505
3.79500 1.30770371
3.80000 1.30714334
3.80500 1.30658393
3.81000 1.30602547
3.81500 1.30546798
3.82000 1.30491144
3.82500 1.30435585
3.83000 1.30380120
3.83500 1.30324751
3.84000 1.30269475
3.84500 1.30214294
3.85000 1.30159206
3.85500 1.30104211
3.86000 1.30049310
3.86500 1.29994501
3.87000 1.29939785
3.87500 1.29885161
3.88000 1.29830629
3.88500 1.29776189
3.89000 1.29721841
3.89500 1.29667583
3.90000 1.29613417
3.90500 1.29559341
3.91000 1.29505355
3.91500 1.29451460
3.92000 1.29397655
3.92500 1.29343939
3.93000 1.29290312
3.93500 1.29236775
3.94000 1.29183326
3.94500 1.29129966
3.95000 1.29076694
3.95500 1.29023510
3.96000 1.28970414
3.96500 1.28917406
3.97000 1.28864485
3.97500 1.28811651
3.98000 1.28758903
3.98500 1.28706243
3.99000 1.28653668
3.99500 1.28601180
4.00000 1.28548777
4.00500 1.28496460
4.01000 1.28444228
4.01500 1.28392081
4.02000 1.28340019
4.02500 1.28288042
4.03000 1.28236148
4.03500 1.28184339
4.04000 1.28132614
4.04500 1.28080973
4.05000 1.28029414
4.05500 1.27977939
4.06000 1.27926547
4.06500 1.27875237
4.07000 1.27824010
4.07500 1.27772865
4.08000 1.27721802
4.08500 1.27670821
4.09000 1.27619922
4.09500 1.27569103
4.10000 1.27518366
4.10500 1.27467709
4.11000 1.27417133
4.11500 1.27366638
4.12000 1.27316222
4.12500 1.27265887
4.13000 1.27215631
4.13500 1.27165455
4.14000 1.27115358
4.14500 1.27065340
4.15000 1.27015401
4.15500 1.26965540
4.16000 1.26915758
4.16500 1.26866054
4.17000 1.26816428
4.17500 1.26766880
4.18000 1.26717409
4.18500 1.26668016
4.19000 1.26618700
4.19500 1.26569460
4.20000 1.26520297
4.20500 1.26471211
4.21000 1.26422201
4.21500 1.26373267
4.22000 1.26324409
4.22500 1.26275627
4.23000 1.26226920
4.23500 1.26178288
4.24000 1.26129732
4.24500 1.26081250
4.25000 1.26032843
4.25500 1.25984510
4.26000 1.25936252
4.26500 1.25888067
4.27000 1.25839956
4.27500 1.25791919
4.28000 1.25743956
4.28500 1.25696066
4.29000 1.25648248
4.29500 1.25600504
4.30000 1.25552832
4.30500 1.25505233
4.31000 1.25457706
4.31500 1.25410251
4.32000 1.25362868
4.32500 1.25315556
4.33000 1.25268316
4.33500 1.25221148
4.34000 1.25174050
4.34500 1.25127024
4.35000 1.25080068
4.35500 1.25033183
4.36000 1.24986368
4.36500 1.24939624
4.37000 1.24892949
4.37500 1.24846344
4.38000 1.24799809
4.38500 1.24753344
4.39000 1.24706947
4.39500 1.24660620
4.40000 1.24614362
4.40500 1.24568172
4.41000 1.24522051
4.41500 1.24475998
4.42000 1.24430014
4.42500 1.24384098
4.43000 1.24338249
4.43500 1.24292468
4.44000 1.24246755
4.44500 1.24201109
4.45000 1.24155530
4.45500 1.24110018
4.46000 1.24064573
4.46500 1.24019194
4.47000 1.23973882
4.47500 1.23928637
4.48000 1.23883457
4.48500 1.23838344
4.49000 1.23793296
4.49500 1.23748314
4.50000 1.23703397
4.50500 1.23658546
4.51000 1.23613759
4.51500 1.23569038
4.52000 1.23524381
4.52500 1.23479790
4.53000 1.23435262
4.53500 1.23390799
4.54000 1.23346400
4.54500 1.23302065
4.55000 1.23257794
4.55500 1.23213586
4.56000 1.23169442
4.56500 1.23125361
4.57000 1.23081344
4.57500 1.23037389
4.58000 1.22993498
4.58500 1.22949669
4.59000 1.22905902
4.59500 1.22862198
4.60000 1.22818556
4.60500 1.22774977
4.61000 1.22731459
4.61500 1.22688003
4.62000 1.22644609
4.62500 1.22601276
4.63000 1.22558004
4.63500 1.22514794
4.64000 1.22471644
4.64500 1.22428556
4.65000 1.22385528
4.65500 1.22342561
4.66000 1.22299654
4.66500 1.22256807
4.67000 1.22214021
4.67500 1.22171294
4.68000 1.22128628
4.68500 1.22086020
4.69000 1.22043473
4.69500 1.22000985
4.70000 1.21958556
4.70500 1.21916186
4.71000 1.21873875
4.71500 1.21831623
4.72000 1.21789430
4.72500 1.21747295
4.73000 1.21705219
4.73500 1.21663201
4.74000 1.21621240
4.74500 1.21579338
4.75000 1.21537494
4.75500 1.21495707
4.76000 1.21453978
4.76500 1.21412307
4.77000 1.21370692
4.77500 1.21329135
4.78000 1.21287634
4.78500 1.21246191
4.79000 1.21204804
4.79500 1.21163474
4.80000 1.21122200
4.80500 1.21080983
4.81000 1.21039821
4.81500 1.20998716
4.82000 1.20957667
4.82500 1.20916673
4.83000 1.20875736
4.83500 1.20834853
4.84000 1.20794026
4.84500 1.20753254
4.85000 1.20712538
4.85500 1.20671876
4.86000 1.20631269
4.86500 1.20590717
4.87000 1.20550220
4.87500 1.20509777
4.88000 1.20469388
4.88500 1.20429054
4.89000 1.20388773
4.89500 1.20348547
4.90000 1.20308374
4.90500 1.20268256
4.91000 1.20228190
4.91500 1.20188179
4.92000 1.20148220
4.92500 1.20108315
4.93000 1.20068463
4.93500 1.20028663
4.94000 1.19988917
4.94500 1.19949223
4.95000 1.19909582
4.95500 1.19869994
4.96000 1.19830458
4.96500 1.19790974
4.97000 1.19751542
4.97500 1.19712162
4.98000 1.19672834
4.98500 1.19633557
4.99000 1.19594333
4.99500 1.19555160
5.00000 1.19516038
5.00500 1.19476967
5.01000 1.19437948
5.01500 1.19398980
5.02000 1.19360063
5.02500 1.19321196
5.03000 1.19282380
5.03500 1.19243615
5.04000 1.19204900
5.04500 1.19166236
5.05000 1.19127621
5.05500 1.19089057
5.06000 1.19050543
5.06500 1.19012079
5.07000 1.18973665
5.07500 1.18935300
5.08000 1.18896985
5.08500 1.18858719
5.09000 1.18820503
5.09500 1.18782335
5.10000 1.18744217
5.10500 1.18706148
5.11000 1.18668128
5.11500 1.18630157
5.12000 1.18592234
5.12500 1.18554360
5.13000 1.18516534
5.13500 1.18478757
5.14000 1.18441028
5.14500 1.18403347
5.15000 1.18365714
5.15500 1.18328128
5.16000 1.18290591
5.16500 1.18253102
5.17000 1.18215660
5.17500 1.18178265
5.18000 1.18140918
5.18500 1.18103618
5.19000 1.18066366
5.19500 1.18029160
5.20000 1.17992001
5.20500 1.17954890
5.21000 1.17917825
5.21500 1.17880806
5.22000 1.17843835
5.22500 1.17806909
5.23000 1.17770030
5.23500 1.17733198
5.24000 1.17696411
5.24500 1.17659671
5.25000 1.17622976
5.25500 1.17586327
5.26000 1.17549724
5.26500 1.17513167
5.27000 1.17476655
5.27500 1.17440189
5.28000 1.17403768
5.28500 1.17367392
5.29000 1.17331062
5.29500 1.17294776
5.30000 1.17258535
5.30500 1.17222340
5.31000 1.17186189
5.31500 1.17150082
5.32000 1.17114021
5.32500 1.17078003
5.33000 1.17042031
5.33500 1.17006102
5.34000 1.16970218
5.34500 1.16934377
5.35000 1.16898581
5.35500 1.16862829
5.36000 1.16827120
5.36500 1.16791455
5.37000 1.16755834
5.37500 1.16720256
5.38000 1.16684722
5.38500 1.16649231
5.39000 1.16613783
5.39500 1.16578379
5.40000 1.16543017
5.40500 1.16507699
5.41000 1.16472423
5.41500 1.16437190
5.42000 1.16402000
5.42500 1.16366852
5.43000 1.16331747
5.43500 1.16296685
5.44000 1.16261665
5.44500 1.16226687
5.45000 1.16191751
5.45500 1.16156857
5.46000 1.16122005
5.46500 1.16087195
5.47000 1.16052427
5.47500 1.16017701
5.48000 1.15983016
5.48500 1.15948373
5.49000 1.15913772
5.49500 1.15879211
5.50000 1.15844692
5.50500 1.15810214
5.51000 1.15775778
5.51500 1.15741382
5.52000 1.15707027
5.52500 1.15672713
5.53000 1.15638440
5.53500 1.15604208
5.54000 1.15570016
5.54500 1.15535865
5.55000 1.15501754
5.55500 1.15467683
5.56000 1.15433653
5.56500 1.15399663
5.57000 1.15365713
5.57500 1.15331803
5.58000 1.15297933
5.58500 1.15264103
5.59000 1.15230313
5.59500 1.15196562
5.60000 1.15162851
5.60500 1.15129180
5.61000 1.15095548
5.61500 1.15061955
5.62000 1.15028401
5.62500 1.14994887
5.63000 1.14961412
5.63500 1.14927976
5.64000 1.14894579
5.64500 1.14861221
5.65000 1.14827902
5.65500 1.14794621
5.66000 1.14761379
5.66500 1.14728176
5.67000 1.14695011
5.67500 1.14661884
5.68000 1.14628796
5.68500 1.14595746
5.69000 1.14562734
5.69500 1.14529761
5.70000 1.14496825
5.70500 1.14463928
5.71000 1.14431068
5.71500 1.14398246
5.72000 1.14365462
5.72500 1.14332715
5.73000 1.14300006
5.73500 1.14267335
5.74000 1.14234701
5.74500 1.14202104
5.75000 1.14169545
5.75500 1.14137022
5.76000 1.14104537
5.76500 1.14072089
5.77000 1.14039678
5.77500 1.14007304
5.78000 1.13974967
5.78500 1.13942666
5.79000 1.13910402
5.79500 1.13878175
5.80000 1.13845984
5.80500 1.13813830
5.81000 1.13781712
5.81500 1.13749630
5.82000 1.13717585
5.82500 1.13685576
5.83000 1.13653603
5.83500 1.13621666
5.84000 1.13589765
5.84500 1.13557900
5.85000 1.13526070
5.85500 1.13494277
5.86000 1.13462519
5.86500 1.13430797
5.87000 1.13399110
5.87500 1.13367459
5.88000 1.13335843
5.88500 1.13304262
5.89000 1.13272717
5.89500 1.13241207
5.90000 1.13209732
5.90500 1.13178292
5.91000 1.13146887
5.91500 1.13115518
5.92000 1.13084182
5.92500 1.13052882
5.93000 1.13021617
5.93500 1.12990386
5.94000 1.12959189
5.94500 1.12928028
5.95000 1.12896900
5.95500 1.12865807
5.96000 1.12834749
5.96500 1.12803724
5.97000 1.12772734
5.97500 1.12741778
5.98000 1.12710856
5.98500 1.12679968
5.99000 1.12649114
5.99500 1.12618294
6.00000 1.12587507
6.00500 1.12556754
6.01000 1.12526035
6.01500 1.12495350
6.02000 1.12464698
6.02500 1.12434080
6.03000 1.12403495
6.03500 1.12372943
6.04000 1.12342424
6.04500 1.12311939
6.05000 1.12281487
6.05500 1.12251068
6.06000 1.12220682
6.06500 1.12190329
6.07000 1.12160009
6.07500 1.12129722
6.08000 1.12099468
6.08500 1.12069246
6.09000 1.12039057
6.09500 1.12008901
6.10000 1.11978777
6.10500 1.11948685
6.11000 1.11918626
6.11500 1.11888600
6.12000 1.11858605
6.12500 1.11828643
6.13000 1.11798713
6.13500 1.11768815
6.14000 1.11738949
6.14500 1.11709116
6.15000 1.11679314
6.15500 1.11649544
6.16000 1.11619805
6.16500 1.11590099
6.17000 1.11560424
6.17500 1.11530781
6.18000 1.11501169
6.18500 1.11471589
6.19000 1.11442041
6.19500 1.11412523
6.20000 1.11383037
6.20500 1.11353583
6.21000 1.11324159
6.21500 1.11294767
6.22000 1.11265406
6.22500 1.11236076
6.23000 1.11206777
6.23500 1.11177509
6.24000 1.11148271
6.24500 1.11119065
6.25000 1.11089889
6.25500 1.11060744
6.26000 1.11031630
6.26500 1.11002546
6.27000 1.10973493
6.27500 1.10944470
6.28000 1.10915478
6.28500 1.10886516
6.29000 1.10857584
6.29500 1.10828683
6.30000 1.10799812
6.30500 1.10770971
6.31000 1.10742160
6.31500 1.10713379
6.32000 1.10684628
6.32500 1.10655907
6.33000 1.10627216
6.33500 1.10598555
6.34000 1.10569923
6.34500 1.10541321
6.35000 1.10512749
6.35500 1.10484206
6.36000 1.10455693
6.36500 1.10427210
6.37000 1.10398756
6.37500 1.10370331
6.38000 1.10341936
6.38500 1.10313570
6.39000 1.10285233
6.39500 1.10256925
6.40000 1.10228647
6.40500 1.10200397
6.41000 1.10172177
6.41500 1.10143985
6.42000 1.10115823
6.42500 1.10087689
6.43000 1.10059584
6.43500 1.10031508
6.44000 1.10003461
6.44500 1.09975442
6.45000 1.09947452
6.45500 1.09919490
6.46000 1.09891557
6.46500 1.09863653
6.47000 1.09835777
6.47500 1.09807929
6.48000 1.09780109
6.48500 1.09752318
6.49000 1.09724555
6.49500 1.09696820
6.50000 1.09669113
6.50500 1.09641434
6.51000 1.09613783
6.51500 1.09586161
6.52000 1.09558566
6.52500 1.09530999
6.53000 1.09503459
6.53500 1.09475948
6.54000 1.09448464
6.54500 1.09421008
6.55000 1.09393579
6.55500 1.09366179
6.56000 1.09338805
6.56500 1.09311459
6.57000 1.09284141
6.57500 1.09256849
6.58000 1.09229585
6.58500 1.09202349
6.59000 1.09175139
6.59500 1.09147957
6.60000 1.09120802
6.60500 1.09093674
6.61000 1.09066573
6.61500 1.09039499
6.62000 1.09012452
6.62500 1.08985432
6.63000 1.08958439
6.63500 1.08931472
6.64000 1.08904533
6.64500 1.08877620
6.65000 1.08850733
6.65500 1.08823874
6.66000 1.08797040
6.66500 1.08770234
6.67000 1.08743454
6.67500 1.08716700
6.68000 1.08689973
6.68500 1.08663272
6.69000 1.08636597
6.69500 1.08609948
6.70000 1.08583326
6.70500 1.08556730
6.71000 1.08530160
6.71500 1.08503616
6.72000 1.08477098
6.72500 1.08450607
6.73000 1.08424141
6.73500 1.08397700
6.74000 1.08371286
6.74500 1.08344898
6.75000 1.08318535
6.75500 1.08292198
6.76000 1.08265887
6.76500 1.08239601
6.77000 1.08213341
6.77500 1.08187107
6.78000 1.08160898
6.78500 1.08134714
6.79000 1.08108556
6.79500 1.08082423
6.80000 1.08056316
6.80500 1.08030234
6.81000 1.08004177
6.81500 1.07978145
6.82000 1.07952138
6.82500 1.07926157
6.83000 1.07900201
6.83500 1.07874269
6.84000 1.07848363
6.84500 1.07822481
6.85000 1.07796625
6.85500 1.07770793
6.86000 1.07744986
6.86500 1.07719204
6.87000 1.07693447
6.87500 1.07667714
6.88000 1.07642006
6.88500 1.07616323
6.89000 1.07590664
6.89500 1.07565029
6.90000 1.07539420
6.90500 1.07513834
6.91000 1.07488273
6.91500 1.07462737
6.92000 1.07437224
6.92500 1.07411736
6.93000 1.07386272
6.93500 1.07360833
6.94000 1.07335417
6.94500 1.07310026
6.95000 1.07284659
6.95500 1.07259316
6.96000 1.07233996
6.96500 1.07208701
6.97000 1.07183430
6.97500 1.07158183
6.98000 1.07132959
6.98500 1.07107759
6.99000 1.07082583
6.99500 1.07057431
7.00000 1.07032302
7.00500 1.07007197
7.01000 1.06982116
7.01500 1.06957058
7.02000 1.06932024
7.02500 1.06907013
7.03000 1.06882026
7.03500 1.06857062
7.04000 1.06832122
7.04500 1.06807204
7.05000 1.06782311
7.05500 1.06757440
7.06000 1.06732593
7.06500 1.06707768
7.07000 1.06682967
7.07500 1.06658189
7.08000 1.06633435
7.08500 1.06608703
7.09000 1.06583994
7.09500 1.06559308
7.10000 1.06534645
7.10500 1.06510005
7.11000 1.06485388
7.11500 1.06460793
7.12000 1.06436222
7.12500 1.06411673
7.13000 1.06387147
7.13500 1.06362643
7.14000 1.06338162
7.14500 1.06313704
7.15000 1.06289268
7.15500 1.06264855
7.16000 1.06240464
7.16500 1.06216096
7.17000 1.06191750
7.17500 1.06167426
7.18000 1.06143125
7.18500 1.06118846
7.19000 1.06094589
7.19500 1.06070355
7.20000 1.06046143
7.20500 1.06021953
7.21000 1.05997785
7.21500 1.05973639
7.22000 1.05949515
7.22500 1.05925413
7.23000 1.05901334
7.23500 1.05877276
7.24000 1.05853240
7.24500 1.05829226
7.25000 1.05805234
7.25500 1.05781263
7.26000 1.05757314
7.26500 1.05733388
7.27000 1.05709482
7.27500 1.05685599
7.28000 1.05661737
7.28500 1.05637897
7.29000 1.05614078
7.29500 1.05590281
7.30000 1.05566505
7.30500 1.05542751
7.31000 1.05519018
7.31500 1.05495307
7.32000 1.05471616
7.32500 1.05447948
7.33000 1.05424300
7.33500 1.05400674
7.34000 1.05377069
7.34500 1.05353485
7.35000 1.05329923
7.35500 1.05306381
7.36000 1.05282861
7.36500 1.05259362
7.37000 1.05235883
7.37500 1.05212426
7.38000 1.05188990
7.38500 1.05165575
7.39000 1.05142180
7.39500 1.05118806
7.40000 1.05095454
7.40500 1.05072122
7.41000 1.05048810
7.41500 1.05025520
7.42000 1.05002250
7.42500 1.04979001
7.43000 1.04955773
7.43500 1.04932565
7.44000 1.04909377
7.44500 1.04886211
7.45000 1.04863064
7.45500 1.04839939
7.46000 1.04816833
7.46500 1.04793748
7.47000 1.04770684
7.47500 1.04747640
7.48000 1.04724616
7.48500 1.04701612
7.49000 1.04678629
7.49500 1.04655666
7.50000 1.04632723
7.50500 1.04609800
7.51000 1.04586898
7.51500 1.04564015
7.52000 1.04541153
7.52500 1.04518311
7.53000 1.04495488
7.53500 1.04472686
7.54000 1.04449904
7.54500 1.04427141
7.55000 1.04404398
7.55500 1.04381676
7.56000 1.04358973
7.56500 1.04336290
7.57000 1.04313626
7.57500 1.04290983
7.58000 1.04268359
7.58500 1.04245755
7.59000 1.04223170
7.59500 1.04200605
7.60000 1.04178060
7.60500 1.04155534
7.61000 1.04133027
7.61500 1.04110541
7.62000 1.04088073
7.62500 1.04065625
7.63000 1.04043197
7.63500 1.04020788
7.64000 1.03998398
7.64500 1.03976028
7.65000 1.03953677
7.65500 1.03931345
7.66000 1.03909032
7.66500 1.03886739
7.67000 1.03864464
7.67500 1.03842209
7.68000 1.03819973
7.68500 1.03797756
7.69000 1.03775559
7.69500 1.03753380
7.70000 1.03731220
7.70500 1.03709079
7.71000 1.03686957
7.71500 1.03664854
7.72000 1.03642770
7.72500 1.03620705
7.73000 1.03598659
7.73500 1.03576631
7.74000 1.03554622
7.74500 1.03532632
7.75000 1.03510661
7.75500 1.03488708
7.76000 1.03466774
7.76500 1.03444859
7.77000 1.03422962
7.77500 1.03401084
7.78000 1.03379225
7.78500 1.03357384
7.79000 1.03335561
7.79500 1.03313757
7.80000 1.03291971
7.80500 1.03270204
7.81000 1.03248455
7.81500 1.03226725
7.82000 1.03205013
7.82500 1.03183319
7.83000 1.03161643
7.83500 1.03139986
7.84000 1.03118347
7.84500 1.03096726
7.85000 1.03075124
7.85500 1.03053539
7.86000 1.03031973
7.86500 1.03010424
7.87000 1.02988894
7.87500 1.02967382
7.88000 1.02945888
7.88500 1.02924412
7.89000 1.02902953
7.89500 1.02881513
7.90000 1.02860091
7.90500 1.02838686
7.91000 1.02817300
7.91500 1.02795931
7.92000 1.02774580
7.92500 1.02753247
7.93000 1.02731931
7.93500 1.02710633
7.94000 1.02689353
7.94500 1.02668091
7.95000 1.02646846
7.95500 1.02625619
7.96000 1.02604410
7.96500 1.02583218
7.97000 1.02562044
7.97500 1.02540887
7.98000 1.02519747
7.98500 1.02498626
7.99000 1.02477521
7.99500 1.02456434
8.00000 1.02435365
8.00500 1.02414312
8.01000 1.02393277
8.01500 1.02372260
8.02000 1.02351260
8.02500 1.02330277
8.03000 1.02309311
8.03500 1.02288362
8.04000 1.02267431
8.04500 1.02246517
8.05000 1.02225620
8.05500 1.02204740
8.06000 1.02183877
8.06500 1.02163032
8.07000 1.02142203
8.07500 1.02121391
8.08000 1.02100597
8.08500 1.02079819
8.09000 1.02059058
8.09500 1.02038315
8.10000 1.02017588
8.10500 1.01996878
8.11000 1.01976185
8.11500 1.01955508
8.12000 1.01934849
8.12500 1.01914206
8.13000 1.01893580
8.13500 1.01872971
8.14000 1.01852378
8.14500 1.01831803
8.15000 1.01811243
8.15500 1.01790701
8.16000 1.01770175
8.16500 1.01749666
8.17000 1.01729173
8.17500 1.01708697
8.18000 1.01688237
8.18500 1.01667794
8.19000 1.01647367
8.19500 1.01626957
8.20000 1.01606563
8.20500 1.01586186
8.21000 1.01565825
8.21500 1.01545480
8.22000 1.01525152
8.22500 1.01504840
8.23000 1.01484544
8.23500 1.01464265
8.24000 1.01444002
8.24500 1.01423755
8.25000 1.01403524
8.25500 1.01383310
8.26000 1.01363111
8.26500 1.01342929
8.27000 1.01322763
8.27500 1.01302613
8.28000 1.01282479
8.28500 1.01262361
8.29000 1.01242259
8.29500 1.01222173
8.30000 1.01202103
8.30500 1.01182049
8.31000 1.01162011
8.31500 1.01141989
8.32000 1.01121982
8.32500 1.01101992
8.33000 1.01082017
8.33500 1.01062058
8.34000 1.01042116
8.34500 1.01022188
8.35000 1.01002277
8.35500 1.00982381
8.36000 1.00962501
8.36500 1.00942637
8.37000 1.00922788
8.37500 1.00902955
8.38000 1.00883138
8.38500 1.00863336
8.39000 1.00843550
8.39500 1.00823780
8.40000 1.00804025
8.40500 1.00784285
8.41000 1.00764561
8.41500 1.00744852
8.42000 1.00725159
8.42500 1.00705482
8.43000 1.00685819
8.43500 1.00666172
8.44000 1.00646541
8.44500 1.00626925
8.45000 1.00607324
8.45500 1.00587738
8.46000 1.00568168
8.46500 1.00548613
8.47000 1.00529074
8.47500 1.00509549
8.48000 1.00490040
8.48500 1.00470546
8.49000 1.00451067
8.49500 1.00431603
8.50000 1.00412154
8.50500 1.00392721
8.51000 1.00373302
8.51500 1.00353899
8.52000 1.00334510
8.52500 1.00315137
8.53000 1.00295778
8.53500 1.00276435
8.54000 1.00257107
8.54500 1.00237793
8.55000 1.00218494
8.55500 1.00199211
8.56000 1.00179942
8.56500 1.00160688
8.57000 1.00141449
8.57500 1.00122224
8.58000 1.00103015
8.58500 1.00083820
8.59000 1.00064640
8.59500 1.00045475
8.60000 1.00026324
8.60500 1.00007188
8.61000 0.99988067
8.61500 0.99968961
8.62000 0.99949869
8.62500 0.99930792
8.63000 0.99911729
8.63500 0.99892681
8.64000 0.99873647
8.64500 0.99854628
8.65000 0.99835624
8.65500 0.99816634
8.66000 0.99797658
8.66500 0.99778697
8.67000 0.99759751
8.67500 0.99740819
8.68000 0.99721901
8.68500 0.99702998
8.69000 0.99684109
8.69500 0.99665234
8.70000 0.99646374
8.70500 0.99627528
8.71000 0.99608696
8.71500 0.99589878
8.72000 0.99571075
8.72500 0.99552286
8.73000 0.99533511
8.73500 0.99514751
8.74000 0.99496004
8.74500 0.99477272
8.75000 0.99458554
8.75500 0.99439850
8.76000 0.99421160
8.76500 0.99402485
8.77000 0.99383823
8.77500 0.99365175
8.78000 0.99346542
8.78500 0.99327922
8.79000 0.99309316
8.79500 0.99290725
8.80000 0.99272147
8.80500 0.99253583
8.81000 0.99235033
8.81500 0.99216497
8.82000 0.99197975
8.82500 0.99179467
8.83000 0.99160973
8.83500 0.99142492
8.84000 0.99124025
8.84500 0.99105572
8.85000 0.99087133
8.85500 0.99068708
8.86000 0.99050296
8.86500 0.99031898
8.87000 0.99013514
8.87500 0.98995143
8.88000 0.98976786
8.88500 0.98958443
8.89000 0.98940113
8.89500 0.98921797
8.90000 0.98903495
8.90500 0.98885206
8.91000 0.98866931
8.91500 0.98848669
8.92000 0.98830421
8.92500 0.98812186
8.93000 0.98793965
8.93500 0.98775757
8.94000 0.98757562
8.94500 0.98739381
8.95000 0.98721214
8.95500 0.98703060
8.96000 0.98684919
8.96500 0.98666792
8.97000 0.98648678
8.97500 0.98630577
8.98000 0.98612490
8.98500 0.98594416
8.99000 0.98576355
8.99500 0.98558308
9.00000 0.98540273
9.00500 0.98522252
9.01000 0.98504245
9.01500 0.98486250
9.02000 0.98468269
9.02500 0.98450300
9.03000 0.98432345
9.03500 0.98414403
9.04000 0.98396474
9.04500 0.98378558
9.05000 0.98360656
9.05500 0.98342766
9.06000 0.98324890
9.06500 0.98307026
9.07000 0.98289175
9.07500 0.98271338
9.08000 0.98253513
9.08500 0.98235702
9.09000 0.98217903
9.09500 0.98200117
9.10000 0.98182344
9.10500 0.98164584
9.11000 0.98146837
9.11500 0.98129103
9.12000 0.98111382
9.12500 0.98093673
9.13000 0.98075977
9.13500 0.98058294
9.14000 0.98040624
9.14500 0.98022967
9.15000 0.98005322
9.15500 0.97987690
9.16000 0.97970071
9.16500 0.97952465
9.17000 0.97934871
9.17500 0.97917290
9.18000 0.97899721
9.18500 0.97882166
9.19000 0.97864622
9.19500 0.97847092
9.20000 0.97829574
9.20500 0.97812068
9.21000 0.97794575
9.21500 0.97777095
9.22000 0.97759627
9.22500 0.97742172
9.23000 0.97724729
9.23500 0.97707299
9.24000 0.97689881
9.24500 0.97672475
9.25000 0.97655082
9.25500 0.97637702
9.26000 0.97620334
9.26500 0.97602978
9.27000 0.97585635
9.27500 0.97568303
9.28000 0.97550985
9.28500 0.97533678
9.29000 0.97516384
9.29500 0.97499102
9.30000 0.97481833
9.30500 0.97464576
9.31000 0.97447331
9.31500 0.97430098
9.32000 0.97412877
9.32500 0.97395669
9.33000 0.97378473
9.33500 0.97361289
9.34000 0.97344117
9.34500 0.97326957
9.35000 0.97309810
9.35500 0.97292674
9.36000 0.97275551
9.36500 0.97258440
9.37000 0.97241340
9.37500 0.97224253
9.38000 0.97207178
9.38500 0.97190115
9.39000 0.97173064
9.39500 0.97156025
9.40000 0.97138998
9.40500 0.97121982
9.41000 0.97104979
9.41500 0.97087988
9.42000 0.97071008
9.42500 0.97054041
9.43000 0.97037085
9.43500 0.97020142
9.44000 0.97003210
9.44500 0.96986290
9.45000 0.96969382
9.45500 0.96952485
9.46000 0.96935601
9.46500 0.96918728
9.47000 0.96901867
9.47500 0.96885018
9.48000 0.96868180
9.48500 0.96851355
9.49000 0.96834541
9.49500 0.96817738
9.50000 0.96800948
9.50500 0.96784169
9.51000 0.96767401
9.51500 0.96750646
9.52000 0.96733902
9.52500 0.96717169
9.53000 0.96700448
9.53500 0.96683739
9.54000 0.96667042
9.54500 0.96650355
9.55000 0.96633681
9.55500 0.96617018
9.56000 0.96600366
9.56500 0.96583726
9.57000 0.96567098
9.57500 0.96550481
9.58000 0.96533875
9.58500 0.96517281
9.59000 0.96500699
9.59500 0.96484127
9.60000 0.96467567
9.60500 0.96451019
9.61000 0.96434482
9.61500 0.96417956
9.62000 0.96401442
9.62500 0.96384939
9.63000 0.96368447
9.63500 0.96351967
9.64000 0.96335498
9.64500 0.96319040
9.65000 0.96302593
9.65500 0.96286158
9.66000 0.96269734
9.66500 0.96253321
9.67000 0.96236920
9.67500 0.96220529
9.68000 0.96204150
9.68500 0.96187782
9.69000 0.96171425
9.69500 0.96155080
9.70000 0.96138745
9.70500 0.96122422
9.71000 0.96106109
9.71500 0.96089808
9.72000 0.96073518
9.72500 0.96057239
9.73000 0.96040971
9.73500 0.96024714
9.74000 0.96008468
9.74500 0.95992233
9.75000 0.95976009
9.75500 0.95959796
9.76000 0.95943594
9.76500 0.95927403
9.77000 0.95911223
9.77500 0.95895054
9.78000 0.95878896
9.78500 0.95862749
9.79000 0.95846613
9.79500 0.95830487
9.80000 0.95814373
9.80500 0.95798269
9.81000 0.95782176
9.81500 0.95766094
9.82000 0.95750023
9.82500 0.95733962
9.83000 0.95717913
9.83500 0.95701874
9.84000 0.95685846
9.84500 0.95669829
9.85000 0.95653822
9.85500 0.95637826
9.86000 0.95621841
9.86500 0.95605867
9.87000 0.95589903
9.87500 0.95573950
9.88000 0.95558008
9.88500 0.95542077
9.89000 0.95526156
9.89500 0.95510245
9.90000 0.95494345
9.90500 0.95478456
9.91000 0.95462578
9.91500 0.95446710
9.92000 0.95430853
9.92500 0.95415006
9.93000 0.95399169
9.93500 0.95383344
9.94000 0.95367529
9.94500 0.95351724
9.95000 0.95335930
9.95500 0.95320146
9.96000 0.95304373
9.96500 0.95288610
9.97000 0.95272858
9.97500 0.95257116
9.98000 0.95241384
9.98500 0.95225663
9.99000 0.95209953
9.99500 0.95194253
10.00000 0.95178563
10.00500 0.95162883
10.01000 0.95147214
10.01500 0.95131555
10.02000 0.95115907
10.02500 0.95100269
10.03000 0.95084641
10.03500 0.95069023
10.04000 0.95053416
10.04500 0.95037819
10.05000 0.95022232
10.05500 0.95006656
10.06000 0.94991090
10.06500 0.94975534
10.07000 0.94959988
10.07500 0.94944452
10.08000 0.94928927
10.08500 0.94913412
10.09000 0.94897906
10.09500 0.94882412
10.10000 0.94866927
10.10500 0.94851452
10.11000 0.94835988
10.11500 0.94820533
10.12000 0.94805089
10.12500 0.94789655
10.13000 0.94774230
10.13500 0.94758816
10.14000 0.94743412
10.14500 0.94728018
10.15000 0.94712634
10.15500 0.94697260
10.16000 0.94681896
10.16500 0.94666542
10.17000 0.94651198
10.17500 0.94635864
10.18000 0.94620540
10.18500 0.94605226
10.19000 0.94589922
10.19500 0.94574628
10.20000 0.94559343
10.20500 0.94544069
10.21000 0.94528804
10.21500 0.94513549
10.22000 0.94498305
10.22500 0.94483070
10.23000 0.94467845
10.23500 0.94452629
10.24000 0.94437424
10.24500 0.94422228
10.25000 0.94407042
10.25500 0.94391866
10.26000 0.94376700
10.26500 0.94361543
10.27000 0.94346397
10.27500 0.94331260
10.28000 0.94316132
10.28500 0.94301015
10.29000 0.94285907
10.29500 0.94270809
10.30000 0.94255720
10.30500 0.94240642
10.31000 0.94225573
10.31500 0.94210513
10.32000 0.94195463
10.32500 0.94180423
10.33000 0.94165393
10.33500 0.94150372
10.34000 0.94135361
10.34500 0.94120359
10.35000 0.94105367
10.35500 0.94090384
10.36000 0.94075411
10.36500 0.94060448
10.37000 0.94045494
10.37500 0.94030549
10.38000 0.94015615
10.38500 0.94000689
10.39000 0.93985773
10.39500 0.93970867
10.40000 0.93955970
10.40500 0.93941083
10.41000 0.93926205
10.41500 0.93911336
10.42000 0.93896477
10.42500 0.93881628
10.43000 0.93866787
10.43500 0.93851956
10.44000 0.93837135
10.44500 0.93822323
10.45000 0.93807520
10.45500 0.93792727
10.46000 0.93777943
10.46500 0.93763168
10.47000 0.93748403
10.47500 0.93733647
10.48000 0.93718900
10.48500 0.93704163
10.49000 0.93689435
10.49500 0.93674716
10.50000 0.93660007
10.50500 0.93645306
10.51000 0.93630615
10.51500 0.93615933
10.52000 0.93601261
10.52500 0.93586598
10.53000 0.93571943
10.53500 0.93557298
10.54000 0.93542663
10.54500 0.93528036
10.55000 0.93513419
10.55500 0.93498811
10.56000 0.93484211
10.56500 0.93469621
10.57000 0.93455041
10.57500 0.93440469
10.58000 0.93425906
10.58500 0.93411353
10.59000 0.93396808
10.59500 0.93382273
10.60000 0.93367747
10.60500 0.93353229
10.61000 0.93338721
10.61500 0.93324222
10.62000 0.93309732
10.62500 0.93295251
10.63000 0.93280779
10.63500 0.93266316
10.64000 0.93251862
10.64500 0.93237417
10.65000 0.93222980
10.65500 0.93208553
10.66000 0.93194135
10.66500 0.93179726
10.67000 0.93165325
10.67500 0.93150934
10.68000 0.93136551
10.68500 0.93122178
10.69000 0.93107813
10.69500 0.93093457
10.70000 0.93079110
10.70500 0.93064772
10.71000 0.93050443
10.71500 0.93036122
10.72000 0.93021811
10.72500 0.93007508
10.73000 0.92993214
10.73500 0.92978929
10.74000 0.92964652
10.74500 0.92950385
10.75000 0.92936126
10.75500 0.92921876
10.76000 0.92907635
10.76500 0.92893402
10.77000 0.92879178
10.77500 0.92864963
10.78000 0.92850757
10.78500 0.92836559
10.79000 0.92822371
10.79500 0.92808190
10.80000 0.92794019
10.80500 0.92779856
10.81000 0.92765702
10.81500 0.92751556
10.82000 0.92737419
10.82500 0.92723291
10.83000 0.92709171
10.83500 0.92695060
10.84000 0.92680958
10.84500 0.92666864
10.85000 0.92652779
10.85500 0.92638702
10.86000 0.92624634
10.86500 0.92610575
10.87000 0.92596524
10.87500 0.92582481
10.88000 0.92568447
10.88500 0.92554422
10.89000 0.92540405
10.89500 0.92526397
10.90000 0.92512397
10.90500 0.92498406
10.91000 0.92484423
10.91500 0.92470449
10.92000 0.92456483
10.92500 0.92442525
10.93000 0.92428576
10.93500 0.92414636
10.94000 0.92400704
10.94500 0.92386780
10.95000 0.92372864
10.95500 0.92358958
10.96000 0.92345059
10.96500 0.92331169
10.97000 0.92317287
10.97500 0.92303414
10.98000 0.92289549
10.98500 0.92275692
10.99000 0.92261844
10.99500 0.92248004
11.00000 0.92234172
11.00500 0.92220349
11.01000 0.92206533
11.01500 0.92192727
11.02000 0.92178928
11.02500 0.92165138
11.03000 0.92151356
11.03500 0.92137582
11.04000 0.92123817
11.04500 0.92110060
11.05000 0.92096311
11.05500 0.92082570
11.06000 0.92068837
11.06500 0.92055113
11.07000 0.92041397
11.07500 0.92027689
11.08000 0.92013989
11.08500 0.92000298
11.09000 0.91986614
11.09500 0.91972939
11.10000 0.91959272
11.10500 0.91945613
11.11000 0.91931962
11.11500 0.91918320
11.12000 0.91904685
11.12500 0.91891059
11.13000 0.91877440
11.13500 0.91863830
11.14000 0.91850228
11.14500 0.91836634
11.15000 0.91823047
11.15500 0.91809469
11.16000 0.91795899
11.16500 0.91782338
11.17000 0.91768784
11.17500 0.91755238
11.18000 0.91741700
11.18500 0.91728170
11.19000 0.91714648
11.19500 0.91701134
11.20000 0.91687628
11.20500 0.91674131
11.21000 0.91660641
11.21500 0.91647159
11.22000 0.91633685
11.22500 0.91620218
11.23000 0.91606760
11.23500 0.91593310
11.24000 0.91579868
11.24500 0.91566433
11.25000 0.91553007
11.25500 0.91539588
11.26000 0.91526177
11.26500 0.91512775
11.27000 0.91499380
11.27500 0.91485992
11.28000 0.91472613
11.28500 0.91459242
11.29000 0.91445878
11.29500 0.91432522
11.30000 0.91419174
11.30500 0.91405834
11.31000 0.91392502
11.31500 0.91379177
11.32000 0.91365860
11.32500 0.91352551
11.33000 0.91339250
11.33500 0.91325957
11.34000 0.91312671
11.34500 0.91299393
11.35000 0.91286123
11.35500 0.91272860
11.36000 0.91259605
11.36500 0.91246358
11.37000 0.91233119
11.37500 0.91219887
11.38000 0.91206663
11.38500 0.91193447
11.39000 0.91180238
11.39500 0.91167038
11.40000 0.91153844
11.40500 0.91140659
11.41000 0.91127481
11.41500 0.91114310
11.42000 0.91101148
11.42500 0.91087992
11.43000 0.91074845
11.43500 0.91061705
11.44000 0.91048573
11.44500 0.91035448
11.45000 0.91022331
11.45500 0.91009222
11.46000 0.90996120
11.46500 0.90983025
11.47000 0.90969938
11.47500 0.90956859
11.48000 0.90943787
11.48500 0.90930723
11.49000 0.90917666
11.49500 0.90904617
11.50000 0.90891575
11.50500 0.90878541
11.51000 0.90865515
11.51500 0.90852495
11.52000 0.90839484
11.52500 0.90826479
11.53000 0.90813483
11.53500 0.90800493
11.54000 0.90787511
11.54500 0.90774537
11.55000 0.90761570
11.55500 0.90748610
11.56000 0.90735658
11.56500 0.90722713
11.57000 0.90709776
11.57500 0.90696846
11.58000 0.90683923
11.58500 0.90671008
11.59000 0.90658100
11.59500 0.90645200
11.60000 0.90632306
11.60500 0.90619421
11.61000 0.90606542
11.61500 0.90593671
11.62000 0.90580807
11.62500 0.90567951
11.63000 0.90555102
11.63500 0.90542260
11.64000 0.90529425
11.64500 0.90516598
11.65000 0.90503778
11.65500 0.90490966
11.66000 0.90478160
11.66500 0.90465362
11.67000 0.90452571
11.67500 0.90439787
11.68000 0.90427011
11.68500 0.90414242
11.69000 0.90401480
11.69500 0.90388725
11.70000 0.90375978
11.70500 0.90363237
11.71000 0.90350504
11.71500 0.90337778
11.72000 0.90325060
11.72500 0.90312348
11.73000 0.90299644
11.73500 0.90286947
11.74000 0.90274257
11.74500 0.90261574
11.75000 0.90248898
11.75500 0.90236229
11.76000 0.90223568
11.76500 0.90210913
11.77000 0.90198266
11.77500 0.90185626
11.78000 0.90172993
11.78500 0.90160367
11.79000 0.90147748
11.79500 0.90135136
11.80000 0.90122531
11.80500 0.90109934
11.81000 0.90097343
11.81500 0.90084759
11.82000 0.90072183
11.82500 0.90059613
11.83000 0.90047051
11.83500 0.90034496
11.84000 0.90021947
11.84500 0.90009406
11.85000 0.89996871
11.85500 0.89984344
11.86000 0.89971824
11.86500 0.89959310
11.87000 0.89946804
11.87500 0.89934304
11.88000 0.89921812
11.88500 0.89909326
11.89000 0.89896847
11.89500 0.89884376
11.90000 0.89871911
11.90500 0.89859453
11.91000 0.89847002
11.91500 0.89834558
11.92000 0.89822121
11.92500 0.89809691
11.93000 0.89797268
11.93500 0.89784851
11.94000 0.89772442
11.94500 0.89760039
11.95000 0.89747643
11.95500 0.89735254
11.96000 0.89722872
11.96500 0.89710497
11.97000 0.89698129
11.97500 0.89685767
11.98000 0.89673413
11.98500 0.89661065
11.99000 0.89648724
11.99500 0.89636389
12.00000 0.89624062
12.00500 0.89611741
12.01000 0.89599427
12.01500 0.89587120
12.02000 0.89574820
12.02500 0.89562526
12.03000 0.89550240
12.03500 0.89537959
12.04000 0.89525686
12.04500 0.89513420
12.05000 0.89501160
12.05500 0.89488907
12.06000 0.89476660
12.06500 0.89464421
12.07000 0.89452188
12.07500 0.89439962
12.08000 0.89427742
12.08500 0.89415529
12.09000 0.89403323
12.09500 0.89391124
12.10000 0.89378931
12.10500 0.89366745
12.11000 0.89354565
12.11500 0.89342392
12.12000 0.89330226
12.12500 0.89318067
12.13000 0.89305914
12.13500 0.89293767
12.14000 0.89281628
12.14500 0.89269495
12.15000 0.89257368
12.15500 0.89245248
12.16000 0.89233135
12.16500 0.89221029
12.17000 0.89208928
12.17500 0.89196835
12.18000 0.89184748
12.18500 0.89172668
12.19000 0.89160594
12.19500 0.89148527
12.20000 0.89136466
12.20500 0.89124412
12.21000 0.89112364
12.21500 0.89100323
12.22000 0.89088288
12.22500 0.89076260
12.23000 0.89064239
12.23500 0.89052224
12.24000 0.89040215
12.24500 0.89028213
12.25000 0.89016218
12.25500 0.89004228
12.26000 0.88992246
12.26500 0.88980270
12.27000 0.88968300
12.27500 0.88956337
12.28000 0.88944380
12.28500 0.88932430
12.29000 0.88920486
12.29500 0.88908548
12.30000 0.88896617
12.30500 0.88884692
12.31000 0.88872774
12.31500 0.88860862
12.32000 0.88848957
12.32500 0.88837058
12.33000 0.88825165
12.33500 0.88813279
12.34000 0.88801399
12.34500 0.88789525
12.35000 0.88777658
12.35500 0.88765797
12.36000 0.88753943
12.36500 0.88742095
12.37000 0.88730253
12.37500 0.88718417
12.38000 0.88706588
12.38500 0.88694765
12.39000 0.88682949
12.39500 0.88671139
12.40000 0.88659335
12.40500 0.88647537
12.41000 0.88635746
12.41500 0.88623961
12.42000 0.88612182
12.42500 0.88600410
12.43000 0.88588644
12.43500 0.88576884
12.44000 0.88565130
12.44500 0.88553383
12.45000 0.88541641
12.45500 0.88529906
12.46000 0.88518178
12.46500 0.88506455
12.47000 0.88494739
12.47500 0.88483029
12.48000 0.88471325
12.48500 0.88459628
12.49000 0.88447936
12.49500 0.88436251
12.50000 0.88424572
12.50500 0.88412899
12.51000 0.88401232
12.51500 0.88389572
12.52000 0.88377917
12.52500 0.88366269
12.53000 0.88354627
12.53500 0.88342991
12.54000 0.88331362
12.54500 0.88319738
12.55000 0.88308120
12.55500 0.88296509
12.56000 0.88284904
12.56500 0.88273305
12.57000 0.88261712
12.57500 0.88250125
12.58000 0.88238544
12.58500 0.88226969
12.59000 0.88215401
12.59500 0.88203838
12.60000 0.88192281
12.60500 0.88180731
12.61000 0.88169187
12.61500 0.88157648
12.62000 0.88146116
12.62500 0.88134590
12.63000 0.88123070
12.63500 0.88111556
12.64000 0.88100047
12.64500 0.88088545
12.65000 0.88077049
12.65500 0.88065559
12.66000 0.88054075
12.66500 0.88042597
12.67000 0.88031125
12.67500 0.88019659
12.68000 0.88008199
12.68500 0.87996745
12.69000 0.87985297
12.69500 0.87973855
12.70000 0.87962418
12.70500 0.87950988
12.71000 0.87939564
12.71500 0.87928146
12.72000 0.87916733
12.72500 0.87905327
12.73000 0.87893926
12.73500 0.87882532
12.74000 0.87871143
12.74500 0.87859760
12.75000 0.87848383
12.75500 0.87837012
12.76000 0.87825647
12.76500 0.87814288
12.77000 0.87802935
12.77500 0.87791588
12.78000 0.87780246
12.78500 0.87768910
12.79000 0.87757581
12.79500 0.87746257
12.80000 0.87734939
12.80500 0.87723626
12.81000 0.87712320
12.81500 0.87701020
12.82000 0.87689725
12.82500 0.87678436
12.83000 0.87667153
12.83500 0.87655876
12.84000 0.87644604
12.84500 0.87633339
12.85000 0.87622079
12.85500 0.87610825
12.86000 0.87599577
12.86500 0.87588334
12.87000 0.87577098
12.87500 0.87565867
12.88000 0.87554642
12.88500 0.87543423
12.89000 0.87532209
12.89500 0.87521001
12.90000 0.87509799
12.90500 0.87498603
12.91000 0.87487412
12.91500 0.87476228
12.92000 0.87465048
12.92500 0.87453875
12.93000 0.87442707
12.93500 0.87431545
12.94000 0.87420389
12.94500 0.87409239
12.95000 0.87398094
12.95500 0.87386955
12.96000 0.87375821
12.96500 0.87364694
12.97000 0.87353572
12.97500 0.87342455
12.98000 0.87331344
12.98500 0.87320239
12.99000 0.87309140
12.99500 0.87298046
13.00000 0.87286958
13.00500 0.87275876
13.01000 0.87264799
13.01500 0.87253728
13.02000 0.87242662
13.02500 0.87231602
13.03000 0.87220548
13.03500 0.87209499
13.04000 0.87198456
13.04500 0.87187419
13.05000 0.87176387
13.05500 0.87165361
13.06000 0.87154340
13.06500 0.87143325
13.07000 0.87132315
13.07500 0.87121311
13.08000 0.87110313
13.08500 0.87099320
13.09000 0.87088333
13.09500 0.87077351
13.10000 0.87066375
13.10500 0.87055404
13.11000 0.87044439
13.11500 0.87033480
13.12000 0.87022526
13.12500 0.87011577
13.13000 0.87000634
13.13500 0.86989697
13.14000 0.86978765
13.14500 0.86967838
13.15000 0.86956917
13.15500 0.86946002
13.16000 0.86935092
13.16500 0.86924188
13.17000 0.86913289
13.17500 0.86902395
13.18000 0.86891507
13.18500 0.86880624
13.19000 0.86869747
13.19500 0.86858876
13.20000 0.86848010
13.20500 0.86837149
13.21000 0.86826293
13.21500 0.86815444
13.22000 0.86804599
13.22500 0.86793760
13.23000 0.86782927
13.23500 0.86772098
13.24000 0.86761276
13.24500 0.86750458
13.25000 0.86739646
13.25500 0.86728840
13.26000 0.86718039
13.26500 0.86707243
13.27000 0.86696453
13.27500 0.86685668
13.28000 0.86674888
13.28500 0.86664114
13.29000 0.86653345
13.29500 0.86642581
13.30000 0.86631823
13.30500 0.86621071
13.31000 0.86610323
13.31500 0.86599581
13.32000 0.86588844
13.32500 0.86578113
13.33000 0.86567387
13.33500 0.86556666
13.34000 0.86545950
13.34500 0.86535240
13.35000 0.86524536
13.35500 0.86513836
13.36000 0.86503142
13.36500 0.86492453
13.37000 0.86481769
13.37500 0.86471091
13.38000 0.86460418
13.38500 0.86449750
13.39000 0.86439088
13.39500 0.86428430
13.40000 0.86417778
13.40500 0.86407132
13.41000 0.86396490
13.41500 0.86385854
13.42000 0.86375223
13.42500 0.86364597
13.43000 0.86353977
13.43500 0.86343362
13.44000 0.86332752
13.44500 0.86322147
13.45000 0.86311547
13.45500 0.86300953
13.46000 0.86290364
13.46500 0.86279780
13.47000 0.86269201
13.47500 0.86258628
13.48000 0.86248059
13.48500 0.86237496
13.49000 0.86226938
13.49500 0.86216386
13.50000 0.86205838
13.50500 0.86195296
13.51000 0.86184758
13.51500 0.86174226
13.52000 0.86163699
13.52500 0.86153177
13.53000 0.86142661
13.53500 0.86132149
13.54000 0.86121643
13.54500 0.86111142
13.55000 0.86100646
13.55500 0.86090155
13.56000 0.86079669
13.56500 0.86069188
13.57000 0.86058713
13.57500 0.86048242
13.58000 0.86037777
13.58500 0.86027316
13.59000 0.86016861
13.59500 0.86006411
13.60000 0.85995966
13.60500 0.85985526
13.61000 0.85975091
13.61500 0.85964661
13.62000 0.85954237
13.62500 0.85943817
13.63000 0.85933403
13.63500 0.85922993
13.64000 0.85912589
13.64500 0.85902189
13.65000 0.85891795
13.65500 0.85881405
13.66000 0.85871021
13.66500 0.85860642
13.67000 0.85850268
13.67500 0.85839898
13.68000 0.85829534
13.68500 0.85819175
13.69000 0.85808821
13.69500 0.85798472
13.70000 0.85788127
13.70500 0.85777788
13.71000 0.85767454
13.71500 0.85757125
13.72000 0.85746801
13.72500 0.85736482
13.73000 0.85726167
13.73500 0.85715858
13.74000 0.85705554
13.74500 0.85695254
13.75000 0.85684960
13.75500 0.85674671
13.76000 0.85664386
13.76500 0.85654107
13.77000 0.85643832
13.77500 0.85633562
13.78000 0.85623298
13.78500 0.85613038
13.79000 0.85602783
13.79500 0.85592533
13.80000 0.85582288
13.80500 0.85572048
13.81000 0.85561813
13.81500 0.85551582
13.82000 0.85541357
13.82500 0.85531137
13.83000 0.85520921
13.83500 0.85510710
13.84000 0.85500505
13.84500 0.85490304
13.85000 0.85480108
13.85500 0.85469916
13.86000 0.85459730
13.86500 0.85449549
13.87000 0.85439372
13.87500 0.85429200
13.88000 0.85419033
13.88500 0.85408871
13.89000 0.85398714
13.89500 0.85388562
13.90000 0.85378414
13.90500 0.85368272
13.91000 0.85358134
13.91500 0.85348001
13.92000 0.85337873
13.92500 0.85327749
13.93000 0.85317631
13.93500 0.85307517
13.94000 0.85297408
13.94500 0.85287304
13.95000 0.85277204
13.95500 0.85267110
13.96000 0.85257020
13.96500 0.85246935
13.97000 0.85236855
13.97500 0.85226779
13.98000 0.85216709
13.98500 0.85206643
13.99000 0.85196582
13.99500 0.85186525
14.00000 0.85176474
14.00500 0.85166427
14.01000 0.85156385
14.01500 0.85146347
14.02000 0.85136315
14.02500 0.85126287
14.03000 0.85116264
14.03500 0.85106245
14.04000 0.85096231
14.04500 0.85086222
14.05000 0.85076218
14.05500 0.85066219
14.06000 0.85056224
14.06500 0.85046234
14.07000 0.85036248
14.07500 0.85026267
14.08000 0.85016291
14.08500 0.85006320
14.09000 0.84996353
14.09500 0.84986391
14.10000 0.84976434
14.10500 0.84966481
14.11000 0.84956533
14.11500 0.84946590
14.12000 0.84936652
14.12500 0.84926718
14.13000 0.84916788
14.13500 0.84906864
14.14000 0.84896944
14.14500 0.84887028
14.15000 0.84877117
14.15500 0.84867211
14.16000 0.84857310
14.16500 0.84847413
14.17000 0.84837521
14.17500 0.84827633
14.18000 0.84817750
14.18500 0.84807872
14.19000 0.84797998
14.19500 0.84788129
14.20000 0.84778265
14.20500 0.84768405
14.21000 0.84758549
14.21500 0.84748698
14.22000 0.84738852
14.22500 0.84729011
14.23000 0.84719174
14.23500 0.84709341
14.24000 0.84699513
14.24500 0.84689690
14.25000 0.84679871
14.25500 0.84670057
14.26000 0.84660248
14.26500 0.84650443
14.27000 0.84640642
14.27500 0.84630846
14.28000 0.84621055
14.28500 0.84611268
14.29000 0.84601486
14.29500 0.84591708
14.30000 0.84581935
14.30500 0.84572166
14.31000 0.84562402
14.31500 0.84552642
14.32000 0.84542887
14.32500 0.84533136
14.33000 0.84523390
14.33500 0.84513648
14.34000 0.84503911
14.34500 0.84494178
14.35000 0.84484450
14.35500 0.84474727
14.36000 0.84465007
14.36500 0.84455293
14.37000 0.84445582
14.37500 0.84435877
14.38000 0.84426175
14.38500 0.84416478
14.39000 0.84406786
14.39500 0.84397098
14.40000 0.84387415
14.40500 0.84377736
14.41000 0.84368061
14.41500 0.84358391
14.42000 0.84348725
14.42500 0.84339064
14.43000 0.84329407
14.43500 0.84319755
14.44000 0.84310107
14.44500 0.84300463
14.45000 0.84290824
14.45500 0.84281190
14.46000 0.84271559
14.46500 0.84261933
14.47000 0.84252312
14.47500 0.84242695
14.48000 0.84233082
14.48500 0.84223474
14.49000 0.84213870
14.49500 0.84204271
14.50000 0.84194676
14.50500 0.84185085
14.51000 0.84175499
14.51500 0.84165917
14.52000 0.84156339
14.52500 0.84146766
14.53000 0.84137197
14.53500 0.84127632
14.54000 0.84118072
14.54500 0.84108516
14.55000 0.84098965
14.55500 0.84089418
14.56000 0.84079875
14.56500 0.84070337
14.57000 0.84060803
14.57500 0.84051273
14.58000 0.84041747
14.58500 0.84032226
14.59000 0.84022710
14.59500 0.84013197
14.60000 0.84003689
14.60500 0.83994185
14.61000 0.83984686
14.61500 0.83975190
14.62000 0.83965700
14.62500 0.83956213
14.63000 0.83946731
14.63500 0.83937253
14.64000 0.83927779
14.64500 0.83918309
14.65000 0.83908844
14.65500 0.83899383
14.66000 0.83889927
14.66500 0.83880474
14.67000 0.83871026
14.67500 0.83861583
14.68000 0.83852143
14.68500 0.83842708
14.69000 0.83833277
14.69500 0.83823850
14.70000 0.83814427
14.70500 0.83805009
14.71000 0.83795595
14.71500 0.83786185
14.72000 0.83776780
14.72500 0.83767378
14.73000 0.83757981
14.73500 0.83748588
14.74000 0.83739199
14.74500 0.83729815
14.75000 0.83720435
14.75500 0.83711059
14.76000 0.83701687
14.76500 0.83692319
14.77000 0.83682956
14.77500 0.83673597
14.78000 0.83664242
14.78500 0.83654891
14.79000 0.83645544
14.79500 0.83636202
14.80000 0.83626863
14.80500 0.83617529
14.81000 0.83608199
14.81500 0.83598873
14.82000 0.83589552
14.82500 0.83580234
14.83000 0.83570921
14.83500 0.83561612
14.84000 0.83552307
14.84500 0.83543006
14.85000 0.83533710
14.85500 0.83524417
14.86000 0.83515129
14.86500 0.83505844
14.87000 0.83496564
14.87500 0.83487288
14.88000 0.83478017
14.88500 0.83468749
14.89000 0.83459485
14.89500 0.83450226
14.90000 0.83440970
14.90500 0.83431719
14.91000 0.83422472
14.91500 0.83413229
14.92000 0.83403990
14.92500 0.83394755
14.93000 0.83385525
14.93500 0.83376298
14.94000 0.83367075
14.94500 0.83357857
14.95000 0.83348643
14.95500 0.83339432
14.96000 0.83330226
14.96500 0.83321024
14.97000 0.83311826
14.97500 0.83302632
14.98000 0.83293442
14.98500 0.83284256
14.99000 0.83275074
14.99500 0.83265897
15.00000 0.83256723
15.00500 0.83247553
15.01000 0.83238388
15.01500 0.83229226
15.02000 0.83220069
15.02500 0.83210915
15.03000 0.83201766
15.03500 0.83192620
15.04000 0.83183479
15.04500 0.83174342
15.05000 0.83165208
15.05500 0.83156079
15.06000 0.83146954
15.06500 0.83137832
15.07000 0.83128715
15.07500 0.83119602
15.08000 0.83110493
15.08500 0.83101387
15.09000 0.83092286
15.09500 0.83083189
15.10000 0.83074095
15.10500 0.83065006
15.11000 0.83055921
15.11500 0.83046840
15.12000 0.83037762
15.12500 0.83028689
15.13000 0.83019619
15.13500 0.83010554
15.14000 0.83001492
15.14500 0.82992435
15.15000 0.82983381
15.15500 0.82974332
15.16000 0.82965286
15.16500 0.82956244
15.17000 0.82947207
15.17500 0.82938173
15.18000 0.82929143
15.18500 0.82920117
15.19000 0.82911095
15.19500 0.82902077
15.20000 0.82893063
15.20500 0.82884053
15.21000 0.82875047
15.21500 0.82866044
15.22000 0.82857046
15.22500 0.82848051
15.23000 0.82839061
15.23500 0.82830074
15.24000 0.82821091
15.24500 0.82812113
15.25000 0.82803138
15.25500 0.82794166
15.26000 0.82785199
15.26500 0.82776236
15.27000 0.82767277
15.27500 0.82758321
15.28000 0.82749369
15.28500 0.82740422
15.29000 0.82731478
15.29500 0.82722538
15.30000 0.82713602
15.30500 0.82704669
15.31000 0.82695741
15.31500 0.82686817
15.32000 0.82677896
15.32500 0.82668979
15.33000 0.82660066
15.33500 0.82651157
15.34000 0.82642252
15.34500 0.82633350
15.35000 0.82624453
15.35500 0.82615559
15.36000 0.82606669
15.36500 0.82597783
15.37000 0.82588901
15.37500 0.82580022
15.38000 0.82571148
15.38500 0.82562277
15.39000 0.82553410
15.39500 0.82544547
15.40000 0.82535688
15.40500 0.82526832
15.41000 0.82517980
15.41500 0.82509132
15.42000 0.82500288
15.42500 0.82491448
15.43000 0.82482611
15.43500 0.82473779
15.44000 0.82464950
15.44500 0.82456125
15.45000 0.82447303
15.45500 0.82438486
15.46000 0.82429672
15.46500 0.82420862
15.47000 0.82412056
15.47500 0.82403253
15.48000 0.82394455
15.48500 0.82385660
15.49000 0.82376868
15.49500 0.82368081
15.50000 0.82359297
15.50500 0.82350517
15.51000 0.82341741
15.51500 0.82332969
15.52000 0.82324200
15.52500 0.82315435
15.53000 0.82306674
15.53500 0.82297917
15.54000 0.82289163
15.54500 0.82280413
15.55000 0.82271667
15.55500 0.82262924
15.56000 0.82254185
15.56500 0.82245450
15.57000 0.82236719
15.57500 0.82227991
15.58000 0.82219267
15.58500 0.82210547
15.59000 0.82201830
15.59500 0.82193118
15.60000 0.82184408
15.60500 0.82175703
15.61000 0.82167001
15.61500 0.82158303
15.62000 0.82149609
15.62500 0.82140918
15.63000 0.82132231
15.63500 0.82123548
15.64000 0.82114868
15.64500 0.82106192
15.65000 0.82097520
15.65500 0.82088851
15.66000 0.82080186
15.66500 0.82071525
15.67000 0.82062868
15.67500 0.82054214
15.68000 0.82045563
15.68500 0.82036917
15.69000 0.82028274
15.69500 0.82019634
15.70000 0.82010999
15.70500 0.82002367
15.71000 0.81993738
15.71500 0.81985113
15.72000 0.81976492
15.72500 0.81967875
15.73000 0.81959261
15.73500 0.81950651
15.74000 0.81942044
15.74500 0.81933441
15.75000 0.81924842
15.75500 0.81916246
15.76000 0.81907654
15.76500 0.81899065
15.77000 0.81890480
15.77500 0.81881899
15.78000 0.81873321
15.78500 0.81864747
15.79000 0.81856176
15.79500 0.81847609
15.80000 0.81839046
15.80500 0.81830486
15.81000 0.81821930
15.81500 0.81813378
15.82000 0.81804829
15.82500 0.81796283
15.83000 0.81787741
15.83500 0.81779203
15.84000 0.81770668
15.84500 0.81762137
15.85000 0.81753610
15.85500 0.81745086
15.86000 0.81736565
15.86500 0.81728048
15.87000 0.81719535
15.87500 0.81711025
15.88000 0.81702519
15.88500 0.81694016
15.89000 0.81685517
15.89500 0.81677021
15.90000 0.81668529
15.90500 0.81660041
15.91000 0.81651556
15.91500 0.81643075
15.92000 0.81634597
15.92500 0.81626122
15.93000 0.81617651
15.93500 0.81609184
15.94000 0.81600720
15.94500 0.81592260
15.95000 0.81583803
15.95500 0.81575350
15.96000 0.81566900
15.96500 0.81558454
15.97000 0.81550011
15.97500 0.81541572
15.98000 0.81533136
15.98500 0.81524704
15.99000 0.81516275
15.99500 0.81507850
16.00000 0.81499428
16.00500 0.81491010
16.01000 0.81482595
16.01500 0.81474183
16.02000 0.81465776
16.02500 0.81457371
16.03000 0.81448970
16.03500 0.81440573
16.04000 0.81432179
16.04500 0.81423788
16.05000 0.81415401
16.05500 0.81407018
16.06000 0.81398638
16.06500 0.81390261
16.07000 0.81381888
16.07500 0.81373518
16.08000 0.81365152
16.08500 0.81356789
16.09000 0.81348430
16.09500 0.81340074
16.10000 0.81331721
16.10500 0.81323372
16.11000 0.81315026
16.11500 0.81306684
16.12000 0.81298345
16.12500 0.81290010
16.13000 0.81281678
16.13500 0.81273349
16.14000 0.81265024
16.14500 0.81256703
16.15000 0.81248384
16.15500 0.81240070
16.16000 0.81231758
16.16500 0.81223450
16.17000 0.81215145
16.17500 0.81206844
16.18000 0.81198546
16.18500 0.81190252
16.19000 0.81181961
16.19500 0.81173673
16.20000 0.81165389
16.20500 0.81157108
16.21000 0.81148830
16.21500 0.81140556
16.22000 0.81132286
16.22500 0.81124018
16.23000 0.81115754
16.23500 0.81107494
16.24000 0.81099236
16.24500 0.81090983
16.25000 0.81082732
16.25500 0.81074485
16.26000 0.81066241
16.26500 0.81058001
16.27000 0.81049764
16.27500 0.81041530
16.28000 0.81033300
16.28500 0.81025073
16.29000 0.81016849
16.29500 0.81008629
16.30000 0.81000412
16.30500 0.80992198
16.31000 0.80983988
16.31500 0.80975781
16.32000 0.80967577
16.32500 0.80959377
16.33000 0.80951180
16.33500 0.80942986
16.34000 0.80934796
16.34500 0.80926609
16.35000 0.80918425
16.35500 0.80910245
16.36000 0.80902068
16.36500 0.80893894
16.37000 0.80885724
16.37500 0.80877556
16.38000 0.80869393
16.38500 0.80861232
16.39000 0.80853075
16.39500 0.80844921
16.40000 0.80836770
16.40500 0.80828623
16.41000 0.80820479
16.41500 0.80812338
16.42000 0.80804201
16.42500 0.80796066
16.43000 0.80787935
16.43500 0.80779808
16.44000 0.80771683
16.44500 0.80763562
16.45000 0.80755445
16.45500 0.80747330
16.46000 0.80739219
16.46500 0.80731111
16.47000 0.80723006
16.47500 0.80714904
16.48000 0.80706806
16.48500 0.80698711
16.49000 0.80690620
16.49500 0.80682531
16.50000 0.80674446
16.50500 0.80666364
16.51000 0.80658285
16.51500 0.80650210
16.52000 0.80642137
16.52500 0.80634068
16.53000 0.80626003
16.53500 0.80617940
16.54000 0.80609881
16.54500 0.80601825
16.55000 0.80593772
16.55500 0.80585722
16.56000 0.80577676
16.56500 0.80569632
16.57000 0.80561592
16.57500 0.80553556
16.58000 0.80545522
16.58500 0.80537492
16.59000 0.80529465
16.59500 0.80521441
16.60000 0.80513420
16.60500 0.80505402
16.61000 0.80497388
16.61500 0.80489377
16.62000 0.80481369
16.62500 0.80473364
16.63000 0.80465363
16.63500 0.80457364
16.64000 0.80449369
16.64500 0.80441377
16.65000 0.80433388
16.65500 0.80425403
16.66000 0.80417420
16.66500 0.80409441
16.67000 0.80401465
16.67500 0.80393492
16.68000 0.80385522
16.68500 0.80377555
16.69000 0.80369592
16.69500 0.80361632
16.70000 0.80353674
16.70500 0.80345720
16.71000 0.80337770
16.71500 0.80329822
16.72000 0.80321877
16.72500 0.80313936
16.73000 0.80305998
16.73500 0.80298063
16.74000 0.80290131
16.74500 0.80282202
16.75000 0.80274276
16.75500 0.80266354
16.76000 0.80258434
16.76500 0.80250518
16.77000 0.80242605
16.77500 0.80234695
16.78000 0.80226788
16.78500 0.80218884
16.79000 0.80210984
16.79500 0.80203086
16.80000 0.80195192
16.80500 0.80187300
16.81000 0.80179412
16.81500 0.80171527
16.82000 0.80163645
16.82500 0.80155766
16.83000 0.80147890
16.83500 0.80140018
16.84000 0.80132148
16.84500 0.80124282
16.85000 0.80116418
16.85500 0.80108558
16.86000 0.80100701
16.86500 0.80092847
16.87000 0.80084996
16.87500 0.80077148
16.88000 0.80069303
16.88500 0.80061461
16.89000 0.80053622
16.89500 0.80045787
16.90000 0.80037954
16.90500 0.80030125
16.91000 0.80022298
16.91500 0.80014475
16.92000 0.80006655
16.92500 0.79998837
16.93000 0.79991023
16.93500 0.79983212
16.94000 0.79975404
16.94500 0.79967599
16.95000 0.79959797
16.95500 0.79951998
16.96000 0.79944202
16.96500 0.79936410
16.97000 0.79928620
16.97500 0.79920833
16.98000 0.79913049
16.98500 0.79905269
16.99000 0.79897491
16.99500 0.79889717
17.00000 0.79881945
17.00500 0.79874177
17.01000 0.79866411
17.01500 0.79858649
17.02000 0.79850889
17.02500 0.79843133
17.03000 0.79835379
17.03500 0.79827629
17.04000 0.79819882
17.04500 0.79812137
17.05000 0.79804396
17.05500 0.79796657
17.06000 0.79788922
17.06500 0.79781190
17.07000 0.79773460
17.07500 0.79765734
17.08000 0.79758011
17.08500 0.79750290
17.09000 0.79742573
17.09500 0.79734859
17.10000 0.79727147
17.10500 0.79719439
17.11000 0.79711734
17.11500 0.79704031
17.12000 0.79696332
17.12500 0.79688635
17.13000 0.79680942
17.13500 0.79673252
17.14000 0.79665564
17.14500 0.79657879
17.15000 0.79650198
17.15500 0.79642519
17.16000 0.79634844
17.16500 0.79627171
17.17000 0.79619501
17.17500 0.79611835
17.18000 0.79604171
17.18500 0.79596510
17.19000 0.79588852
17.19500 0.79581197
17.20000 0.79573545
17.20500 0.79565896
17.21000 0.79558250
17.21500 0.79550607
17.22000 0.79542967
17.22500 0.79535329
17.23000 0.79527695
17.23500 0.79520064
17.24000 0.79512435
17.24500 0.79504810
17.25000 0.79497187
17.25500 0.79489567
17.26000 0.79481951
17.26500 0.79474337
17.27000 0.79466726
17.27500 0.79459118
17.28000 0.79451513
17.28500 0.79443911
17.29000 0.79436312
17.29500 0.79428715
17.30000 0.79421122
17.30500 0.79413531
17.31000 0.79405944
17.31500 0.79398359
17.32000 0.79390777
17.32500 0.79383198
17.33000 0.79375622
17.33500 0.79368049
17.34000 0.79360479
17.34500 0.79352912
17.35000 0.79345347
17.35500 0.79337786
17.36000 0.79330227
17.36500 0.79322672
17.37000 0.79315119
17.37500 0.79307569
17.38000 0.79300022
17.38500 0.79292477
17.39000 0.79284936
17.39500 0.79277398
17.40000 0.79269862
17.40500 0.79262329
17.41000 0.79254799
17.41500 0.79247272
17.42000 0.79239748
17.42500 0.79232227
17.43000 0.79224709
17.43500 0.79217193
17.44000 0.79209680
17.44500 0.79202170
17.45000 0.79194663
17.45500 0.79187159
17.46000 0.79179658
17.46500 0.79172160
17.47000 0.79164664
17.47500 0.79157171
17.48000 0.79149681
17.48500 0.79142194
17.49000 0.79134710
17.49500 0.79127229
17.50000 0.79119750
17.50500 0.79112274
17.51000 0.79104801
17.51500 0.79097331
17.52000 0.79089864
17.52500 0.79082400
17.53000 0.79074938
17.53500 0.79067479
17.54000 0.79060023
17.54500 0.79052570
17.55000 0.79045120
17.55500 0.79037672
17.56000 0.79030228
17.56500 0.79022786
17.57000 0.79015347
17.57500 0.79007910
17.58000 0.79000477
17.58500 0.78993046
17.59000 0.78985618
17.59500 0.78978193
17.60000 0.78970771
17.60500 0.78963351
17.61000 0.78955935
17.61500 0.78948521
17.62000 0.78941110
17.62500 0.78933701
17.63000 0.78926296
17.63500 0.78918893
17.64000 0.78911493
17.64500 0.78904096
17.65000 0.78896701
17.65500 0.78889310
17.66000 0.78881921
17.66500 0.78874535
17.67000 0.78867151
17.67500 0.78859771
17.68000 0.78852393
17.68500 0.78845018
17.69000 0.78837646
17.69500 0.78830276
17.70000 0.78822909
17.70500 0.78815545
17.71000 0.78808184
17.71500 0.78800826
17.72000 0.78793470
17.72500 0.78786117
17.73000 0.78778767
17.73500 0.78771419
17.74000 0.78764075
17.74500 0.78756733
17.75000 0.78749393
17.75500 0.78742057
17.76000 0.78734723
17.76500 0.78727392
17.77000 0.78720064
17.77500 0.78712738
17.78000 0.78705415
17.78500 0.78698095
17.79000 0.78690778
17.79500 0.78683463
17.80000 0.78676151
17.80500 0.78668842
17.81000 0.78661536
17.81500 0.78654232
17.82000 0.78646931
17.82500 0.78639633
17.83000 0.78632337
17.83500 0.78625044
17.84000 0.78617754
17.84500 0.78610466
17.85000 0.78603182
17.85500 0.78595899
17.86000 0.78588620
17.86500 0.78581343
17.87000 0.78574069
17.87500 0.78566798
17.88000 0.78559530
17.88500 0.78552264
17.89000 0.78545000
17.89500 0.78537740
17.90000 0.78530482
17.90500 0.78523227
17.91000 0.78515975
17.91500 0.78508725
17.92000 0.78501478
17.92500 0.78494233
17.93000 0.78486992
17.93500 0.78479753
17.94000 0.78472516
17.94500 0.78465282
17.95000 0.78458051
17.95500 0.78450823
17.96000 0.78443597
17.96500 0.78436374
17.97000 0.78429154
17.97500 0.78421936
17.98000 0.78414721
17.98500 0.78407509
17.99000 0.78400299
17.99500 0.78393092
18.00000 0.78385888
18.00500 0.78378686
18.01000 0.78371487
18.01500 0.78364290
18.02000 0.78357097
18.02500 0.78349905
18.03000 0.78342717
18.03500 0.78335531
18.04000 0.78328348
18.04500 0.78321167
18.05000 0.78313989
18.05500 0.78306814
18.06000 0.78299641
18.06500 0.78292471
18.07000 0.78285304
18.07500 0.78278139
18.08000 0.78270977
18.08500 0.78263817
18.09000 0.78256660
18.09500 0.78249506
18.10000 0.78242354
18.10500 0.78235205
18.11000 0.78228059
18.11500 0.78220915
18.12000 0.78213774
18.12500 0.78206635
18.13000 0.78199499
18.13500 0.78192366
18.14000 0.78185235
18.14500 0.78178107
18.15000 0.78170981
18.15500 0.78163858
18.16000 0.78156738
18.16500 0.78149620
18.17000 0.78142505
18.17500 0.78135393
18.18000 0.78128283
18.18500 0.78121175
18.19000 0.78114070
18.19500 0.78106968
18.20000 0.78099869
18.20500 0.78092771
18.21000 0.78085677
18.21500 0.78078585
18.22000 0.78071496
18.22500 0.78064409
18.23000 0.78057325
18.23500 0.78050243
18.24000 0.78043164
18.24500 0.78036088
18.25000 0.78029014
18.25500 0.78021943
18.26000 0.78014874
18.26500 0.78007808
18.27000 0.78000744
18.27500 0.77993683
18.28000 0.77986625
18.28500 0.77979569
18.29000 0.77972516
18.29500 0.77965465
18.30000 0.77958417
18.30500 0.77951371
18.31000 0.77944328
18.31500 0.77937287
18.32000 0.77930249
18.32500 0.77923214
18.33000 0.77916181
18.33500 0.77909151
18.34000 0.77902123
18.34500 0.77895097
18.35000 0.77888075
18.35500 0.77881054
18.36000 0.77874037
18.36500 0.77867021
18.37000 0.77860009
18.37500 0.77852999
18.38000 0.77845991
18.38500 0.77838986
18.39000 0.77831984
18.39500 0.77824984
18.40000 0.77817986
18.40500 0.77810991
18.41000 0.77803999
18.41500 0.77797009
18.42000 0.77790021
18.42500 0.77783036
18.43000 0.77776054
18.43500 0.77769074
18.44000 0.77762097
18.44500 0.77755122
18.45000 0.77748150
18.45500 0.77741180
18.46000 0.77734212
18.46500 0.77727248
18.47000 0.77720285
18.47500 0.77713325
18.48000 0.77706368
18.48500 0.77699413
18.49000 0.77692461
18.49500 0.77685511
18.50000 0.77678564
18.50500 0.77671619
18.51000 0.77664676
18.51500 0.77657736
18.52000 0.77650799
18.52500 0.77643864
18.53000 0.77636932
18.53500 0.77630002
18.54000 0.77623074
18.54500 0.77616149
18.55000 0.77609227
18.55500 0.77602307
18.56000 0.77595389
18.56500 0.77588474
18.57000 0.77581561
18.57500 0.77574651
18.58000 0.77567743
18.58500 0.77560838
18.59000 0.77553935
18.59500 0.77547035
18.60000 0.77540137
18.60500 0.77533241
18.61000 0.77526348
18.61500 0.77519458
18.62000 0.77512570
18.62500 0.77505684
18.63000 0.77498801
18.63500 0.77491920
18.64000 0.77485042
18.64500 0.77478166
18.65000 0.77471293
18.65500 0.77464422
18.66000 0.77457554
18.66500 0.77450687
18.67000 0.77443824
18.67500 0.77436963
18.68000 0.77430104
18.68500 0.77423248
18.69000 0.77416394
18.69500 0.77409542
18.70000 0.77402693
18.70500 0.77395847
18.71000 0.77389003
18.71500 0.77382161
18.72000 0.77375321
18.72500 0.77368485
18.73000 0.77361650
18.73500 0.77354818
18.74000 0.77347988
18.74500 0.77341161
18.75000 0.77334336
18.75500 0.77327514
18.76000 0.77320694
18.76500 0.77313876
18.77000 0.77307061
18.77500 0.77300249
18.78000 0.77293438
18.78500 0.77286630
18.79000 0.77279825
18.79500 0.77273022
18.80000 0.77266221
18.80500 0.77259422
18.81000 0.77252626
18.81500 0.77245833
18.82000 0.77239042
18.82500 0.77232253
18.83000 0.77225467
18.83500 0.77218683
18.84000 0.77211901
18.84500 0.77205122
18.85000 0.77198345
18.85500 0.77191570
18.86000 0.77184798
18.86500 0.77178029
18.87000 0.77171261
18.87500 0.77164496
18.88000 0.77157734
18.88500 0.77150974
18.89000 0.77144216
18.89500 0.77137460
18.90000 0.77130707
18.90500 0.77123957
18.91000 0.77117208
18.91500 0.77110462
18.92000 0.77103719
18.92500 0.77096978
18.93000 0.77090239
18.93500 0.77083502
18.94000 0.77076768
18.94500 0.77070036
18.95000 0.77063307
18.95500 0.77056580
18.96000 0.77049855
18.96500 0.77043132
18.97000 0.77036412
18.97500 0.77029695
18.98000 0.77022979
18.98500 0.77016266
18.99000 0.77009556
18.99500 0.77002847
19.00000 0.76996141
19.00500 0.76989438
19.01000 0.76982736
19.01500 0.76976038
19.02000 0.76969341
19.02500 0.76962647
19.03000 0.76955955
19.03500 0.76949265
19.04000 0.76942578
19.04500 0.76935893
19.05000 0.76929210
19.05500 0.76922530
19.06000 0.76915852
19.06500 0.76909176
19.07000 0.76902503
19.07500 0.76895832
19.08000 0.76889163
19.08500 0.76882497
19.09000 0.76875832
19.09500 0.76869171
19.10000 0.76862511
19.10500 0.76855854
19.11000 0.76849199
19.11500 0.76842547
19.12000 0.76835897
19.12500 0.76829249
19.13000 0.76822603
19.13500 0.76815960
19.14000 0.76809319
19.14500 0.76802680
19.15000 0.76796044
19.15500 0.76789409
19.16000 0.76782778
19.16500 0.76776148
19.17000 0.76769521
19.17500 0.76762896
19.18000 0.76756273
19.18500 0.76749653
19.19000 0.76743035
19.19500 0.76736419
19.20000 0.76729806
19.20500 0.76723194
19.21000 0.76716585
19.21500 0.76709979
19.22000 0.76703374
19.22500 0.76696772
19.23000 0.76690173
19.23500 0.76683575
19.24000 0.76676980
19.24500 0.76670387
19.25000 0.76663796
19.25500 0.76657208
19.26000 0.76650621
19.26500 0.76644037
19.27000 0.76637456
19.27500 0.76630876
19.28000 0.76624299
19.28500 0.76617724
19.29000 0.76611152
19.29500 0.76604581
19.30000 0.76598013
19.30500 0.76591447
19.31000 0.76584884
19.31500 0.76578323
19.32000 0.76571763
19.32500 0.76565207
19.33000 0.76558652
19.33500 0.76552100
19.34000 0.76545550
19.34500 0.76539002
19.35000 0.76532456
19.35500 0.76525913
19.36000 0.76519372
19.36500 0.76512833
19.37000 0.76506296
19.37500 0.76499762
19.38000 0.76493230
19.38500 0.76486700
19.39000 0.76480172
19.39500 0.76473647
19.40000 0.76467123
19.40500 0.76460602
19.41000 0.76454084
19.41500 0.76447567
19.42000 0.76441053
19.42500 0.76434541
19.43000 0.76428031
19.43500 0.76421523
19.44000 0.76415018
19.44500 0.76408515
19.45000 0.76402014
19.45500 0.76395515
19.46000 0.76389018
19.46500 0.76382524
19.47000 0.76376032
19.47500 0.76369542
19.48000 0.76363054
19.48500 0.76356568
19.49000 0.76350085
19.49500 0.76343604
19.50000 0.76337125
19.50500 0.76330648
19.51000 0.76324174
19.51500 0.76317702
19.52000 0.76311232
19.52500 0.76304764
19.53000 0.76298298
19.53500 0.76291834
19.54000 0.76285373
19.54500 0.76278914
19.55000 0.76272457
19.55500 0.76266002
19.56000 0.76259550
19.56500 0.76253099
19.57000 0.76246651
19.57500 0.76240205
19.58000 0.76233761
19.58500 0.76227320
19.59000 0.76220880
19.59500 0.76214443
19.60000 0.76208008
19.60500 0.76201575
19.61000 0.76195144
19.61500 0.76188716
19.62000 0.76182289
19.62500 0.76175865
19.63000 0.76169443
19.63500 0.76163023
19.64000 0.76156605
19.64500 0.76150190
19.65000 0.76143777
19.65500 0.76137365
19.66000 0.76130956
19.66500 0.76124549
19.67000 0.76118145
19.67500 0.76111742
19.68000 0.76105342
19.68500 0.76098943
19.69000 0.76092547
19.69500 0.76086153
19.70000 0.76079761
19.70500 0.76073372
19.71000 0.76066984
19.71500 0.76060599
19.72000 0.76054216
19.72500 0.76047835
19.73000 0.76041456
19.73500 0.76035079
19.74000 0.76028704
19.74500 0.76022332
19.75000 0.76015961
19.75500 0.76009593
19.76000 0.76003227
19.76500 0.75996863
19.77000 0.75990501
19.77500 0.75984142
19.78000 0.75977784
19.78500 0.75971429
19.79000 0.75965075
19.79500 0.75958724
19.80000 0.75952375
19.80500 0.75946028
19.81000 0.75939684
19.81500 0.75933341
19.82000 0.75927000
19.82500 0.75920662
19.83000 0.75914326
19.83500 0.75907992
19.84000 0.75901660
19.84500 0.75895330
19.85000 0.75889002
19.85500 0.75882676
19.86000 0.75876352
19.86500 0.75870031
19.87000 0.75863712
19.87500 0.75857394
19.88000 0.75851079
19.88500 0.75844766
19.89000 0.75838455
19.89500 0.75832146
19.90000 0.75825840
19.90500 0.75819535
19.91000 0.75813232
19.91500 0.75806932
19.92000 0.75800634
19.92500 0.75794337
19.93000 0.75788043
19.93500 0.75781751
19.94000 0.75775461
19.94500 0.75769173
19.95000 0.75762887
19.95500 0.75756604
19.96000 0.75750322
19.96500 0.75744043
19.97000 0.75737765
19.97500 0.75731490
19.98000 0.75725217
19.98500 0.75718945
19.99000 0.75712676
19.99500 0.75706409
20.00000 0.75700144
20.00500 0.75693881
20.01000 0.75687621
20.01500 0.75681362
20.02000 0.75675105
20.02500 0.75668851
20.03000 0.75662598
20.03500 0.75656348
20.04000 0.75650099
20.04500 0.75643853
20.05000 0.75637609
20.05500 0.75631367
20.06000 0.75625126
20.06500 0.75618888
20.07000 0.75612652
20.07500 0.75606418
20.08000 0.75600187
20.08500 0.75593957
20.09000 0.75587729
20.09500 0.75581503
20.10000 0.75575280
20.10500 0.75569058
20.11000 0.75562839
20.11500 0.75556621
20.12000 0.75550406
20.12500 0.75544192
20.13000 0.75537981
20.13500 0.75531772
20.14000 0.75525564
20.14500 0.75519359
20.15000 0.75513156
20.15500 0.75506955
20.16000 0.75500756
20.16500 0.75494559
20.17000 0.75488364
20.17500 0.75482171
20.18000 0.75475980
20.18500 0.75469791
20.19000 0.75463604
20.19500 0.75457419
20.20000 0.75451236
20.20500 0.75445056
20.21000 0.75438877
20.21500 0.75432700
20.22000 0.75426525
20.22500 0.75420353
20.23000 0.75414182
20.23500 0.75408013
20.24000 0.75401847
20.24500 0.75395682
20.25000 0.75389520
