0.25000 0.13085649
0.25500 0.13154952
0.26000 0.13223767
0.26500 0.13292082
0.27000 0.13359893
0.27500 0.13427196
0.28000 0.13493989
0.28500 0.13560271
0.29000 0.13626043
0.29500 0.13691305
0.30000 0.13756059
0.30500 0.13820310
0.31000 0.13884058
0.31500 0.13947310
0.32000 0.14010069
0.32500 0.14072339
0.33000 0.14134126
0.33500 0.14195435
0.34000 0.14256271
0.34500 0.14316640
0.35000 0.14376548
0.35500 0.14436001
0.36000 0.14495004
0.36500 0.14553563
0.37000 0.14611684
0.37500 0.14669374
0.38000 0.14726638
0.38500 0.14783483
0.39000 0.14839913
0.39500 0.14895936
0.40000 0.14951557
0.40500 0.15006781
0.41000 0.15061615
0.41500 0.15116064
0.42000 0.15170134
0.42500 0.15223830
0.43000 0.15277157
0.43500 0.15330122
0.44000 0.15382729
0.44500 0.15434984
0.45000 0.15486891
0.45500 0.15538456
0.46000 0.15589684
0.46500 0.15640580
0.47000 0.15691147
0.47500 0.15741392
0.48000 0.15791319
0.48500 0.15840932
0.49000 0.15890235
0.49500 0.15939234
0.50000 0.15987932
0.50500 0.16036333
0.51000 0.16084442
0.51500 0.16132263
0.52000 0.16179800
0.52500 0.16227057
0.53000 0.16274037
0.53500 0.16320744
0.54000 0.16367182
0.54500 0.16413355
0.55000 0.16459266
0.55500 0.16504919
0.56000 0.16550317
0.56500 0.16595463
0.57000 0.16640361
0.57500 0.16685014
0.58000 0.16729425
0.58500 0.16773598
0.59000 0.16817535
0.59500 0.16861239
0.60000 0.16904713
0.60500 0.16947961
0.61000 0.16990984
0.61500 0.17033787
0.62000 0.17076370
0.62500 0.17118739
0.63000 0.17160894
0.63500 0.17202838
0.64000 0.17244574
0.64500 0.17286105
0.65000 0.17327433
0.65500 0.17368560
0.66000 0.17409489
0.66500 0.17450222
0.67000 0.17490761
0.67500 0.17531108
0.68000 0.17571267
0.68500 0.17611238
0.69000 0.17651024
0.69500 0.17690628
0.70000 0.17730050
0.70500 0.17769294
0.71000 0.17808361
0.71500 0.17847253
0.72000 0.17885972
0.72500 0.17924521
0.73000 0.17962899
0.73500 0.18001111
0.74000 0.18039157
0.74500 0.18077039
0.75000 0.18114759
0.75500 0.18152318
0.76000 0.18189719
0.76500 0.18226963
0.77000 0.18264051
0.77500 0.18300986
0.78000 0.18337768
0.78500 0.18374400
0.79000 0.18410882
0.79500 0.18447217
0.80000 0.18483405
0.80500 0.18519449
0.81000 0.18555349
0.81500 0.18591107
0.82000 0.18626725
0.82500 0.18662204
0.83000 0.18697545
0.83500 0.18732749
0.84000 0.18767818
0.84500 0.18802754
0.85000 0.18837556
0.85500 0.18872227
0.86000 0.18906768
0.86500 0.18941180
0.87000 0.18975465
0.87500 0.19009623
0.88000 0.19043655
0.88500 0.19077563
0.89000 0.19111348
0.89500 0.19145011
0.90000 0.19178552
0.90500 0.19211974
0.91000 0.19245278
0.91500 0.19278463
0.92000 0.19311532
0.92500 0.19344485
0.93000 0.19377323
0.93500 0.19410047
0.94000 0.19442659
0.94500 0.19475159
0.95000 0.19507548
0.95500 0.19539828
0.96000 0.19571998
0.96500 0.19604061
0.97000 0.19636016
0.97500 0.19667865
0.98000 0.19699608
0.98500 0.19731247
0.99000 0.19762783
0.99500 0.19794216
1.00000 0.19825546
1.00500 0.19856776
1.01000 0.19887905
1.01500 0.19918935
1.02000 0.19949866
1.02500 0.19980699
1.03000 0.20011435
1.03500 0.20042074
1.04000 0.20072618
1.04500 0.20103066
1.05000 0.20133421
1.05500 0.20163682
1.06000 0.20193850
1.06500 0.20223927
1.07000 0.20253912
1.07500 0.20283806
1.08000 0.20313610
1.08500 0.20343325
1.09000 0.20372952
1.09500 0.20402490
1.10000 0.20431941
1.10500 0.20461305
1.11000 0.20490584
1.11500 0.20519777
1.12000 0.20548885
1.12500 0.20577909
1.13000 0.20606849
1.13500 0.20635706
1.14000 0.20664481
1.14500 0.20693174
1.15000 0.20721786
1.15500 0.20750317
1.16000 0.20778768
1.16500 0.20807140
1.17000 0.20835432
1.17500 0.20863646
1.18000 0.20891783
1.18500 0.20919841
1.19000 0.20947823
1.19500 0.20975729
1.20000 0.21003559
1.20500 0.21031314
1.21000 0.21058993
1.21500 0.21086599
1.22000 0.21114131
1.22500 0.21141589
1.23000 0.21168975
1.23500 0.21196288
1.24000 0.21223529
1.24500 0.21250699
1.25000 0.21277798
1.25500 0.21304827
1.26000 0.21331786
1.26500 0.21358675
1.27000 0.21385495
1.27500 0.21412246
1.28000 0.21438929
1.28500 0.21465544
1.29000 0.21492092
1.29500 0.21518573
1.30000 0.21544987
1.30500 0.21571336
1.31000 0.21597618
1.31500 0.21623835
1.32000 0.21649988
1.32500 0.21676076
1.33000 0.21702099
1.33500 0.21728059
1.34000 0.21753956
1.34500 0.21779790
1.35000 0.21805561
1.35500 0.21831270
1.36000 0.21856917
1.36500 0.21882502
1.37000 0.21908027
1.37500 0.21933491
1.38000 0.21958894
1.38500 0.21984238
1.39000 0.22009521
1.39500 0.22034746
1.40000 0.22059911
1.40500 0.22085018
1.41000 0.22110067
1.41500 0.22135057
1.42000 0.22159990
1.42500 0.22184866
1.43000 0.22209684
1.43500 0.22234446
1.44000 0.22259152
1.44500 0.22283802
1.45000 0.22308396
1.45500 0.22332934
1.46000 0.22357418
1.46500 0.22381847
1.47000 0.22406221
1.47500 0.22430541
1.48000 0.22454807
1.48500 0.22479020
1.49000 0.22503179
1.49500 0.22527286
1.50000 0.22551339
1.50500 0.22575341
1.51000 0.22599290
1.51500 0.22623187
1.52000 0.22647033
1.52500 0.22670827
1.53000 0.22694570
1.53500 0.22718263
1.54000 0.22741905
1.54500 0.22765497
1.55000 0.22789039
1.55500 0.22812531
1.56000 0.22835973
1.56500 0.22859367
1.57000 0.22882712
1.57500 0.22906008
1.58000 0.22929255
1.58500 0.22952454
1.59000 0.22975606
1.59500 0.22998710
1.60000 0.23021766
1.60500 0.23044775
1.61000 0.23067737
1.61500 0.23090652
1.62000 0.23113521
1.62500 0.23136344
1.63000 0.23159120
1.63500 0.23181851
1.64000 0.23204536
1.64500 0.23227176
1.65000 0.23249771
1.65500 0.23272321
1.66000 0.23294826
1.66500 0.23317287
1.67000 0.23339703
1.67500 0.23362076
1.68000 0.23384404
1.68500 0.23406689
1.69000 0.23428931
1.69500 0.23451130
1.70000 0.23473285
1.70500 0.23495398
1.71000 0.23517468
1.71500 0.23539496
1.72000 0.23561481
1.72500 0.23583425
1.73000 0.23605327
1.73500 0.23627187
1.74000 0.23649006
1.74500 0.23670784
1.75000 0.23692521
1.75500 0.23714217
1.76000 0.23735873
1.76500 0.23757488
1.77000 0.23779062
1.77500 0.23800597
1.78000 0.23822092
1.78500 0.23843547
1.79000 0.23864963
1.79500 0.23886339
1.80000 0.23907676
1.80500 0.23928975
1.81000 0.23950234
1.81500 0.23971455
1.82000 0.23992638
1.82500 0.24013782
1.83000 0.24034888
1.83500 0.24055956
1.84000 0.24076986
1.84500 0.24097979
1.85000 0.24118935
1.85500 0.24139853
1.86000 0.24160734
1.86500 0.24181578
1.87000 0.24202386
1.87500 0.24223156
1.88000 0.24243891
1.88500 0.24264589
1.89000 0.24285251
1.89500 0.24305877
1.90000 0.24326467
1.90500 0.24347021
1.91000 0.24367540
1.91500 0.24388024
1.92000 0.24408472
1.92500 0.24428886
1.93000 0.24449264
1.93500 0.24469608
1.94000 0.24489917
1.94500 0.24510191
1.95000 0.24530432
1.95500 0.24550638
1.96000 0.24570810
1.96500 0.24590948
1.97000 0.24611053
1.97500 0.24631124
1.98000 0.24651161
1.98500 0.24671165
1.99000 0.24691136
1.99500 0.24711074
2.00000 0.24730979
2.00500 0.24750851
2.01000 0.24770690
2.01500 0.24790497
2.02000 0.24810272
2.02500 0.24830014
2.03000 0.24849724
2.03500 0.24869403
2.04000 0.24889049
2.04500 0.24908664
2.05000 0.24928247
2.05500 0.24947798
2.06000 0.24967318
2.06500 0.24986807
2.07000 0.25006265
2.07500 0.25025692
2.08000 0.25045088
2.08500 0.25064454
2.09000 0.25083788
2.09500 0.25103093
2.10000 0.25122367
2.10500 0.25141610
2.11000 0.25160824
2.11500 0.25180007
2.12000 0.25199161
2.12500 0.25218285
2.13000 0.25237379
2.13500 0.25256443
2.14000 0.25275478
2.14500 0.25294484
2.15000 0.25313461
2.15500 0.25332408
2.16000 0.25351327
2.16500 0.25370217
2.17000 0.25389078
2.17500 0.25407910
2.18000 0.25426714
2.18500 0.25445489
2.19000 0.25464236
2.19500 0.25482955
2.20000 0.25501645
2.20500 0.25520308
2.21000 0.25538943
2.21500 0.25557550
2.22000 0.25576129
2.22500 0.25594681
2.23000 0.25613205
2.23500 0.25631701
2.24000 0.25650171
2.24500 0.25668613
2.25000 0.25687028
2.25500 0.25705417
2.26000 0.25723778
2.26500 0.25742113
2.27000 0.25760420
2.27500 0.25778702
2.28000 0.25796957
2.28500 0.25815185
2.29000 0.25833387
2.29500 0.25851563
2.30000 0.25869713
2.30500 0.25887837
2.31000 0.25905934
2.31500 0.25924006
2.32000 0.25942053
2.32500 0.25960073
2.33000 0.25978068
2.33500 0.25996038
2.34000 0.26013982
2.34500 0.26031901
2.35000 0.26049795
2.35500 0.26067664
2.36000 0.26085508
2.36500 0.26103326
2.37000 0.26121120
2.37500 0.26138889
2.38000 0.26156634
2.38500 0.26174354
2.39000 0.26192049
2.39500 0.26209720
2.40000 0.26227367
2.40500 0.26244990
2.41000 0.26262588
2.41500 0.26280162
2.42000 0.26297712
2.42500 0.26315239
2.43000 0.26332741
2.43500 0.26350220
2.44000 0.26367675
2.44500 0.26385107
2.45000 0.26402515
2.45500 0.26419900
2.46000 0.26437261
2.46500 0.26454599
2.47000 0.26471914
2.47500 0.26489206
2.48000 0.26506475
2.48500 0.26523721
2.49000 0.26540944
2.49500 0.26558144
2.50000 0.26575321
2.50500 0.26592476
2.51000 0.26609608
2.51500 0.26626718
2.52000 0.26643806
2.52500 0.26660871
2.53000 0.26677913
2.53500 0.26694934
2.54000 0.26711933
2.54500 0.26728909
2.55000 0.26745863
2.55500 0.26762796
2.56000 0.26779707
2.56500 0.26796596
2.57000 0.26813463
2.57500 0.26830309
2.58000 0.26847133
2.58500 0.26863935
2.59000 0.26880717
2.59500 0.26897477
2.60000 0.26914215
2.60500 0.26930933
2.61000 0.26947629
2.61500 0.26964304
2.62000 0.26980959
2.62500 0.26997592
2.63000 0.27014204
2.63500 0.27030796
2.64000 0.27047367
2.64500 0.27063917
2.65000 0.27080447
2.65500 0.27096956
2.66000 0.27113445
2.66500 0.27129913
2.67000 0.27146361
2.67500 0.27162789
2.68000 0.27179196
2.68500 0.27195583
2.69000 0.27211951
2.69500 0.27228298
2.70000 0.27244625
2.70500 0.27260932
2.71000 0.27277220
2.71500 0.27293488
2.72000 0.27309736
2.72500 0.27325964
2.73000 0.27342173
2.73500 0.27358362
2.74000 0.27374532
2.74500 0.27390682
2.75000 0.27406813
2.75500 0.27422925
2.76000 0.27439017
2.76500 0.27455090
2.77000 0.27471145
2.77500 0.27487180
2.78000 0.27503196
2.78500 0.27519193
2.79000 0.27535171
2.79500 0.27551131
2.80000 0.27567071
2.80500 0.27582993
2.81000 0.27598896
2.81500 0.27614781
2.82000 0.27630647
2.82500 0.27646495
2.83000 0.27662324
2.83500 0.27678135
2.84000 0.27693927
2.84500 0.27709701
2.85000 0.27725457
2.85500 0.27741195
2.86000 0.27756914
2.86500 0.27772616
2.87000 0.27788299
2.87500 0.27803965
2.88000 0.27819613
2.88500 0.27835243
2.89000 0.27850855
2.89500 0.27866449
2.90000 0.27882025
2.90500 0.27897584
2.91000 0.27913126
2.91500 0.27928649
2.92000 0.27944156
2.92500 0.27959644
2.93000 0.27975116
2.93500 0.27990570
2.94000 0.28006007
2.94500 0.28021426
2.95000 0.28036829
2.95500 0.28052214
2.96000 0.28067582
2.96500 0.28082933
2.97000 0.28098267
2.97500 0.28113584
2.98000 0.28128884
2.98500 0.28144167
2.99000 0.28159434
2.99500 0.28174684
3.00000 0.28189917
3.00500 0.28205133
3.01000 0.28220333
3.01500 0.28235516
3.02000 0.28250682
3.02500 0.28265832
3.03000 0.28280966
3.03500 0.28296083
3.04000 0.28311184
3.04500 0.28326269
3.05000 0.28341337
3.05500 0.28356389
3.06000 0.28371425
3.06500 0.28386445
3.07000 0.28401449
3.07500 0.28416436
3.08000 0.28431408
3.08500 0.28446364
3.09000 0.28461304
3.09500 0.28476228
3.10000 0.28491136
3.10500 0.28506028
3.11000 0.28520905
3.11500 0.28535766
3.12000 0.28550611
3.12500 0.28565440
3.13000 0.28580254
3.13500 0.28595053
3.14000 0.28609836
3.14500 0.28624604
3.15000 0.28639356
3.15500 0.28654093
3.16000 0.28668814
3.16500 0.28683521
3.17000 0.28698212
3.17500 0.28712887
3.18000 0.28727548
3.18500 0.28742194
3.19000 0.28756824
3.19500 0.28771439
3.20000 0.28786040
3.20500 0.28800625
3.21000 0.28815196
3.21500 0.28829751
3.22000 0.28844292
3.22500 0.28858818
3.23000 0.28873329
3.23500 0.28887826
3.24000 0.28902307
3.24500 0.28916775
3.25000 0.28931227
3.25500 0.28945665
3.26000 0.28960088
3.26500 0.28974497
3.27000 0.28988892
3.27500 0.29003272
3.28000 0.29017637
3.28500 0.29031988
3.29000 0.29046325
3.29500 0.29060648
3.30000 0.29074956
3.30500 0.29089250
3.31000 0.29103530
3.31500 0.29117796
3.32000 0.29132048
3.32500 0.29146286
3.33000 0.29160509
3.33500 0.29174719
3.34000 0.29188914
3.34500 0.29203096
3.35000 0.29217264
3.35500 0.29231418
3.36000 0.29245558
3.36500 0.29259684
3.37000 0.29273797
3.37500 0.29287896
3.38000 0.29301981
3.38500 0.29316053
3.39000 0.29330111
3.39500 0.29344155
3.40000 0.29358186
3.40500 0.29372203
3.41000 0.29386207
3.41500 0.29400197
3.42000 0.29414174
3.42500 0.29428137
3.43000 0.29442087
3.43500 0.29456024
3.44000 0.29469948
3.44500 0.29483858
3.45000 0.29497755
3.45500 0.29511639
3.46000 0.29525509
3.46500 0.29539367
3.47000 0.29553211
3.47500 0.29567043
3.48000 0.29580861
3.48500 0.29594666
3.49000 0.29608459
3.49500 0.29622238
3.50000 0.29636005
3.50500 0.29649758
3.51000 0.29663499
3.51500 0.29677227
3.52000 0.29690942
3.52500 0.29704644
3.53000 0.29718334
3.53500 0.29732011
3.54000 0.29745675
3.54500 0.29759327
3.55000 0.29772966
3.55500 0.29786592
3.56000 0.29800206
3.56500 0.29813808
3.57000 0.29827396
3.57500 0.29840973
3.58000 0.29854537
3.58500 0.29868088
3.59000 0.29881627
3.59500 0.29895154
3.60000 0.29908669
3.60500 0.29922171
3.61000 0.29935661
3.61500 0.29949138
3.62000 0.29962604
3.62500 0.29976057
3.63000 0.29989498
3.63500 0.30002927
3.64000 0.30016344
3.64500 0.30029749
3.65000 0.30043142
3.65500 0.30056523
3.66000 0.30069892
3.66500 0.30083248
3.67000 0.30096593
3.67500 0.30109926
3.68000 0.30123248
3.68500 0.30136557
3.69000 0.30149854
3.69500 0.30163140
3.70000 0.30176414
3.70500 0.30189676
3.71000 0.30202926
3.71500 0.30216165
3.72000 0.30229392
3.72500 0.30242607
3.73000 0.30255811
3.73500 0.30269003
3.74000 0.30282184
3.74500 0.30295353
3.75000 0.30308511
3.75500 0.30321657
3.76000 0.30334791
3.76500 0.30347915
3.77000 0.30361026
3.77500 0.30374127
3.78000 0.30387216
3.78500 0.30400294
3.79000 0.30413360
3.79500 0.30426415
3.80000 0.30439459
3.80500 0.30452491
3.81000 0.30465513
3.81500 0.30478523
3.82000 0.30491522
3.82500 0.30504510
3.83000 0.30517487
3.83500 0.30530452
3.84000 0.30543407
3.84500 0.30556350
3.85000 0.30569283
3.85500 0.30582204
3.86000 0.30595115
3.86500 0.30608015
3.87000 0.30620903
3.87500 0.30633781
3.88000 0.30646648
3.88500 0.30659504
3.89000 0.30672349
3.89500 0.30685183
3.90000 0.30698007
3.90500 0.30710820
3.91000 0.30723622
3.91500 0.30736413
3.92000 0.30749194
3.92500 0.30761964
3.93000 0.30774723
3.93500 0.30787472
3.94000 0.30800210
3.94500 0.30812938
3.95000 0.30825654
3.95500 0.30838361
3.96000 0.30851057
3.96500 0.30863742
3.97000 0.30876417
3.97500 0.30889081
3.98000 0.30901735
3.98500 0.30914379
3.99000 0.30927012
3.99500 0.30939635
4.00000 0.30952248
4.00500 0.30964850
4.01000 0.30977442
4.01500 0.30990023
4.02000 0.31002595
4.02500 0.31015156
4.03000 0.31027707
4.03500 0.31040247
4.04000 0.31052778
4.04500 0.31065298
4.05000 0.31077808
4.05500 0.31090308
4.06000 0.31102798
4.06500 0.31115278
4.07000 0.31127748
4.07500 0.31140208
4.08000 0.31152658
4.08500 0.31165097
4.09000 0.31177527
4.09500 0.31189947
4.10000 0.31202357
4.10500 0.31214757
4.11000 0.31227147
4.11500 0.31239527
4.12000 0.31251898
4.12500 0.31264258
4.13000 0.31276609
4.13500 0.31288950
4.14000 0.31301281
4.14500 0.31313603
4.15000 0.31325914
4.15500 0.31338216
4.16000 0.31350509
4.16500 0.31362791
4.17000 0.31375064
4.17500 0.31387328
4.18000 0.31399581
4.18500 0.31411825
4.19000 0.31424060
4.19500 0.31436285
4.20000 0.31448500
4.20500 0.31460706
4.21000 0.31472902
4.21500 0.31485089
4.22000 0.31497266
4.22500 0.31509434
4.23000 0.31521593
4.23500 0.31533742
4.24000 0.31545882
4.24500 0.31558012
4.25000 0.31570133
4.25500 0.31582244
4.26000 0.31594347
4.26500 0.31606440
4.27000 0.31618523
4.27500 0.31630598
4.28000 0.31642663
4.28500 0.31654719
4.29000 0.31666765
4.29500 0.31678803
4.30000 0.31690831
4.30500 0.31702850
4.31000 0.31714860
4.31500 0.31726861
4.32000 0.31738853
4.32500 0.31750835
4.33000 0.31762809
4.33500 0.31774773
4.34000 0.31786729
4.34500 0.31798675
4.35000 0.31810612
4.35500 0.31822541
4.36000 0.31834460
4.36500 0.31846371
4.37000 0.31858272
4.37500 0.31870165
4.38000 0.31882049
4.38500 0.31893923
4.39000 0.31905789
4.39500 0.31917646
4.40000 0.31929495
4.40500 0.31941334
4.41000 0.31953164
4.41500 0.31964986
4.42000 0.31976799
4.42500 0.31988603
4.43000 0.32000399
4.43500 0.32012186
4.44000 0.32023964
4.44500 0.32035733
4.45000 0.32047494
4.45500 0.32059246
4.46000 0.32070989
4.46500 0.32082724
4.47000 0.32094450
4.47500 0.32106168
4.48000 0.32117876
4.48500 0.32129577
4.49000 0.32141269
4.49500 0.32152952
4.50000 0.32164627
4.50500 0.32176293
4.51000 0.32187951
4.51500 0.32199600
4.52000 0.32211241
4.52500 0.32222873
4.53000 0.32234497
4.53500 0.32246112
4.54000 0.32257720
4.54500 0.32269318
4.55000 0.32280909
4.55500 0.32292491
4.56000 0.32304064
4.56500 0.32315630
4.57000 0.32327187
4.57500 0.32338735
4.58000 0.32350276
4.58500 0.32361808
4.59000 0.32373332
4.59500 0.32384848
4.60000 0.32396355
4.60500 0.32407854
4.61000 0.32419346
4.61500 0.32430828
4.62000 0.32442303
4.62500 0.32453770
4.63000 0.32465228
4.63500 0.32476679
4.64000 0.32488121
4.64500 0.32499555
4.65000 0.32510981
4.65500 0.32522399
4.66000 0.32533809
4.66500 0.32545211
4.67000 0.32556605
4.67500 0.32567991
4.68000 0.32579369
4.68500 0.32590739
4.69000 0.32602101
4.69500 0.32613455
4.70000 0.32624801
4.70500 0.32636139
4.71000 0.32647469
4.71500 0.32658791
4.72000 0.32670106
4.72500 0.32681413
4.73000 0.32692711
4.73500 0.32704002
4.74000 0.32715285
4.74500 0.32726561
4.75000 0.32737828
4.75500 0.32749088
4.76000 0.32760340
4.76500 0.32771584
4.77000 0.32782820
4.77500 0.32794049
4.78000 0.32805270
4.78500 0.32816483
4.79000 0.32827689
4.79500 0.32838887
4.80000 0.32850077
4.80500 0.32861259
4.81000 0.32872434
4.81500 0.32883602
4.82000 0.32894761
4.82500 0.32905913
4.83000 0.32917058
4.83500 0.32928195
4.84000 0.32939324
4.84500 0.32950446
4.85000 0.32961560
4.85500 0.32972667
4.86000 0.32983766
4.86500 0.32994858
4.87000 0.33005942
4.87500 0.33017019
4.88000 0.33028088
4.88500 0.33039150
4.89000 0.33050204
4.89500 0.33061251
4.90000 0.33072291
4.90500 0.33083323
4.91000 0.33094348
4.91500 0.33105365
4.92000 0.33116376
4.92500 0.33127378
4.93000 0.33138374
4.93500 0.33149362
4.94000 0.33160342
4.94500 0.33171316
4.95000 0.33182282
4.95500 0.33193241
4.96000 0.33204192
4.96500 0.33215137
4.97000 0.33226074
4.97500 0.33237004
4.98000 0.33247926
4.98500 0.33258842
4.99000 0.33269750
4.99500 0.33280651
5.00000 0.33291545
5.00500 0.33302432
5.01000 0.33313312
5.01500 0.33324184
5.02000 0.33335049
5.02500 0.33345908
5.03000 0.33356759
5.03500 0.33367603
5.04000 0.33378440
5.04500 0.33389270
5.05000 0.33400093
5.05500 0.33410908
5.06000 0.33421717
5.06500 0.33432519
5.07000 0.33443314
5.07500 0.33454101
5.08000 0.33464882
5.08500 0.33475656
5.09000 0.33486423
5.09500 0.33497183
5.10000 0.33507936
5.10500 0.33518682
5.11000 0.33529421
5.11500 0.33540153
5.12000 0.33550878
5.12500 0.33561596
5.13000 0.33572308
5.13500 0.33583013
5.14000 0.33593710
5.14500 0.33604401
5.15000 0.33615085
5.15500 0.33625763
5.16000 0.33636433
5.16500 0.33647097
5.17000 0.33657754
5.17500 0.33668404
5.18000 0.33679047
5.18500 0.33689684
5.19000 0.33700314
5.19500 0.33710937
5.20000 0.33721553
5.20500 0.33732163
5.21000 0.33742766
5.21500 0.33753362
5.22000 0.33763952
5.22500 0.33774535
5.23000 0.33785111
5.23500 0.33795681
5.24000 0.33806244
5.24500 0.33816800
5.25000 0.33827350
5.25500 0.33837893
5.26000 0.33848430
5.26500 0.33858960
5.27000 0.33869483
5.27500 0.33880000
5.28000 0.33890510
5.28500 0.33901014
5.29000 0.33911511
5.29500 0.33922002
5.30000 0.33932486
5.30500 0.33942963
5.31000 0.33953434
5.31500 0.33963899
5.32000 0.33974357
5.32500 0.33984809
5.33000 0.33995254
5.33500 0.34005693
5.34000 0.34016125
5.34500 0.34026551
5.35000 0.34036971
5.35500 0.34047384
5.36000 0.34057791
5.36500 0.34068191
5.37000 0.34078585
5.37500 0.34088972
5.38000 0.34099354
5.38500 0.34109728
5.39000 0.34120097
5.39500 0.34130459
5.40000 0.34140815
5.40500 0.34151164
5.41000 0.34161508
5.41500 0.34171845
5.42000 0.34182175
5.42500 0.34192500
5.43000 0.34202818
5.43500 0.34213130
5.44000 0.34223435
5.44500 0.34233735
5.45000 0.34244028
5.45500 0.34254315
5.46000 0.34264596
5.46500 0.34274870
5.47000 0.34285139
5.47500 0.34295401
5.48000 0.34305657
5.48500 0.34315907
5.49000 0.34326151
5.49500 0.34336388
5.50000 0.34346620
5.50500 0.34356845
5.51000 0.34367064
5.51500 0.34377277
5.52000 0.34387484
5.52500 0.34397685
5.53000 0.34407880
5.53500 0.34418069
5.54000 0.34428251
5.54500 0.34438428
5.55000 0.34448599
5.55500 0.34458763
5.56000 0.34468922
5.56500 0.34479074
5.57000 0.34489221
5.57500 0.34499362
5.58000 0.34509496
5.58500 0.34519625
5.59000 0.34529747
5.59500 0.34539864
5.60000 0.34549975
5.60500 0.34560079
5.61000 0.34570178
5.61500 0.34580271
5.62000 0.34590358
5.62500 0.34600439
5.63000 0.34610514
5.63500 0.34620583
5.64000 0.34630647
5.64500 0.34640704
5.65000 0.34650756
5.65500 0.34660802
5.66000 0.34670841
5.66500 0.34680876
5.67000 0.34690904
5.67500 0.34700926
5.68000 0.34710943
5.68500 0.34720954
5.69000 0.34730959
5.69500 0.34740958
5.70000 0.34750951
5.70500 0.34760939
5.71000 0.34770921
5.71500 0.34780897
5.72000 0.34790867
5.72500 0.34800832
5.73000 0.34810791
5.73500 0.34820744
5.74000 0.34830691
5.74500 0.34840633
5.75000 0.34850569
5.75500 0.34860499
5.76000 0.34870424
5.76500 0.34880343
5.77000 0.34890256
5.77500 0.34900164
5.78000 0.34910066
5.78500 0.34919962
5.79000 0.34929853
5.79500 0.34939738
5.80000 0.34949617
5.80500 0.34959491
5.81000 0.34969359
5.81500 0.34979222
5.82000 0.34989079
5.82500 0.34998931
5.83000 0.35008776
5.83500 0.35018617
5.84000 0.35028452
5.84500 0.35038281
5.85000 0.35048105
5.85500 0.35057923
5.86000 0.35067735
5.86500 0.35077542
5.87000 0.35087344
5.87500 0.35097140
5.88000 0.35106931
5.88500 0.35116716
5.89000 0.35126495
5.89500 0.35136270
5.90000 0.35146038
5.90500 0.35155801
5.91000 0.35165559
5.91500 0.35175312
5.92000 0.35185059
5.92500 0.35194800
5.93000 0.35204536
5.93500 0.35214267
5.94000 0.35223992
5.94500 0.35233712
5.95000 0.35243426
5.95500 0.35253135
5.96000 0.35262839
5.96500 0.35272537
5.97000 0.35282230
5.97500 0.35291918
5.98000 0.35301600
5.98500 0.35311277
5.99000 0.35320949
5.99500 0.35330615
6.00000 0.35340276
6.00500 0.35349932
6.01000 0.35359582
6.01500 0.35369227
6.02000 0.35378867
6.02500 0.35388501
6.03000 0.35398131
6.03500 0.35407755
6.04000 0.35417373
6.04500 0.35426987
6.05000 0.35436595
6.05500 0.35446198
6.06000 0.35455796
6.06500 0.35465388
6.07000 0.35474975
6.07500 0.35484558
6.08000 0.35494134
6.08500 0.35503706
6.09000 0.35513273
6.09500 0.35522834
6.10000 0.35532390
6.10500 0.35541941
6.11000 0.35551487
6.11500 0.35561028
6.12000 0.35570563
6.12500 0.35580093
6.13000 0.35589619
6.13500 0.35599139
6.14000 0.35608654
6.14500 0.35618164
6.15000 0.35627669
6.15500 0.35637168
6.16000 0.35646663
6.16500 0.35656152
6.17000 0.35665637
6.17500 0.35675116
6.18000 0.35684591
6.18500 0.35694060
6.19000 0.35703524
6.19500 0.35712983
6.20000 0.35722437
6.20500 0.35731886
6.21000 0.35741331
6.21500 0.35750770
6.22000 0.35760204
6.22500 0.35769633
6.23000 0.35779057
6.23500 0.35788476
6.24000 0.35797890
6.24500 0.35807299
6.25000 0.35816703
6.25500 0.35826102
6.26000 0.35835496
6.26500 0.35844886
6.27000 0.35854270
6.27500 0.35863649
6.28000 0.35873024
6.28500 0.35882393
6.29000 0.35891758
6.29500 0.35901118
6.30000 0.35910472
6.30500 0.35919822
6.31000 0.35929167
6.31500 0.35938507
6.32000 0.35947843
6.32500 0.35957173
6.33000 0.35966498
6.33500 0.35975819
6.34000 0.35985135
6.34500 0.35994446
6.35000 0.36003752
6.35500 0.36013053
6.36000 0.36022349
6.36500 0.36031641
6.37000 0.36040928
6.37500 0.36050210
6.38000 0.36059487
6.38500 0.36068759
6.39000 0.36078027
6.39500 0.36087289
6.40000 0.36096547
6.40500 0.36105801
6.41000 0.36115049
6.41500 0.36124293
6.42000 0.36133532
6.42500 0.36142766
6.43000 0.36151995
6.43500 0.36161220
6.44000 0.36170440
6.44500 0.36179655
6.45000 0.36188866
6.45500 0.36198072
6.46000 0.36207273
6.46500 0.36216469
6.47000 0.36225661
6.47500 0.36234848
6.48000 0.36244030
6.48500 0.36253208
6.49000 0.36262381
6.49500 0.36271549
6.50000 0.36280713
6.50500 0.36289872
6.51000 0.36299026
6.51500 0.36308176
6.52000 0.36317321
6.52500 0.36326461
6.53000 0.36335597
6.53500 0.36344728
6.54000 0.36353855
6.54500 0.36362977
6.55000 0.36372094
6.55500 0.36381207
6.56000 0.36390315
6.56500 0.36399419
6.57000 0.36408518
6.57500 0.36417612
6.58000 0.36426702
6.58500 0.36435787
6.59000 0.36444868
6.59500 0.36453944
6.60000 0.36463016
6.60500 0.36472083
6.61000 0.36481146
6.61500 0.36490204
6.62000 0.36499258
6.62500 0.36508307
6.63000 0.36517351
6.63500 0.36526391
6.64000 0.36535427
6.64500 0.36544458
6.65000 0.36553484
6.65500 0.36562506
6.66000 0.36571524
6.66500 0.36580537
6.67000 0.36589546
6.67500 0.36598550
6.68000 0.36607550
6.68500 0.36616545
6.69000 0.36625536
6.69500 0.36634522
6.70000 0.36643504
6.70500 0.36652482
6.71000 0.36661455
6.71500 0.36670424
6.72000 0.36679388
6.72500 0.36688348
6.73000 0.36697303
6.73500 0.36706254
6.74000 0.36715201
6.74500 0.36724144
6.75000 0.36733081
6.75500 0.36742015
6.76000 0.36750944
6.76500 0.36759869
6.77000 0.36768790
6.77500 0.36777706
6.78000 0.36786618
6.78500 0.36795525
6.79000 0.36804428
6.79500 0.36813327
6.80000 0.36822221
6.80500 0.36831111
6.81000 0.36839997
6.81500 0.36848879
6.82000 0.36857756
6.82500 0.36866629
6.83000 0.36875498
6.83500 0.36884362
6.84000 0.36893222
6.84500 0.36902078
6.85000 0.36910929
6.85500 0.36919776
6.86000 0.36928619
6.86500 0.36937458
6.87000 0.36946292
6.87500 0.36955123
6.88000 0.36963949
6.88500 0.36972770
6.89000 0.36981588
6.89500 0.36990401
6.90000 0.36999210
6.90500 0.37008015
6.91000 0.37016816
6.91500 0.37025612
6.92000 0.37034404
6.92500 0.37043192
6.93000 0.37051976
6.93500 0.37060756
6.94000 0.37069531
6.94500 0.37078302
6.95000 0.37087069
6.95500 0.37095832
6.96000 0.37104591
6.96500 0.37113346
6.97000 0.37122096
6.97500 0.37130842
6.98000 0.37139584
6.98500 0.37148322
6.99000 0.37157056
6.99500 0.37165786
7.00000 0.37174512
7.00500 0.37183233
7.01000 0.37191951
7.01500 0.37200664
7.02000 0.37209373
7.02500 0.37218078
7.03000 0.37226779
7.03500 0.37235476
7.04000 0.37244169
7.04500 0.37252858
7.05000 0.37261542
7.05500 0.37270223
7.06000 0.37278899
7.06500 0.37287572
7.07000 0.37296240
7.07500 0.37304905
7.08000 0.37313565
7.08500 0.37322221
7.09000 0.37330873
7.09500 0.37339522
7.10000 0.37348166
7.10500 0.37356806
7.11000 0.37365442
7.11500 0.37374074
7.12000 0.37382702
7.12500 0.37391326
7.13000 0.37399946
7.13500 0.37408562
7.14000 0.37417175
7.14500 0.37425783
7.15000 0.37434387
7.15500 0.37442987
7.16000 0.37451583
7.16500 0.37460175
7.17000 0.37468764
7.17500 0.37477348
7.18000 0.37485928
7.18500 0.37494505
7.19000 0.37503077
7.19500 0.37511646
7.20000 0.37520210
7.20500 0.37528771
7.21000 0.37537328
7.21500 0.37545880
7.22000 0.37554429
7.22500 0.37562974
7.23000 0.37571515
7.23500 0.37580052
7.24000 0.37588586
7.24500 0.37597115
7.25000 0.37605641
7.25500 0.37614162
7.26000 0.37622680
7.26500 0.37631194
7.27000 0.37639704
7.27500 0.37648210
7.28000 0.37656712
7.28500 0.37665210
7.29000 0.37673705
7.29500 0.37682195
7.30000 0.37690682
7.30500 0.37699165
7.31000 0.37707644
7.31500 0.37716119
7.32000 0.37724591
7.32500 0.37733058
7.33000 0.37741522
7.33500 0.37749982
7.34000 0.37758438
7.34500 0.37766891
7.35000 0.37775339
7.35500 0.37783784
7.36000 0.37792225
7.36500 0.37800662
7.37000 0.37809096
7.37500 0.37817525
7.38000 0.37825951
7.38500 0.37834373
7.39000 0.37842791
7.39500 0.37851206
7.40000 0.37859617
7.40500 0.37868024
7.41000 0.37876427
7.41500 0.37884826
7.42000 0.37893222
7.42500 0.37901614
7.43000 0.37910002
7.43500 0.37918387
7.44000 0.37926768
7.44500 0.37935145
7.45000 0.37943518
7.45500 0.37951888
7.46000 0.37960254
7.46500 0.37968616
7.47000 0.37976974
7.47500 0.37985329
7.48000 0.37993680
7.48500 0.38002028
7.49000 0.38010371
7.49500 0.38018712
7.50000 0.38027048
7.50500 0.38035381
7.51000 0.38043710
7.51500 0.38052035
7.52000 0.38060357
7.52500 0.38068675
7.53000 0.38076989
7.53500 0.38085300
7.54000 0.38093607
7.54500 0.38101910
7.55000 0.38110210
7.55500 0.38118506
7.56000 0.38126799
7.56500 0.38135088
7.57000 0.38143373
7.57500 0.38151655
7.58000 0.38159933
7.58500 0.38168207
7.59000 0.38176478
7.59500 0.38184745
7.60000 0.38193009
7.60500 0.38201269
7.61000 0.38209526
7.61500 0.38217778
7.62000 0.38226028
7.62500 0.38234273
7.63000 0.38242516
7.63500 0.38250754
7.64000 0.38258989
7.64500 0.38267220
7.65000 0.38275448
7.65500 0.38283673
7.66000 0.38291893
7.66500 0.38300111
7.67000 0.38308324
7.67500 0.38316534
7.68000 0.38324741
7.68500 0.38332944
7.69000 0.38341143
7.69500 0.38349339
7.70000 0.38357532
7.70500 0.38365721
7.71000 0.38373906
7.71500 0.38382088
7.72000 0.38390267
7.72500 0.38398441
7.73000 0.38406613
7.73500 0.38414781
7.74000 0.38422945
7.74500 0.38431106
7.75000 0.38439264
7.75500 0.38447418
7.76000 0.38455568
7.76500 0.38463715
7.77000 0.38471859
7.77500 0.38479999
7.78000 0.38488135
7.78500 0.38496268
7.79000 0.38504398
7.79500 0.38512524
7.80000 0.38520647
7.80500 0.38528766
7.81000 0.38536882
7.81500 0.38544995
7.82000 0.38553104
7.82500 0.38561210
7.83000 0.38569312
7.83500 0.38577410
7.84000 0.38585506
7.84500 0.38593598
7.85000 0.38601686
7.85500 0.38609771
7.86000 0.38617853
7.86500 0.38625931
7.87000 0.38634006
7.87500 0.38642078
7.88000 0.38650146
7.88500 0.38658211
7.89000 0.38666272
7.89500 0.38674330
7.90000 0.38682384
7.90500 0.38690436
7.91000 0.38698484
7.91500 0.38706528
7.92000 0.38714569
7.92500 0.38722607
7.93000 0.38730641
7.93500 0.38738672
7.94000 0.38746700
7.94500 0.38754724
7.95000 0.38762745
7.95500 0.38770763
7.96000 0.38778777
7.96500 0.38786789
7.97000 0.38794796
7.97500 0.38802801
7.98000 0.38810802
7.98500 0.38818799
7.99000 0.38826794
7.99500 0.38834785
8.00000 0.38842773
8.00500 0.38850757
8.01000 0.38858738
8.01500 0.38866716
8.02000 0.38874691
8.02500 0.38882662
8.03000 0.38890630
8.03500 0.38898595
8.04000 0.38906556
8.04500 0.38914515
8.05000 0.38922470
8.05500 0.38930421
8.06000 0.38938370
8.06500 0.38946315
8.07000 0.38954257
8.07500 0.38962195
8.08000 0.38970131
8.08500 0.38978063
8.09000 0.38985991
8.09500 0.38993917
8.10000 0.39001839
8.10500 0.39009759
8.11000 0.39017675
8.11500 0.39025587
8.12000 0.39033497
8.12500 0.39041403
8.13000 0.39049306
8.13500 0.39057206
8.14000 0.39065102
8.14500 0.39072996
8.15000 0.39080886
8.15500 0.39088773
8.16000 0.39096657
8.16500 0.39104537
8.17000 0.39112414
8.17500 0.39120289
8.18000 0.39128160
8.18500 0.39136027
8.19000 0.39143892
8.19500 0.39151754
8.20000 0.39159612
8.20500 0.39167467
8.21000 0.39175319
8.21500 0.39183168
8.22000 0.39191013
8.22500 0.39198856
8.23000 0.39206695
8.23500 0.39214531
8.24000 0.39222364
8.24500 0.39230194
8.25000 0.39238021
8.25500 0.39245844
8.26000 0.39253665
8.26500 0.39261482
8.27000 0.39269296
8.27500 0.39277107
8.28000 0.39284915
8.28500 0.39292720
8.29000 0.39300522
8.29500 0.39308320
8.30000 0.39316116
8.30500 0.39323908
8.31000 0.39331697
8.31500 0.39339483
8.32000 0.39347266
8.32500 0.39355046
8.33000 0.39362823
8.33500 0.39370597
8.34000 0.39378368
8.34500 0.39386135
8.35000 0.39393900
8.35500 0.39401661
8.36000 0.39409420
8.36500 0.39417175
8.37000 0.39424927
8.37500 0.39432676
8.38000 0.39440422
8.38500 0.39448165
8.39000 0.39455905
8.39500 0.39463642
8.40000 0.39471376
8.40500 0.39479107
8.41000 0.39486835
8.41500 0.39494560
8.42000 0.39502281
8.42500 0.39510000
8.43000 0.39517716
8.43500 0.39525428
8.44000 0.39533138
8.44500 0.39540844
8.45000 0.39548548
8.45500 0.39556248
8.46000 0.39563946
8.46500 0.39571640
8.47000 0.39579332
8.47500 0.39587020
8.48000 0.39594706
8.48500 0.39602388
8.49000 0.39610068
8.49500 0.39617744
8.50000 0.39625418
8.50500 0.39633088
8.51000 0.39640756
8.51500 0.39648421
8.52000 0.39656082
8.52500 0.39663741
8.53000 0.39671396
8.53500 0.39679049
8.54000 0.39686699
8.54500 0.39694345
8.55000 0.39701989
8.55500 0.39709630
8.56000 0.39717268
8.56500 0.39724903
8.57000 0.39732535
8.57500 0.39740164
8.58000 0.39747790
8.58500 0.39755413
8.59000 0.39763033
8.59500 0.39770650
8.60000 0.39778264
8.60500 0.39785876
8.61000 0.39793484
8.61500 0.39801090
8.62000 0.39808692
8.62500 0.39816292
8.63000 0.39823889
8.63500 0.39831483
8.64000 0.39839073
8.64500 0.39846662
8.65000 0.39854247
8.65500 0.39861829
8.66000 0.39869408
8.66500 0.39876985
8.67000 0.39884558
8.67500 0.39892129
8.68000 0.39899696
8.68500 0.39907261
8.69000 0.39914823
8.69500 0.39922382
8.70000 0.39929939
8.70500 0.39937492
8.71000 0.39945042
8.71500 0.39952590
8.72000 0.39960135
8.72500 0.39967677
8.73000 0.39975216
8.73500 0.39982752
8.74000 0.39990285
8.74500 0.39997815
8.75000 0.40005343
8.75500 0.40012868
8.76000 0.40020390
8.76500 0.40027909
8.77000 0.40035425
8.77500 0.40042938
8.78000 0.40050449
8.78500 0.40057957
8.79000 0.40065461
8.79500 0.40072963
8.80000 0.40080463
8.80500 0.40087959
8.81000 0.40095453
8.81500 0.40102943
8.82000 0.40110431
8.82500 0.40117917
8.83000 0.40125399
8.83500 0.40132878
8.84000 0.40140355
8.84500 0.40147829
8.85000 0.40155300
8.85500 0.40162769
8.86000 0.40170234
8.86500 0.40177697
8.87000 0.40185157
8.87500 0.40192614
8.88000 0.40200068
8.88500 0.40207520
8.89000 0.40214969
8.89500 0.40222415
8.90000 0.40229858
8.90500 0.40237299
8.91000 0.40244737
8.91500 0.40252172
8.92000 0.40259604
8.92500 0.40267033
8.93000 0.40274460
8.93500 0.40281884
8.94000 0.40289305
8.94500 0.40296724
8.95000 0.40304139
8.95500 0.40311552
8.96000 0.40318963
8.96500 0.40326370
8.97000 0.40333775
8.97500 0.40341177
8.98000 0.40348576
8.98500 0.40355973
8.99000 0.40363367
8.99500 0.40370758
9.00000 0.40378146
9.00500 0.40385532
9.01000 0.40392915
9.01500 0.40400295
9.02000 0.40407673
9.02500 0.40415048
9.03000 0.40422420
9.03500 0.40429789
9.04000 0.40437156
9.04500 0.40444520
9.05000 0.40451881
9.05500 0.40459240
9.06000 0.40466596
9.06500 0.40473949
9.07000 0.40481300
9.07500 0.40488648
9.08000 0.40495993
9.08500 0.40503335
9.09000 0.40510675
9.09500 0.40518013
9.10000 0.40525347
9.10500 0.40532679
9.11000 0.40540008
9.11500 0.40547335
9.12000 0.40554658
9.12500 0.40561980
9.13000 0.40569298
9.13500 0.40576614
9.14000 0.40583927
9.14500 0.40591238
9.15000 0.40598546
9.15500 0.40605851
9.16000 0.40613154
9.16500 0.40620454
9.17000 0.40627751
9.17500 0.40635046
9.18000 0.40642338
9.18500 0.40649628
9.19000 0.40656914
9.19500 0.40664199
9.20000 0.40671480
9.20500 0.40678759
9.21000 0.40686036
9.21500 0.40693309
9.22000 0.40700580
9.22500 0.40707849
9.23000 0.40715115
9.23500 0.40722378
9.24000 0.40729639
9.24500 0.40736897
9.25000 0.40744153
9.25500 0.40751405
9.26000 0.40758656
9.26500 0.40765903
9.27000 0.40773149
9.27500 0.40780391
9.28000 0.40787631
9.28500 0.40794868
9.29000 0.40802103
9.29500 0.40809335
9.30000 0.40816565
9.30500 0.40823792
9.31000 0.40831017
9.31500 0.40838239
9.32000 0.40845458
9.32500 0.40852675
9.33000 0.40859889
9.33500 0.40867101
9.34000 0.40874310
9.34500 0.40881516
9.35000 0.40888720
9.35500 0.40895922
9.36000 0.40903121
9.36500 0.40910317
9.37000 0.40917511
9.37500 0.40924702
9.38000 0.40931891
9.38500 0.40939077
9.39000 0.40946260
9.39500 0.40953442
9.40000 0.40960620
9.40500 0.40967796
9.41000 0.40974970
9.41500 0.40982141
9.42000 0.40989309
9.42500 0.40996475
9.43000 0.41003639
9.43500 0.41010799
9.44000 0.41017958
9.44500 0.41025114
9.45000 0.41032267
9.45500 0.41039418
9.46000 0.41046566
9.46500 0.41053712
9.47000 0.41060856
9.47500 0.41067997
9.48000 0.41075135
9.48500 0.41082271
9.49000 0.41089404
9.49500 0.41096535
9.50000 0.41103663
9.50500 0.41110789
9.51000 0.41117913
9.51500 0.41125034
9.52000 0.41132152
9.52500 0.41139268
9.53000 0.41146382
9.53500 0.41153493
9.54000 0.41160602
9.54500 0.41167708
9.55000 0.41174811
9.55500 0.41181912
9.56000 0.41189011
9.56500 0.41196108
9.57000 0.41203201
9.57500 0.41210293
9.58000 0.41217382
9.58500 0.41224468
9.59000 0.41231552
9.59500 0.41238634
9.60000 0.41245713
9.60500 0.41252789
9.61000 0.41259864
9.61500 0.41266935
9.62000 0.41274005
9.62500 0.41281072
9.63000 0.41288136
9.63500 0.41295198
9.64000 0.41302258
9.64500 0.41309315
9.65000 0.41316370
9.65500 0.41323422
9.66000 0.41330472
9.66500 0.41337520
9.67000 0.41344565
9.67500 0.41351608
9.68000 0.41358648
9.68500 0.41365686
9.69000 0.41372721
9.69500 0.41379754
9.70000 0.41386785
9.70500 0.41393813
9.71000 0.41400839
9.71500 0.41407863
9.72000 0.41414884
9.72500 0.41421902
9.73000 0.41428919
9.73500 0.41435933
9.74000 0.41442944
9.74500 0.41449953
9.75000 0.41456960
9.75500 0.41463964
9.76000 0.41470966
9.76500 0.41477966
9.77000 0.41484963
9.77500 0.41491958
9.78000 0.41498951
9.78500 0.41505941
9.79000 0.41512929
9.79500 0.41519914
9.80000 0.41526897
9.80500 0.41533878
9.81000 0.41540856
9.81500 0.41547832
9.82000 0.41554806
9.82500 0.41561777
9.83000 0.41568746
9.83500 0.41575712
9.84000 0.41582676
9.84500 0.41589638
9.85000 0.41596598
9.85500 0.41603555
9.86000 0.41610510
9.86500 0.41617462
9.87000 0.41624413
9.87500 0.41631360
9.88000 0.41638306
9.88500 0.41645249
9.89000 0.41652190
9.89500 0.41659129
9.90000 0.41666065
9.90500 0.41672999
9.91000 0.41679930
9.91500 0.41686859
9.92000 0.41693786
9.92500 0.41700711
9.93000 0.41707633
9.93500 0.41714553
9.94000 0.41721471
9.94500 0.41728386
9.95000 0.41735299
9.95500 0.41742210
9.96000 0.41749119
9.96500 0.41756025
9.97000 0.41762929
9.97500 0.41769830
9.98000 0.41776730
9.98500 0.41783627
9.99000 0.41790521
9.99500 0.41797414
10.00000 0.41804304
10.00500 0.41811192
10.01000 0.41818078
10.01500 0.41824961
10.02000 0.41831842
10.02500 0.41838721
10.03000 0.41845597
10.03500 0.41852471
10.04000 0.41859343
10.04500 0.41866213
10.05000 0.41873080
10.05500 0.41879946
10.06000 0.41886808
10.06500 0.41893669
10.07000 0.41900527
10.07500 0.41907384
10.08000 0.41914237
10.08500 0.41921089
10.09000 0.41927938
10.09500 0.41934786
10.10000 0.41941630
10.10500 0.41948473
10.11000 0.41955313
10.11500 0.41962151
10.12000 0.41968987
10.12500 0.41975821
10.13000 0.41982652
10.13500 0.41989482
10.14000 0.41996309
10.14500 0.42003133
10.15000 0.42009956
10.15500 0.42016776
10.16000 0.42023594
10.16500 0.42030410
10.17000 0.42037224
10.17500 0.42044035
10.18000 0.42050844
10.18500 0.42057651
10.19000 0.42064456
10.19500 0.42071258
10.20000 0.42078059
10.20500 0.42084857
10.21000 0.42091653
10.21500 0.42098446
10.22000 0.42105238
10.22500 0.42112027
10.23000 0.42118814
10.23500 0.42125599
10.24000 0.42132382
10.24500 0.42139162
10.25000 0.42145940
10.25500 0.42152716
10.26000 0.42159490
10.26500 0.42166262
10.27000 0.42173032
10.27500 0.42179799
10.28000 0.42186564
10.28500 0.42193327
10.29000 0.42200088
10.29500 0.42206847
10.30000 0.42213603
10.30500 0.42220357
10.31000 0.42227110
10.31500 0.42233860
10.32000 0.42240607
10.32500 0.42247353
10.33000 0.42254096
10.33500 0.42260838
10.34000 0.42267577
10.34500 0.42274314
10.35000 0.42281049
10.35500 0.42287781
10.36000 0.42294512
10.36500 0.42301240
10.37000 0.42307966
10.37500 0.42314690
10.38000 0.42321412
10.38500 0.42328132
10.39000 0.42334850
10.39500 0.42341565
10.40000 0.42348278
10.40500 0.42354990
10.41000 0.42361699
10.41500 0.42368406
10.42000 0.42375110
10.42500 0.42381813
10.43000 0.42388513
10.43500 0.42395212
10.44000 0.42401908
10.44500 0.42408602
10.45000 0.42415294
10.45500 0.42421984
10.46000 0.42428672
10.46500 0.42435358
10.47000 0.42442041
10.47500 0.42448723
10.48000 0.42455402
10.48500 0.42462079
10.49000 0.42468754
10.49500 0.42475427
10.50000 0.42482098
10.50500 0.42488767
10.51000 0.42495433
10.51500 0.42502098
10.52000 0.42508760
10.52500 0.42515421
10.53000 0.42522079
10.53500 0.42528735
10.54000 0.42535389
10.54500 0.42542041
10.55000 0.42548691
10.55500 0.42555339
10.56000 0.42561985
10.56500 0.42568628
10.57000 0.42575270
10.57500 0.42581909
10.58000 0.42588547
10.58500 0.42595182
10.59000 0.42601815
10.59500 0.42608446
10.60000 0.42615076
10.60500 0.42621703
10.61000 0.42628327
10.61500 0.42634950
10.62000 0.42641571
10.62500 0.42648190
10.63000 0.42654807
10.63500 0.42661421
10.64000 0.42668034
10.64500 0.42674644
10.65000 0.42681253
10.65500 0.42687859
10.66000 0.42694463
10.66500 0.42701066
10.67000 0.42707666
10.67500 0.42714264
10.68000 0.42720860
10.68500 0.42727454
10.69000 0.42734046
10.69500 0.42740636
10.70000 0.42747224
10.70500 0.42753810
10.71000 0.42760394
10.71500 0.42766976
10.72000 0.42773555
10.72500 0.42780133
10.73000 0.42786709
10.73500 0.42793283
10.74000 0.42799854
10.74500 0.42806424
10.75000 0.42812992
10.75500 0.42819557
10.76000 0.42826121
10.76500 0.42832682
10.77000 0.42839242
10.77500 0.42845799
10.78000 0.42852355
10.78500 0.42858908
10.79000 0.42865460
10.79500 0.42872009
10.80000 0.42878557
10.80500 0.42885102
10.81000 0.42891645
10.81500 0.42898187
10.82000 0.42904726
10.82500 0.42911264
10.83000 0.42917799
10.83500 0.42924332
10.84000 0.42930864
10.84500 0.42937393
10.85000 0.42943921
10.85500 0.42950446
10.86000 0.42956969
10.86500 0.42963491
10.87000 0.42970010
10.87500 0.42976528
10.88000 0.42983043
10.88500 0.42989557
10.89000 0.42996068
10.89500 0.43002578
10.90000 0.43009085
10.90500 0.43015591
10.91000 0.43022094
10.91500 0.43028596
10.92000 0.43035096
10.92500 0.43041593
10.93000 0.43048089
10.93500 0.43054583
10.94000 0.43061074
10.94500 0.43067564
10.95000 0.43074052
10.95500 0.43080538
10.96000 0.43087022
10.96500 0.43093504
10.97000 0.43099984
10.97500 0.43106462
10.98000 0.43112938
10.98500 0.43119412
10.99000 0.43125884
10.99500 0.43132354
11.00000 0.43138823
11.00500 0.43145289
11.01000 0.43151753
11.01500 0.43158216
11.02000 0.43164676
11.02500 0.43171135
11.03000 0.43177591
11.03500 0.43184046
11.04000 0.43190499
11.04500 0.43196949
11.05000 0.43203398
11.05500 0.43209845
11.06000 0.43216290
11.06500 0.43222733
11.07000 0.43229174
11.07500 0.43235613
11.08000 0.43242051
11.08500 0.43248486
11.09000 0.43254919
11.09500 0.43261351
11.10000 0.43267780
11.10500 0.43274208
11.11000 0.43280634
11.11500 0.43287057
11.12000 0.43293479
11.12500 0.43299899
11.13000 0.43306317
11.13500 0.43312733
11.14000 0.43319148
11.14500 0.43325560
11.15000 0.43331970
11.15500 0.43338379
11.16000 0.43344786
11.16500 0.43351190
11.17000 0.43357593
11.17500 0.43363994
11.18000 0.43370393
11.18500 0.43376790
11.19000 0.43383185
11.19500 0.43389579
11.20000 0.43395970
11.20500 0.43402360
11.21000 0.43408747
11.21500 0.43415133
11.22000 0.43421517
11.22500 0.43427899
11.23000 0.43434279
11.23500 0.43440657
11.24000 0.43447033
11.24500 0.43453408
11.25000 0.43459780
11.25500 0.43466151
11.26000 0.43472520
11.26500 0.43478887
11.27000 0.43485252
11.27500 0.43491615
11.28000 0.43497977
11.28500 0.43504336
11.29000 0.43510694
11.29500 0.43517049
11.30000 0.43523403
11.30500 0.43529755
11.31000 0.43536105
11.31500 0.43542454
11.32000 0.43548800
11.32500 0.43555145
11.33000 0.43561487
11.33500 0.43567828
11.34000 0.43574167
11.34500 0.43580504
11.35000 0.43586839
11.35500 0.43593173
11.36000 0.43599505
11.36500 0.43605834
11.37000 0.43612162
11.37500 0.43618488
11.38000 0.43624812
11.38500 0.43631135
11.39000 0.43637455
11.39500 0.43643774
11.40000 0.43650091
11.40500 0.43656406
11.41000 0.43662719
11.41500 0.43669030
11.42000 0.43675340
11.42500 0.43681647
11.43000 0.43687953
11.43500 0.43694257
11.44000 0.43700560
11.44500 0.43706860
11.45000 0.43713158
11.45500 0.43719455
11.46000 0.43725750
11.46500 0.43732043
11.47000 0.43738334
11.47500 0.43744624
11.48000 0.43750911
11.48500 0.43757197
11.49000 0.43763481
11.49500 0.43769763
11.50000 0.43776044
11.50500 0.43782322
11.51000 0.43788599
11.51500 0.43794874
11.52000 0.43801147
11.52500 0.43807418
11.53000 0.43813688
11.53500 0.43819956
11.54000 0.43826221
11.54500 0.43832486
11.55000 0.43838748
11.55500 0.43845008
11.56000 0.43851267
11.56500 0.43857524
11.57000 0.43863779
11.57500 0.43870033
11.58000 0.43876284
11.58500 0.43882534
11.59000 0.43888782
11.59500 0.43895028
11.60000 0.43901272
11.60500 0.43907515
11.61000 0.43913756
11.61500 0.43919995
11.62000 0.43926232
11.62500 0.43932468
11.63000 0.43938701
11.63500 0.43944933
11.64000 0.43951163
11.64500 0.43957392
11.65000 0.43963618
11.65500 0.43969843
11.66000 0.43976066
11.66500 0.43982288
11.67000 0.43988507
11.67500 0.43994725
11.68000 0.44000941
11.68500 0.44007155
11.69000 0.44013368
11.69500 0.44019578
11.70000 0.44025787
11.70500 0.44031995
11.71000 0.44038200
11.71500 0.44044404
11.72000 0.44050606
11.72500 0.44056806
11.73000 0.44063004
11.73500 0.44069201
11.74000 0.44075396
11.74500 0.44081589
11.75000 0.44087780
11.75500 0.44093970
11.76000 0.44100158
11.76500 0.44106344
11.77000 0.44112528
11.77500 0.44118711
11.78000 0.44124892
11.78500 0.44131071
11.79000 0.44137249
11.79500 0.44143425
11.80000 0.44149599
11.80500 0.44155771
11.81000 0.44161941
11.81500 0.44168110
11.82000 0.44174277
11.82500 0.44180443
11.83000 0.44186606
11.83500 0.44192768
11.84000 0.44198928
11.84500 0.44205087
11.85000 0.44211243
11.85500 0.44217398
11.86000 0.44223552
11.86500 0.44229703
11.87000 0.44235853
11.87500 0.44242001
11.88000 0.44248147
11.88500 0.44254292
11.89000 0.44260435
11.89500 0.44266576
11.90000 0.44272716
11.90500 0.44278854
11.91000 0.44284990
11.91500 0.44291124
11.92000 0.44297257
11.92500 0.44303388
11.93000 0.44309517
11.93500 0.44315645
11.94000 0.44321771
11.94500 0.44327895
11.95000 0.44334017
11.95500 0.44340138
11.96000 0.44346257
11.96500 0.44352375
11.97000 0.44358490
11.97500 0.44364604
11.98000 0.44370717
11.98500 0.44376827
11.99000 0.44382936
11.99500 0.44389043
12.00000 0.44395149
12.00500 0.44401253
12.01000 0.44407355
12.01500 0.44413456
12.02000 0.44419554
12.02500 0.44425651
12.03000 0.44431747
12.03500 0.44437841
12.04000 0.44443933
12.04500 0.44450023
12.05000 0.44456112
12.05500 0.44462199
12.06000 0.44468284
12.06500 0.44474368
12.07000 0.44480450
12.07500 0.44486530
12.08000 0.44492609
12.08500 0.44498686
12.09000 0.44504762
12.09500 0.44510835
12.10000 0.44516907
12.10500 0.44522978
12.11000 0.44529046
12.11500 0.44535113
12.12000 0.44541179
12.12500 0.44547243
12.13000 0.44553305
12.13500 0.44559365
12.14000 0.44565424
12.14500 0.44571481
12.15000 0.44577536
12.15500 0.44583590
12.16000 0.44589642
12.16500 0.44595693
12.17000 0.44601742
12.17500 0.44607789
12.18000 0.44613834
12.18500 0.44619878
12.19000 0.44625921
12.19500 0.44631961
12.20000 0.44638000
12.20500 0.44644037
12.21000 0.44650073
12.21500 0.44656107
12.22000 0.44662140
12.22500 0.44668170
12.23000 0.44674200
12.23500 0.44680227
12.24000 0.44686253
12.24500 0.44692277
12.25000 0.44698300
12.25500 0.44704321
12.26000 0.44710340
12.26500 0.44716358
12.27000 0.44722374
12.27500 0.44728388
12.28000 0.44734401
12.28500 0.44740412
12.29000 0.44746422
12.29500 0.44752430
12.30000 0.44758436
12.30500 0.44764441
12.31000 0.44770444
12.31500 0.44776446
12.32000 0.44782446
12.32500 0.44788444
12.33000 0.44794441
12.33500 0.44800436
12.34000 0.44806429
12.34500 0.44812421
12.35000 0.44818411
12.35500 0.44824400
12.36000 0.44830387
12.36500 0.44836372
12.37000 0.44842356
12.37500 0.44848338
12.38000 0.44854319
12.38500 0.44860298
12.39000 0.44866275
12.39500 0.44872251
12.40000 0.44878225
12.40500 0.44884198
12.41000 0.44890169
12.41500 0.44896138
12.42000 0.44902106
12.42500 0.44908072
12.43000 0.44914037
12.43500 0.44920000
12.44000 0.44925961
12.44500 0.44931921
12.45000 0.44937879
12.45500 0.44943836
12.46000 0.44949791
12.46500 0.44955744
12.47000 0.44961696
12.47500 0.44967647
12.48000 0.44973595
12.48500 0.44979542
12.49000 0.44985488
12.49500 0.44991432
12.50000 0.44997375
12.50500 0.45003315
12.51000 0.45009255
12.51500 0.45015192
12.52000 0.45021128
12.52500 0.45027063
12.53000 0.45032996
12.53500 0.45038927
12.54000 0.45044857
12.54500 0.45050786
12.55000 0.45056712
12.55500 0.45062637
12.56000 0.45068561
12.56500 0.45074483
12.57000 0.45080404
12.57500 0.45086322
12.58000 0.45092240
12.58500 0.45098156
12.59000 0.45104070
12.59500 0.45109982
12.60000 0.45115893
12.60500 0.45121803
12.61000 0.45127711
12.61500 0.45133617
12.62000 0.45139522
12.62500 0.45145426
12.63000 0.45151327
12.63500 0.45157228
12.64000 0.45163126
12.64500 0.45169024
12.65000 0.45174919
12.65500 0.45180813
12.66000 0.45186706
12.66500 0.45192597
12.67000 0.45198486
12.67500 0.45204374
12.68000 0.45210260
12.68500 0.45216145
12.69000 0.45222028
12.69500 0.45227910
12.70000 0.45233790
12.70500 0.45239669
12.71000 0.45245546
12.71500 0.45251422
12.72000 0.45257296
12.72500 0.45263168
12.73000 0.45269039
12.73500 0.45274908
12.74000 0.45280776
12.74500 0.45286643
12.75000 0.45292508
12.75500 0.45298371
12.76000 0.45304233
12.76500 0.45310093
12.77000 0.45315952
12.77500 0.45321809
12.78000 0.45327665
12.78500 0.45333519
12.79000 0.45339372
12.79500 0.45345223
12.80000 0.45351073
12.80500 0.45356921
12.81000 0.45362767
12.81500 0.45368613
12.82000 0.45374456
12.82500 0.45380298
12.83000 0.45386139
12.83500 0.45391978
12.84000 0.45397815
12.84500 0.45403652
12.85000 0.45409486
12.85500 0.45415319
12.86000 0.45421151
12.86500 0.45426981
12.87000 0.45432809
12.87500 0.45438636
12.88000 0.45444462
12.88500 0.45450286
12.89000 0.45456108
12.89500 0.45461929
12.90000 0.45467749
12.90500 0.45473567
12.91000 0.45479384
12.91500 0.45485199
12.92000 0.45491012
12.92500 0.45496824
12.93000 0.45502635
12.93500 0.45508444
12.94000 0.45514251
12.94500 0.45520058
12.95000 0.45525862
12.95500 0.45531665
12.96000 0.45537467
12.96500 0.45543267
12.97000 0.45549066
12.97500 0.45554863
12.98000 0.45560659
12.98500 0.45566453
12.99000 0.45572246
12.99500 0.45578037
13.00000 0.45583827
13.00500 0.45589615
13.01000 0.45595402
13.01500 0.45601187
13.02000 0.45606971
13.02500 0.45612754
13.03000 0.45618534
13.03500 0.45624314
13.04000 0.45630092
13.04500 0.45635869
13.05000 0.45641644
13.05500 0.45647417
13.06000 0.45653189
13.06500 0.45658960
13.07000 0.45664729
13.07500 0.45670497
13.08000 0.45676263
13.08500 0.45682028
13.09000 0.45687791
13.09500 0.45693553
13.10000 0.45699314
13.10500 0.45705073
13.11000 0.45710830
13.11500 0.45716586
13.12000 0.45722341
13.12500 0.45728094
13.13000 0.45733846
13.13500 0.45739596
13.14000 0.45745345
13.14500 0.45751092
13.15000 0.45756838
13.15500 0.45762582
13.16000 0.45768325
13.16500 0.45774067
13.17000 0.45779807
13.17500 0.45785546
13.18000 0.45791283
13.18500 0.45797019
13.19000 0.45802753
13.19500 0.45808486
13.20000 0.45814217
13.20500 0.45819947
13.21000 0.45825676
13.21500 0.45831403
13.22000 0.45837129
13.22500 0.45842853
13.23000 0.45848576
13.23500 0.45854297
13.24000 0.45860017
13.24500 0.45865736
13.25000 0.45871453
13.25500 0.45877168
13.26000 0.45882882
13.26500 0.45888595
13.27000 0.45894307
13.27500 0.45900017
13.28000 0.45905725
13.28500 0.45911432
13.29000 0.45917138
13.29500 0.45922842
13.30000 0.45928545
13.30500 0.45934246
13.31000 0.45939946
13.31500 0.45945645
13.32000 0.45951342
13.32500 0.45957038
13.33000 0.45962732
13.33500 0.45968425
13.34000 0.45974116
13.34500 0.45979806
13.35000 0.45985495
13.35500 0.45991182
13.36000 0.45996868
13.36500 0.46002552
13.37000 0.46008235
13.37500 0.46013917
13.38000 0.46019597
13.38500 0.46025276
13.39000 0.46030953
13.39500 0.46036629
13.40000 0.46042303
13.40500 0.46047977
13.41000 0.46053648
13.41500 0.46059319
13.42000 0.46064988
13.42500 0.46070655
13.43000 0.46076321
13.43500 0.46081986
13.44000 0.46087649
13.44500 0.46093311
13.45000 0.46098972
13.45500 0.46104631
13.46000 0.46110289
13.46500 0.46115945
13.47000 0.46121600
13.47500 0.46127253
13.48000 0.46132906
13.48500 0.46138556
13.49000 0.46144206
13.49500 0.46149854
13.50000 0.46155500
13.50500 0.46161145
13.51000 0.46166789
13.51500 0.46172432
13.52000 0.46178073
13.52500 0.46183712
13.53000 0.46189351
13.53500 0.46194988
13.54000 0.46200623
13.54500 0.46206257
13.55000 0.46211890
13.55500 0.46217522
13.56000 0.46223152
13.56500 0.46228780
13.57000 0.46234407
13.57500 0.46240033
13.58000 0.46245658
13.58500 0.46251281
13.59000 0.46256903
13.59500 0.46262523
13.60000 0.46268142
13.60500 0.46273760
13.61000 0.46279376
13.61500 0.46284991
13.62000 0.46290604
13.62500 0.46296217
13.63000 0.46301827
13.63500 0.46307437
13.64000 0.46313045
13.64500 0.46318652
13.65000 0.46324257
13.65500 0.46329861
13.66000 0.46335464
13.66500 0.46341065
13.67000 0.46346665
13.67500 0.46352263
13.68000 0.46357861
13.68500 0.46363456
13.69000 0.46369051
13.69500 0.46374644
13.70000 0.46380236
13.70500 0.46385826
13.71000 0.46391415
13.71500 0.46397003
13.72000 0.46402589
13.72500 0.46408174
13.73000 0.46413758
13.73500 0.46419340
13.74000 0.46424921
13.74500 0.46430501
13.75000 0.46436079
13.75500 0.46441656
13.76000 0.46447232
13.76500 0.46452806
13.77000 0.46458379
13.77500 0.46463950
13.78000 0.46469520
13.78500 0.46475089
13.79000 0.46480657
13.79500 0.46486223
13.80000 0.46491788
13.80500 0.46497351
13.81000 0.46502913
13.81500 0.46508474
13.82000 0.46514034
13.82500 0.46519592
13.83000 0.46525149
13.83500 0.46530704
13.84000 0.46536258
13.84500 0.46541811
13.85000 0.46547363
13.85500 0.46552913
13.86000 0.46558462
13.86500 0.46564009
13.87000 0.46569556
13.87500 0.46575100
13.88000 0.46580644
13.88500 0.46586186
13.89000 0.46591727
13.89500 0.46597267
13.90000 0.46602805
13.90500 0.46608342
13.91000 0.46613877
13.91500 0.46619412
13.92000 0.46624945
13.92500 0.46630476
13.93000 0.46636007
13.93500 0.46641536
13.94000 0.46647063
13.94500 0.46652590
13.95000 0.46658115
13.95500 0.46663638
13.96000 0.46669161
13.96500 0.46674682
13.97000 0.46680202
13.97500 0.46685720
13.98000 0.46691237
13.98500 0.46696753
13.99000 0.46702268
13.99500 0.46707781
14.00000 0.46713293
14.00500 0.46718804
14.01000 0.46724313
14.01500 0.46729821
14.02000 0.46735328
14.02500 0.46740833
14.03000 0.46746337
14.03500 0.46751840
14.04000 0.46757342
14.04500 0.46762842
14.05000 0.46768341
14.05500 0.46773839
14.06000 0.46779335
14.06500 0.46784830
14.07000 0.46790324
14.07500 0.46795816
14.08000 0.46801307
14.08500 0.46806797
14.09000 0.46812286
14.09500 0.46817773
14.10000 0.46823259
14.10500 0.46828744
14.11000 0.46834227
14.11500 0.46839709
14.12000 0.46845190
14.12500 0.46850670
14.13000 0.46856148
14.13500 0.46861625
14.14000 0.46867100
14.14500 0.46872575
14.15000 0.46878048
14.15500 0.46883520
14.16000 0.46888990
14.16500 0.46894460
14.17000 0.46899928
14.17500 0.46905394
14.18000 0.46910860
14.18500 0.46916324
14.19000 0.46921787
14.19500 0.46927248
14.20000 0.46932709
14.20500 0.46938168
14.21000 0.46943625
14.21500 0.46949082
14.22000 0.46954537
14.22500 0.46959991
14.23000 0.46965444
14.23500 0.46970895
14.24000 0.46976345
14.24500 0.46981794
14.25000 0.46987242
14.25500 0.46992688
14.26000 0.46998133
14.26500 0.47003577
14.27000 0.47009019
14.27500 0.47014460
14.28000 0.47019900
14.28500 0.47025339
14.29000 0.47030777
14.29500 0.47036213
14.30000 0.47041648
14.30500 0.47047081
14.31000 0.47052514
14.31500 0.47057945
14.32000 0.47063375
14.32500 0.47068804
14.33000 0.47074231
14.33500 0.47079657
14.34000 0.47085082
14.34500 0.47090506
14.35000 0.47095928
14.35500 0.47101349
14.36000 0.47106769
14.36500 0.47112187
14.37000 0.47117605
14.37500 0.47123021
14.38000 0.47128436
14.38500 0.47133849
14.39000 0.47139262
14.39500 0.47144673
14.40000 0.47150083
14.40500 0.47155491
14.41000 0.47160899
14.41500 0.47166305
14.42000 0.47171710
14.42500 0.47177113
14.43000 0.47182516
14.43500 0.47187917
14.44000 0.47193317
14.44500 0.47198715
14.45000 0.47204113
14.45500 0.47209509
14.46000 0.47214904
14.46500 0.47220298
14.47000 0.47225690
14.47500 0.47231081
14.48000 0.47236471
14.48500 0.47241860
14.49000 0.47247248
14.49500 0.47252634
14.50000 0.47258019
14.50500 0.47263403
14.51000 0.47268785
14.51500 0.47274167
14.52000 0.47279547
14.52500 0.47284926
14.53000 0.47290304
14.53500 0.47295680
14.54000 0.47301055
14.54500 0.47306429
14.55000 0.47311802
14.55500 0.47317174
14.56000 0.47322544
14.56500 0.47327913
14.57000 0.47333281
14.57500 0.47338647
14.58000 0.47344013
14.58500 0.47349377
14.59000 0.47354740
14.59500 0.47360102
14.60000 0.47365462
14.60500 0.47370822
14.61000 0.47376180
14.61500 0.47381537
14.62000 0.47386892
14.62500 0.47392247
14.63000 0.47397600
14.63500 0.47402952
14.64000 0.47408303
14.64500 0.47413653
14.65000 0.47419001
14.65500 0.47424348
14.66000 0.47429694
14.66500 0.47435039
14.67000 0.47440383
14.67500 0.47445725
14.68000 0.47451066
14.68500 0.47456406
14.69000 0.47461745
14.69500 0.47467082
14.70000 0.47472419
14.70500 0.47477754
14.71000 0.47483088
14.71500 0.47488420
14.72000 0.47493752
14.72500 0.47499082
14.73000 0.47504411
14.73500 0.47509739
14.74000 0.47515066
14.74500 0.47520391
14.75000 0.47525716
14.75500 0.47531039
14.76000 0.47536361
14.76500 0.47541681
14.77000 0.47547001
14.77500 0.47552319
14.78000 0.47557636
14.78500 0.47562952
14.79000 0.47568267
14.79500 0.47573581
14.80000 0.47578893
14.80500 0.47584204
14.81000 0.47589514
14.81500 0.47594823
14.82000 0.47600131
14.82500 0.47605437
14.83000 0.47610742
14.83500 0.47616046
14.84000 0.47621349
14.84500 0.47626651
14.85000 0.47631951
14.85500 0.47637250
14.86000 0.47642549
14.86500 0.47647846
14.87000 0.47653141
14.87500 0.47658436
14.88000 0.47663729
14.88500 0.47669021
14.89000 0.47674312
14.89500 0.47679602
14.90000 0.47684891
14.90500 0.47690178
14.91000 0.47695465
14.91500 0.47700750
14.92000 0.47706034
14.92500 0.47711317
14.93000 0.47716598
14.93500 0.47721879
14.94000 0.47727158
14.94500 0.47732436
14.95000 0.47737713
14.95500 0.47742989
14.96000 0.47748263
14.96500 0.47753537
14.97000 0.47758809
14.97500 0.47764080
14.98000 0.47769350
14.98500 0.47774619
14.99000 0.47779886
14.99500 0.47785153
15.00000 0.47790418
15.00500 0.47795682
15.01000 0.47800945
15.01500 0.47806207
15.02000 0.47811467
15.02500 0.47816727
15.03000 0.47821985
15.03500 0.47827242
15.04000 0.47832498
15.04500 0.47837753
15.05000 0.47843006
15.05500 0.47848259
15.06000 0.47853510
15.06500 0.47858760
15.07000 0.47864009
15.07500 0.47869257
15.08000 0.47874504
15.08500 0.47879749
15.09000 0.47884994
15.09500 0.47890237
15.10000 0.47895479
15.10500 0.47900720
15.11000 0.47905959
15.11500 0.47911198
15.12000 0.47916436
15.12500 0.47921672
15.13000 0.47926907
15.13500 0.47932141
15.14000 0.47937374
15.14500 0.47942606
15.15000 0.47947836
15.15500 0.47953066
15.16000 0.47958294
15.16500 0.47963521
15.17000 0.47968747
15.17500 0.47973972
15.18000 0.47979196
15.18500 0.47984418
15.19000 0.47989640
15.19500 0.47994860
15.20000 0.48000079
15.20500 0.48005297
15.21000 0.48010514
15.21500 0.48015730
15.22000 0.48020944
15.22500 0.48026158
15.23000 0.48031370
15.23500 0.48036581
15.24000 0.48041791
15.24500 0.48047000
15.25000 0.48052208
15.25500 0.48057415
15.26000 0.48062620
15.26500 0.48067824
15.27000 0.48073028
15.27500 0.48078230
15.28000 0.48083431
15.28500 0.48088631
15.29000 0.48093829
15.29500 0.48099027
15.30000 0.48104223
15.30500 0.48109419
15.31000 0.48114613
15.31500 0.48119806
15.32000 0.48124998
15.32500 0.48130189
15.33000 0.48135379
15.33500 0.48140567
15.34000 0.48145755
15.34500 0.48150941
15.35000 0.48156126
15.35500 0.48161310
15.36000 0.48166493
15.36500 0.48171675
15.37000 0.48176856
15.37500 0.48182036
15.38000 0.48187214
15.38500 0.48192392
15.39000 0.48197568
15.39500 0.48202743
15.40000 0.48207917
15.40500 0.48213090
15.41000 0.48218262
15.41500 0.48223433
15.42000 0.48228602
15.42500 0.48233771
15.43000 0.48238938
15.43500 0.48244104
15.44000 0.48249269
15.44500 0.48254433
15.45000 0.48259596
15.45500 0.48264758
15.46000 0.48269919
15.46500 0.48275078
15.47000 0.48280237
15.47500 0.48285394
15.48000 0.48290551
15.48500 0.48295706
15.49000 0.48300860
15.49500 0.48306013
15.50000 0.48311165
15.50500 0.48316315
15.51000 0.48321465
15.51500 0.48326614
15.52000 0.48331761
15.52500 0.48336907
15.53000 0.48342053
15.53500 0.48347197
15.54000 0.48352340
15.54500 0.48357482
15.55000 0.48362623
15.55500 0.48367763
15.56000 0.48372901
15.56500 0.48378039
15.57000 0.48383175
15.57500 0.48388311
15.58000 0.48393445
15.58500 0.48398578
15.59000 0.48403710
15.59500 0.48408841
15.60000 0.48413971
15.60500 0.48419100
15.61000 0.48424228
15.61500 0.48429354
15.62000 0.48434480
15.62500 0.48439604
15.63000 0.48444728
15.63500 0.48449850
15.64000 0.48454971
15.64500 0.48460091
15.65000 0.48465210
15.65500 0.48470328
15.66000 0.48475445
15.66500 0.48480561
15.67000 0.48485676
15.67500 0.48490789
15.68000 0.48495902
15.68500 0.48501013
15.69000 0.48506124
15.69500 0.48511233
15.70000 0.48516341
15.70500 0.48521448
15.71000 0.48526554
15.71500 0.48531659
15.72000 0.48536763
15.72500 0.48541866
15.73000 0.48546968
15.73500 0.48552068
15.74000 0.48557168
15.74500 0.48562266
15.75000 0.48567364
15.75500 0.48572460
15.76000 0.48577555
15.76500 0.48582650
15.77000 0.48587743
15.77500 0.48592835
15.78000 0.48597926
15.78500 0.48603016
15.79000 0.48608105
15.79500 0.48613192
15.80000 0.48618279
15.80500 0.48623365
15.81000 0.48628449
15.81500 0.48633533
15.82000 0.48638615
15.82500 0.48643697
15.83000 0.48648777
15.83500 0.48653856
15.84000 0.48658934
15.84500 0.48664011
15.85000 0.48669087
15.85500 0.48674162
15.86000 0.48679236
15.86500 0.48684309
15.87000 0.48689381
15.87500 0.48694452
15.88000 0.48699522
15.88500 0.48704590
15.89000 0.48709658
15.89500 0.48714724
15.90000 0.48719790
15.90500 0.48724854
15.91000 0.48729917
15.91500 0.48734980
15.92000 0.48740041
15.92500 0.48745101
15.93000 0.48750160
15.93500 0.48755218
15.94000 0.48760275
15.94500 0.48765331
15.95000 0.48770386
15.95500 0.48775440
15.96000 0.48780493
15.96500 0.48785545
15.97000 0.48790595
15.97500 0.48795645
15.98000 0.48800693
15.98500 0.48805741
15.99000 0.48810788
15.99500 0.48815833
16.00000 0.48820877
16.00500 0.48825921
16.01000 0.48830963
16.01500 0.48836004
16.02000 0.48841045
16.02500 0.48846084
16.03000 0.48851122
16.03500 0.48856159
16.04000 0.48861195
16.04500 0.48866230
16.05000 0.48871264
16.05500 0.48876297
16.06000 0.48881329
16.06500 0.48886360
16.07000 0.48891389
16.07500 0.48896418
16.08000 0.48901446
16.08500 0.48906473
16.09000 0.48911498
16.09500 0.48916523
16.10000 0.48921547
16.10500 0.48926569
16.11000 0.48931591
16.11500 0.48936611
16.12000 0.48941631
16.12500 0.48946649
16.13000 0.48951666
16.13500 0.48956683
16.14000 0.48961698
16.14500 0.48966712
16.15000 0.48971726
16.15500 0.48976738
16.16000 0.48981749
16.16500 0.48986759
16.17000 0.48991768
16.17500 0.48996776
16.18000 0.49001783
16.18500 0.49006789
16.19000 0.49011794
16.19500 0.49016798
16.20000 0.49021801
16.20500 0.49026803
16.21000 0.49031804
16.21500 0.49036804
16.22000 0.49041803
16.22500 0.49046801
16.23000 0.49051798
16.23500 0.49056794
16.24000 0.49061788
16.24500 0.49066782
16.25000 0.49071775
16.25500 0.49076767
16.26000 0.49081757
16.26500 0.49086747
16.27000 0.49091736
16.27500 0.49096723
16.28000 0.49101710
16.28500 0.49106696
16.29000 0.49111680
16.29500 0.49116664
16.30000 0.49121646
16.30500 0.49126628
16.31000 0.49131608
16.31500 0.49136588
16.32000 0.49141567
16.32500 0.49146544
16.33000 0.49151521
16.33500 0.49156496
16.34000 0.49161470
16.34500 0.49166444
16.35000 0.49171416
16.35500 0.49176388
16.36000 0.49181358
16.36500 0.49186328
16.37000 0.49191296
16.37500 0.49196264
16.38000 0.49201230
16.38500 0.49206195
16.39000 0.49211160
16.39500 0.49216123
16.40000 0.49221085
16.40500 0.49226047
16.41000 0.49231007
16.41500 0.49235967
16.42000 0.49240925
16.42500 0.49245882
16.43000 0.49250839
16.43500 0.49255794
16.44000 0.49260748
16.44500 0.49265702
16.45000 0.49270654
16.45500 0.49275605
16.46000 0.49280556
16.46500 0.49285505
16.47000 0.49290454
16.47500 0.49295401
16.48000 0.49300347
16.48500 0.49305293
16.49000 0.49310237
16.49500 0.49315180
16.50000 0.49320123
16.50500 0.49325064
16.51000 0.49330005
16.51500 0.49334944
16.52000 0.49339882
16.52500 0.49344820
16.53000 0.49349756
16.53500 0.49354692
16.54000 0.49359626
16.54500 0.49364560
16.55000 0.49369492
16.55500 0.49374424
16.56000 0.49379354
16.56500 0.49384284
16.57000 0.49389212
16.57500 0.49394140
16.58000 0.49399066
16.58500 0.49403992
16.59000 0.49408916
16.59500 0.49413840
16.60000 0.49418763
16.60500 0.49423684
16.61000 0.49428605
16.61500 0.49433524
16.62000 0.49438443
16.62500 0.49443361
16.63000 0.49448277
16.63500 0.49453193
16.64000 0.49458108
16.64500 0.49463022
16.65000 0.49467934
16.65500 0.49472846
16.66000 0.49477757
16.66500 0.49482667
16.67000 0.49487576
16.67500 0.49492484
16.68000 0.49497391
16.68500 0.49502297
16.69000 0.49507201
16.69500 0.49512105
16.70000 0.49517008
16.70500 0.49521911
16.71000 0.49526812
16.71500 0.49531712
16.72000 0.49536611
16.72500 0.49541509
16.73000 0.49546406
16.73500 0.49551302
16.74000 0.49556198
16.74500 0.49561092
16.75000 0.49565985
16.75500 0.49570877
16.76000 0.49575769
16.76500 0.49580659
16.77000 0.49585548
16.77500 0.49590437
16.78000 0.49595324
16.78500 0.49600211
16.79000 0.49605096
16.79500 0.49609981
16.80000 0.49614865
16.80500 0.49619747
16.81000 0.49624629
16.81500 0.49629510
16.82000 0.49634389
16.82500 0.49639268
16.83000 0.49644146
16.83500 0.49649023
16.84000 0.49653899
16.84500 0.49658774
16.85000 0.49663648
16.85500 0.49668521
16.86000 0.49673393
16.86500 0.49678264
16.87000 0.49683134
16.87500 0.49688003
16.88000 0.49692871
16.88500 0.49697739
16.89000 0.49702605
16.89500 0.49707470
16.90000 0.49712335
16.90500 0.49717198
16.91000 0.49722061
16.91500 0.49726922
16.92000 0.49731783
16.92500 0.49736643
16.93000 0.49741501
16.93500 0.49746359
16.94000 0.49751216
16.94500 0.49756072
16.95000 0.49760926
16.95500 0.49765780
16.96000 0.49770633
16.96500 0.49775485
16.97000 0.49780336
16.97500 0.49785186
16.98000 0.49790036
16.98500 0.49794884
16.99000 0.49799731
16.99500 0.49804577
17.00000 0.49809423
17.00500 0.49814267
17.01000 0.49819111
17.01500 0.49823953
17.02000 0.49828795
17.02500 0.49833636
17.03000 0.49838475
17.03500 0.49843314
17.04000 0.49848152
17.04500 0.49852989
17.05000 0.49857825
17.05500 0.49862660
17.06000 0.49867494
17.06500 0.49872327
17.07000 0.49877159
17.07500 0.49881990
17.08000 0.49886821
17.08500 0.49891650
17.09000 0.49896478
17.09500 0.49901306
17.10000 0.49906132
17.10500 0.49910958
17.11000 0.49915783
17.11500 0.49920606
17.12000 0.49925429
17.12500 0.49930251
17.13000 0.49935072
17.13500 0.49939892
17.14000 0.49944711
17.14500 0.49949529
17.15000 0.49954346
17.15500 0.49959163
17.16000 0.49963978
17.16500 0.49968792
17.17000 0.49973606
17.17500 0.49978418
17.18000 0.49983230
17.18500 0.49988041
17.19000 0.49992850
17.19500 0.49997659
17.20000 0.50002467
17.20500 0.50007274
17.21000 0.50012080
17.21500 0.50016885
17.22000 0.50021689
17.22500 0.50026493
17.23000 0.50031295
17.23500 0.50036096
17.24000 0.50040897
17.24500 0.50045697
17.25000 0.50050495
17.25500 0.50055293
17.26000 0.50060090
17.26500 0.50064886
17.27000 0.50069680
17.27500 0.50074474
17.28000 0.50079268
17.28500 0.50084060
17.29000 0.50088851
17.29500 0.50093641
17.30000 0.50098431
17.30500 0.50103219
17.31000 0.50108007
17.31500 0.50112794
17.32000 0.50117579
17.32500 0.50122364
17.33000 0.50127148
17.33500 0.50131931
17.34000 0.50136713
17.34500 0.50141494
17.35000 0.50146275
17.35500 0.50151054
17.36000 0.50155832
17.36500 0.50160610
17.37000 0.50165386
17.37500 0.50170162
17.38000 0.50174937
17.38500 0.50179711
17.39000 0.50184484
17.39500 0.50189256
17.40000 0.50194027
17.40500 0.50198797
17.41000 0.50203566
17.41500 0.50208335
17.42000 0.50213102
17.42500 0.50217869
17.43000 0.50222634
17.43500 0.50227399
17.44000 0.50232163
17.44500 0.50236926
17.45000 0.50241688
17.45500 0.50246449
17.46000 0.50251209
17.46500 0.50255969
17.47000 0.50260727
17.47500 0.50265485
17.48000 0.50270241
17.48500 0.50274997
17.49000 0.50279752
17.49500 0.50284506
17.50000 0.50289259
17.50500 0.50294011
17.51000 0.50298762
17.51500 0.50303512
17.52000 0.50308262
17.52500 0.50313010
17.53000 0.50317758
17.53500 0.50322504
17.54000 0.50327250
17.54500 0.50331995
17.55000 0.50336739
17.55500 0.50341482
17.56000 0.50346224
17.56500 0.50350966
17.57000 0.50355706
17.57500 0.50360446
17.58000 0.50365184
17.58500 0.50369922
17.59000 0.50374659
17.59500 0.50379395
17.60000 0.50384130
17.60500 0.50388864
17.61000 0.50393597
17.61500 0.50398330
17.62000 0.50403061
17.62500 0.50407792
17.63000 0.50412521
17.63500 0.50417250
17.64000 0.50421978
17.64500 0.50426705
17.65000 0.50431431
17.65500 0.50436157
17.66000 0.50440881
17.66500 0.50445604
17.67000 0.50450327
17.67500 0.50455049
17.68000 0.50459770
17.68500 0.50464489
17.69000 0.50469208
17.69500 0.50473927
17.70000 0.50478644
17.70500 0.50483360
17.71000 0.50488076
17.71500 0.50492790
17.72000 0.50497504
17.72500 0.50502217
17.73000 0.50506929
17.73500 0.50511640
17.74000 0.50516350
17.74500 0.50521060
17.75000 0.50525768
17.75500 0.50530476
17.76000 0.50535182
17.76500 0.50539888
17.77000 0.50544593
17.77500 0.50549297
17.78000 0.50554000
17.78500 0.50558702
17.79000 0.50563404
17.79500 0.50568104
17.80000 0.50572804
17.80500 0.50577503
17.81000 0.50582201
17.81500 0.50586898
17.82000 0.50591594
17.82500 0.50596289
17.83000 0.50600983
17.83500 0.50605677
17.84000 0.50610370
17.84500 0.50615061
17.85000 0.50619752
17.85500 0.50624442
17.86000 0.50629131
17.86500 0.50633820
17.87000 0.50638507
17.87500 0.50643194
17.88000 0.50647879
17.88500 0.50652564
17.89000 0.50657248
17.89500 0.50661931
17.90000 0.50666613
17.90500 0.50671295
17.91000 0.50675975
17.91500 0.50680655
17.92000 0.50685333
17.92500 0.50690011
17.93000 0.50694688
17.93500 0.50699364
17.94000 0.50704040
17.94500 0.50708714
17.95000 0.50713388
17.95500 0.50718060
17.96000 0.50722732
17.96500 0.50727403
17.97000 0.50732073
17.97500 0.50736742
17.98000 0.50741411
17.98500 0.50746078
17.99000 0.50750745
17.99500 0.50755411
18.00000 0.50760075
18.00500 0.50764740
18.01000 0.50769403
18.01500 0.50774065
18.02000 0.50778726
18.02500 0.50783387
18.03000 0.50788047
18.03500 0.50792706
18.04000 0.50797364
18.04500 0.50802021
18.05000 0.50806677
18.05500 0.50811333
18.06000 0.50815987
18.06500 0.50820641
18.07000 0.50825294
18.07500 0.50829946
18.08000 0.50834597
18.08500 0.50839247
18.09000 0.50843897
18.09500 0.50848546
18.10000 0.50853193
18.10500 0.50857840
18.11000 0.50862486
18.11500 0.50867132
18.12000 0.50871776
18.12500 0.50876419
18.13000 0.50881062
18.13500 0.50885704
18.14000 0.50890345
18.14500 0.50894985
18.15000 0.50899624
18.15500 0.50904263
18.16000 0.50908900
18.16500 0.50913537
18.17000 0.50918173
18.17500 0.50922808
18.18000 0.50927442
18.18500 0.50932075
18.19000 0.50936708
18.19500 0.50941339
18.20000 0.50945970
18.20500 0.50950600
18.21000 0.50955229
18.21500 0.50959858
18.22000 0.50964485
18.22500 0.50969112
18.23000 0.50973737
18.23500 0.50978362
18.24000 0.50982986
18.24500 0.50987609
18.25000 0.50992232
18.25500 0.50996853
18.26000 0.51001474
18.26500 0.51006094
18.27000 0.51010713
18.27500 0.51015331
18.28000 0.51019948
18.28500 0.51024565
18.29000 0.51029180
18.29500 0.51033795
18.30000 0.51038409
18.30500 0.51043022
18.31000 0.51047635
18.31500 0.51052246
18.32000 0.51056857
18.32500 0.51061467
18.33000 0.51066075
18.33500 0.51070684
18.34000 0.51075291
18.34500 0.51079897
18.35000 0.51084503
18.35500 0.51089108
18.36000 0.51093712
18.36500 0.51098315
18.37000 0.51102917
18.37500 0.51107519
18.38000 0.51112119
18.38500 0.51116719
18.39000 0.51121318
18.39500 0.51125916
18.40000 0.51130513
18.40500 0.51135110
18.41000 0.51139705
18.41500 0.51144300
18.42000 0.51148894
18.42500 0.51153487
18.43000 0.51158080
18.43500 0.51162671
18.44000 0.51167262
18.44500 0.51171852
18.45000 0.51176441
18.45500 0.51181029
18.46000 0.51185616
18.46500 0.51190203
18.47000 0.51194789
18.47500 0.51199374
18.48000 0.51203958
18.48500 0.51208541
18.49000 0.51213123
18.49500 0.51217705
18.50000 0.51222286
18.50500 0.51226866
18.51000 0.51231445
18.51500 0.51236023
18.52000 0.51240601
18.52500 0.51245177
18.53000 0.51249753
18.53500 0.51254328
18.54000 0.51258902
18.54500 0.51263476
18.55000 0.51268048
18.55500 0.51272620
18.56000 0.51277191
18.56500 0.51281761
18.57000 0.51286330
18.57500 0.51290899
18.58000 0.51295467
18.58500 0.51300033
18.59000 0.51304599
18.59500 0.51309165
18.60000 0.51313729
18.60500 0.51318293
18.61000 0.51322855
18.61500 0.51327417
18.62000 0.51331979
18.62500 0.51336539
18.63000 0.51341098
18.63500 0.51345657
18.64000 0.51350215
18.64500 0.51354772
18.65000 0.51359328
18.65500 0.51363884
18.66000 0.51368439
18.66500 0.51372992
18.67000 0.51377545
18.67500 0.51382098
18.68000 0.51386649
18.68500 0.51391200
18.69000 0.51395749
18.69500 0.51400298
18.70000 0.51404847
18.70500 0.51409394
18.71000 0.51413941
18.71500 0.51418486
18.72000 0.51423031
18.72500 0.51427575
18.73000 0.51432119
18.73500 0.51436661
18.74000 0.51441203
18.74500 0.51445744
18.75000 0.51450284
18.75500 0.51454823
18.76000 0.51459362
18.76500 0.51463900
18.77000 0.51468437
18.77500 0.51472973
18.78000 0.51477508
18.78500 0.51482042
18.79000 0.51486576
18.79500 0.51491109
18.80000 0.51495641
18.80500 0.51500172
18.81000 0.51504703
18.81500 0.51509233
18.82000 0.51513762
18.82500 0.51518290
18.83000 0.51522817
18.83500 0.51527343
18.84000 0.51531869
18.84500 0.51536394
18.85000 0.51540918
18.85500 0.51545441
18.86000 0.51549964
18.86500 0.51554486
18.87000 0.51559007
18.87500 0.51563527
18.88000 0.51568046
18.88500 0.51572565
18.89000 0.51577082
18.89500 0.51581599
18.90000 0.51586115
18.90500 0.51590631
18.91000 0.51595145
18.91500 0.51599659
18.92000 0.51604172
18.92500 0.51608684
18.93000 0.51613196
18.93500 0.51617706
18.94000 0.51622216
18.94500 0.51626725
18.95000 0.51631233
18.95500 0.51635741
18.96000 0.51640248
18.96500 0.51644753
18.97000 0.51649258
18.97500 0.51653763
18.98000 0.51658266
18.98500 0.51662769
18.99000 0.51667271
18.99500 0.51671772
19.00000 0.51676272
19.00500 0.51680772
19.01000 0.51685271
19.01500 0.51689769
19.02000 0.51694266
19.02500 0.51698762
19.03000 0.51703258
19.03500 0.51707753
19.04000 0.51712247
19.04500 0.51716740
19.05000 0.51721233
19.05500 0.51725724
19.06000 0.51730215
19.06500 0.51734706
19.07000 0.51739195
19.07500 0.51743684
19.08000 0.51748171
19.08500 0.51752658
19.09000 0.51757145
19.09500 0.51761630
19.10000 0.51766115
19.10500 0.51770599
19.11000 0.51775082
19.11500 0.51779564
19.12000 0.51784046
19.12500 0.51788526
19.13000 0.51793007
19.13500 0.51797486
19.14000 0.51801964
19.14500 0.51806442
19.15000 0.51810919
19.15500 0.51815395
19.16000 0.51819870
19.16500 0.51824345
19.17000 0.51828819
19.17500 0.51833292
19.18000 0.51837764
19.18500 0.51842235
19.19000 0.51846706
19.19500 0.51851176
19.20000 0.51855645
19.20500 0.51860114
19.21000 0.51864581
19.21500 0.51869048
19.22000 0.51873514
19.22500 0.51877979
19.23000 0.51882444
19.23500 0.51886908
19.24000 0.51891371
19.24500 0.51895833
19.25000 0.51900294
19.25500 0.51904755
19.26000 0.51909215
19.26500 0.51913674
19.27000 0.51918132
19.27500 0.51922590
19.28000 0.51927047
19.28500 0.51931503
19.29000 0.51935958
19.29500 0.51940413
19.30000 0.51944867
19.30500 0.51949320
19.31000 0.51953772
19.31500 0.51958223
19.32000 0.51962674
19.32500 0.51967124
19.33000 0.51971573
19.33500 0.51976021
19.34000 0.51980469
19.34500 0.51984916
19.35000 0.51989362
19.35500 0.51993807
19.36000 0.51998252
19.36500 0.52002696
19.37000 0.52007139
19.37500 0.52011581
19.38000 0.52016023
19.38500 0.52020464
19.39000 0.52024904
19.39500 0.52029343
19.40000 0.52033781
19.40500 0.52038219
19.41000 0.52042656
19.41500 0.52047092
19.42000 0.52051528
19.42500 0.52055962
19.43000 0.52060396
19.43500 0.52064830
19.44000 0.52069262
19.44500 0.52073694
19.45000 0.52078125
19.45500 0.52082555
19.46000 0.52086984
19.46500 0.52091413
19.47000 0.52095841
19.47500 0.52100268
19.48000 0.52104694
19.48500 0.52109120
19.49000 0.52113545
19.49500 0.52117969
19.50000 0.52122392
19.50500 0.52126815
19.51000 0.52131237
19.51500 0.52135658
19.52000 0.52140078
19.52500 0.52144498
19.53000 0.52148917
19.53500 0.52153335
19.54000 0.52157752
19.54500 0.52162169
19.55000 0.52166584
19.55500 0.52171000
19.56000 0.52175414
19.56500 0.52179828
19.57000 0.52184240
19.57500 0.52188652
19.58000 0.52193064
19.58500 0.52197474
19.59000 0.52201884
19.59500 0.52206293
19.60000 0.52210702
19.60500 0.52215109
19.61000 0.52219516
19.61500 0.52223922
19.62000 0.52228328
19.62500 0.52232732
19.63000 0.52237136
19.63500 0.52241539
19.64000 0.52245942
19.64500 0.52250343
19.65000 0.52254744
19.65500 0.52259145
19.66000 0.52263544
19.66500 0.52267943
19.67000 0.52272341
19.67500 0.52276738
19.68000 0.52281134
19.68500 0.52285530
19.69000 0.52289925
19.69500 0.52294319
19.70000 0.52298713
19.70500 0.52303105
19.71000 0.52307497
19.71500 0.52311889
19.72000 0.52316279
19.72500 0.52320669
19.73000 0.52325058
19.73500 0.52329446
19.74000 0.52333834
19.74500 0.52338221
19.75000 0.52342607
19.75500 0.52346992
19.76000 0.52351377
19.76500 0.52355761
19.77000 0.52360144
19.77500 0.52364526
19.78000 0.52368908
19.78500 0.52373289
19.79000 0.52377669
19.79500 0.52382048
19.80000 0.52386427
19.80500 0.52390805
19.81000 0.52395182
19.81500 0.52399559
19.82000 0.52403935
19.82500 0.52408310
19.83000 0.52412684
19.83500 0.52417058
19.84000 0.52421431
19.84500 0.52425803
19.85000 0.52430174
19.85500 0.52434545
19.86000 0.52438915
19.86500 0.52443284
19.87000 0.52447652
19.87500 0.52452020
19.88000 0.52456387
19.88500 0.52460753
19.89000 0.52465119
19.89500 0.52469484
19.90000 0.52473848
19.90500 0.52478211
19.91000 0.52482574
19.91500 0.52486936
19.92000 0.52491297
19.92500 0.52495658
19.93000 0.52500017
19.93500 0.52504376
19.94000 0.52508735
19.94500 0.52513092
19.95000 0.52517449
19.95500 0.52521805
19.96000 0.52526160
19.96500 0.52530515
19.97000 0.52534869
19.97500 0.52539222
19.98000 0.52543575
19.98500 0.52547927
19.99000 0.52552278
19.99500 0.52556628
20.00000 0.52560977
20.00500 0.52565326
20.01000 0.52569674
20.01500 0.52574022
20.02000 0.52578369
20.02500 0.52582715
20.03000 0.52587060
20.03500 0.52591404
20.04000 0.52595748
20.04500 0.52600091
20.05000 0.52604434
20.05500 0.52608775
20.06000 0.52613116
20.06500 0.52617457
20.07000 0.52621796
20.07500 0.52626135
20.08000 0.52630473
20.08500 0.52634810
20.09000 0.52639147
20.09500 0.52643483
20.10000 0.52647818
20.10500 0.52652153
20.11000 0.52656486
20.11500 0.52660819
20.12000 0.52665152
20.12500 0.52669483
20.13000 0.52673814
20.13500 0.52678144
20.14000 0.52682474
20.14500 0.52686803
20.15000 0.52691131
20.15500 0.52695458
20.16000 0.52699785
20.16500 0.52704111
20.17000 0.52708436
20.17500 0.52712760
20.18000 0.52717084
20.18500 0.52721407
20.19000 0.52725730
20.19500 0.52730051
20.20000 0.52734372
20.20500 0.52738692
20.21000 0.52743012
20.21500 0.52747331
20.22000 0.52751649
20.22500 0.52755966
20.23000 0.52760283
20.23500 0.52764599
20.24000 0.52768914
20.24500 0.52773229
20.25000 0.52777542
