0.25000 0.00000000
0.25500 0.03810896
0.26000 0.07601825
0.26500 0.11373151
0.27000 0.15125215
0.27500 0.18858353
0.28000 0.22572895
0.28500 0.26269166
0.29000 0.29947484
0.29500 0.33608157
0.30000 0.37251489
0.30500 0.40877778
0.31000 0.44487313
0.31500 0.48080376
0.32000 0.51657245
0.32500 0.55218189
0.33000 0.58763471
0.33500 0.62293349
0.34000 0.65808072
0.34500 0.69307886
0.35000 0.72793030
0.35500 0.76263735
0.36000 0.79720231
0.36500 0.83162737
0.37000 0.86591472
0.37500 0.90006645
0.38000 0.93408463
0.38500 0.96797127
0.39000 1.00172834
0.39500 1.03535774
0.40000 1.06886136
0.40500 1.10224101
0.41000 1.13549849
0.41500 1.16863553
0.42000 1.20165383
0.42500 1.23455507
0.43000 1.26734086
0.43500 1.30001280
0.44000 1.33257243
0.44500 1.36502127
0.45000 1.39736081
0.45500 1.42959249
0.46000 1.46171773
0.46500 1.49373793
0.47000 1.52565443
0.47500 1.55746857
0.48000 1.58918164
0.48500 1.62079492
0.49000 1.65230965
0.49500 1.68372705
0.50000 1.71504832
0.50500 1.74627461
0.51000 1.77740709
0.51500 1.80844686
0.52000 1.83939503
0.52500 1.87025268
0.53000 1.90102085
0.53500 1.93170059
0.54000 1.96229290
0.54500 1.99279879
0.55000 2.02321922
0.55500 2.05355515
0.56000 2.08380753
0.56500 2.11397726
0.57000 2.14406526
0.57500 2.17407240
0.58000 2.20399956
0.58500 2.23384760
0.59000 2.26361734
0.59500 2.29330962
0.60000 2.32292523
0.60500 2.35246498
0.61000 2.38192964
0.61500 2.41131998
0.62000 2.44063674
0.62500 2.46988067
0.63000 2.49905250
0.63500 2.52815293
0.64000 2.55718268
0.64500 2.58614242
0.65000 2.61503283
0.65500 2.64385459
0.66000 2.67260835
0.66500 2.70129474
0.67000 2.72991442
0.67500 2.75846799
0.68000 2.78695608
0.68500 2.81537929
0.69000 2.84373820
0.69500 2.87203342
0.70000 2.90026550
0.70500 2.92843502
0.71000 2.95654254
0.71500 2.98458860
0.72000 3.01257375
0.72500 3.04049852
0.73000 3.06836342
0.73500 3.09616899
0.74000 3.12391572
0.74500 3.15160411
0.75000 3.17923467
0.75500 3.20680788
0.76000 3.23432421
0.76500 3.26178415
0.77000 3.28918814
0.77500 3.31653666
0.78000 3.34383016
0.78500 3.37106907
0.79000 3.39825385
0.79500 3.42538492
0.80000 3.45246271
0.80500 3.47948764
0.81000 3.50646014
0.81500 3.53338060
0.82000 3.56024943
0.82500 3.58706703
0.83000 3.61383380
0.83500 3.64055012
0.84000 3.66721637
0.84500 3.69383294
0.85000 3.72040019
0.85500 3.74691850
0.86000 3.77338823
0.86500 3.79980973
0.87000 3.82618337
0.87500 3.85250948
0.88000 3.87878842
0.88500 3.90502052
0.89000 3.93120613
0.89500 3.95734556
0.90000 3.98343916
0.90500 4.00948725
0.91000 4.03549014
0.91500 4.06144815
0.92000 4.08736160
0.92500 4.11323079
0.93000 4.13905602
0.93500 4.16483761
0.94000 4.19057583
0.94500 4.21627100
0.95000 4.24192339
0.95500 4.26753330
0.96000 4.29310101
0.96500 4.31862680
0.97000 4.34411094
0.97500 4.36955372
0.98000 4.39495539
0.98500 4.42031623
0.99000 4.44563651
0.99500 4.47091648
1.00000 4.49615641
1.00500 4.52135654
1.01000 4.54651713
1.01500 4.57163844
1.02000 4.59672070
1.02500 4.62176417
1.03000 4.64676908
1.03500 4.67173568
1.04000 4.69666420
1.04500 4.72155487
1.05000 4.74640793
1.05500 4.77122361
1.06000 4.79600212
1.06500 4.82074371
1.07000 4.84544858
1.07500 4.87011696
1.08000 4.89474906
1.08500 4.91934511
1.09000 4.94390531
1.09500 4.96842987
1.10000 4.99291900
1.10500 5.01737291
1.11000 5.04179181
1.11500 5.06617588
1.12000 5.09052535
1.12500 5.11484039
1.13000 5.13912121
1.13500 5.16336801
1.14000 5.18758097
1.14500 5.21176029
1.15000 5.23590615
1.15500 5.26001874
1.16000 5.28409824
1.16500 5.30814485
1.17000 5.33215873
1.17500 5.35614007
1.18000 5.38008905
1.18500 5.40400584
1.19000 5.42789061
1.19500 5.45174355
1.20000 5.47556482
1.20500 5.49935458
1.21000 5.52311302
1.21500 5.54684029
1.22000 5.57053656
1.22500 5.59420199
1.23000 5.61783675
1.23500 5.64144099
1.24000 5.66501487
1.24500 5.68855856
1.25000 5.71207220
1.25500 5.73555595
1.26000 5.75900997
1.26500 5.78243440
1.27000 5.80582940
1.27500 5.82919512
1.28000 5.85253170
1.28500 5.87583929
1.29000 5.89911803
1.29500 5.92236808
1.30000 5.94558956
1.30500 5.96878263
1.31000 5.99194742
1.31500 6.01508408
1.32000 6.03819273
1.32500 6.06127353
1.33000 6.08432659
1.33500 6.10735206
1.34000 6.13035008
1.34500 6.15332076
1.35000 6.17626425
1.35500 6.19918066
1.36000 6.22207015
1.36500 6.24493282
1.37000 6.26776880
1.37500 6.29057823
1.38000 6.31336122
1.38500 6.33611790
1.39000 6.35884840
1.39500 6.38155283
1.40000 6.40423131
1.40500 6.42688397
1.41000 6.44951092
1.41500 6.47211227
1.42000 6.49468816
1.42500 6.51723869
1.43000 6.53976397
1.43500 6.56226413
1.44000 6.58473927
1.44500 6.60718951
1.45000 6.62961496
1.45500 6.65201572
1.46000 6.67439191
1.46500 6.69674364
1.47000 6.71907102
1.47500 6.74137414
1.48000 6.76365312
1.48500 6.78590807
1.49000 6.80813909
1.49500 6.83034627
1.50000 6.85252973
1.50500 6.87468957
1.51000 6.89682589
1.51500 6.91893878
1.52000 6.94102836
1.52500 6.96309471
1.53000 6.98513794
1.53500 7.00715815
1.54000 7.02915543
1.54500 7.05112987
1.55000 7.07308158
1.55500 7.09501065
1.56000 7.11691717
1.56500 7.13880124
1.57000 7.16066295
1.57500 7.18250238
1.58000 7.20431965
1.58500 7.22611482
1.59000 7.24788800
1.59500 7.26963928
1.60000 7.29136873
1.60500 7.31307646
1.61000 7.33476255
1.61500 7.35642708
1.62000 7.37807014
1.62500 7.39969183
1.63000 7.42129221
1.63500 7.44287139
1.64000 7.46442943
1.64500 7.48596644
1.65000 7.50748248
1.65500 7.52897764
1.66000 7.55045200
1.66500 7.57190565
1.67000 7.59333867
1.67500 7.61475112
1.68000 7.63614311
1.68500 7.65751469
1.69000 7.67886596
1.69500 7.70019699
1.70000 7.72150786
1.70500 7.74279864
1.71000 7.76406941
1.71500 7.78532024
1.72000 7.80655122
1.72500 7.82776242
1.73000 7.84895391
1.73500 7.87012576
1.74000 7.89127806
1.74500 7.91241086
1.75000 7.93352425
1.75500 7.95461830
1.76000 7.97569307
1.76500 7.99674864
1.77000 8.01778508
1.77500 8.03880247
1.78000 8.05980086
1.78500 8.08078033
1.79000 8.10174095
1.79500 8.12268278
1.80000 8.14360590
1.80500 8.16451037
1.81000 8.18539627
1.81500 8.20626364
1.82000 8.22711257
1.82500 8.24794311
1.83000 8.26875534
1.83500 8.28954932
1.84000 8.31032511
1.84500 8.33108278
1.85000 8.35182238
1.85500 8.37254400
1.86000 8.39324768
1.86500 8.41393349
1.87000 8.43460149
1.87500 8.45525175
1.88000 8.47588432
1.88500 8.49649927
1.89000 8.51709666
1.89500 8.53767654
1.90000 8.55823899
1.90500 8.57878405
1.91000 8.59931179
1.91500 8.61982227
1.92000 8.64031554
1.92500 8.66079167
1.93000 8.68125071
1.93500 8.70169271
1.94000 8.72211775
1.94500 8.74252586
1.95000 8.76291712
1.95500 8.78329157
1.96000 8.80364927
1.96500 8.82399029
1.97000 8.84431466
1.97500 8.86462245
1.98000 8.88491372
1.98500 8.90518851
1.99000 8.92544688
1.99500 8.94568889
2.00000 8.96591459
2.00500 8.98612402
2.01000 9.00631725
2.01500 9.02649433
2.02000 9.04665531
2.02500 9.06680023
2.03000 9.08692916
2.03500 9.10704214
2.04000 9.12713923
2.04500 9.14722047
2.05000 9.16728592
2.05500 9.18733562
2.06000 9.20736963
2.06500 9.22738800
2.07000 9.24739077
2.07500 9.26737799
2.08000 9.28734972
2.08500 9.30730599
2.09000 9.32724687
2.09500 9.34717239
2.10000 9.36708261
2.10500 9.38697758
2.11000 9.40685733
2.11500 9.42672192
2.12000 9.44657139
2.12500 9.46640579
2.13000 9.48622517
2.13500 9.50602957
2.14000 9.52581904
2.14500 9.54559363
2.15000 9.56535337
2.15500 9.58509831
2.16000 9.60482851
2.16500 9.62454399
2.17000 9.64424482
2.17500 9.66393102
2.18000 9.68360265
2.18500 9.70325975
2.19000 9.72290236
2.19500 9.74253053
2.20000 9.76214430
2.20500 9.78174370
2.21000 9.80132879
2.21500 9.82089960
2.22000 9.84045618
2.22500 9.85999857
2.23000 9.87952682
2.23500 9.89904095
2.24000 9.91854102
2.24500 9.93802706
2.25000 9.95749911
2.25500 9.97695723
2.26000 9.99640143
2.26500 10.01583178
2.27000 10.03524830
2.27500 10.05465103
2.28000 10.07404002
2.28500 10.09341531
2.29000 10.11277693
2.29500 10.13212492
2.30000 10.15145932
2.30500 10.17078017
2.31000 10.19008751
2.31500 10.20938138
2.32000 10.22866181
2.32500 10.24792884
2.33000 10.26718251
2.33500 10.28642286
2.34000 10.30564993
2.34500 10.32486374
2.35000 10.34406434
2.35500 10.36325177
2.36000 10.38242606
2.36500 10.40158725
2.37000 10.42073537
2.37500 10.43987046
2.38000 10.45899255
2.38500 10.47810169
2.39000 10.49719790
2.39500 10.51628122
2.40000 10.53535170
2.40500 10.55440935
2.41000 10.57345422
2.41500 10.59248634
2.42000 10.61150575
2.42500 10.63051247
2.43000 10.64950655
2.43500 10.66848802
2.44000 10.68745691
2.44500 10.70641326
2.45000 10.72535709
2.45500 10.74428845
2.46000 10.76320736
2.46500 10.78211386
2.47000 10.80100798
2.47500 10.81988976
2.48000 10.83875922
2.48500 10.85761640
2.49000 10.87646133
2.49500 10.89529405
2.50000 10.91411458
2.50500 10.93292296
2.51000 10.95171921
2.51500 10.97050338
2.52000 10.98927548
2.52500 11.00803556
2.53000 11.02678365
2.53500 11.04551977
2.54000 11.06424395
2.54500 11.08295623
2.55000 11.10165664
2.55500 11.12034520
2.56000 11.13902195
2.56500 11.15768692
2.57000 11.17634014
2.57500 11.19498163
2.58000 11.21361143
2.58500 11.23222957
2.59000 11.25083607
2.59500 11.26943097
2.60000 11.28801429
2.60500 11.30658606
2.61000 11.32514632
2.61500 11.34369509
2.62000 11.36223240
2.62500 11.38075828
2.63000 11.39927275
2.63500 11.41777585
2.64000 11.43626760
2.64500 11.45474804
2.65000 11.47321718
2.65500 11.49167506
2.66000 11.51012170
2.66500 11.52855714
2.67000 11.54698140
2.67500 11.56539450
2.68000 11.58379648
2.68500 11.60218736
2.69000 11.62056717
2.69500 11.63893593
2.70000 11.65729367
2.70500 11.67564043
2.71000 11.69397622
2.71500 11.71230106
2.72000 11.73061500
2.72500 11.74891805
2.73000 11.76721024
2.73500 11.78549160
2.74000 11.80376215
2.74500 11.82202192
2.75000 11.84027093
2.75500 11.85850921
2.76000 11.87673678
2.76500 11.89495367
2.77000 11.91315991
2.77500 11.93135551
2.78000 11.94954051
2.78500 11.96771493
2.79000 11.98587880
2.79500 12.00403213
2.80000 12.02217496
2.80500 12.04030730
2.81000 12.05842919
2.81500 12.07654065
2.82000 12.09464169
2.82500 12.11273235
2.83000 12.13081265
2.83500 12.14888262
2.84000 12.16694227
2.84500 12.18499163
2.85000 12.20303072
2.85500 12.22105957
2.86000 12.23907820
2.86500 12.25708664
2.87000 12.27508490
2.87500 12.29307302
2.88000 12.31105101
2.88500 12.32901889
2.89000 12.34697669
2.89500 12.36492444
2.90000 12.38286215
2.90500 12.40078985
2.91000 12.41870756
2.91500 12.43661530
2.92000 12.45451309
2.92500 12.47240097
2.93000 12.49027894
2.93500 12.50814703
2.94000 12.52600526
2.94500 12.54385366
2.95000 12.56169225
2.95500 12.57952105
2.96000 12.59734007
2.96500 12.61514935
2.97000 12.63294890
2.97500 12.65073874
2.98000 12.66851890
2.98500 12.68628939
2.99000 12.70405025
2.99500 12.72180148
3.00000 12.73954311
3.00500 12.75727517
3.01000 12.77499766
3.01500 12.79271062
3.02000 12.81041406
3.02500 12.82810800
3.03000 12.84579247
3.03500 12.86346748
3.04000 12.88113306
3.04500 12.89878922
3.05000 12.91643599
3.05500 12.93407338
3.06000 12.95170142
3.06500 12.96932012
3.07000 12.98692951
3.07500 13.00452960
3.08000 13.02212042
3.08500 13.03970198
3.09000 13.05727430
3.09500 13.07483741
3.10000 13.09239132
3.10500 13.10993605
3.11000 13.12747163
3.11500 13.14499806
3.12000 13.16251538
3.12500 13.18002359
3.13000 13.19752272
3.13500 13.21501279
3.14000 13.23249382
3.14500 13.24996581
3.15000 13.26742881
3.15500 13.28488281
3.16000 13.30232784
3.16500 13.31976392
3.17000 13.33719107
3.17500 13.35460931
3.18000 13.37201865
3.18500 13.38941911
3.19000 13.40681071
3.19500 13.42419347
3.20000 13.44156741
3.20500 13.45893254
3.21000 13.47628889
3.21500 13.49363646
3.22000 13.51097528
3.22500 13.52830537
3.23000 13.54562675
3.23500 13.56293942
3.24000 13.58024341
3.24500 13.59753874
3.25000 13.61482542
3.25500 13.63210348
3.26000 13.64937292
3.26500 13.66663376
3.27000 13.68388603
3.27500 13.70112974
3.28000 13.71836491
3.28500 13.73559155
3.29000 13.75280968
3.29500 13.77001932
3.30000 13.78722048
3.30500 13.80441319
3.31000 13.82159745
3.31500 13.83877329
3.32000 13.85594072
3.32500 13.87309975
3.33000 13.89025041
3.33500 13.90739271
3.34000 13.92452667
3.34500 13.94165230
3.35000 13.95876962
3.35500 13.97587865
3.36000 13.99297940
3.36500 14.01007188
3.37000 14.02715612
3.37500 14.04423213
3.38000 14.06129993
3.38500 14.07835952
3.39000 14.09541094
3.39500 14.11245419
3.40000 14.12948928
3.40500 14.14651624
3.41000 14.16353508
3.41500 14.18054582
3.42000 14.19754847
3.42500 14.21454304
3.43000 14.23152956
3.43500 14.24850803
3.44000 14.26547848
3.44500 14.28244091
3.45000 14.29939535
3.45500 14.31634180
3.46000 14.33328029
3.46500 14.35021083
3.47000 14.36713343
3.47500 14.38404810
3.48000 14.40095487
3.48500 14.41785375
3.49000 14.43474475
3.49500 14.45162789
3.50000 14.46850318
3.50500 14.48537064
3.51000 14.50223027
3.51500 14.51908211
3.52000 14.53592615
3.52500 14.55276242
3.53000 14.56959093
3.53500 14.58641169
3.54000 14.60322471
3.54500 14.62003002
3.55000 14.63682763
3.55500 14.65361755
3.56000 14.67039979
3.56500 14.68717437
3.57000 14.70394130
3.57500 14.72070060
3.58000 14.73745228
3.58500 14.75419635
3.59000 14.77093283
3.59500 14.78766174
3.60000 14.80438308
3.60500 14.82109686
3.61000 14.83780312
3.61500 14.85450185
3.62000 14.87119306
3.62500 14.88787679
3.63000 14.90455303
3.63500 14.92122180
3.64000 14.93788311
3.64500 14.95453699
3.65000 14.97118343
3.65500 14.98782246
3.66000 15.00445408
3.66500 15.02107832
3.67000 15.03769518
3.67500 15.05430468
3.68000 15.07090683
3.68500 15.08750164
3.69000 15.10408912
3.69500 15.12066930
3.70000 15.13724217
3.70500 15.15380777
3.71000 15.17036609
3.71500 15.18691715
3.72000 15.20346096
3.72500 15.21999754
3.73000 15.23652690
3.73500 15.25304904
3.74000 15.26956400
3.74500 15.28607177
3.75000 15.30257237
3.75500 15.31906580
3.76000 15.33555210
3.76500 15.35203126
3.77000 15.36850330
3.77500 15.38496823
3.78000 15.40142606
3.78500 15.41787681
3.79000 15.43432048
3.79500 15.45075710
3.80000 15.46718667
3.80500 15.48360920
3.81000 15.50002471
3.81500 15.51643320
3.82000 15.53283470
3.82500 15.54922921
3.83000 15.56561674
3.83500 15.58199731
3.84000 15.59837093
3.84500 15.61473761
3.85000 15.63109736
3.85500 15.64745019
3.86000 15.66379612
3.86500 15.68013515
3.87000 15.69646730
3.87500 15.71279258
3.88000 15.72911101
3.88500 15.74542258
3.89000 15.76172733
3.89500 15.77802524
3.90000 15.79431635
3.90500 15.81060065
3.91000 15.82687817
3.91500 15.84314890
3.92000 15.85941287
3.92500 15.87567008
3.93000 15.89192055
3.93500 15.90816429
3.94000 15.92440130
3.94500 15.94063160
3.95000 15.95685521
3.95500 15.97307212
3.96000 15.98928235
3.96500 16.00548592
3.97000 16.02168284
3.97500 16.03787310
3.98000 16.05405674
3.98500 16.07023375
3.99000 16.08640415
3.99500 16.10256795
4.00000 16.11872516
4.00500 16.13487578
4.01000 16.15101984
4.01500 16.16715734
4.02000 16.18328830
4.02500 16.19941271
4.03000 16.21553060
4.03500 16.23164197
4.04000 16.24774684
4.04500 16.26384522
4.05000 16.27993711
4.05500 16.29602252
4.06000 16.31210147
4.06500 16.32817397
4.07000 16.34424003
4.07500 16.36029966
4.08000 16.37635286
4.08500 16.39239965
4.09000 16.40844004
4.09500 16.42447404
4.10000 16.44050165
4.10500 16.45652290
4.11000 16.47253779
4.11500 16.48854632
4.12000 16.50454852
4.12500 16.52054438
4.13000 16.53653393
4.13500 16.55251716
4.14000 16.56849410
4.14500 16.58446474
4.15000 16.60042910
4.15500 16.61638720
4.16000 16.63233903
4.16500 16.64828461
4.17000 16.66422395
4.17500 16.68015706
4.18000 16.69608394
4.18500 16.71200462
4.19000 16.72791909
4.19500 16.74382737
4.20000 16.75972947
4.20500 16.77562539
4.21000 16.79151515
4.21500 16.80739876
4.22000 16.82327622
4.22500 16.83914755
4.23000 16.85501275
4.23500 16.87087184
4.24000 16.88672482
4.24500 16.90257170
4.25000 16.91841250
4.25500 16.93424721
4.26000 16.95007586
4.26500 16.96589845
4.27000 16.98171499
4.27500 16.99752548
4.28000 17.01332995
4.28500 17.02912839
4.29000 17.04492082
4.29500 17.06070724
4.30000 17.07648767
4.30500 17.09226211
4.31000 17.10803058
4.31500 17.12379307
4.32000 17.13954961
4.32500 17.15530020
4.33000 17.17104485
4.33500 17.18678357
4.34000 17.20251636
4.34500 17.21824324
4.35000 17.23396421
4.35500 17.24967929
4.36000 17.26538848
4.36500 17.28109180
4.37000 17.29678924
4.37500 17.31248082
4.38000 17.32816655
4.38500 17.34384644
4.39000 17.35952049
4.39500 17.37518871
4.40000 17.39085112
4.40500 17.40650772
4.41000 17.42215852
4.41500 17.43780353
4.42000 17.45344275
4.42500 17.46907620
4.43000 17.48470389
4.43500 17.50032582
4.44000 17.51594200
4.44500 17.53155244
4.45000 17.54715714
4.45500 17.56275613
4.46000 17.57834939
4.46500 17.59393696
4.47000 17.60951882
4.47500 17.62509499
4.48000 17.64066549
4.48500 17.65623031
4.49000 17.67178946
4.49500 17.68734296
4.50000 17.70289081
4.50500 17.71843301
4.51000 17.73396959
4.51500 17.74950054
4.52000 17.76502588
4.52500 17.78054561
4.53000 17.79605974
4.53500 17.81156828
4.54000 17.82707123
4.54500 17.84256861
4.55000 17.85806042
4.55500 17.87354667
4.56000 17.88902737
4.56500 17.90450253
4.57000 17.91997216
4.57500 17.93543625
4.58000 17.95089483
4.58500 17.96634789
4.59000 17.98179545
4.59500 17.99723752
4.60000 18.01267409
4.60500 18.02810519
4.61000 18.04353081
4.61500 18.05895097
4.62000 18.07436567
4.62500 18.08977492
4.63000 18.10517873
4.63500 18.12057711
4.64000 18.13597006
4.64500 18.15135760
4.65000 18.16673972
4.65500 18.18211644
4.66000 18.19748776
4.66500 18.21285369
4.67000 18.22821425
4.67500 18.24356943
4.68000 18.25891924
4.68500 18.27426370
4.69000 18.28960281
4.69500 18.30493658
4.70000 18.32026500
4.70500 18.33558811
4.71000 18.35090589
4.71500 18.36621835
4.72000 18.38152551
4.72500 18.39682738
4.73000 18.41212395
4.73500 18.42741524
4.74000 18.44270125
4.74500 18.45798199
4.75000 18.47325747
4.75500 18.48852770
4.76000 18.50379267
4.76500 18.51905241
4.77000 18.53430692
4.77500 18.54955620
4.78000 18.56480026
4.78500 18.58003911
4.79000 18.59527275
4.79500 18.61050120
4.80000 18.62572445
4.80500 18.64094253
4.81000 18.65615543
4.81500 18.67136316
4.82000 18.68656572
4.82500 18.70176313
4.83000 18.71695540
4.83500 18.73214252
4.84000 18.74732451
4.84500 18.76250137
4.85000 18.77767312
4.85500 18.79283975
4.86000 18.80800127
4.86500 18.82315769
4.87000 18.83830902
4.87500 18.85345527
4.88000 18.86859644
4.88500 18.88373253
4.89000 18.89886356
4.89500 18.91398953
4.90000 18.92911045
4.90500 18.94422633
4.91000 18.95933716
4.91500 18.97444297
4.92000 18.98954375
4.92500 19.00463951
4.93000 19.01973026
4.93500 19.03481601
4.94000 19.04989676
4.94500 19.06497251
4.95000 19.08004329
4.95500 19.09510908
4.96000 19.11016990
4.96500 19.12522576
4.97000 19.14027666
4.97500 19.15532261
4.98000 19.17036361
4.98500 19.18539967
4.99000 19.20043080
4.99500 19.21545701
5.00000 19.23047830
5.00500 19.24549467
5.01000 19.26050613
5.01500 19.27551270
5.02000 19.29051437
5.02500 19.30551116
5.03000 19.32050306
5.03500 19.33549009
5.04000 19.35047225
5.04500 19.36544955
5.05000 19.38042200
5.05500 19.39538959
5.06000 19.41035234
5.06500 19.42531026
5.07000 19.44026334
5.07500 19.45521160
5.08000 19.47015504
5.08500 19.48509368
5.09000 19.50002750
5.09500 19.51495653
5.10000 19.52988076
5.10500 19.54480021
5.11000 19.55971487
5.11500 19.57462476
5.12000 19.58952988
5.12500 19.60443024
5.13000 19.61932584
5.13500 19.63421670
5.14000 19.64910281
5.14500 19.66398418
5.15000 19.67886081
5.15500 19.69373273
5.16000 19.70859992
5.16500 19.72346240
5.17000 19.73832017
5.17500 19.75317323
5.18000 19.76802160
5.18500 19.78286529
5.19000 19.79770428
5.19500 19.81253860
5.20000 19.82736825
5.20500 19.84219323
5.21000 19.85701355
5.21500 19.87182921
5.22000 19.88664023
5.22500 19.90144660
5.23000 19.91624833
5.23500 19.93104544
5.24000 19.94583791
5.24500 19.96062577
5.25000 19.97540902
5.25500 19.99018765
5.26000 20.00496169
5.26500 20.01973112
5.27000 20.03449597
5.27500 20.04925623
5.28000 20.06401191
5.28500 20.07876301
5.29000 20.09350955
5.29500 20.10825153
5.30000 20.12298895
5.30500 20.13772181
5.31000 20.15245014
5.31500 20.16717392
5.32000 20.18189316
5.32500 20.19660788
5.33000 20.21131808
5.33500 20.22602375
5.34000 20.24072492
5.34500 20.25542158
5.35000 20.27011374
5.35500 20.28480140
5.36000 20.29948457
5.36500 20.31416326
5.37000 20.32883747
5.37500 20.34350720
5.38000 20.35817247
5.38500 20.37283327
5.39000 20.38748962
5.39500 20.40214151
5.40000 20.41678896
5.40500 20.43143197
5.41000 20.44607054
5.41500 20.46070468
5.42000 20.47533440
5.42500 20.48995970
5.43000 20.50458058
5.43500 20.51919706
5.44000 20.53380913
5.44500 20.54841680
5.45000 20.56302008
5.45500 20.57761897
5.46000 20.59221349
5.46500 20.60680362
5.47000 20.62138938
5.47500 20.63597078
5.48000 20.65054781
5.48500 20.66512049
5.49000 20.67968882
5.49500 20.69425280
5.50000 20.70881244
5.50500 20.72336775
5.51000 20.73791872
5.51500 20.75246538
5.52000 20.76700771
5.52500 20.78154572
5.53000 20.79607943
5.53500 20.81060884
5.54000 20.82513394
5.54500 20.83965475
5.55000 20.85417127
5.55500 20.86868351
5.56000 20.88319147
5.56500 20.89769515
5.57000 20.91219457
5.57500 20.92668972
5.58000 20.94118061
5.58500 20.95566725
5.59000 20.97014964
5.59500 20.98462779
5.60000 20.99910170
5.60500 21.01357137
5.61000 21.02803682
5.61500 21.04249804
5.62000 21.05695504
5.62500 21.07140783
5.63000 21.08585641
5.63500 21.10030079
5.64000 21.11474096
5.64500 21.12917695
5.65000 21.14360874
5.65500 21.15803635
5.66000 21.17245978
5.66500 21.18687903
5.67000 21.20129411
5.67500 21.21570503
5.68000 21.23011179
5.68500 21.24451439
5.69000 21.25891284
5.69500 21.27330715
5.70000 21.28769731
5.70500 21.30208334
5.71000 21.31646524
5.71500 21.33084300
5.72000 21.34521665
5.72500 21.35958618
5.73000 21.37395160
5.73500 21.38831291
5.74000 21.40267011
5.74500 21.41702322
5.75000 21.43137223
5.75500 21.44571716
5.76000 21.46005800
5.76500 21.47439476
5.77000 21.48872744
5.77500 21.50305606
5.78000 21.51738060
5.78500 21.53170109
5.79000 21.54601752
5.79500 21.56032990
5.80000 21.57463823
5.80500 21.58894252
5.81000 21.60324277
5.81500 21.61753898
5.82000 21.63183117
5.82500 21.64611933
5.83000 21.66040347
5.83500 21.67468360
5.84000 21.68895971
5.84500 21.70323182
5.85000 21.71749992
5.85500 21.73176403
5.86000 21.74602415
5.86500 21.76028028
5.87000 21.77453242
5.87500 21.78878058
5.88000 21.80302477
5.88500 21.81726499
5.89000 21.83150124
5.89500 21.84573353
5.90000 21.85996186
5.90500 21.87418624
5.91000 21.88840667
5.91500 21.90262315
5.92000 21.91683570
5.92500 21.93104431
5.93000 21.94524899
5.93500 21.95944974
5.94000 21.97364657
5.94500 21.98783948
5.95000 22.00202848
5.95500 22.01621357
5.96000 22.03039475
5.96500 22.04457204
5.97000 22.05874542
5.97500 22.07291492
5.98000 22.08708052
5.98500 22.10124225
5.99000 22.11540009
5.99500 22.12955406
6.00000 22.14370415
6.00500 22.15785038
6.01000 22.17199275
6.01500 22.18613126
6.02000 22.20026592
6.02500 22.21439673
6.03000 22.22852369
6.03500 22.24264681
6.04000 22.25676609
6.04500 22.27088154
6.05000 22.28499316
6.05500 22.29910095
6.06000 22.31320493
6.06500 22.32730509
6.07000 22.34140144
6.07500 22.35549398
6.08000 22.36958271
6.08500 22.38366765
6.09000 22.39774879
6.09500 22.41182613
6.10000 22.42589969
6.10500 22.43996947
6.11000 22.45403547
6.11500 22.46809769
6.12000 22.48215614
6.12500 22.49621082
6.13000 22.51026175
6.13500 22.52430891
6.14000 22.53835231
6.14500 22.55239197
6.15000 22.56642788
6.15500 22.58046004
6.16000 22.59448847
6.16500 22.60851316
6.17000 22.62253412
6.17500 22.63655135
6.18000 22.65056486
6.18500 22.66457466
6.19000 22.67858073
6.19500 22.69258310
6.20000 22.70658175
6.20500 22.72057671
6.21000 22.73456796
6.21500 22.74855552
6.22000 22.76253939
6.22500 22.77651957
6.23000 22.79049607
6.23500 22.80446888
6.24000 22.81843802
6.24500 22.83240349
6.25000 22.84636529
6.25500 22.86032343
6.26000 22.87427790
6.26500 22.88822872
6.27000 22.90217588
6.27500 22.91611940
6.28000 22.93005927
6.28500 22.94399550
6.29000 22.95792809
6.29500 22.97185705
6.30000 22.98578238
6.30500 22.99970408
6.31000 23.01362216
6.31500 23.02753662
6.32000 23.04144747
6.32500 23.05535471
6.33000 23.06925833
6.33500 23.08315836
6.34000 23.09705478
6.34500 23.11094761
6.35000 23.12483685
6.35500 23.13872250
6.36000 23.15260456
6.36500 23.16648304
6.37000 23.18035794
6.37500 23.19422928
6.38000 23.20809704
6.38500 23.22196123
6.39000 23.23582186
6.39500 23.24967893
6.40000 23.26353245
6.40500 23.27738241
6.41000 23.29122883
6.41500 23.30507170
6.42000 23.31891103
6.42500 23.33274683
6.43000 23.34657909
6.43500 23.36040782
6.44000 23.37423302
6.44500 23.38805471
6.45000 23.40187287
6.45500 23.41568751
6.46000 23.42949865
6.46500 23.44330628
6.47000 23.45711040
6.47500 23.47091102
6.48000 23.48470814
6.48500 23.49850177
6.49000 23.51229191
6.49500 23.52607856
6.50000 23.53986173
6.50500 23.55364141
6.51000 23.56741762
6.51500 23.58119036
6.52000 23.59495963
6.52500 23.60872543
6.53000 23.62248777
6.53500 23.63624666
6.54000 23.65000208
6.54500 23.66375406
6.55000 23.67750258
6.55500 23.69124766
6.56000 23.70498930
6.56500 23.71872750
6.57000 23.73246227
6.57500 23.74619360
6.58000 23.75992151
6.58500 23.77364599
6.59000 23.78736705
6.59500 23.80108470
6.60000 23.81479893
6.60500 23.82850975
6.61000 23.84221716
6.61500 23.85592117
6.62000 23.86962177
6.62500 23.88331899
6.63000 23.89701280
6.63500 23.91070323
6.64000 23.92439027
6.64500 23.93807392
6.65000 23.95175420
6.65500 23.96543110
6.66000 23.97910462
6.66500 23.99277478
6.67000 24.00644156
6.67500 24.02010499
6.68000 24.03376505
6.68500 24.04742176
6.69000 24.06107511
6.69500 24.07472511
6.70000 24.08837177
6.70500 24.10201508
6.71000 24.11565505
6.71500 24.12929168
6.72000 24.14292498
6.72500 24.15655495
6.73000 24.17018159
6.73500 24.18380491
6.74000 24.19742491
6.74500 24.21104159
6.75000 24.22465495
6.75500 24.23826501
6.76000 24.25187175
6.76500 24.26547519
6.77000 24.27907533
6.77500 24.29267217
6.78000 24.30626572
6.78500 24.31985597
6.79000 24.33344293
6.79500 24.34702661
6.80000 24.36060701
6.80500 24.37418413
6.81000 24.38775797
6.81500 24.40132854
6.82000 24.41489584
6.82500 24.42845987
6.83000 24.44202064
6.83500 24.45557815
6.84000 24.46913240
6.84500 24.48268340
6.85000 24.49623115
6.85500 24.50977565
6.86000 24.52331690
6.86500 24.53685492
6.87000 24.55038969
6.87500 24.56392123
6.88000 24.57744954
6.88500 24.59097462
6.89000 24.60449647
6.89500 24.61801510
6.90000 24.63153051
6.90500 24.64504271
6.91000 24.65855169
6.91500 24.67205746
6.92000 24.68556002
6.92500 24.69905938
6.93000 24.71255553
6.93500 24.72604849
6.94000 24.73953825
6.94500 24.75302482
6.95000 24.76650820
6.95500 24.77998840
6.96000 24.79346541
6.96500 24.80693924
6.97000 24.82040990
6.97500 24.83387738
6.98000 24.84734168
6.98500 24.86080283
6.99000 24.87426080
6.99500 24.88771561
7.00000 24.90116727
7.00500 24.91461577
7.01000 24.92806111
7.01500 24.94150330
7.02000 24.95494235
7.02500 24.96837825
7.03000 24.98181101
7.03500 24.99524064
7.04000 25.00866712
7.04500 25.02209048
7.05000 25.03551070
7.05500 25.04892780
7.06000 25.06234177
7.06500 25.07575263
7.07000 25.08916036
7.07500 25.10256498
7.08000 25.11596649
7.08500 25.12936489
7.09000 25.14276018
7.09500 25.15615237
7.10000 25.16954145
7.10500 25.18292744
7.11000 25.19631034
7.11500 25.20969014
7.12000 25.22306685
7.12500 25.23644048
7.13000 25.24981102
7.13500 25.26317849
7.14000 25.27654287
7.14500 25.28990418
7.15000 25.30326242
7.15500 25.31661759
7.16000 25.32996969
7.16500 25.34331873
7.17000 25.35666471
7.17500 25.37000763
7.18000 25.38334749
7.18500 25.39668430
7.19000 25.41001807
7.19500 25.42334878
7.20000 25.43667645
7.20500 25.45000109
7.21000 25.46332268
7.21500 25.47664123
7.22000 25.48995676
7.22500 25.50326925
7.23000 25.51657872
7.23500 25.52988516
7.24000 25.54318858
7.24500 25.55648898
7.25000 25.56978637
7.25500 25.58308074
7.26000 25.59637210
7.26500 25.60966045
7.27000 25.62294580
7.27500 25.63622814
7.28000 25.64950748
7.28500 25.66278383
7.29000 25.67605718
7.29500 25.68932754
7.30000 25.70259491
7.30500 25.71585930
7.31000 25.72912070
7.31500 25.74237912
7.32000 25.75563456
7.32500 25.76888703
7.33000 25.78213652
7.33500 25.79538305
7.34000 25.80862660
7.34500 25.82186719
7.35000 25.83510482
7.35500 25.84833949
7.36000 25.86157120
7.36500 25.87479996
7.37000 25.88802576
7.37500 25.90124862
7.38000 25.91446853
7.38500 25.92768550
7.39000 25.94089952
7.39500 25.95411061
7.40000 25.96731876
7.40500 25.98052398
7.41000 25.99372626
7.41500 26.00692562
7.42000 26.02012206
7.42500 26.03331557
7.43000 26.04650616
7.43500 26.05969383
7.44000 26.07287859
7.44500 26.08606043
7.45000 26.09923937
7.45500 26.11241539
7.46000 26.12558852
7.46500 26.13875874
7.47000 26.15192606
7.47500 26.16509048
7.48000 26.17825201
7.48500 26.19141065
7.49000 26.20456640
7.49500 26.21771926
7.50000 26.23086923
7.50500 26.24401633
7.51000 26.25716055
7.51500 26.27030188
7.52000 26.28344035
7.52500 26.29657594
7.53000 26.30970867
7.53500 26.32283852
7.54000 26.33596551
7.54500 26.34908965
7.55000 26.36221092
7.55500 26.37532933
7.56000 26.38844489
7.56500 26.40155760
7.57000 26.41466746
7.57500 26.42777448
7.58000 26.44087865
7.58500 26.45397997
7.59000 26.46707846
7.59500 26.48017411
7.60000 26.49326693
7.60500 26.50635692
7.61000 26.51944407
7.61500 26.53252840
7.62000 26.54560990
7.62500 26.55868859
7.63000 26.57176445
7.63500 26.58483749
7.64000 26.59790772
7.64500 26.61097514
7.65000 26.62403975
7.65500 26.63710155
7.66000 26.65016054
7.66500 26.66321674
7.67000 26.67627013
7.67500 26.68932072
7.68000 26.70236852
7.68500 26.71541353
7.69000 26.72845574
7.69500 26.74149517
7.70000 26.75453181
7.70500 26.76756567
7.71000 26.78059675
7.71500 26.79362505
7.72000 26.80665057
7.72500 26.81967331
7.73000 26.83269329
7.73500 26.84571050
7.74000 26.85872494
7.74500 26.87173661
7.75000 26.88474553
7.75500 26.89775168
7.76000 26.91075507
7.76500 26.92375571
7.77000 26.93675360
7.77500 26.94974874
7.78000 26.96274113
7.78500 26.97573077
7.79000 26.98871767
7.79500 27.00170183
7.80000 27.01468325
7.80500 27.02766194
7.81000 27.04063788
7.81500 27.05361110
7.82000 27.06658159
7.82500 27.07954935
7.83000 27.09251439
7.83500 27.10547670
7.84000 27.11843629
7.84500 27.13139317
7.85000 27.14434733
7.85500 27.15729877
7.86000 27.17024750
7.86500 27.18319353
7.87000 27.19613685
7.87500 27.20907746
7.88000 27.22201537
7.88500 27.23495059
7.89000 27.24788310
7.89500 27.26081292
7.90000 27.27374004
7.90500 27.28666448
7.91000 27.29958622
7.91500 27.31250528
7.92000 27.32542166
7.92500 27.33833535
7.93000 27.35124637
7.93500 27.36415470
7.94000 27.37706036
7.94500 27.38996335
7.95000 27.40286367
7.95500 27.41576132
7.96000 27.42865630
7.96500 27.44154862
7.97000 27.45443828
7.97500 27.46732527
7.98000 27.48020961
7.98500 27.49309129
7.99000 27.50597032
7.99500 27.51884670
8.00000 27.53172043
8.00500 27.54459152
8.01000 27.55745996
8.01500 27.57032576
8.02000 27.58318891
8.02500 27.59604943
8.03000 27.60890732
8.03500 27.62176257
8.04000 27.63461519
8.04500 27.64746518
8.05000 27.66031254
8.05500 27.67315728
8.06000 27.68599939
8.06500 27.69883889
8.07000 27.71167576
8.07500 27.72451002
8.08000 27.73734167
8.08500 27.75017070
8.09000 27.76299712
8.09500 27.77582094
8.10000 27.78864215
8.10500 27.80146075
8.11000 27.81427676
8.11500 27.82709016
8.12000 27.83990097
8.12500 27.85270919
8.13000 27.86551481
8.13500 27.87831784
8.14000 27.89111828
8.14500 27.90391613
8.15000 27.91671140
8.15500 27.92950409
8.16000 27.94229419
8.16500 27.95508172
8.17000 27.96786667
8.17500 27.98064905
8.18000 27.99342886
8.18500 28.00620609
8.19000 28.01898076
8.19500 28.03175286
8.20000 28.04452240
8.20500 28.05728938
8.21000 28.07005379
8.21500 28.08281565
8.22000 28.09557495
8.22500 28.10833170
8.23000 28.12108590
8.23500 28.13383755
8.24000 28.14658665
8.24500 28.15933321
8.25000 28.17207722
8.25500 28.18481870
8.26000 28.19755763
8.26500 28.21029402
8.27000 28.22302788
8.27500 28.23575921
8.28000 28.24848801
8.28500 28.26121427
8.29000 28.27393801
8.29500 28.28665923
8.30000 28.29937792
8.30500 28.31209409
8.31000 28.32480774
8.31500 28.33751888
8.32000 28.35022750
8.32500 28.36293360
8.33000 28.37563720
8.33500 28.38833829
8.34000 28.40103686
8.34500 28.41373294
8.35000 28.42642651
8.35500 28.43911758
8.36000 28.45180615
8.36500 28.46449222
8.37000 28.47717580
8.37500 28.48985689
8.38000 28.50253548
8.38500 28.51521158
8.39000 28.52788520
8.39500 28.54055633
8.40000 28.55322498
8.40500 28.56589115
8.41000 28.57855483
8.41500 28.59121604
8.42000 28.60387478
8.42500 28.61653104
8.43000 28.62918482
8.43500 28.64183614
8.44000 28.65448499
8.44500 28.66713138
8.45000 28.67977530
8.45500 28.69241676
8.46000 28.70505575
8.46500 28.71769229
8.47000 28.73032638
8.47500 28.74295800
8.48000 28.75558718
8.48500 28.76821391
8.49000 28.78083818
8.49500 28.79346001
8.50000 28.80607940
8.50500 28.81869634
8.51000 28.83131084
8.51500 28.84392290
8.52000 28.85653252
8.52500 28.86913971
8.53000 28.88174447
8.53500 28.89434679
8.54000 28.90694669
8.54500 28.91954415
8.55000 28.93213919
8.55500 28.94473181
8.56000 28.95732200
8.56500 28.96990977
8.57000 28.98249512
8.57500 28.99507806
8.58000 29.00765858
8.58500 29.02023669
8.59000 29.03281239
8.59500 29.04538568
8.60000 29.05795656
8.60500 29.07052504
8.61000 29.08309111
8.61500 29.09565478
8.62000 29.10821605
8.62500 29.12077492
8.63000 29.13333140
8.63500 29.14588548
8.64000 29.15843716
8.64500 29.17098646
8.65000 29.18353337
8.65500 29.19607789
8.66000 29.20862003
8.66500 29.22115978
8.67000 29.23369715
8.67500 29.24623214
8.68000 29.25876475
8.68500 29.27129498
8.69000 29.28382285
8.69500 29.29634833
8.70000 29.30887145
8.70500 29.32139220
8.71000 29.33391058
8.71500 29.34642659
8.72000 29.35894025
8.72500 29.37145153
8.73000 29.38396046
8.73500 29.39646703
8.74000 29.40897125
8.74500 29.42147311
8.75000 29.43397261
8.75500 29.44646977
8.76000 29.45896457
8.76500 29.47145703
8.77000 29.48394714
8.77500 29.49643491
8.78000 29.50892033
8.78500 29.52140342
8.79000 29.53388416
8.79500 29.54636257
8.80000 29.55883864
8.80500 29.57131238
8.81000 29.58378379
8.81500 29.59625287
8.82000 29.60871962
8.82500 29.62118404
8.83000 29.63364613
8.83500 29.64610591
8.84000 29.65856336
8.84500 29.67101849
8.85000 29.68347131
8.85500 29.69592181
8.86000 29.70836999
8.86500 29.72081586
8.87000 29.73325942
8.87500 29.74570067
8.88000 29.75813961
8.88500 29.77057625
8.89000 29.78301058
8.89500 29.79544261
8.90000 29.80787234
8.90500 29.82029977
8.91000 29.83272490
8.91500 29.84514774
8.92000 29.85756828
8.92500 29.86998653
8.93000 29.88240249
8.93500 29.89481617
8.94000 29.90722755
8.94500 29.91963665
8.95000 29.93204346
8.95500 29.94444799
8.96000 29.95685025
8.96500 29.96925022
8.97000 29.98164792
8.97500 29.99404334
8.98000 30.00643648
8.98500 30.01882736
8.99000 30.03121596
8.99500 30.04360230
9.00000 30.05598637
9.00500 30.06836817
9.01000 30.08074771
9.01500 30.09312499
9.02000 30.10550000
9.02500 30.11787276
9.03000 30.13024326
9.03500 30.14261151
9.04000 30.15497750
9.04500 30.16734124
9.05000 30.17970273
9.05500 30.19206197
9.06000 30.20441896
9.06500 30.21677371
9.07000 30.22912621
9.07500 30.24147647
9.08000 30.25382449
9.08500 30.26617027
9.09000 30.27851382
9.09500 30.29085512
9.10000 30.30319420
9.10500 30.31553104
9.11000 30.32786565
9.11500 30.34019803
9.12000 30.35252818
9.12500 30.36485611
9.13000 30.37718181
9.13500 30.38950529
9.14000 30.40182655
9.14500 30.41414559
9.15000 30.42646241
9.15500 30.43877701
9.16000 30.45108940
9.16500 30.46339957
9.17000 30.47570754
9.17500 30.48801329
9.18000 30.50031684
9.18500 30.51261818
9.19000 30.52491731
9.19500 30.53721424
9.20000 30.54950896
9.20500 30.56180149
9.21000 30.57409182
9.21500 30.58637995
9.22000 30.59866588
9.22500 30.61094962
9.23000 30.62323117
9.23500 30.63551053
9.24000 30.64778769
9.24500 30.66006267
9.25000 30.67233546
9.25500 30.68460607
9.26000 30.69687449
9.26500 30.70914073
9.27000 30.72140480
9.27500 30.73366668
9.28000 30.74592639
9.28500 30.75818392
9.29000 30.77043927
9.29500 30.78269246
9.30000 30.79494347
9.30500 30.80719231
9.31000 30.81943899
9.31500 30.83168350
9.32000 30.84392584
9.32500 30.85616602
9.33000 30.86840404
9.33500 30.88063990
9.34000 30.89287361
9.34500 30.90510515
9.35000 30.91733454
9.35500 30.92956177
9.36000 30.94178685
9.36500 30.95400978
9.37000 30.96623056
9.37500 30.97844920
9.38000 30.99066568
9.38500 31.00288003
9.39000 31.01509222
9.39500 31.02730228
9.40000 31.03951020
9.40500 31.05171597
9.41000 31.06391961
9.41500 31.07612112
9.42000 31.08832049
9.42500 31.10051772
9.43000 31.11271283
9.43500 31.12490580
9.44000 31.13709665
9.44500 31.14928537
9.45000 31.16147196
9.45500 31.17365643
9.46000 31.18583878
9.46500 31.19801900
9.47000 31.21019711
9.47500 31.22237310
9.48000 31.23454697
9.48500 31.24671873
9.49000 31.25888837
9.49500 31.27105590
9.50000 31.28322132
9.50500 31.29538463
9.51000 31.30754584
9.51500 31.31970493
9.52000 31.33186193
9.52500 31.34401682
9.53000 31.35616960
9.53500 31.36832029
9.54000 31.38046888
9.54500 31.39261537
9.55000 31.40475976
9.55500 31.41690206
9.56000 31.42904226
9.56500 31.44118038
9.57000 31.45331640
9.57500 31.46545034
9.58000 31.47758219
9.58500 31.48971195
9.59000 31.50183962
9.59500 31.51396522
9.60000 31.52608873
9.60500 31.53821016
9.61000 31.55032951
9.61500 31.56244679
9.62000 31.57456199
9.62500 31.58667511
9.63000 31.59878617
9.63500 31.61089515
9.64000 31.62300206
9.64500 31.63510690
9.65000 31.64720967
9.65500 31.65931038
9.66000 31.67140902
9.66500 31.68350560
9.67000 31.69560012
9.67500 31.70769258
9.68000 31.71978298
9.68500 31.73187132
9.69000 31.74395760
9.69500 31.75604183
9.70000 31.76812401
9.70500 31.78020414
9.71000 31.79228221
9.71500 31.80435824
9.72000 31.81643221
9.72500 31.82850414
9.73000 31.84057403
9.73500 31.85264187
9.74000 31.86470767
9.74500 31.87677143
9.75000 31.88883315
9.75500 31.90089283
9.76000 31.91295048
9.76500 31.92500609
9.77000 31.93705967
9.77500 31.94911121
9.78000 31.96116072
9.78500 31.97320820
9.79000 31.98525366
9.79500 31.99729708
9.80000 32.00933849
9.80500 32.02137786
9.81000 32.03341522
9.81500 32.04545055
9.82000 32.05748386
9.82500 32.06951515
9.83000 32.08154443
9.83500 32.09357169
9.84000 32.10559693
9.84500 32.11762017
9.85000 32.12964138
9.85500 32.14166059
9.86000 32.15367779
9.86500 32.16569298
9.87000 32.17770617
9.87500 32.18971735
9.88000 32.20172652
9.88500 32.21373369
9.89000 32.22573886
9.89500 32.23774203
9.90000 32.24974321
9.90500 32.26174238
9.91000 32.27373956
9.91500 32.28573474
9.92000 32.29772793
9.92500 32.30971913
9.93000 32.32170834
9.93500 32.33369556
9.94000 32.34568079
9.94500 32.35766403
9.95000 32.36964529
9.95500 32.38162457
9.96000 32.39360186
9.96500 32.40557717
9.97000 32.41755050
9.97500 32.42952185
9.98000 32.44149122
9.98500 32.45345862
9.99000 32.46542404
9.99500 32.47738749
10.00000 32.48934897
10.00500 32.50130847
10.01000 32.51326601
10.01500 32.52522157
10.02000 32.53717517
10.02500 32.54912681
10.03000 32.56107648
10.03500 32.57302419
10.04000 32.58496993
10.04500 32.59691371
10.05000 32.60885554
10.05500 32.62079541
10.06000 32.63273332
10.06500 32.64466927
10.07000 32.65660327
10.07500 32.66853532
10.08000 32.68046541
10.08500 32.69239356
10.09000 32.70431976
10.09500 32.71624400
10.10000 32.72816631
10.10500 32.74008666
10.11000 32.75200508
10.11500 32.76392155
10.12000 32.77583608
10.12500 32.78774866
10.13000 32.79965931
10.13500 32.81156803
10.14000 32.82347480
10.14500 32.83537964
10.15000 32.84728255
10.15500 32.85918352
10.16000 32.87108257
10.16500 32.88297968
10.17000 32.89487486
10.17500 32.90676812
10.18000 32.91865945
10.18500 32.93054886
10.19000 32.94243634
10.19500 32.95432190
10.20000 32.96620553
10.20500 32.97808725
10.21000 32.98996705
10.21500 33.00184493
10.22000 33.01372090
10.22500 33.02559495
10.23000 33.03746708
10.23500 33.04933730
10.24000 33.06120562
10.24500 33.07307202
10.25000 33.08493651
10.25500 33.09679910
10.26000 33.10865977
10.26500 33.12051855
10.27000 33.13237542
10.27500 33.14423038
10.28000 33.15608345
10.28500 33.16793461
10.29000 33.17978388
10.29500 33.19163125
10.30000 33.20347672
10.30500 33.21532029
10.31000 33.22716197
10.31500 33.23900176
10.32000 33.25083966
10.32500 33.26267566
10.33000 33.27450978
10.33500 33.28634201
10.34000 33.29817235
10.34500 33.31000080
10.35000 33.32182737
10.35500 33.33365206
10.36000 33.34547487
10.36500 33.35729579
10.37000 33.36911484
10.37500 33.38093200
10.38000 33.39274729
10.38500 33.40456070
10.39000 33.41637224
10.39500 33.42818190
10.40000 33.43998970
10.40500 33.45179562
10.41000 33.46359966
10.41500 33.47540185
10.42000 33.48720216
10.42500 33.49900060
10.43000 33.51079718
10.43500 33.52259190
10.44000 33.53438475
10.44500 33.54617574
10.45000 33.55796488
10.45500 33.56975215
10.46000 33.58153756
10.46500 33.59332111
10.47000 33.60510281
10.47500 33.61688266
10.48000 33.62866065
10.48500 33.64043679
10.49000 33.65221107
10.49500 33.66398351
10.50000 33.67575410
10.50500 33.68752284
10.51000 33.69928973
10.51500 33.71105478
10.52000 33.72281798
10.52500 33.73457934
10.53000 33.74633886
10.53500 33.75809653
10.54000 33.76985237
10.54500 33.78160637
10.55000 33.79335853
10.55500 33.80510885
10.56000 33.81685734
10.56500 33.82860400
10.57000 33.84034882
10.57500 33.85209181
10.58000 33.86383297
10.58500 33.87557230
10.59000 33.88730981
10.59500 33.89904548
10.60000 33.91077933
10.60500 33.92251136
10.61000 33.93424156
10.61500 33.94596994
10.62000 33.95769649
10.62500 33.96942123
10.63000 33.98114415
10.63500 33.99286525
10.64000 34.00458453
10.64500 34.01630199
10.65000 34.02801765
10.65500 34.03973149
10.66000 34.05144351
10.66500 34.06315373
10.67000 34.07486213
10.67500 34.08656873
10.68000 34.09827351
10.68500 34.10997649
10.69000 34.12167767
10.69500 34.13337704
10.70000 34.14507461
10.70500 34.15677037
10.71000 34.16846434
10.71500 34.18015650
10.72000 34.19184686
10.72500 34.20353543
10.73000 34.21522220
10.73500 34.22690717
10.74000 34.23859035
10.74500 34.25027174
10.75000 34.26195133
10.75500 34.27362914
10.76000 34.28530515
10.76500 34.29697937
10.77000 34.30865181
10.77500 34.32032245
10.78000 34.33199132
10.78500 34.34365840
10.79000 34.35532369
10.79500 34.36698720
10.80000 34.37864893
10.80500 34.39030888
10.81000 34.40196705
10.81500 34.41362345
10.82000 34.42527806
10.82500 34.43693090
10.83000 34.44858197
10.83500 34.46023126
10.84000 34.47187878
10.84500 34.48352452
10.85000 34.49516850
10.85500 34.50681071
10.86000 34.51845114
10.86500 34.53008982
10.87000 34.54172672
10.87500 34.55336186
10.88000 34.56499524
10.88500 34.57662685
10.89000 34.58825670
10.89500 34.59988479
10.90000 34.61151112
10.90500 34.62313569
10.91000 34.63475850
10.91500 34.64637956
10.92000 34.65799886
10.92500 34.66961641
10.93000 34.68123220
10.93500 34.69284625
10.94000 34.70445854
10.94500 34.71606908
10.95000 34.72767787
10.95500 34.73928491
10.96000 34.75089020
10.96500 34.76249375
10.97000 34.77409556
10.97500 34.78569562
10.98000 34.79729394
10.98500 34.80889051
10.99000 34.82048535
10.99500 34.83207844
11.00000 34.84366980
11.00500 34.85525942
11.01000 34.86684730
11.01500 34.87843345
11.02000 34.89001786
11.02500 34.90160054
11.03000 34.91318149
11.03500 34.92476070
11.04000 34.93633819
11.04500 34.94791394
11.05000 34.95948797
11.05500 34.97106027
11.06000 34.98263084
11.06500 34.99419969
11.07000 35.00576682
11.07500 35.01733222
11.08000 35.02889590
11.08500 35.04045786
11.09000 35.05201809
11.09500 35.06357661
11.10000 35.07513342
11.10500 35.08668850
11.11000 35.09824187
11.11500 35.10979352
11.12000 35.12134346
11.12500 35.13289169
11.13000 35.14443820
11.13500 35.15598301
11.14000 35.16752610
11.14500 35.17906749
11.15000 35.19060717
11.15500 35.20214514
11.16000 35.21368140
11.16500 35.22521596
11.17000 35.23674882
11.17500 35.24827997
11.18000 35.25980943
11.18500 35.27133718
11.19000 35.28286323
11.19500 35.29438758
11.20000 35.30591024
11.20500 35.31743120
11.21000 35.32895046
11.21500 35.34046803
11.22000 35.35198390
11.22500 35.36349809
11.23000 35.37501058
11.23500 35.38652138
11.24000 35.39803049
11.24500 35.40953791
11.25000 35.42104364
11.25500 35.43254769
11.26000 35.44405005
11.26500 35.45555073
11.27000 35.46704972
11.27500 35.47854703
11.28000 35.49004266
11.28500 35.50153660
11.29000 35.51302887
11.29500 35.52451946
11.30000 35.53600837
11.30500 35.54749560
11.31000 35.55898116
11.31500 35.57046505
11.32000 35.58194725
11.32500 35.59342779
11.33000 35.60490665
11.33500 35.61638385
11.34000 35.62785937
11.34500 35.63933323
11.35000 35.65080541
11.35500 35.66227593
11.36000 35.67374478
11.36500 35.68521197
11.37000 35.69667749
11.37500 35.70814136
11.38000 35.71960355
11.38500 35.73106409
11.39000 35.74252297
11.39500 35.75398018
11.40000 35.76543574
11.40500 35.77688964
11.41000 35.78834189
11.41500 35.79979248
11.42000 35.81124141
11.42500 35.82268869
11.43000 35.83413432
11.43500 35.84557830
11.44000 35.85702062
11.44500 35.86846130
11.45000 35.87990033
11.45500 35.89133771
11.46000 35.90277344
11.46500 35.91420753
11.47000 35.92563997
11.47500 35.93707077
11.48000 35.94849992
11.48500 35.95992743
11.49000 35.97135331
11.49500 35.98277754
11.50000 35.99420013
11.50500 36.00562108
11.51000 36.01704040
11.51500 36.02845808
11.52000 36.03987412
11.52500 36.05128853
11.53000 36.06270130
11.53500 36.07411245
11.54000 36.08552196
11.54500 36.09692984
11.55000 36.10833609
11.55500 36.11974071
11.56000 36.13114370
11.56500 36.14254506
11.57000 36.15394480
11.57500 36.16534292
11.58000 36.17673941
11.58500 36.18813427
11.59000 36.19952752
11.59500 36.21091914
11.60000 36.22230914
11.60500 36.23369752
11.61000 36.24508429
11.61500 36.25646943
11.62000 36.26785296
11.62500 36.27923487
11.63000 36.29061517
11.63500 36.30199385
11.64000 36.31337092
11.64500 36.32474638
11.65000 36.33612022
11.65500 36.34749246
11.66000 36.35886308
11.66500 36.37023210
11.67000 36.38159951
11.67500 36.39296531
11.68000 36.40432951
11.68500 36.41569210
11.69000 36.42705308
11.69500 36.43841247
11.70000 36.44977025
11.70500 36.46112643
11.71000 36.47248101
11.71500 36.48383399
11.72000 36.49518537
11.72500 36.50653515
11.73000 36.51788334
11.73500 36.52922993
11.74000 36.54057492
11.74500 36.55191832
11.75000 36.56326013
11.75500 36.57460035
11.76000 36.58593897
11.76500 36.59727600
11.77000 36.60861144
11.77500 36.61994530
11.78000 36.63127756
11.78500 36.64260824
11.79000 36.65393734
11.79500 36.66526484
11.80000 36.67659077
11.80500 36.68791511
11.81000 36.69923786
11.81500 36.71055904
11.82000 36.72187863
11.82500 36.73319665
11.83000 36.74451308
11.83500 36.75582794
11.84000 36.76714122
11.84500 36.77845292
11.85000 36.78976305
11.85500 36.80107160
11.86000 36.81237858
11.86500 36.82368399
11.87000 36.83498782
11.87500 36.84629009
11.88000 36.85759078
11.88500 36.86888990
11.89000 36.88018746
11.89500 36.89148345
11.90000 36.90277787
11.90500 36.91407072
11.91000 36.92536201
11.91500 36.93665174
11.92000 36.94793990
11.92500 36.95922650
11.93000 36.97051154
11.93500 36.98179501
11.94000 36.99307693
11.94500 37.00435729
11.95000 37.01563609
11.95500 37.02691333
11.96000 37.03818902
11.96500 37.04946315
11.97000 37.06073573
11.97500 37.07200675
11.98000 37.08327622
11.98500 37.09454414
11.99000 37.10581050
11.99500 37.11707532
12.00000 37.12833858
12.00500 37.13960030
12.01000 37.15086047
12.01500 37.16211909
12.02000 37.17337617
12.02500 37.18463170
12.03000 37.19588569
12.03500 37.20713813
12.04000 37.21838903
12.04500 37.22963839
12.05000 37.24088621
12.05500 37.25213249
12.06000 37.26337722
12.06500 37.27462042
12.07000 37.28586209
12.07500 37.29710221
12.08000 37.30834080
12.08500 37.31957786
12.09000 37.33081337
12.09500 37.34204736
12.10000 37.35327981
12.10500 37.36451074
12.11000 37.37574013
12.11500 37.38696799
12.12000 37.39819432
12.12500 37.40941912
12.13000 37.42064240
12.13500 37.43186415
12.14000 37.44308437
12.14500 37.45430307
12.15000 37.46552024
12.15500 37.47673589
12.16000 37.48795002
12.16500 37.49916263
12.17000 37.51037371
12.17500 37.52158328
12.18000 37.53279132
12.18500 37.54399785
12.19000 37.55520286
12.19500 37.56640635
12.20000 37.57760833
12.20500 37.58880879
12.21000 37.60000773
12.21500 37.61120517
12.22000 37.62240109
12.22500 37.63359550
12.23000 37.64478839
12.23500 37.65597978
12.24000 37.66716966
12.24500 37.67835803
12.25000 37.68954489
12.25500 37.70073024
12.26000 37.71191409
12.26500 37.72309644
12.27000 37.73427727
12.27500 37.74545661
12.28000 37.75663444
12.28500 37.76781077
12.29000 37.77898560
12.29500 37.79015893
12.30000 37.80133075
12.30500 37.81250108
12.31000 37.82366991
12.31500 37.83483725
12.32000 37.84600308
12.32500 37.85716743
12.33000 37.86833027
12.33500 37.87949163
12.34000 37.89065148
12.34500 37.90180985
12.35000 37.91296673
12.35500 37.92412211
12.36000 37.93527601
12.36500 37.94642841
12.37000 37.95757933
12.37500 37.96872876
12.38000 37.97987670
12.38500 37.99102315
12.39000 38.00216812
12.39500 38.01331161
12.40000 38.02445361
12.40500 38.03559413
12.41000 38.04673317
12.41500 38.05787072
12.42000 38.06900680
12.42500 38.08014139
12.43000 38.09127451
12.43500 38.10240615
12.44000 38.11353631
12.44500 38.12466499
12.45000 38.13579220
12.45500 38.14691794
12.46000 38.15804220
12.46500 38.16916498
12.47000 38.18028629
12.47500 38.19140614
12.48000 38.20252451
12.48500 38.21364141
12.49000 38.22475684
12.49500 38.23587080
12.50000 38.24698329
12.50500 38.25809432
12.51000 38.26920388
12.51500 38.28031197
12.52000 38.29141860
12.52500 38.30252376
12.53000 38.31362746
12.53500 38.32472970
12.54000 38.33583048
12.54500 38.34692980
12.55000 38.35802765
12.55500 38.36912405
12.56000 38.38021899
12.56500 38.39131246
12.57000 38.40240449
12.57500 38.41349505
12.58000 38.42458416
12.58500 38.43567182
12.59000 38.44675802
12.59500 38.45784277
12.60000 38.46892606
12.60500 38.48000790
12.61000 38.49108830
12.61500 38.50216724
12.62000 38.51324473
12.62500 38.52432077
12.63000 38.53539537
12.63500 38.54646852
12.64000 38.55754022
12.64500 38.56861048
12.65000 38.57967929
12.65500 38.59074665
12.66000 38.60181258
12.66500 38.61287706
12.67000 38.62394009
12.67500 38.63500169
12.68000 38.64606185
12.68500 38.65712056
12.69000 38.66817784
12.69500 38.67923368
12.70000 38.69028808
12.70500 38.70134105
12.71000 38.71239258
12.71500 38.72344267
12.72000 38.73449133
12.72500 38.74553856
12.73000 38.75658435
12.73500 38.76762871
12.74000 38.77867164
12.74500 38.78971314
12.75000 38.80075321
12.75500 38.81179185
12.76000 38.82282906
12.76500 38.83386484
12.77000 38.84489919
12.77500 38.85593212
12.78000 38.86696363
12.78500 38.87799371
12.79000 38.88902236
12.79500 38.90004959
12.80000 38.91107540
12.80500 38.92209979
12.81000 38.93312275
12.81500 38.94414430
12.82000 38.95516442
12.82500 38.96618313
12.83000 38.97720042
12.83500 38.98821629
12.84000 38.99923074
12.84500 39.01024378
12.85000 39.02125540
12.85500 39.03226561
12.86000 39.04327441
12.86500 39.05428179
12.87000 39.06528776
12.87500 39.07629231
12.88000 39.08729546
12.88500 39.09829720
12.89000 39.10929752
12.89500 39.12029644
12.90000 39.13129395
12.90500 39.14229005
12.91000 39.15328475
12.91500 39.16427804
12.92000 39.17526992
12.92500 39.18626040
12.93000 39.19724948
12.93500 39.20823715
12.94000 39.21922342
12.94500 39.23020829
12.95000 39.24119176
12.95500 39.25217383
12.96000 39.26315450
12.96500 39.27413377
12.97000 39.28511164
12.97500 39.29608812
12.98000 39.30706320
12.98500 39.31803688
12.99000 39.32900917
12.99500 39.33998006
13.00000 39.35094956
13.00500 39.36191766
13.01000 39.37288438
13.01500 39.38384970
13.02000 39.39481363
13.02500 39.40577617
13.03000 39.41673733
13.03500 39.42769709
13.04000 39.43865546
13.04500 39.44961245
13.05000 39.46056805
13.05500 39.47152227
13.06000 39.48247510
13.06500 39.49342654
13.07000 39.50437660
13.07500 39.51532528
13.08000 39.52627258
13.08500 39.53721849
13.09000 39.54816303
13.09500 39.55910618
13.10000 39.57004795
13.10500 39.58098835
13.11000 39.59192736
13.11500 39.60286500
13.12000 39.61380126
13.12500 39.62473615
13.13000 39.63566966
13.13500 39.64660179
13.14000 39.65753255
13.14500 39.66846194
13.15000 39.67938995
13.15500 39.69031660
13.16000 39.70124187
13.16500 39.71216577
13.17000 39.72308830
13.17500 39.73400946
13.18000 39.74492926
13.18500 39.75584768
13.19000 39.76676474
13.19500 39.77768043
13.20000 39.78859476
13.20500 39.79950772
13.21000 39.81041931
13.21500 39.82132954
13.22000 39.83223841
13.22500 39.84314592
13.23000 39.85405206
13.23500 39.86495685
13.24000 39.87586027
13.24500 39.88676234
13.25000 39.89766304
13.25500 39.90856239
13.26000 39.91946038
13.26500 39.93035701
13.27000 39.94125228
13.27500 39.95214620
13.28000 39.96303877
13.28500 39.97392998
13.29000 39.98481984
13.29500 39.99570834
13.30000 40.00659549
13.30500 40.01748129
13.31000 40.02836574
13.31500 40.03924884
13.32000 40.05013059
13.32500 40.06101099
13.33000 40.07189005
13.33500 40.08276775
13.34000 40.09364411
13.34500 40.10451912
13.35000 40.11539279
13.35500 40.12626511
13.36000 40.13713609
13.36500 40.14800572
13.37000 40.15887401
13.37500 40.16974096
13.38000 40.18060657
13.38500 40.19147083
13.39000 40.20233376
13.39500 40.21319535
13.40000 40.22405559
13.40500 40.23491450
13.41000 40.24577208
13.41500 40.25662831
13.42000 40.26748321
13.42500 40.27833677
13.43000 40.28918900
13.43500 40.30003989
13.44000 40.31088945
13.44500 40.32173768
13.45000 40.33258458
13.45500 40.34343014
13.46000 40.35427437
13.46500 40.36511727
13.47000 40.37595885
13.47500 40.38679909
13.48000 40.39763801
13.48500 40.40847559
13.49000 40.41931185
13.49500 40.43014679
13.50000 40.44098039
13.50500 40.45181268
13.51000 40.46264364
13.51500 40.47347327
13.52000 40.48430158
13.52500 40.49512857
13.53000 40.50595424
13.53500 40.51677858
13.54000 40.52760161
13.54500 40.53842331
13.55000 40.54924370
13.55500 40.56006277
13.56000 40.57088051
13.56500 40.58169695
13.57000 40.59251206
13.57500 40.60332586
13.58000 40.61413834
13.58500 40.62494951
13.59000 40.63575937
13.59500 40.64656791
13.60000 40.65737514
13.60500 40.66818105
13.61000 40.67898566
13.61500 40.68978895
13.62000 40.70059093
13.62500 40.71139161
13.63000 40.72219097
13.63500 40.73298903
13.64000 40.74378578
13.64500 40.75458122
13.65000 40.76537535
13.65500 40.77616818
13.66000 40.78695970
13.66500 40.79774992
13.67000 40.80853884
13.67500 40.81932645
13.68000 40.83011276
13.68500 40.84089776
13.69000 40.85168147
13.69500 40.86246387
13.70000 40.87324498
13.70500 40.88402478
13.71000 40.89480329
13.71500 40.90558049
13.72000 40.91635640
13.72500 40.92713102
13.73000 40.93790433
13.73500 40.94867635
13.74000 40.95944708
13.74500 40.97021651
13.75000 40.98098464
13.75500 40.99175149
13.76000 41.00251704
13.76500 41.01328130
13.77000 41.02404426
13.77500 41.03480594
13.78000 41.04556633
13.78500 41.05632542
13.79000 41.06708323
13.79500 41.07783975
13.80000 41.08859498
13.80500 41.09934892
13.81000 41.11010158
13.81500 41.12085295
13.82000 41.13160304
13.82500 41.14235184
13.83000 41.15309936
13.83500 41.16384560
13.84000 41.17459055
13.84500 41.18533422
13.85000 41.19607660
13.85500 41.20681771
13.86000 41.21755754
13.86500 41.22829608
13.87000 41.23903335
13.87500 41.24976934
13.88000 41.26050405
13.88500 41.27123749
13.89000 41.28196964
13.89500 41.29270053
13.90000 41.30343013
13.90500 41.31415846
13.91000 41.32488552
13.91500 41.33561130
13.92000 41.34633581
13.92500 41.35705905
13.93000 41.36778101
13.93500 41.37850171
13.94000 41.38922113
13.94500 41.39993929
13.95000 41.41065617
13.95500 41.42137179
13.96000 41.43208613
13.96500 41.44279921
13.97000 41.45351102
13.97500 41.46422157
13.98000 41.47493085
13.98500 41.48563887
13.99000 41.49634562
13.99500 41.50705110
14.00000 41.51775533
14.00500 41.52845829
14.01000 41.53915998
14.01500 41.54986042
14.02000 41.56055960
14.02500 41.57125751
14.03000 41.58195417
14.03500 41.59264956
14.04000 41.60334370
14.04500 41.61403658
14.05000 41.62472820
14.05500 41.63541856
14.06000 41.64610767
14.06500 41.65679553
14.07000 41.66748212
14.07500 41.67816747
14.08000 41.68885156
14.08500 41.69953439
14.09000 41.71021597
14.09500 41.72089631
14.10000 41.73157539
14.10500 41.74225321
14.11000 41.75292979
14.11500 41.76360512
14.12000 41.77427920
14.12500 41.78495203
14.13000 41.79562361
14.13500 41.80629395
14.14000 41.81696303
14.14500 41.82763088
14.15000 41.83829747
14.15500 41.84896282
14.16000 41.85962693
14.16500 41.87028979
14.17000 41.88095141
14.17500 41.89161179
14.18000 41.90227092
14.18500 41.91292881
14.19000 41.92358547
14.19500 41.93424088
14.20000 41.94489505
14.20500 41.95554798
14.21000 41.96619967
14.21500 41.97685013
14.22000 41.98749934
14.22500 41.99814732
14.23000 42.00879407
14.23500 42.01943957
14.24000 42.03008385
14.24500 42.04072688
14.25000 42.05136869
14.25500 42.06200926
14.26000 42.07264860
14.26500 42.08328670
14.27000 42.09392357
14.27500 42.10455921
14.28000 42.11519362
14.28500 42.12582681
14.29000 42.13645876
14.29500 42.14708948
14.30000 42.15771897
14.30500 42.16834724
14.31000 42.17897428
14.31500 42.18960009
14.32000 42.20022467
14.32500 42.21084803
14.33000 42.22147017
14.33500 42.23209108
14.34000 42.24271077
14.34500 42.25332923
14.35000 42.26394647
14.35500 42.27456249
14.36000 42.28517728
14.36500 42.29579086
14.37000 42.30640322
14.37500 42.31701435
14.38000 42.32762427
14.38500 42.33823296
14.39000 42.34884044
14.39500 42.35944670
14.40000 42.37005175
14.40500 42.38065557
14.41000 42.39125819
14.41500 42.40185958
14.42000 42.41245976
14.42500 42.42305873
14.43000 42.43365648
14.43500 42.44425302
14.44000 42.45484835
14.44500 42.46544246
14.45000 42.47603537
14.45500 42.48662706
14.46000 42.49721754
14.46500 42.50780681
14.47000 42.51839487
14.47500 42.52898173
14.48000 42.53956737
14.48500 42.55015181
14.49000 42.56073504
14.49500 42.57131707
14.50000 42.58189788
14.50500 42.59247750
14.51000 42.60305590
14.51500 42.61363311
14.52000 42.62420911
14.52500 42.63478390
14.53000 42.64535750
14.53500 42.65592989
14.54000 42.66650108
14.54500 42.67707107
14.55000 42.68763985
14.55500 42.69820744
14.56000 42.70877383
14.56500 42.71933902
14.57000 42.72990301
14.57500 42.74046580
14.58000 42.75102740
14.58500 42.76158780
14.59000 42.77214700
14.59500 42.78270501
14.60000 42.79326182
14.60500 42.80381744
14.61000 42.81437187
14.61500 42.82492510
14.62000 42.83547713
14.62500 42.84602798
14.63000 42.85657763
14.63500 42.86712609
14.64000 42.87767336
14.64500 42.88821945
14.65000 42.89876434
14.65500 42.90930804
14.66000 42.91985055
14.66500 42.93039188
14.67000 42.94093202
14.67500 42.95147097
14.68000 42.96200873
14.68500 42.97254531
14.69000 42.98308070
14.69500 42.99361491
14.70000 43.00414793
14.70500 43.01467977
14.71000 43.02521043
14.71500 43.03573991
14.72000 43.04626820
14.72500 43.05679531
14.73000 43.06732124
14.73500 43.07784598
14.74000 43.08836955
14.74500 43.09889194
14.75000 43.10941315
14.75500 43.11993318
14.76000 43.13045204
14.76500 43.14096971
14.77000 43.15148621
14.77500 43.16200153
14.78000 43.17251568
14.78500 43.18302865
14.79000 43.19354045
14.79500 43.20405107
14.80000 43.21456052
14.80500 43.22506879
14.81000 43.23557590
14.81500 43.24608183
14.82000 43.25658659
14.82500 43.26709017
14.83000 43.27759259
14.83500 43.28809384
14.84000 43.29859391
14.84500 43.30909282
14.85000 43.31959056
14.85500 43.33008713
14.86000 43.34058254
14.86500 43.35107678
14.87000 43.36156985
14.87500 43.37206175
14.88000 43.38255249
14.88500 43.39304207
14.89000 43.40353048
14.89500 43.41401772
14.90000 43.42450381
14.90500 43.43498873
14.91000 43.44547249
14.91500 43.45595508
14.92000 43.46643652
14.92500 43.47691679
14.93000 43.48739591
14.93500 43.49787386
14.94000 43.50835066
14.94500 43.51882629
14.95000 43.52930077
14.95500 43.53977409
14.96000 43.55024626
14.96500 43.56071726
14.97000 43.57118711
14.97500 43.58165581
14.98000 43.59212335
14.98500 43.60258974
14.99000 43.61305497
14.99500 43.62351905
15.00000 43.63398197
15.00500 43.64444374
15.01000 43.65490436
15.01500 43.66536383
15.02000 43.67582215
15.02500 43.68627932
15.03000 43.69673533
15.03500 43.70719020
15.04000 43.71764392
15.04500 43.72809649
15.05000 43.73854791
15.05500 43.74899819
15.06000 43.75944732
15.06500 43.76989530
15.07000 43.78034213
15.07500 43.79078782
15.08000 43.80123237
15.08500 43.81167577
15.09000 43.82211803
15.09500 43.83255914
15.10000 43.84299911
15.10500 43.85343794
15.11000 43.86387562
15.11500 43.87431217
15.12000 43.88474757
15.12500 43.89518183
15.13000 43.90561496
15.13500 43.91604694
15.14000 43.92647779
15.14500 43.93690749
15.15000 43.94733606
15.15500 43.95776349
15.16000 43.96818979
15.16500 43.97861494
15.17000 43.98903896
15.17500 43.99946185
15.18000 44.00988360
15.18500 44.02030422
15.19000 44.03072370
15.19500 44.04114205
15.20000 44.05155927
15.20500 44.06197535
15.21000 44.07239030
15.21500 44.08280412
15.22000 44.09321681
15.22500 44.10362837
15.23000 44.11403880
15.23500 44.12444810
15.24000 44.13485627
15.24500 44.14526331
15.25000 44.15566922
15.25500 44.16607401
15.26000 44.17647766
15.26500 44.18688020
15.27000 44.19728160
15.27500 44.20768188
15.28000 44.21808104
15.28500 44.22847907
15.29000 44.23887597
15.29500 44.24927176
15.30000 44.25966642
15.30500 44.27005995
15.31000 44.28045237
15.31500 44.29084366
15.32000 44.30123383
15.32500 44.31162288
15.33000 44.32201081
15.33500 44.33239762
15.34000 44.34278332
15.34500 44.35316789
15.35000 44.36355134
15.35500 44.37393368
15.36000 44.38431490
15.36500 44.39469500
15.37000 44.40507399
15.37500 44.41545186
15.38000 44.42582861
15.38500 44.43620425
15.39000 44.44657877
15.39500 44.45695218
15.40000 44.46732448
15.40500 44.47769567
15.41000 44.48806574
15.41500 44.49843470
15.42000 44.50880255
15.42500 44.51916928
15.43000 44.52953491
15.43500 44.53989942
15.44000 44.55026283
15.44500 44.56062513
15.45000 44.57098632
15.45500 44.58134640
15.46000 44.59170537
15.46500 44.60206323
15.47000 44.61241999
15.47500 44.62277564
15.48000 44.63313019
15.48500 44.64348363
15.49000 44.65383596
15.49500 44.66418719
15.50000 44.67453732
15.50500 44.68488634
15.51000 44.69523426
15.51500 44.70558108
15.52000 44.71592680
15.52500 44.72627141
15.53000 44.73661492
15.53500 44.74695733
15.54000 44.75729864
15.54500 44.76763886
15.55000 44.77797797
15.55500 44.78831598
15.56000 44.79865290
15.56500 44.80898871
15.57000 44.81932343
15.57500 44.82965706
15.58000 44.83998958
15.58500 44.85032101
15.59000 44.86065135
15.59500 44.87098059
15.60000 44.88130873
15.60500 44.89163578
15.61000 44.90196174
15.61500 44.91228660
15.62000 44.92261037
15.62500 44.93293305
15.63000 44.94325464
15.63500 44.95357513
15.64000 44.96389454
15.64500 44.97421285
15.65000 44.98453008
15.65500 44.99484621
15.66000 45.00516125
15.66500 45.01547521
15.67000 45.02578808
15.67500 45.03609986
15.68000 45.04641055
15.68500 45.05672016
15.69000 45.06702868
15.69500 45.07733611
15.70000 45.08764246
15.70500 45.09794773
15.71000 45.10825191
15.71500 45.11855500
15.72000 45.12885701
15.72500 45.13915794
15.73000 45.14945779
15.73500 45.15975655
15.74000 45.17005423
15.74500 45.18035083
15.75000 45.19064635
15.75500 45.20094079
15.76000 45.21123415
15.76500 45.22152643
15.77000 45.23181763
15.77500 45.24210776
15.78000 45.25239680
15.78500 45.26268477
15.79000 45.27297166
15.79500 45.28325747
15.80000 45.29354220
15.80500 45.30382586
15.81000 45.31410845
15.81500 45.32438996
15.82000 45.33467039
15.82500 45.34494976
15.83000 45.35522804
15.83500 45.36550526
15.84000 45.37578140
15.84500 45.38605647
15.85000 45.39633047
15.85500 45.40660339
15.86000 45.41687525
15.86500 45.42714603
15.87000 45.43741575
15.87500 45.44768439
15.88000 45.45795197
15.88500 45.46821848
15.89000 45.47848391
15.89500 45.48874829
15.90000 45.49901159
15.90500 45.50927383
15.91000 45.51953500
15.91500 45.52979510
15.92000 45.54005414
15.92500 45.55031211
15.93000 45.56056902
15.93500 45.57082487
15.94000 45.58107965
15.94500 45.59133337
15.95000 45.60158602
15.95500 45.61183761
15.96000 45.62208814
15.96500 45.63233761
15.97000 45.64258602
15.97500 45.65283337
15.98000 45.66307965
15.98500 45.67332488
15.99000 45.68356905
15.99500 45.69381215
16.00000 45.70405420
16.00500 45.71429519
16.01000 45.72453513
16.01500 45.73477401
16.02000 45.74501183
16.02500 45.75524859
16.03000 45.76548430
16.03500 45.77571895
16.04000 45.78595255
16.04500 45.79618509
16.05000 45.80641658
16.05500 45.81664701
16.06000 45.82687639
16.06500 45.83710472
16.07000 45.84733200
16.07500 45.85755822
16.08000 45.86778339
16.08500 45.87800751
16.09000 45.88823058
16.09500 45.89845260
16.10000 45.90867358
16.10500 45.91889350
16.11000 45.92911237
16.11500 45.93933019
16.12000 45.94954697
16.12500 45.95976270
16.13000 45.96997738
16.13500 45.98019101
16.14000 45.99040360
16.14500 46.00061514
16.15000 46.01082563
16.15500 46.02103509
16.16000 46.03124349
16.16500 46.04145085
16.17000 46.05165717
16.17500 46.06186245
16.18000 46.07206668
16.18500 46.08226987
16.19000 46.09247202
16.19500 46.10267312
16.20000 46.11287319
16.20500 46.12307221
16.21000 46.13327019
16.21500 46.14346713
16.22000 46.15366304
16.22500 46.16385790
16.23000 46.17405173
16.23500 46.18424452
16.24000 46.19443627
16.24500 46.20462698
16.25000 46.21481665
16.25500 46.22500529
16.26000 46.23519289
16.26500 46.24537946
16.27000 46.25556499
16.27500 46.26574949
16.28000 46.27593295
16.28500 46.28611538
16.29000 46.29629677
16.29500 46.30647713
16.30000 46.31665646
16.30500 46.32683476
16.31000 46.33701202
16.31500 46.34718826
16.32000 46.35736346
16.32500 46.36753763
16.33000 46.37771077
16.33500 46.38788288
16.34000 46.39805396
16.34500 46.40822401
16.35000 46.41839304
16.35500 46.42856103
16.36000 46.43872800
16.36500 46.44889394
16.37000 46.45905885
16.37500 46.46922274
16.38000 46.47938560
16.38500 46.48954744
16.39000 46.49970825
16.39500 46.50986803
16.40000 46.52002679
16.40500 46.53018453
16.41000 46.54034124
16.41500 46.55049693
16.42000 46.56065160
16.42500 46.57080524
16.43000 46.58095786
16.43500 46.59110946
16.44000 46.60126004
16.44500 46.61140960
16.45000 46.62155814
16.45500 46.63170566
16.46000 46.64185216
16.46500 46.65199764
16.47000 46.66214210
16.47500 46.67228555
16.48000 46.68242797
16.48500 46.69256938
16.49000 46.70270977
16.49500 46.71284914
16.50000 46.72298750
16.50500 46.73312484
16.51000 46.74326117
16.51500 46.75339648
16.52000 46.76353078
16.52500 46.77366406
16.53000 46.78379633
16.53500 46.79392759
16.54000 46.80405783
16.54500 46.81418706
16.55000 46.82431528
16.55500 46.83444249
16.56000 46.84456868
16.56500 46.85469387
16.57000 46.86481804
16.57500 46.87494120
16.58000 46.88506336
16.58500 46.89518450
16.59000 46.90530464
16.59500 46.91542376
16.60000 46.92554188
16.60500 46.93565899
16.61000 46.94577510
16.61500 46.95589019
16.62000 46.96600428
16.62500 46.97611737
16.63000 46.98622945
16.63500 46.99634052
16.64000 47.00645059
16.64500 47.01655965
16.65000 47.02666771
16.65500 47.03677477
16.66000 47.04688082
16.66500 47.05698587
16.67000 47.06708992
16.67500 47.07719296
16.68000 47.08729501
16.68500 47.09739605
16.69000 47.10749609
16.69500 47.11759513
16.70000 47.12769317
16.70500 47.13779021
16.71000 47.14788626
16.71500 47.15798130
16.72000 47.16807534
16.72500 47.17816839
16.73000 47.18826044
16.73500 47.19835149
16.74000 47.20844154
16.74500 47.21853060
16.75000 47.22861866
16.75500 47.23870573
16.76000 47.24879180
16.76500 47.25887687
16.77000 47.26896095
16.77500 47.27904404
16.78000 47.28912613
16.78500 47.29920723
16.79000 47.30928734
16.79500 47.31936645
16.80000 47.32944457
16.80500 47.33952170
16.81000 47.34959784
16.81500 47.35967298
16.82000 47.36974714
16.82500 47.37982031
16.83000 47.38989248
16.83500 47.39996367
16.84000 47.41003387
16.84500 47.42010307
16.85000 47.43017129
16.85500 47.44023853
16.86000 47.45030477
16.86500 47.46037003
16.87000 47.47043430
16.87500 47.48049758
16.88000 47.49055988
16.88500 47.50062120
16.89000 47.51068152
16.89500 47.52074087
16.90000 47.53079922
16.90500 47.54085660
16.91000 47.55091299
16.91500 47.56096840
16.92000 47.57102282
16.92500 47.58107626
16.93000 47.59112872
16.93500 47.60118020
16.94000 47.61123070
16.94500 47.62128021
16.95000 47.63132875
16.95500 47.64137630
16.96000 47.65142288
16.96500 47.66146847
16.97000 47.67151309
16.97500 47.68155672
16.98000 47.69159938
16.98500 47.70164107
16.99000 47.71168177
16.99500 47.72172150
17.00000 47.73176025
17.00500 47.74179802
17.01000 47.75183482
17.01500 47.76187064
17.02000 47.77190548
17.02500 47.78193936
17.03000 47.79197225
17.03500 47.80200417
17.04000 47.81203512
17.04500 47.82206510
17.05000 47.83209410
17.05500 47.84212213
17.06000 47.85214919
17.06500 47.86217528
17.07000 47.87220039
17.07500 47.88222453
17.08000 47.89224771
17.08500 47.90226991
17.09000 47.91229114
17.09500 47.92231140
17.10000 47.93233070
17.10500 47.94234902
17.11000 47.95236638
17.11500 47.96238277
17.12000 47.97239819
17.12500 47.98241264
17.13000 47.99242613
17.13500 48.00243865
17.14000 48.01245020
17.14500 48.02246079
17.15000 48.03247041
17.15500 48.04247906
17.16000 48.05248676
17.16500 48.06249348
17.17000 48.07249925
17.17500 48.08250405
17.18000 48.09250789
17.18500 48.10251076
17.19000 48.11251267
17.19500 48.12251362
17.20000 48.13251361
17.20500 48.14251263
17.21000 48.15251070
17.21500 48.16250780
17.22000 48.17250395
17.22500 48.18249913
17.23000 48.19249336
17.23500 48.20248662
17.24000 48.21247893
17.24500 48.22247028
17.25000 48.23246067
17.25500 48.24245010
17.26000 48.25243857
17.26500 48.26242609
17.27000 48.27241265
17.27500 48.28239826
17.28000 48.29238291
17.28500 48.30236660
17.29000 48.31234934
17.29500 48.32233113
17.30000 48.33231196
17.30500 48.34229183
17.31000 48.35227075
17.31500 48.36224872
17.32000 48.37222574
17.32500 48.38220180
17.33000 48.39217691
17.33500 48.40215107
17.34000 48.41212428
17.34500 48.42209654
17.35000 48.43206784
17.35500 48.44203820
17.36000 48.45200760
17.36500 48.46197606
17.37000 48.47194357
17.37500 48.48191012
17.38000 48.49187573
17.38500 48.50184039
17.39000 48.51180411
17.39500 48.52176687
17.40000 48.53172869
17.40500 48.54168956
17.41000 48.55164949
17.41500 48.56160847
17.42000 48.57156650
17.42500 48.58152359
17.43000 48.59147973
17.43500 48.60143493
17.44000 48.61138918
17.44500 48.62134249
17.45000 48.63129486
17.45500 48.64124628
17.46000 48.65119676
17.46500 48.66114630
17.47000 48.67109490
17.47500 48.68104255
17.48000 48.69098927
17.48500 48.70093504
17.49000 48.71087987
17.49500 48.72082376
17.50000 48.73076671
17.50500 48.74070872
17.51000 48.75064979
17.51500 48.76058993
17.52000 48.77052912
17.52500 48.78046738
17.53000 48.79040470
17.53500 48.80034108
17.54000 48.81027652
17.54500 48.82021103
17.55000 48.83014460
17.55500 48.84007724
17.56000 48.85000894
17.56500 48.85993970
17.57000 48.86986953
17.57500 48.87979842
17.58000 48.88972638
17.58500 48.89965341
17.59000 48.90957950
17.59500 48.91950466
17.60000 48.92942889
17.60500 48.93935218
17.61000 48.94927454
17.61500 48.95919597
17.62000 48.96911647
17.62500 48.97903604
17.63000 48.98895467
17.63500 48.99887238
17.64000 49.00878915
17.64500 49.01870500
17.65000 49.02861992
17.65500 49.03853390
17.66000 49.04844696
17.66500 49.05835909
17.67000 49.06827030
17.67500 49.07818057
17.68000 49.08808992
17.68500 49.09799834
17.69000 49.10790583
17.69500 49.11781240
17.70000 49.12771804
17.70500 49.13762276
17.71000 49.14752655
17.71500 49.15742942
17.72000 49.16733136
17.72500 49.17723238
17.73000 49.18713247
17.73500 49.19703164
17.74000 49.20692989
17.74500 49.21682721
17.75000 49.22672361
17.75500 49.23661909
17.76000 49.24651365
17.76500 49.25640729
17.77000 49.26630000
17.77500 49.27619180
17.78000 49.28608267
17.78500 49.29597263
17.79000 49.30586166
17.79500 49.31574978
17.80000 49.32563697
17.80500 49.33552325
17.81000 49.34540861
17.81500 49.35529305
17.82000 49.36517658
17.82500 49.37505918
17.83000 49.38494087
17.83500 49.39482164
17.84000 49.40470150
17.84500 49.41458044
17.85000 49.42445847
17.85500 49.43433558
17.86000 49.44421177
17.86500 49.45408705
17.87000 49.46396142
17.87500 49.47383487
17.88000 49.48370741
17.88500 49.49357903
17.89000 49.50344974
17.89500 49.51331954
17.90000 49.52318843
17.90500 49.53305641
17.91000 49.54292347
17.91500 49.55278962
17.92000 49.56265487
17.92500 49.57251920
17.93000 49.58238262
17.93500 49.59224513
17.94000 49.60210673
17.94500 49.61196743
17.95000 49.62182721
17.95500 49.63168609
17.96000 49.64154405
17.96500 49.65140111
17.97000 49.66125726
17.97500 49.67111251
17.98000 49.68096685
17.98500 49.69082028
17.99000 49.70067280
17.99500 49.71052442
18.00000 49.72037514
18.00500 49.73022495
18.01000 49.74007385
18.01500 49.74992185
18.02000 49.75976894
18.02500 49.76961514
18.03000 49.77946042
18.03500 49.78930481
18.04000 49.79914829
18.04500 49.80899087
18.05000 49.81883255
18.05500 49.82867332
18.06000 49.83851320
18.06500 49.84835217
18.07000 49.85819024
18.07500 49.86802741
18.08000 49.87786368
18.08500 49.88769905
18.09000 49.89753353
18.09500 49.90736710
18.10000 49.91719977
18.10500 49.92703155
18.11000 49.93686242
18.11500 49.94669240
18.12000 49.95652148
18.12500 49.96634967
18.13000 49.97617696
18.13500 49.98600335
18.14000 49.99582884
18.14500 50.00565344
18.15000 50.01547714
18.15500 50.02529995
18.16000 50.03512186
18.16500 50.04494288
18.17000 50.05476301
18.17500 50.06458224
18.18000 50.07440057
18.18500 50.08421802
18.19000 50.09403457
18.19500 50.10385022
18.20000 50.11366499
18.20500 50.12347886
18.21000 50.13329184
18.21500 50.14310393
18.22000 50.15291513
18.22500 50.16272544
18.23000 50.17253486
18.23500 50.18234339
18.24000 50.19215102
18.24500 50.20195777
18.25000 50.21176363
18.25500 50.22156860
18.26000 50.23137269
18.26500 50.24117588
18.27000 50.25097819
18.27500 50.26077961
18.28000 50.27058014
18.28500 50.28037978
18.29000 50.29017854
18.29500 50.29997641
18.30000 50.30977340
18.30500 50.31956950
18.31000 50.32936472
18.31500 50.33915905
18.32000 50.34895249
18.32500 50.35874506
18.33000 50.36853673
18.33500 50.37832753
18.34000 50.38811744
18.34500 50.39790647
18.35000 50.40769461
18.35500 50.41748188
18.36000 50.42726826
18.36500 50.43705376
18.37000 50.44683837
18.37500 50.45662211
18.38000 50.46640497
18.38500 50.47618694
18.39000 50.48596804
18.39500 50.49574825
18.40000 50.50552759
18.40500 50.51530605
18.41000 50.52508363
18.41500 50.53486033
18.42000 50.54463615
18.42500 50.55441109
18.43000 50.56418516
18.43500 50.57395835
18.44000 50.58373066
18.44500 50.59350209
18.45000 50.60327265
18.45500 50.61304233
18.46000 50.62281114
18.46500 50.63257907
18.47000 50.64234613
18.47500 50.65211231
18.48000 50.66187762
18.48500 50.67164205
18.49000 50.68140561
18.49500 50.69116830
18.50000 50.70093011
18.50500 50.71069105
18.51000 50.72045112
18.51500 50.73021031
18.52000 50.73996864
18.52500 50.74972609
18.53000 50.75948267
18.53500 50.76923838
18.54000 50.77899322
18.54500 50.78874718
18.55000 50.79850028
18.55500 50.80825251
18.56000 50.81800387
18.56500 50.82775436
18.57000 50.83750398
18.57500 50.84725273
18.58000 50.85700062
18.58500 50.86674763
18.59000 50.87649378
18.59500 50.88623906
18.60000 50.89598348
18.60500 50.90572702
18.61000 50.91546971
18.61500 50.92521152
18.62000 50.93495247
18.62500 50.94469256
18.63000 50.95443177
18.63500 50.96417013
18.64000 50.97390762
18.64500 50.98364424
18.65000 50.99338001
18.65500 51.00311490
18.66000 51.01284894
18.66500 51.02258211
18.67000 51.03231442
18.67500 51.04204587
18.68000 51.05177645
18.68500 51.06150617
18.69000 51.07123504
18.69500 51.08096304
18.70000 51.09069018
18.70500 51.10041646
18.71000 51.11014187
18.71500 51.11986643
18.72000 51.12959013
18.72500 51.13931297
18.73000 51.14903495
18.73500 51.15875608
18.74000 51.16847634
18.74500 51.17819575
18.75000 51.18791429
18.75500 51.19763199
18.76000 51.20734882
18.76500 51.21706480
18.77000 51.22677992
18.77500 51.23649418
18.78000 51.24620759
18.78500 51.25592014
18.79000 51.26563184
18.79500 51.27534268
18.80000 51.28505267
18.80500 51.29476180
18.81000 51.30447008
18.81500 51.31417750
18.82000 51.32388407
18.82500 51.33358979
18.83000 51.34329465
18.83500 51.35299867
18.84000 51.36270183
18.84500 51.37240413
18.85000 51.38210559
18.85500 51.39180619
18.86000 51.40150595
18.86500 51.41120485
18.87000 51.42090290
18.87500 51.43060010
18.88000 51.44029646
18.88500 51.44999196
18.89000 51.45968661
18.89500 51.46938041
18.90000 51.47907337
18.90500 51.48876548
18.91000 51.49845673
18.91500 51.50814714
18.92000 51.51783671
18.92500 51.52752542
18.93000 51.53721329
18.93500 51.54690031
18.94000 51.55658649
18.94500 51.56627182
18.95000 51.57595630
18.95500 51.58563994
18.96000 51.59532273
18.96500 51.60500468
18.97000 51.61468578
18.97500 51.62436604
18.98000 51.63404546
18.98500 51.64372403
18.99000 51.65340176
18.99500 51.66307864
19.00000 51.67275468
19.00500 51.68242988
19.01000 51.69210424
19.01500 51.70177776
19.02000 51.71145043
19.02500 51.72112226
19.03000 51.73079325
19.03500 51.74046340
19.04000 51.75013271
19.04500 51.75980118
19.05000 51.76946881
19.05500 51.77913560
19.06000 51.78880155
19.06500 51.79846666
19.07000 51.80813094
19.07500 51.81779437
19.08000 51.82745697
19.08500 51.83711872
19.09000 51.84677965
19.09500 51.85643973
19.10000 51.86609898
19.10500 51.87575739
19.11000 51.88541496
19.11500 51.89507170
19.12000 51.90472760
19.12500 51.91438266
19.13000 51.92403689
19.13500 51.93369029
19.14000 51.94334285
19.14500 51.95299458
19.15000 51.96264547
19.15500 51.97229553
19.16000 51.98194475
19.16500 51.99159315
19.17000 52.00124070
19.17500 52.01088743
19.18000 52.02053332
19.18500 52.03017839
19.19000 52.03982262
19.19500 52.04946601
19.20000 52.05910858
19.20500 52.06875032
19.21000 52.07839122
19.21500 52.08803130
19.22000 52.09767054
19.22500 52.10730896
19.23000 52.11694655
19.23500 52.12658330
19.24000 52.13621923
19.24500 52.14585433
19.25000 52.15548860
19.25500 52.16512204
19.26000 52.17475466
19.26500 52.18438645
19.27000 52.19401741
19.27500 52.20364754
19.28000 52.21327685
19.28500 52.22290533
19.29000 52.23253298
19.29500 52.24215981
19.30000 52.25178581
19.30500 52.26141099
19.31000 52.27103534
19.31500 52.28065887
19.32000 52.29028157
19.32500 52.29990345
19.33000 52.30952451
19.33500 52.31914474
19.34000 52.32876415
19.34500 52.33838274
19.35000 52.34800050
19.35500 52.35761744
19.36000 52.36723356
19.36500 52.37684886
19.37000 52.38646333
19.37500 52.39607699
19.38000 52.40568982
19.38500 52.41530183
19.39000 52.42491303
19.39500 52.43452340
19.40000 52.44413295
19.40500 52.45374168
19.41000 52.46334959
19.41500 52.47295669
19.42000 52.48256296
19.42500 52.49216842
19.43000 52.50177306
19.43500 52.51137688
19.44000 52.52097988
19.44500 52.53058207
19.45000 52.54018344
19.45500 52.54978399
19.46000 52.55938372
19.46500 52.56898264
19.47000 52.57858075
19.47500 52.58817803
19.48000 52.59777451
19.48500 52.60737016
19.49000 52.61696501
19.49500 52.62655903
19.50000 52.63615225
19.50500 52.64574465
19.51000 52.65533623
19.51500 52.66492700
19.52000 52.67451696
19.52500 52.68410611
19.53000 52.69369444
19.53500 52.70328196
19.54000 52.71286867
19.54500 52.72245457
19.55000 52.73203965
19.55500 52.74162393
19.56000 52.75120739
19.56500 52.76079004
19.57000 52.77037188
19.57500 52.77995291
19.58000 52.78953314
19.58500 52.79911255
19.59000 52.80869115
19.59500 52.81826895
19.60000 52.82784593
19.60500 52.83742211
19.61000 52.84699748
19.61500 52.85657204
19.62000 52.86614579
19.62500 52.87571873
19.63000 52.88529087
19.63500 52.89486220
19.64000 52.90443273
19.64500 52.91400245
19.65000 52.92357136
19.65500 52.93313946
19.66000 52.94270677
19.66500 52.95227326
19.67000 52.96183895
19.67500 52.97140384
19.68000 52.98096792
19.68500 52.99053120
19.69000 53.00009367
19.69500 53.00965534
19.70000 53.01921621
19.70500 53.02877627
19.71000 53.03833553
19.71500 53.04789399
19.72000 53.05745164
19.72500 53.06700850
19.73000 53.07656455
19.73500 53.08611980
19.74000 53.09567425
19.74500 53.10522790
19.75000 53.11478074
19.75500 53.12433279
19.76000 53.13388404
19.76500 53.14343449
19.77000 53.15298413
19.77500 53.16253298
19.78000 53.17208103
19.78500 53.18162828
19.79000 53.19117473
19.79500 53.20072039
19.80000 53.21026524
19.80500 53.21980930
19.81000 53.22935256
19.81500 53.23889503
19.82000 53.24843669
19.82500 53.25797756
19.83000 53.26751764
19.83500 53.27705691
19.84000 53.28659540
19.84500 53.29613308
19.85000 53.30566997
19.85500 53.31520607
19.86000 53.32474137
19.86500 53.33427588
19.87000 53.34380959
19.87500 53.35334251
19.88000 53.36287463
19.88500 53.37240596
19.89000 53.38193650
19.89500 53.39146624
19.90000 53.40099520
19.90500 53.41052336
19.91000 53.42005072
19.91500 53.42957730
19.92000 53.43910308
19.92500 53.44862808
19.93000 53.45815228
19.93500 53.46767569
19.94000 53.47719831
19.94500 53.48672014
19.95000 53.49624118
19.95500 53.50576143
19.96000 53.51528089
19.96500 53.52479956
19.97000 53.53431745
19.97500 53.54383454
19.98000 53.55335085
19.98500 53.56286636
19.99000 53.57238109
19.99500 53.58189503
20.00000 53.59140819
20.00500 53.60092056
20.01000 53.61043214
20.01500 53.61994293
20.02000 53.62945294
20.02500 53.63896216
20.03000 53.64847059
20.03500 53.65797824
20.04000 53.66748511
20.04500 53.67699119
20.05000 53.68649648
20.05500 53.69600099
20.06000 53.70550472
20.06500 53.71500766
20.07000 53.72450982
20.07500 53.73401119
20.08000 53.74351178
20.08500 53.75301159
20.09000 53.76251062
20.09500 53.77200886
20.10000 53.78150632
20.10500 53.79100300
20.11000 53.80049890
20.11500 53.80999401
20.12000 53.81948835
20.12500 53.82898190
20.13000 53.83847467
20.13500 53.84796667
20.14000 53.85745788
20.14500 53.86694831
20.15000 53.87643796
20.15500 53.88592684
20.16000 53.89541493
20.16500 53.90490225
20.17000 53.91438878
20.17500 53.92387454
20.18000 53.93335952
20.18500 53.94284372
20.19000 53.95232715
20.19500 53.96180980
20.20000 53.97129167
20.20500 53.98077276
20.21000 53.99025308
20.21500 53.99973262
20.22000 54.00921138
20.22500 54.01868937
20.23000 54.02816658
20.23500 54.03764302
20.24000 54.04711869
20.24500 54.05659357
20.25000 54.06606769
