0.25000 4.17781263
0.25500 4.09151096
0.26000 3.92261358
0.26500 3.76097427
0.27000 3.60628661
0.27500 3.45825152
0.28000 3.31658008
0.28500 3.18099285
0.29000 3.05122048
0.29500 2.92700374
0.30000 2.80809353
0.30500 2.69425084
0.31000 2.58524660
0.31500 2.48086150
0.32000 2.38088577
0.32500 2.28511891
0.33000 2.19336941
0.33500 2.10545448
0.34000 2.02119972
0.34500 1.94043878
0.35000 1.86301312
0.35500 1.78877160
0.36000 1.71757025
0.36500 1.64927189
0.37000 1.58374590
0.37500 1.52086786
0.38000 1.46051929
0.38500 1.40258741
0.39000 1.34696479
0.39500 1.29354917
0.40000 1.24224318
0.40500 1.19295410
0.41000 1.14559363
0.41500 1.10007768
0.42000 1.05632621
0.42500 1.01426290
0.43000 0.97381511
0.43500 0.93491363
0.44000 0.89749249
0.44500 0.86148884
0.45000 0.82684276
0.45500 0.79349714
0.46000 0.76139754
0.46500 0.73049203
0.47000 0.70073109
0.47500 0.67206747
0.48000 0.64445611
0.48500 0.61785400
0.49000 0.59222008
0.49500 0.56751515
0.50000 0.54370179
0.50500 0.52074427
0.51000 0.49860844
0.51500 0.47726168
0.52000 0.45667283
0.52500 0.43681209
0.53000 0.41765097
0.53500 0.39916224
0.54000 0.38131986
0.54500 0.36409891
0.55000 0.34747554
0.55500 0.33142694
0.56000 0.31593127
0.56500 0.30096761
0.57000 0.28651595
0.57500 0.27255712
0.58000 0.25907272
0.58500 0.24604517
0.59000 0.23345759
0.59500 0.22129380
0.60000 0.20953830
0.60500 0.19817622
0.61000 0.18719330
0.61500 0.17657585
0.62000 0.16631074
0.62500 0.15638538
0.63000 0.14678767
0.63500 0.13750599
0.64000 0.12852919
0.64500 0.11984656
0.65000 0.11144782
0.65500 0.10332307
0.66000 0.09546281
0.66500 0.08785792
0.67000 0.08049960
0.67500 0.07337943
0.68000 0.06648927
0.68500 0.05982132
0.69000 0.05336807
0.69500 0.04712228
0.70000 0.04107700
0.70500 0.03522553
0.71000 0.02956142
0.71500 0.02407847
0.72000 0.01877068
0.72500 0.01363230
0.73000 0.00865779
0.73500 0.00384179
0.74000 -0.00082085
0.74500 -0.00533509
0.75000 -0.00970573
0.75500 -0.01393737
0.76000 -0.01803448
0.76500 -0.02200135
0.77000 -0.02584212
0.77500 -0.02956078
0.78000 -0.03316119
0.78500 -0.03664708
0.79000 -0.04002203
0.79500 -0.04328951
0.80000 -0.04645288
0.80500 -0.04951536
0.81000 -0.05248007
0.81500 -0.05535004
0.82000 -0.05812818
0.82500 -0.06081730
0.83000 -0.06342011
0.83500 -0.06593926
0.84000 -0.06837729
0.84500 -0.07073664
0.85000 -0.07301969
0.85500 -0.07522874
0.86000 -0.07736602
0.86500 -0.07943367
0.87000 -0.08143377
0.87500 -0.08336833
0.88000 -0.08523929
0.88500 -0.08704854
0.89000 -0.08879790
0.89500 -0.09048914
0.90000 -0.09212396
0.90500 -0.09370401
0.91000 -0.09523090
0.91500 -0.09670618
0.92000 -0.09813134
0.92500 -0.09950784
0.93000 -0.10083710
0.93500 -0.10212047
0.94000 -0.10335929
0.94500 -0.10455482
0.95000 -0.10570831
0.95500 -0.10682097
0.96000 -0.10789396
0.96500 -0.10892842
0.97000 -0.10992544
0.97500 -0.11088608
0.98000 -0.11181138
0.98500 -0.11270235
0.99000 -0.11355993
0.99500 -0.11438509
1.00000 -0.11517874
1.00500 -0.11594175
1.01000 -0.11667499
1.01500 -0.11737930
1.02000 -0.11805548
1.02500 -0.11870432
1.03000 -0.11932659
1.03500 -0.11992302
1.04000 -0.12049434
1.04500 -0.12104124
1.05000 -0.12156439
1.05500 -0.12206447
1.06000 -0.12254211
1.06500 -0.12299793
1.07000 -0.12343253
1.07500 -0.12384650
1.08000 -0.12424041
1.08500 -0.12461482
1.09000 -0.12497025
1.09500 -0.12530724
1.10000 -0.12562629
1.10500 -0.12592790
1.11000 -0.12621254
1.11500 -0.12648069
1.12000 -0.12673279
1.12500 -0.12696928
1.13000 -0.12719060
1.13500 -0.12739717
1.14000 -0.12758938
1.14500 -0.12776763
1.15000 -0.12793230
1.15500 -0.12808377
1.16000 -0.12822241
1.16500 -0.12834855
1.17000 -0.12846255
1.17500 -0.12856474
1.18000 -0.12865545
1.18500 -0.12873498
1.19000 -0.12880366
1.19500 -0.12886177
1.20000 -0.12890962
1.20500 -0.12894747
1.21000 -0.12897562
1.21500 -0.12899432
1.22000 -0.12900384
1.22500 -0.12900444
1.23000 -0.12899635
1.23500 -0.12897983
1.24000 -0.12895511
1.24500 -0.12892241
1.25000 -0.12888197
1.25500 -0.12883398
1.26000 -0.12877868
1.26500 -0.12871625
1.27000 -0.12864691
1.27500 -0.12857085
1.28000 -0.12848826
1.28500 -0.12839932
1.29000 -0.12830421
1.29500 -0.12820312
1.30000 -0.12809620
1.30500 -0.12798363
1.31000 -0.12786557
1.31500 -0.12774218
1.32000 -0.12761361
1.32500 -0.12748001
1.33000 -0.12734153
1.33500 -0.12719831
1.34000 -0.12705050
1.34500 -0.12689822
1.35000 -0.12674160
1.35500 -0.12658079
1.36000 -0.12641589
1.36500 -0.12624704
1.37000 -0.12607436
1.37500 -0.12589795
1.38000 -0.12571794
1.38500 -0.12553443
1.39000 -0.12534753
1.39500 -0.12515734
1.40000 -0.12496398
1.40500 -0.12476753
1.41000 -0.12456810
1.41500 -0.12436577
1.42000 -0.12416065
1.42500 -0.12395282
1.43000 -0.12374237
1.43500 -0.12352939
1.44000 -0.12331396
1.44500 -0.12309615
1.45000 -0.12287606
1.45500 -0.12265375
1.46000 -0.12242931
1.46500 -0.12220280
1.47000 -0.12197430
1.47500 -0.12174388
1.48000 -0.12151160
1.48500 -0.12127754
1.49000 -0.12104176
1.49500 -0.12080431
1.50000 -0.12056527
1.50500 -0.12032470
1.51000 -0.12008264
1.51500 -0.11983916
1.52000 -0.11959432
1.52500 -0.11934817
1.53000 -0.11910076
1.53500 -0.11885214
1.54000 -0.11860237
1.54500 -0.11835149
1.55000 -0.11809956
1.55500 -0.11784661
1.56000 -0.11759270
1.56500 -0.11733787
1.57000 -0.11708216
1.57500 -0.11682561
1.58000 -0.11656827
1.58500 -0.11631018
1.59000 -0.11605137
1.59500 -0.11579189
1.60000 -0.11553177
1.60500 -0.11527104
1.61000 -0.11500975
1.61500 -0.11474793
1.62000 -0.11448560
1.62500 -0.11422282
1.63000 -0.11395960
1.63500 -0.11369598
1.64000 -0.11343198
1.64500 -0.11316765
1.65000 -0.11290300
1.65500 -0.11263807
1.66000 -0.11237288
1.66500 -0.11210746
1.67000 -0.11184184
1.67500 -0.11157604
1.68000 -0.11131008
1.68500 -0.11104400
1.69000 -0.11077781
1.69500 -0.11051153
1.70000 -0.11024520
1.70500 -0.10997883
1.71000 -0.10971245
1.71500 -0.10944606
1.72000 -0.10917971
1.72500 -0.10891339
1.73000 -0.10864714
1.73500 -0.10838097
1.74000 -0.10811490
1.74500 -0.10784894
1.75000 -0.10758312
1.75500 -0.10731746
1.76000 -0.10705196
1.76500 -0.10678665
1.77000 -0.10652153
1.77500 -0.10625663
1.78000 -0.10599196
1.78500 -0.10572753
1.79000 -0.10546336
1.79500 -0.10519946
1.80000 -0.10493585
1.80500 -0.10467253
1.81000 -0.10440953
1.81500 -0.10414684
1.82000 -0.10388449
1.82500 -0.10362248
1.83000 -0.10336083
1.83500 -0.10309954
1.84000 -0.10283864
1.84500 -0.10257812
1.85000 -0.10231800
1.85500 -0.10205829
1.86000 -0.10179899
1.86500 -0.10154012
1.87000 -0.10128169
1.87500 -0.10102369
1.88000 -0.10076615
1.88500 -0.10050907
1.89000 -0.10025246
1.89500 -0.09999632
1.90000 -0.09974067
1.90500 -0.09948551
1.91000 -0.09923084
1.91500 -0.09897667
1.92000 -0.09872302
1.92500 -0.09846988
1.93000 -0.09821727
1.93500 -0.09796518
1.94000 -0.09771363
1.94500 -0.09746262
1.95000 -0.09721215
1.95500 -0.09696224
1.96000 -0.09671288
1.96500 -0.09646408
1.97000 -0.09621584
1.97500 -0.09596817
1.98000 -0.09572108
1.98500 -0.09547457
1.99000 -0.09522863
1.99500 -0.09498329
2.00000 -0.09473853
2.00500 -0.09449436
2.01000 -0.09425080
2.01500 -0.09400783
2.02000 -0.09376547
2.02500 -0.09352371
2.03000 -0.09328256
2.03500 -0.09304203
2.04000 -0.09280210
2.04500 -0.09256280
2.05000 -0.09232412
2.05500 -0.09208606
2.06000 -0.09184862
2.06500 -0.09161181
2.07000 -0.09137563
2.07500 -0.09114008
2.08000 -0.09090516
2.08500 -0.09067088
2.09000 -0.09043723
2.09500 -0.09020422
2.10000 -0.08997185
2.10500 -0.08974012
2.11000 -0.08950903
2.11500 -0.08927859
2.12000 -0.08904878
2.12500 -0.08881963
2.13000 -0.08859112
2.13500 -0.08836325
2.14000 -0.08813604
2.14500 -0.08790947
2.15000 -0.08768355
2.15500 -0.08745828
2.16000 -0.08723367
2.16500 -0.08700970
2.17000 -0.08678638
2.17500 -0.08656372
2.18000 -0.08634171
2.18500 -0.08612035
2.19000 -0.08589964
2.19500 -0.08567958
2.20000 -0.08546018
2.20500 -0.08524143
2.21000 -0.08502333
2.21500 -0.08480589
2.22000 -0.08458909
2.22500 -0.08437295
2.23000 -0.08415746
2.23500 -0.08394262
2.24000 -0.08372843
2.24500 -0.08351490
2.25000 -0.08330201
2.25500 -0.08308977
2.26000 -0.08287818
2.26500 -0.08266724
2.27000 -0.08245695
2.27500 -0.08224731
2.28000 -0.08203831
2.28500 -0.08182996
2.29000 -0.08162225
2.29500 -0.08141519
2.30000 -0.08120877
2.30500 -0.08100300
2.31000 -0.08079787
2.31500 -0.08059337
2.32000 -0.08038952
2.32500 -0.08018631
2.33000 -0.07998373
2.33500 -0.07978180
2.34000 -0.07958049
2.34500 -0.07937983
2.35000 -0.07917979
2.35500 -0.07898039
2.36000 -0.07878163
2.36500 -0.07858349
2.37000 -0.07838598
2.37500 -0.07818910
2.38000 -0.07799285
2.38500 -0.07779722
2.39000 -0.07760221
2.39500 -0.07740783
2.40000 -0.07721407
2.40500 -0.07702093
2.41000 -0.07682841
2.41500 -0.07663651
2.42000 -0.07644523
2.42500 -0.07625455
2.43000 -0.07606450
2.43500 -0.07587505
2.44000 -0.07568622
2.44500 -0.07549799
2.45000 -0.07531037
2.45500 -0.07512336
2.46000 -0.07493695
2.46500 -0.07475114
2.47000 -0.07456594
2.47500 -0.07438133
2.48000 -0.07419733
2.48500 -0.07401392
2.49000 -0.07383111
2.49500 -0.07364889
2.50000 -0.07346726
2.50500 -0.07328622
2.51000 -0.07310577
2.51500 -0.07292591
2.52000 -0.07274664
2.52500 -0.07256794
2.53000 -0.07238983
2.53500 -0.07221231
2.54000 -0.07203536
2.54500 -0.07185898
2.55000 -0.07168319
2.55500 -0.07150797
2.56000 -0.07133331
2.56500 -0.07115924
2.57000 -0.07098573
2.57500 -0.07081278
2.58000 -0.07064040
2.58500 -0.07046859
2.59000 -0.07029734
2.59500 -0.07012665
2.60000 -0.06995651
2.60500 -0.06978694
2.61000 -0.06961792
2.61500 -0.06944945
2.62000 -0.06928154
2.62500 -0.06911417
2.63000 -0.06894735
2.63500 -0.06878108
2.64000 -0.06861536
2.64500 -0.06845018
2.65000 -0.06828554
2.65500 -0.06812143
2.66000 -0.06795787
2.66500 -0.06779484
2.67000 -0.06763235
2.67500 -0.06747039
2.68000 -0.06730896
2.68500 -0.06714806
2.69000 -0.06698769
2.69500 -0.06682784
2.70000 -0.06666851
2.70500 -0.06650971
2.71000 -0.06635143
2.71500 -0.06619367
2.72000 -0.06603642
2.72500 -0.06587969
2.73000 -0.06572348
2.73500 -0.06556777
2.74000 -0.06541257
2.74500 -0.06525789
2.75000 -0.06510370
2.75500 -0.06495003
2.76000 -0.06479685
2.76500 -0.06464418
2.77000 -0.06449201
2.77500 -0.06434033
2.78000 -0.06418915
2.78500 -0.06403847
2.79000 -0.06388827
2.79500 -0.06373857
2.80000 -0.06358936
2.80500 -0.06344063
2.81000 -0.06329239
2.81500 -0.06314464
2.82000 -0.06299736
2.82500 -0.06285057
2.83000 -0.06270425
2.83500 -0.06255842
2.84000 -0.06241305
2.84500 -0.06226816
2.85000 -0.06212375
2.85500 -0.06197980
2.86000 -0.06183632
2.86500 -0.06169331
2.87000 -0.06155077
2.87500 -0.06140868
2.88000 -0.06126706
2.88500 -0.06112590
2.89000 -0.06098520
2.89500 -0.06084496
2.90000 -0.06070517
2.90500 -0.06056583
2.91000 -0.06042695
2.91500 -0.06028851
2.92000 -0.06015053
2.92500 -0.06001299
2.93000 -0.05987590
2.93500 -0.05973925
2.94000 -0.05960304
2.94500 -0.05946728
2.95000 -0.05933195
2.95500 -0.05919706
2.96000 -0.05906260
2.96500 -0.05892858
2.97000 -0.05879499
2.97500 -0.05866184
2.98000 -0.05852911
2.98500 -0.05839681
2.99000 -0.05826493
2.99500 -0.05813348
3.00000 -0.05800246
3.00500 -0.05787185
3.01000 -0.05774167
3.01500 -0.05761190
3.02000 -0.05748255
3.02500 -0.05735361
3.03000 -0.05722509
3.03500 -0.05709698
3.04000 -0.05696928
3.04500 -0.05684199
3.05000 -0.05671511
3.05500 -0.05658863
3.06000 -0.05646256
3.06500 -0.05633689
3.07000 -0.05621162
3.07500 -0.05608675
3.08000 -0.05596228
3.08500 -0.05583820
3.09000 -0.05571453
3.09500 -0.05559124
3.10000 -0.05546835
3.10500 -0.05534585
3.11000 -0.05522374
3.11500 -0.05510202
3.12000 -0.05498068
3.12500 -0.05485973
3.13000 -0.05473916
3.13500 -0.05461897
3.14000 -0.05449917
3.14500 -0.05437974
3.15000 -0.05426070
3.15500 -0.05414203
3.16000 -0.05402373
3.16500 -0.05390581
3.17000 -0.05378826
3.17500 -0.05367108
3.18000 -0.05355427
3.18500 -0.05343783
3.19000 -0.05332175
3.19500 -0.05320605
3.20000 -0.05309070
3.20500 -0.05297572
3.21000 -0.05286110
3.21500 -0.05274683
3.22000 -0.05263293
3.22500 -0.05251938
3.23000 -0.05240619
3.23500 -0.05229336
3.24000 -0.05218087
3.24500 -0.05206874
3.25000 -0.05195696
3.25500 -0.05184553
3.26000 -0.05173445
3.26500 -0.05162371
3.27000 -0.05151332
3.27500 -0.05140327
3.28000 -0.05129356
3.28500 -0.05118420
3.29000 -0.05107517
3.29500 -0.05096649
3.30000 -0.05085814
3.30500 -0.05075012
3.31000 -0.05064245
3.31500 -0.05053510
3.32000 -0.05042809
3.32500 -0.05032141
3.33000 -0.05021506
3.33500 -0.05010904
3.34000 -0.05000334
3.34500 -0.04989797
3.35000 -0.04979293
3.35500 -0.04968821
3.36000 -0.04958381
3.36500 -0.04947973
3.37000 -0.04937598
3.37500 -0.04927254
3.38000 -0.04916942
3.38500 -0.04906661
3.39000 -0.04896412
3.39500 -0.04886195
3.40000 -0.04876009
3.40500 -0.04865854
3.41000 -0.04855729
3.41500 -0.04845636
3.42000 -0.04835574
3.42500 -0.04825543
3.43000 -0.04815542
3.43500 -0.04805571
3.44000 -0.04795631
3.44500 -0.04785721
3.45000 -0.04775841
3.45500 -0.04765991
3.46000 -0.04756171
3.46500 -0.04746381
3.47000 -0.04736621
3.47500 -0.04726890
3.48000 -0.04717188
3.48500 -0.04707516
3.49000 -0.04697873
3.49500 -0.04688259
3.50000 -0.04678675
3.50500 -0.04669119
3.51000 -0.04659592
3.51500 -0.04650093
3.52000 -0.04640623
3.52500 -0.04631182
3.53000 -0.04621769
3.53500 -0.04612384
3.54000 -0.04603028
3.54500 -0.04593699
3.55000 -0.04584399
3.55500 -0.04575126
3.56000 -0.04565881
3.56500 -0.04556663
3.57000 -0.04547473
3.57500 -0.04538311
3.58000 -0.04529176
3.58500 -0.04520068
3.59000 -0.04510987
3.59500 -0.04501933
3.60000 -0.04492906
3.60500 -0.04483906
3.61000 -0.04474933
3.61500 -0.04465986
3.62000 -0.04457066
3.62500 -0.04448172
3.63000 -0.04439305
3.63500 -0.04430463
3.64000 -0.04421648
3.64500 -0.04412859
3.65000 -0.04404096
3.65500 -0.04395359
3.66000 -0.04386647
3.66500 -0.04377961
3.67000 -0.04369301
3.67500 -0.04360666
3.68000 -0.04352056
3.68500 -0.04343472
3.69000 -0.04334912
3.69500 -0.04326378
3.70000 -0.04317869
3.70500 -0.04309385
3.71000 -0.04300925
3.71500 -0.04292491
3.72000 -0.04284081
3.72500 -0.04275695
3.73000 -0.04267334
3.73500 -0.04258997
3.74000 -0.04250684
3.74500 -0.04242396
3.75000 -0.04234132
3.75500 -0.04225891
3.76000 -0.04217675
3.76500 -0.04209482
3.77000 -0.04201314
3.77500 -0.04193168
3.78000 -0.04185047
3.78500 -0.04176948
3.79000 -0.04168874
3.79500 -0.04160822
3.80000 -0.04152794
3.80500 -0.04144789
3.81000 -0.04136806
3.81500 -0.04128847
3.82000 -0.04120911
3.82500 -0.04112997
3.83000 -0.04105106
3.83500 -0.04097238
3.84000 -0.04089392
3.84500 -0.04081569
3.85000 -0.04073768
3.85500 -0.04065990
3.86000 -0.04058233
3.86500 -0.04050499
3.87000 -0.04042787
3.87500 -0.04035097
3.88000 -0.04027429
3.88500 -0.04019782
3.89000 -0.04012157
3.89500 -0.04004554
3.90000 -0.03996973
3.90500 -0.03989413
3.91000 -0.03981874
3.91500 -0.03974357
3.92000 -0.03966861
3.92500 -0.03959386
3.93000 -0.03951932
3.93500 -0.03944500
3.94000 -0.03937088
3.94500 -0.03929697
3.95000 -0.03922327
3.95500 -0.03914978
3.96000 -0.03907649
3.96500 -0.03900341
3.97000 -0.03893053
3.97500 -0.03885786
3.98000 -0.03878540
3.98500 -0.03871313
3.99000 -0.03864107
3.99500 -0.03856921
4.00000 -0.03849755
4.00500 -0.03842609
4.01000 -0.03835483
4.01500 -0.03828377
4.02000 -0.03821290
4.02500 -0.03814223
4.03000 -0.03807176
4.03500 -0.03800149
4.04000 -0.03793141
4.04500 -0.03786152
4.05000 -0.03779183
4.05500 -0.03772233
4.06000 -0.03765303
4.06500 -0.03758391
4.07000 -0.03751499
4.07500 -0.03744625
4.08000 -0.03737771
4.08500 -0.03730935
4.09000 -0.03724119
4.09500 -0.03717321
4.10000 -0.03710542
4.10500 -0.03703781
4.11000 -0.03697039
4.11500 -0.03690315
4.12000 -0.03683610
4.12500 -0.03676923
4.13000 -0.03670255
4.13500 -0.03663605
4.14000 -0.03656973
4.14500 -0.03650359
4.15000 -0.03643763
4.15500 -0.03637185
4.16000 -0.03630625
4.16500 -0.03624082
4.17000 -0.03617558
4.17500 -0.03611051
4.18000 -0.03604562
4.18500 -0.03598091
4.19000 -0.03591637
4.19500 -0.03585201
4.20000 -0.03578782
4.20500 -0.03572380
4.21000 -0.03565996
4.21500 -0.03559629
4.22000 -0.03553279
4.22500 -0.03546946
4.23000 -0.03540630
4.23500 -0.03534332
4.24000 -0.03528050
4.24500 -0.03521785
4.25000 -0.03515537
4.25500 -0.03509305
4.26000 -0.03503091
4.26500 -0.03496893
4.27000 -0.03490711
4.27500 -0.03484547
4.28000 -0.03478398
4.28500 -0.03472266
4.29000 -0.03466151
4.29500 -0.03460051
4.30000 -0.03453968
4.30500 -0.03447901
4.31000 -0.03441851
4.31500 -0.03435816
4.32000 -0.03429797
4.32500 -0.03423795
4.33000 -0.03417808
4.33500 -0.03411837
4.34000 -0.03405882
4.34500 -0.03399943
4.35000 -0.03394019
4.35500 -0.03388111
4.36000 -0.03382219
4.36500 -0.03376342
4.37000 -0.03370481
4.37500 -0.03364635
4.38000 -0.03358804
4.38500 -0.03352989
4.39000 -0.03347189
4.39500 -0.03341404
4.40000 -0.03335634
4.40500 -0.03329880
4.41000 -0.03324141
4.41500 -0.03318416
4.42000 -0.03312707
4.42500 -0.03307012
4.43000 -0.03301333
4.43500 -0.03295668
4.44000 -0.03290018
4.44500 -0.03284382
4.45000 -0.03278762
4.45500 -0.03273155
4.46000 -0.03267564
4.46500 -0.03261987
4.47000 -0.03256424
4.47500 -0.03250876
4.48000 -0.03245342
4.48500 -0.03239823
4.49000 -0.03234318
4.49500 -0.03228827
4.50000 -0.03223350
4.50500 -0.03217887
4.51000 -0.03212439
4.51500 -0.03207004
4.52000 -0.03201583
4.52500 -0.03196177
4.53000 -0.03190784
4.53500 -0.03185405
4.54000 -0.03180040
4.54500 -0.03174689
4.55000 -0.03169351
4.55500 -0.03164027
4.56000 -0.03158717
4.56500 -0.03153420
4.57000 -0.03148136
4.57500 -0.03142867
4.58000 -0.03137610
4.58500 -0.03132367
4.59000 -0.03127138
4.59500 -0.03121921
4.60000 -0.03116718
4.60500 -0.03111528
4.61000 -0.03106352
4.61500 -0.03101188
4.62000 -0.03096037
4.62500 -0.03090900
4.63000 -0.03085775
4.63500 -0.03080664
4.64000 -0.03075565
4.64500 -0.03070480
4.65000 -0.03065407
4.65500 -0.03060346
4.66000 -0.03055299
4.66500 -0.03050264
4.67000 -0.03045242
4.67500 -0.03040233
4.68000 -0.03035236
4.68500 -0.03030252
4.69000 -0.03025280
4.69500 -0.03020320
4.70000 -0.03015373
4.70500 -0.03010439
4.71000 -0.03005516
4.71500 -0.03000606
4.72000 -0.02995709
4.72500 -0.02990823
4.73000 -0.02985950
4.73500 -0.02981088
4.74000 -0.02976239
4.74500 -0.02971402
4.75000 -0.02966577
4.75500 -0.02961764
4.76000 -0.02956962
4.76500 -0.02952173
4.77000 -0.02947396
4.77500 -0.02942630
4.78000 -0.02937876
4.78500 -0.02933134
4.79000 -0.02928403
4.79500 -0.02923685
4.80000 -0.02918977
4.80500 -0.02914282
4.81000 -0.02909598
4.81500 -0.02904925
4.82000 -0.02900264
4.82500 -0.02895615
4.83000 -0.02890976
4.83500 -0.02886350
4.84000 -0.02881734
4.84500 -0.02877130
4.85000 -0.02872537
4.85500 -0.02867955
4.86000 -0.02863385
4.86500 -0.02858825
4.87000 -0.02854277
4.87500 -0.02849740
4.88000 -0.02845213
4.88500 -0.02840698
4.89000 -0.02836194
4.89500 -0.02831701
4.90000 -0.02827218
4.90500 -0.02822747
4.91000 -0.02818286
4.91500 -0.02813836
4.92000 -0.02809397
4.92500 -0.02804969
4.93000 -0.02800551
4.93500 -0.02796144
4.94000 -0.02791748
4.94500 -0.02787362
4.95000 -0.02782987
4.95500 -0.02778622
4.96000 -0.02774268
4.96500 -0.02769924
4.97000 -0.02765591
4.97500 -0.02761268
4.98000 -0.02756955
4.98500 -0.02752653
4.99000 -0.02748361
4.99500 -0.02744079
5.00000 -0.02739808
5.00500 -0.02735546
5.01000 -0.02731295
5.01500 -0.02727054
5.02000 -0.02722823
5.02500 -0.02718602
5.03000 -0.02714392
5.03500 -0.02710191
5.04000 -0.02706000
5.04500 -0.02701819
5.05000 -0.02697648
5.05500 -0.02693487
5.06000 -0.02689336
5.06500 -0.02685195
5.07000 -0.02681063
5.07500 -0.02676941
5.08000 -0.02672829
5.08500 -0.02668727
5.09000 -0.02664634
5.09500 -0.02660551
5.10000 -0.02656478
5.10500 -0.02652414
5.11000 -0.02648359
5.11500 -0.02644315
5.12000 -0.02640279
5.12500 -0.02636253
5.13000 -0.02632237
5.13500 -0.02628230
5.14000 -0.02624232
5.14500 -0.02620244
5.15000 -0.02616265
5.15500 -0.02612295
5.16000 -0.02608335
5.16500 -0.02604383
5.17000 -0.02600441
5.17500 -0.02596509
5.18000 -0.02592585
5.18500 -0.02588670
5.19000 -0.02584765
5.19500 -0.02580868
5.20000 -0.02576981
5.20500 -0.02573103
5.21000 -0.02569233
5.21500 -0.02565373
5.22000 -0.02561521
5.22500 -0.02557678
5.23000 -0.02553845
5.23500 -0.02550020
5.24000 -0.02546204
5.24500 -0.02542396
5.25000 -0.02538598
5.25500 -0.02534808
5.26000 -0.02531027
5.26500 -0.02527254
5.27000 -0.02523490
5.27500 -0.02519735
5.28000 -0.02515989
5.28500 -0.02512251
5.29000 -0.02508521
5.29500 -0.02504800
5.30000 -0.02501088
5.30500 -0.02497384
5.31000 -0.02493689
5.31500 -0.02490001
5.32000 -0.02486323
5.32500 -0.02482652
5.33000 -0.02478991
5.33500 -0.02475337
5.34000 -0.02471692
5.34500 -0.02468054
5.35000 -0.02464426
5.35500 -0.02460805
5.36000 -0.02457193
5.36500 -0.02453588
5.37000 -0.02449992
5.37500 -0.02446404
5.38000 -0.02442825
5.38500 -0.02439253
5.39000 -0.02435689
5.39500 -0.02432133
5.40000 -0.02428586
5.40500 -0.02425046
5.41000 -0.02421514
5.41500 -0.02417990
5.42000 -0.02414474
5.42500 -0.02410966
5.43000 -0.02407466
5.43500 -0.02403974
5.44000 -0.02400489
5.44500 -0.02397013
5.45000 -0.02393544
5.45500 -0.02390082
5.46000 -0.02386629
5.46500 -0.02383183
5.47000 -0.02379745
5.47500 -0.02376315
5.48000 -0.02372892
5.48500 -0.02369476
5.49000 -0.02366069
5.49500 -0.02362669
5.50000 -0.02359276
5.50500 -0.02355891
5.51000 -0.02352514
5.51500 -0.02349144
5.52000 -0.02345781
5.52500 -0.02342426
5.53000 -0.02339078
5.53500 -0.02335738
5.54000 -0.02332405
5.54500 -0.02329079
5.55000 -0.02325761
5.55500 -0.02322450
5.56000 -0.02319146
5.56500 -0.02315849
5.57000 -0.02312560
5.57500 -0.02309278
5.58000 -0.02306003
5.58500 -0.02302736
5.59000 -0.02299475
5.59500 -0.02296222
5.60000 -0.02292976
5.60500 -0.02289736
5.61000 -0.02286504
5.61500 -0.02283279
5.62000 -0.02280061
5.62500 -0.02276850
5.63000 -0.02273646
5.63500 -0.02270449
5.64000 -0.02267259
5.64500 -0.02264076
5.65000 -0.02260900
5.65500 -0.02257730
5.66000 -0.02254568
5.66500 -0.02251412
5.67000 -0.02248263
5.67500 -0.02245121
5.68000 -0.02241986
5.68500 -0.02238857
5.69000 -0.02235736
5.69500 -0.02232621
5.70000 -0.02229512
5.70500 -0.02226411
5.71000 -0.02223316
5.71500 -0.02220228
5.72000 -0.02217146
5.72500 -0.02214071
5.73000 -0.02211003
5.73500 -0.02207941
5.74000 -0.02204886
5.74500 -0.02201837
5.75000 -0.02198795
5.75500 -0.02195759
5.76000 -0.02192730
5.76500 -0.02189707
5.77000 -0.02186691
5.77500 -0.02183681
5.78000 -0.02180678
5.78500 -0.02177681
5.79000 -0.02174690
5.79500 -0.02171706
5.80000 -0.02168728
5.80500 -0.02165756
5.81000 -0.02162791
5.81500 -0.02159832
5.82000 -0.02156879
5.82500 -0.02153932
5.83000 -0.02150992
5.83500 -0.02148058
5.84000 -0.02145130
5.84500 -0.02142208
5.85000 -0.02139293
5.85500 -0.02136384
5.86000 -0.02133480
5.86500 -0.02130583
5.87000 -0.02127692
5.87500 -0.02124807
5.88000 -0.02121928
5.88500 -0.02119055
5.89000 -0.02116188
5.89500 -0.02113328
5.90000 -0.02110473
5.90500 -0.02107624
5.91000 -0.02104781
5.91500 -0.02101944
5.92000 -0.02099113
5.92500 -0.02096288
5.93000 -0.02093469
5.93500 -0.02090655
5.94000 -0.02087848
5.94500 -0.02085046
5.95000 -0.02082250
5.95500 -0.02079460
5.96000 -0.02076676
5.96500 -0.02073897
5.97000 -0.02071125
5.97500 -0.02068358
5.98000 -0.02065597
5.98500 -0.02062841
5.99000 -0.02060091
5.99500 -0.02057347
6.00000 -0.02054609
6.00500 -0.02051876
6.01000 -0.02049149
6.01500 -0.02046427
6.02000 -0.02043711
6.02500 -0.02041001
6.03000 -0.02038296
6.03500 -0.02035597
6.04000 -0.02032904
6.04500 -0.02030215
6.05000 -0.02027533
6.05500 -0.02024856
6.06000 -0.02022184
6.06500 -0.02019518
6.07000 -0.02016857
6.07500 -0.02014202
6.08000 -0.02011552
6.08500 -0.02008908
6.09000 -0.02006269
6.09500 -0.02003635
6.10000 -0.02001007
6.10500 -0.01998384
6.11000 -0.01995766
6.11500 -0.01993154
6.12000 -0.01990547
6.12500 -0.01987945
6.13000 -0.01985349
6.13500 -0.01982758
6.14000 -0.01980172
6.14500 -0.01977591
6.15000 -0.01975016
6.15500 -0.01972446
6.16000 -0.01969881
6.16500 -0.01967321
6.17000 -0.01964766
6.17500 -0.01962217
6.18000 -0.01959672
6.18500 -0.01957133
6.19000 -0.01954599
6.19500 -0.01952070
6.20000 -0.01949546
6.20500 -0.01947027
6.21000 -0.01944513
6.21500 -0.01942004
6.22000 -0.01939500
6.22500 -0.01937002
6.23000 -0.01934508
6.23500 -0.01932019
6.24000 -0.01929535
6.24500 -0.01927056
6.25000 -0.01924582
6.25500 -0.01922113
6.26000 -0.01919649
6.26500 -0.01917190
6.27000 -0.01914736
6.27500 -0.01912287
6.28000 -0.01909842
6.28500 -0.01907402
6.29000 -0.01904968
6.29500 -0.01902538
6.30000 -0.01900113
6.30500 -0.01897692
6.31000 -0.01895277
6.31500 -0.01892866
6.32000 -0.01890460
6.32500 -0.01888059
6.33000 -0.01885662
6.33500 -0.01883270
6.34000 -0.01880883
6.34500 -0.01878501
6.35000 -0.01876123
6.35500 -0.01873750
6.36000 -0.01871382
6.36500 -0.01869018
6.37000 -0.01866659
6.37500 -0.01864305
6.38000 -0.01861955
6.38500 -0.01859610
6.39000 -0.01857269
6.39500 -0.01854933
6.40000 -0.01852602
6.40500 -0.01850275
6.41000 -0.01847952
6.41500 -0.01845635
6.42000 -0.01843321
6.42500 -0.01841013
6.43000 -0.01838708
6.43500 -0.01836408
6.44000 -0.01834113
6.44500 -0.01831822
6.45000 -0.01829536
6.45500 -0.01827254
6.46000 -0.01824976
6.46500 -0.01822703
6.47000 -0.01820434
6.47500 -0.01818170
6.48000 -0.01815910
6.48500 -0.01813655
6.49000 -0.01811403
6.49500 -0.01809157
6.50000 -0.01806914
6.50500 -0.01804676
6.51000 -0.01802442
6.51500 -0.01800212
6.52000 -0.01797987
6.52500 -0.01795766
6.53000 -0.01793549
6.53500 -0.01791337
6.54000 -0.01789128
6.54500 -0.01786924
6.55000 -0.01784725
6.55500 -0.01782529
6.56000 -0.01780338
6.56500 -0.01778151
6.57000 -0.01775968
6.57500 -0.01773789
6.58000 -0.01771614
6.58500 -0.01769444
6.59000 -0.01767277
6.59500 -0.01765115
6.60000 -0.01762957
6.60500 -0.01760803
6.61000 -0.01758653
6.61500 -0.01756507
6.62000 -0.01754365
6.62500 -0.01752228
6.63000 -0.01750094
6.63500 -0.01747964
6.64000 -0.01745839
6.64500 -0.01743717
6.65000 -0.01741600
6.65500 -0.01739486
6.66000 -0.01737377
6.66500 -0.01735271
6.67000 -0.01733170
6.67500 -0.01731072
6.68000 -0.01728978
6.68500 -0.01726889
6.69000 -0.01724803
6.69500 -0.01722721
6.70000 -0.01720643
6.70500 -0.01718569
6.71000 -0.01716499
6.71500 -0.01714433
6.72000 -0.01712370
6.72500 -0.01710312
6.73000 -0.01708257
6.73500 -0.01706206
6.74000 -0.01704159
6.74500 -0.01702116
6.75000 -0.01700077
6.75500 -0.01698041
6.76000 -0.01696009
6.76500 -0.01693981
6.77000 -0.01691957
6.77500 -0.01689937
6.78000 -0.01687920
6.78500 -0.01685907
6.79000 -0.01683898
6.79500 -0.01681893
6.80000 -0.01679891
6.80500 -0.01677893
6.81000 -0.01675899
6.81500 -0.01673908
6.82000 -0.01671921
6.82500 -0.01669938
6.83000 -0.01667958
6.83500 -0.01665982
6.84000 -0.01664010
6.84500 -0.01662042
6.85000 -0.01660077
6.85500 -0.01658115
6.86000 -0.01656157
6.86500 -0.01654203
6.87000 -0.01652253
6.87500 -0.01650306
6.88000 -0.01648362
6.88500 -0.01646422
6.89000 -0.01644486
6.89500 -0.01642553
6.90000 -0.01640624
6.90500 -0.01638698
6.91000 -0.01636776
6.91500 -0.01634858
6.92000 -0.01632943
6.92500 -0.01631031
6.93000 -0.01629123
6.93500 -0.01627218
6.94000 -0.01625317
6.94500 -0.01623419
6.95000 -0.01621525
6.95500 -0.01619634
6.96000 -0.01617747
6.96500 -0.01615863
6.97000 -0.01613982
6.97500 -0.01612105
6.98000 -0.01610231
6.98500 -0.01608361
6.99000 -0.01606494
6.99500 -0.01604631
7.00000 -0.01602770
7.00500 -0.01600913
7.01000 -0.01599060
7.01500 -0.01597210
7.02000 -0.01595363
7.02500 -0.01593520
7.03000 -0.01591679
7.03500 -0.01589843
7.04000 -0.01588009
7.04500 -0.01586179
7.05000 -0.01584352
7.05500 -0.01582528
7.06000 -0.01580708
7.06500 -0.01578891
7.07000 -0.01577077
7.07500 -0.01575266
7.08000 -0.01573459
7.08500 -0.01571655
7.09000 -0.01569854
7.09500 -0.01568056
7.10000 -0.01566262
7.10500 -0.01564470
7.11000 -0.01562682
7.11500 -0.01560897
7.12000 -0.01559116
7.12500 -0.01557337
7.13000 -0.01555562
7.13500 -0.01553790
7.14000 -0.01552021
7.14500 -0.01550255
7.15000 -0.01548492
7.15500 -0.01546732
7.16000 -0.01544976
7.16500 -0.01543222
7.17000 -0.01541472
7.17500 -0.01539725
7.18000 -0.01537980
7.18500 -0.01536239
7.19000 -0.01534501
7.19500 -0.01532766
7.20000 -0.01531035
7.20500 -0.01529306
7.21000 -0.01527580
7.21500 -0.01525857
7.22000 -0.01524138
7.22500 -0.01522421
7.23000 -0.01520707
7.23500 -0.01518997
7.24000 -0.01517289
7.24500 -0.01515584
7.25000 -0.01513883
7.25500 -0.01512184
7.26000 -0.01510488
7.26500 -0.01508796
7.27000 -0.01507106
7.27500 -0.01505419
7.28000 -0.01503735
7.28500 -0.01502054
7.29000 -0.01500376
7.29500 -0.01498701
7.30000 -0.01497029
7.30500 -0.01495360
7.31000 -0.01493693
7.31500 -0.01492030
7.32000 -0.01490369
7.32500 -0.01488712
7.33000 -0.01487057
7.33500 -0.01485405
7.34000 -0.01483756
7.34500 -0.01482110
7.35000 -0.01480466
7.35500 -0.01478826
7.36000 -0.01477188
7.36500 -0.01475553
7.37000 -0.01473921
7.37500 -0.01472292
7.38000 -0.01470666
7.38500 -0.01469042
7.39000 -0.01467421
7.39500 -0.01465803
7.40000 -0.01464188
7.40500 -0.01462576
7.41000 -0.01460966
7.41500 -0.01459359
7.42000 -0.01457755
7.42500 -0.01456154
7.43000 -0.01454555
7.43500 -0.01452959
7.44000 -0.01451366
7.44500 -0.01449775
7.45000 -0.01448188
7.45500 -0.01446603
7.46000 -0.01445020
7.46500 -0.01443441
7.47000 -0.01441864
7.47500 -0.01440290
7.48000 -0.01438718
7.48500 -0.01437149
7.49000 -0.01435583
7.49500 -0.01434020
7.50000 -0.01432459
7.50500 -0.01430900
7.51000 -0.01429345
7.51500 -0.01427792
7.52000 -0.01426242
7.52500 -0.01424694
7.53000 -0.01423149
7.53500 -0.01421607
7.54000 -0.01420067
7.54500 -0.01418530
7.55000 -0.01416995
7.55500 -0.01415463
7.56000 -0.01413933
7.56500 -0.01412407
7.57000 -0.01410882
7.57500 -0.01409361
7.58000 -0.01407841
7.58500 -0.01406325
7.59000 -0.01404811
7.59500 -0.01403299
7.60000 -0.01401790
7.60500 -0.01400284
7.61000 -0.01398780
7.61500 -0.01397279
7.62000 -0.01395780
7.62500 -0.01394283
7.63000 -0.01392790
7.63500 -0.01391298
7.64000 -0.01389809
7.64500 -0.01388323
7.65000 -0.01386839
7.65500 -0.01385358
7.66000 -0.01383879
7.66500 -0.01382402
7.67000 -0.01380928
7.67500 -0.01379457
7.68000 -0.01377988
7.68500 -0.01376521
7.69000 -0.01375057
7.69500 -0.01373595
7.70000 -0.01372136
7.70500 -0.01370679
7.71000 -0.01369224
7.71500 -0.01367772
7.72000 -0.01366322
7.72500 -0.01364875
7.73000 -0.01363430
7.73500 -0.01361988
7.74000 -0.01360547
7.74500 -0.01359110
7.75000 -0.01357674
7.75500 -0.01356241
7.76000 -0.01354811
7.76500 -0.01353382
7.77000 -0.01351956
7.77500 -0.01350533
7.78000 -0.01349111
7.78500 -0.01347693
7.79000 -0.01346276
7.79500 -0.01344862
7.80000 -0.01343450
7.80500 -0.01342040
7.81000 -0.01340633
7.81500 -0.01339228
7.82000 -0.01337825
7.82500 -0.01336425
7.83000 -0.01335026
7.83500 -0.01333631
7.84000 -0.01332237
7.84500 -0.01330846
7.85000 -0.01329457
7.85500 -0.01328070
7.86000 -0.01326685
7.86500 -0.01325303
7.87000 -0.01323923
7.87500 -0.01322545
7.88000 -0.01321170
7.88500 -0.01319796
7.89000 -0.01318425
7.89500 -0.01317057
7.90000 -0.01315690
7.90500 -0.01314326
7.91000 -0.01312963
7.91500 -0.01311603
7.92000 -0.01310246
7.92500 -0.01308890
7.93000 -0.01307537
7.93500 -0.01306185
7.94000 -0.01304836
7.94500 -0.01303490
7.95000 -0.01302145
7.95500 -0.01300802
7.96000 -0.01299462
7.96500 -0.01298124
7.97000 -0.01296788
7.97500 -0.01295454
7.98000 -0.01294122
7.98500 -0.01292792
7.99000 -0.01291465
7.99500 -0.01290140
8.00000 -0.01288816
8.00500 -0.01287495
8.01000 -0.01286176
8.01500 -0.01284859
8.02000 -0.01283545
8.02500 -0.01282232
8.03000 -0.01280921
8.03500 -0.01279613
8.04000 -0.01278307
8.04500 -0.01277002
8.05000 -0.01275700
8.05500 -0.01274400
8.06000 -0.01273102
8.06500 -0.01271806
8.07000 -0.01270512
8.07500 -0.01269220
8.08000 -0.01267930
8.08500 -0.01266642
8.09000 -0.01265356
8.09500 -0.01264073
8.10000 -0.01262791
8.10500 -0.01261511
8.11000 -0.01260234
8.11500 -0.01258958
8.12000 -0.01257684
8.12500 -0.01256413
8.13000 -0.01255143
8.13500 -0.01253876
8.14000 -0.01252610
8.14500 -0.01251347
8.15000 -0.01250085
8.15500 -0.01248825
8.16000 -0.01247568
8.16500 -0.01246312
8.17000 -0.01245059
8.17500 -0.01243807
8.18000 -0.01242557
8.18500 -0.01241309
8.19000 -0.01240064
8.19500 -0.01238820
8.20000 -0.01237578
8.20500 -0.01236338
8.21000 -0.01235100
8.21500 -0.01233864
8.22000 -0.01232630
8.22500 -0.01231397
8.23000 -0.01230167
8.23500 -0.01228939
8.24000 -0.01227712
8.24500 -0.01226488
8.25000 -0.01225265
8.25500 -0.01224044
8.26000 -0.01222826
8.26500 -0.01221609
8.27000 -0.01220394
8.27500 -0.01219180
8.28000 -0.01217969
8.28500 -0.01216760
8.29000 -0.01215552
8.29500 -0.01214347
8.30000 -0.01213143
8.30500 -0.01211941
8.31000 -0.01210741
8.31500 -0.01209543
8.32000 -0.01208346
8.32500 -0.01207152
8.33000 -0.01205959
8.33500 -0.01204768
8.34000 -0.01203579
8.34500 -0.01202392
8.35000 -0.01201207
8.35500 -0.01200023
8.36000 -0.01198842
8.36500 -0.01197662
8.37000 -0.01196484
8.37500 -0.01195308
8.38000 -0.01194133
8.38500 -0.01192961
8.39000 -0.01191790
8.39500 -0.01190621
8.40000 -0.01189454
8.40500 -0.01188288
8.41000 -0.01187125
8.41500 -0.01185963
8.42000 -0.01184803
8.42500 -0.01183644
8.43000 -0.01182488
8.43500 -0.01181333
8.44000 -0.01180180
8.44500 -0.01179029
8.45000 -0.01177879
8.45500 -0.01176731
8.46000 -0.01175585
8.46500 -0.01174441
8.47000 -0.01173299
8.47500 -0.01172158
8.48000 -0.01171019
8.48500 -0.01169881
8.49000 -0.01168746
8.49500 -0.01167612
8.50000 -0.01166480
8.50500 -0.01165349
8.51000 -0.01164221
8.51500 -0.01163094
8.52000 -0.01161968
8.52500 -0.01160845
8.53000 -0.01159723
8.53500 -0.01158603
8.54000 -0.01157484
8.54500 -0.01156367
8.55000 -0.01155252
8.55500 -0.01154139
8.56000 -0.01153027
8.56500 -0.01151917
8.57000 -0.01150808
8.57500 -0.01149701
8.58000 -0.01148596
8.58500 -0.01147493
8.59000 -0.01146391
8.59500 -0.01145291
8.60000 -0.01144192
8.60500 -0.01143095
8.61000 -0.01142000
8.61500 -0.01140907
8.62000 -0.01139815
8.62500 -0.01138724
8.63000 -0.01137636
8.63500 -0.01136549
8.64000 -0.01135463
8.64500 -0.01134379
8.65000 -0.01133297
8.65500 -0.01132217
8.66000 -0.01131138
8.66500 -0.01130060
8.67000 -0.01128984
8.67500 -0.01127910
8.68000 -0.01126838
8.68500 -0.01125767
8.69000 -0.01124697
8.69500 -0.01123630
8.70000 -0.01122563
8.70500 -0.01121499
8.71000 -0.01120436
8.71500 -0.01119374
8.72000 -0.01118314
8.72500 -0.01117256
8.73000 -0.01116199
8.73500 -0.01115144
8.74000 -0.01114090
8.74500 -0.01113038
8.75000 -0.01111988
8.75500 -0.01110939
8.76000 -0.01109891
8.76500 -0.01108845
8.77000 -0.01107801
8.77500 -0.01106758
8.78000 -0.01105717
8.78500 -0.01104677
8.79000 -0.01103639
8.79500 -0.01102602
8.80000 -0.01101567
8.80500 -0.01100533
8.81000 -0.01099501
8.81500 -0.01098470
8.82000 -0.01097441
8.82500 -0.01096414
8.83000 -0.01095388
8.83500 -0.01094363
8.84000 -0.01093340
8.84500 -0.01092318
8.85000 -0.01091298
8.85500 -0.01090279
8.86000 -0.01089262
8.86500 -0.01088247
8.87000 -0.01087232
8.87500 -0.01086220
8.88000 -0.01085208
8.88500 -0.01084199
8.89000 -0.01083190
8.89500 -0.01082183
8.90000 -0.01081178
8.90500 -0.01080174
8.91000 -0.01079172
8.91500 -0.01078171
8.92000 -0.01077171
8.92500 -0.01076173
8.93000 -0.01075176
8.93500 -0.01074181
8.94000 -0.01073187
8.94500 -0.01072195
8.95000 -0.01071204
8.95500 -0.01070215
8.96000 -0.01069227
8.96500 -0.01068240
8.97000 -0.01067255
8.97500 -0.01066271
8.98000 -0.01065289
8.98500 -0.01064308
8.99000 -0.01063328
8.99500 -0.01062350
9.00000 -0.01061373
9.00500 -0.01060398
9.01000 -0.01059424
9.01500 -0.01058451
9.02000 -0.01057480
9.02500 -0.01056511
9.03000 -0.01055542
9.03500 -0.01054575
9.04000 -0.01053610
9.04500 -0.01052645
9.05000 -0.01051683
9.05500 -0.01050721
9.06000 -0.01049761
9.06500 -0.01048802
9.07000 -0.01047845
9.07500 -0.01046889
9.08000 -0.01045935
9.08500 -0.01044981
9.09000 -0.01044029
9.09500 -0.01043079
9.10000 -0.01042130
9.10500 -0.01041182
9.11000 -0.01040235
9.11500 -0.01039290
9.12000 -0.01038347
9.12500 -0.01037404
9.13000 -0.01036463
9.13500 -0.01035523
9.14000 -0.01034585
9.14500 -0.01033648
9.15000 -0.01032712
9.15500 -0.01031777
9.16000 -0.01030844
9.16500 -0.01029912
9.17000 -0.01028982
9.17500 -0.01028053
9.18000 -0.01027125
9.18500 -0.01026198
9.19000 -0.01025273
9.19500 -0.01024349
9.20000 -0.01023426
9.20500 -0.01022505
9.21000 -0.01021585
9.21500 -0.01020666
9.22000 -0.01019749
9.22500 -0.01018832
9.23000 -0.01017918
9.23500 -0.01017004
9.24000 -0.01016092
9.24500 -0.01015180
9.25000 -0.01014271
9.25500 -0.01013362
9.26000 -0.01012455
9.26500 -0.01011549
9.27000 -0.01010644
9.27500 -0.01009741
9.28000 -0.01008839
9.28500 -0.01007938
9.29000 -0.01007038
9.29500 -0.01006140
9.30000 -0.01005243
9.30500 -0.01004347
9.31000 -0.01003452
9.31500 -0.01002559
9.32000 -0.01001666
9.32500 -0.01000775
9.33000 -0.00999886
9.33500 -0.00998997
9.34000 -0.00998110
9.34500 -0.00997224
9.35000 -0.00996339
9.35500 -0.00995456
9.36000 -0.00994574
9.36500 -0.00993692
9.37000 -0.00992813
9.37500 -0.00991934
9.38000 -0.00991057
9.38500 -0.00990180
9.39000 -0.00989305
9.39500 -0.00988431
9.40000 -0.00987559
9.40500 -0.00986688
9.41000 -0.00985817
9.41500 -0.00984948
9.42000 -0.00984081
9.42500 -0.00983214
9.43000 -0.00982349
9.43500 -0.00981484
9.44000 -0.00980621
9.44500 -0.00979759
9.45000 -0.00978899
9.45500 -0.00978039
9.46000 -0.00977181
9.46500 -0.00976324
9.47000 -0.00975468
9.47500 -0.00974613
9.48000 -0.00973760
9.48500 -0.00972907
9.49000 -0.00972056
9.49500 -0.00971206
9.50000 -0.00970357
9.50500 -0.00969509
9.51000 -0.00968663
9.51500 -0.00967817
9.52000 -0.00966973
9.52500 -0.00966130
9.53000 -0.00965288
9.53500 -0.00964447
9.54000 -0.00963607
9.54500 -0.00962769
9.55000 -0.00961931
9.55500 -0.00961095
9.56000 -0.00960260
9.56500 -0.00959426
9.57000 -0.00958593
9.57500 -0.00957761
9.58000 -0.00956930
9.58500 -0.00956101
9.59000 -0.00955272
9.59500 -0.00954445
9.60000 -0.00953619
9.60500 -0.00952794
9.61000 -0.00951970
9.61500 -0.00951147
9.62000 -0.00950326
9.62500 -0.00949505
9.63000 -0.00948686
9.63500 -0.00947867
9.64000 -0.00947050
9.64500 -0.00946234
9.65000 -0.00945419
9.65500 -0.00944605
9.66000 -0.00943792
9.66500 -0.00942980
9.67000 -0.00942170
9.67500 -0.00941360
9.68000 -0.00940551
9.68500 -0.00939744
9.69000 -0.00938938
9.69500 -0.00938132
9.70000 -0.00937328
9.70500 -0.00936525
9.71000 -0.00935723
9.71500 -0.00934922
9.72000 -0.00934122
9.72500 -0.00933324
9.73000 -0.00932526
9.73500 -0.00931729
9.74000 -0.00930934
9.74500 -0.00930139
9.75000 -0.00929346
9.75500 -0.00928553
9.76000 -0.00927762
9.76500 -0.00926972
9.77000 -0.00926182
9.77500 -0.00925394
9.78000 -0.00924607
9.78500 -0.00923821
9.79000 -0.00923036
9.79500 -0.00922252
9.80000 -0.00921469
9.80500 -0.00920687
9.81000 -0.00919906
9.81500 -0.00919126
9.82000 -0.00918347
9.82500 -0.00917569
9.83000 -0.00916793
9.83500 -0.00916017
9.84000 -0.00915242
9.84500 -0.00914468
9.85000 -0.00913696
9.85500 -0.00912924
9.86000 -0.00912153
9.86500 -0.00911384
9.87000 -0.00910615
9.87500 -0.00909848
9.88000 -0.00909081
9.88500 -0.00908316
9.89000 -0.00907551
9.89500 -0.00906787
9.90000 -0.00906025
9.90500 -0.00905263
9.91000 -0.00904503
9.91500 -0.00903743
9.92000 -0.00902985
9.92500 -0.00902227
9.93000 -0.00901471
9.93500 -0.00900715
9.94000 -0.00899960
9.94500 -0.00899207
9.95000 -0.00898454
9.95500 -0.00897703
9.96000 -0.00896952
9.96500 -0.00896202
9.97000 -0.00895454
9.97500 -0.00894706
9.98000 -0.00893959
9.98500 -0.00893214
9.99000 -0.00892469
9.99500 -0.00891725
10.00000 -0.00890982
10.00500 -0.00890240
10.01000 -0.00889499
10.01500 -0.00888759
10.02000 -0.00888021
10.02500 -0.00887283
10.03000 -0.00886545
10.03500 -0.00885809
10.04000 -0.00885074
10.04500 -0.00884340
10.05000 -0.00883607
10.05500 -0.00882875
10.06000 -0.00882143
10.06500 -0.00881413
10.07000 -0.00880683
10.07500 -0.00879955
10.08000 -0.00879227
10.08500 -0.00878501
10.09000 -0.00877775
10.09500 -0.00877050
10.10000 -0.00876327
10.10500 -0.00875604
10.11000 -0.00874882
10.11500 -0.00874161
10.12000 -0.00873441
10.12500 -0.00872722
10.13000 -0.00872003
10.13500 -0.00871286
10.14000 -0.00870570
10.14500 -0.00869854
10.15000 -0.00869140
10.15500 -0.00868426
10.16000 -0.00867713
10.16500 -0.00867002
10.17000 -0.00866291
10.17500 -0.00865581
10.18000 -0.00864872
10.18500 -0.00864164
10.19000 -0.00863456
10.19500 -0.00862750
10.20000 -0.00862045
10.20500 -0.00861340
10.21000 -0.00860637
10.21500 -0.00859934
10.22000 -0.00859232
10.22500 -0.00858531
10.23000 -0.00857831
10.23500 -0.00857132
10.24000 -0.00856434
10.24500 -0.00855736
10.25000 -0.00855040
10.25500 -0.00854344
10.26000 -0.00853650
10.26500 -0.00852956
10.27000 -0.00852263
10.27500 -0.00851571
10.28000 -0.00850880
10.28500 -0.00850189
10.29000 -0.00849500
10.29500 -0.00848811
10.30000 -0.00848124
10.30500 -0.00847437
10.31000 -0.00846751
10.31500 -0.00846066
10.32000 -0.00845382
10.32500 -0.00844698
10.33000 -0.00844016
10.33500 -0.00843334
10.34000 -0.00842654
10.34500 -0.00841974
10.35000 -0.00841295
10.35500 -0.00840617
10.36000 -0.00839939
10.36500 -0.00839263
10.37000 -0.00838587
10.37500 -0.00837912
10.38000 -0.00837239
10.38500 -0.00836565
10.39000 -0.00835893
10.39500 -0.00835222
10.40000 -0.00834551
10.40500 -0.00833882
10.41000 -0.00833213
10.41500 -0.00832545
10.42000 -0.00831878
10.42500 -0.00831211
10.43000 -0.00830546
10.43500 -0.00829881
10.44000 -0.00829217
10.44500 -0.00828554
10.45000 -0.00827892
10.45500 -0.00827231
10.46000 -0.00826570
10.46500 -0.00825911
10.47000 -0.00825252
10.47500 -0.00824594
10.48000 -0.00823937
10.48500 -0.00823280
10.49000 -0.00822625
10.49500 -0.00821970
10.50000 -0.00821316
10.50500 -0.00820663
10.51000 -0.00820011
10.51500 -0.00819359
10.52000 -0.00818708
10.52500 -0.00818058
10.53000 -0.00817409
10.53500 -0.00816761
10.54000 -0.00816114
10.54500 -0.00815467
10.55000 -0.00814821
10.55500 -0.00814176
10.56000 -0.00813532
10.56500 -0.00812888
10.57000 -0.00812246
10.57500 -0.00811604
10.58000 -0.00810963
10.58500 -0.00810322
10.59000 -0.00809683
10.59500 -0.00809044
10.60000 -0.00808406
10.60500 -0.00807769
10.61000 -0.00807133
10.61500 -0.00806497
10.62000 -0.00805863
10.62500 -0.00805229
10.63000 -0.00804595
10.63500 -0.00803963
10.64000 -0.00803331
10.64500 -0.00802700
10.65000 -0.00802070
10.65500 -0.00801441
10.66000 -0.00800812
10.66500 -0.00800185
10.67000 -0.00799558
10.67500 -0.00798931
10.68000 -0.00798306
10.68500 -0.00797681
10.69000 -0.00797057
10.69500 -0.00796434
10.70000 -0.00795812
10.70500 -0.00795190
10.71000 -0.00794569
10.71500 -0.00793949
10.72000 -0.00793330
10.72500 -0.00792711
10.73000 -0.00792093
10.73500 -0.00791476
10.74000 -0.00790860
10.74500 -0.00790244
10.75000 -0.00789629
10.75500 -0.00789015
10.76000 -0.00788402
10.76500 -0.00787789
10.77000 -0.00787177
10.77500 -0.00786566
10.78000 -0.00785956
10.78500 -0.00785346
10.79000 -0.00784737
10.79500 -0.00784129
10.80000 -0.00783522
10.80500 -0.00782915
10.81000 -0.00782309
10.81500 -0.00781704
10.82000 -0.00781099
10.82500 -0.00780495
10.83000 -0.00779892
10.83500 -0.00779290
10.84000 -0.00778689
10.84500 -0.00778088
10.85000 -0.00777488
10.85500 -0.00776888
10.86000 -0.00776290
10.86500 -0.00775692
10.87000 -0.00775094
10.87500 -0.00774498
10.88000 -0.00773902
10.88500 -0.00773307
10.89000 -0.00772713
10.89500 -0.00772119
10.90000 -0.00771526
10.90500 -0.00770934
10.91000 -0.00770342
10.91500 -0.00769752
10.92000 -0.00769162
10.92500 -0.00768572
10.93000 -0.00767984
10.93500 -0.00767396
10.94000 -0.00766808
10.94500 -0.00766222
10.95000 -0.00765636
10.95500 -0.00765051
10.96000 -0.00764466
10.96500 -0.00763883
10.97000 -0.00763300
10.97500 -0.00762717
10.98000 -0.00762136
10.98500 -0.00761555
10.99000 -0.00760975
10.99500 -0.00760395
11.00000 -0.00759816
11.00500 -0.00759238
11.01000 -0.00758660
11.01500 -0.00758084
11.02000 -0.00757508
11.02500 -0.00756932
11.03000 -0.00756357
11.03500 -0.00755783
11.04000 -0.00755210
11.04500 -0.00754637
11.05000 -0.00754065
11.05500 -0.00753494
11.06000 -0.00752923
11.06500 -0.00752353
11.07000 -0.00751784
11.07500 -0.00751215
11.08000 -0.00750647
11.08500 -0.00750080
11.09000 -0.00749513
11.09500 -0.00748947
11.10000 -0.00748382
11.10500 -0.00747818
11.11000 -0.00747254
11.11500 -0.00746690
11.12000 -0.00746128
11.12500 -0.00745566
11.13000 -0.00745005
11.13500 -0.00744444
11.14000 -0.00743884
11.14500 -0.00743325
11.15000 -0.00742766
11.15500 -0.00742208
11.16000 -0.00741651
11.16500 -0.00741094
11.17000 -0.00740538
11.17500 -0.00739983
11.18000 -0.00739428
11.18500 -0.00738874
11.19000 -0.00738321
11.19500 -0.00737768
11.20000 -0.00737216
11.20500 -0.00736664
11.21000 -0.00736113
11.21500 -0.00735563
11.22000 -0.00735014
11.22500 -0.00734465
11.23000 -0.00733917
11.23500 -0.00733369
11.24000 -0.00732822
11.24500 -0.00732276
11.25000 -0.00731730
11.25500 -0.00731185
11.26000 -0.00730641
11.26500 -0.00730097
11.27000 -0.00729554
11.27500 -0.00729011
11.28000 -0.00728469
11.28500 -0.00727928
11.29000 -0.00727388
11.29500 -0.00726848
11.30000 -0.00726308
11.30500 -0.00725770
11.31000 -0.00725232
11.31500 -0.00724694
11.32000 -0.00724157
11.32500 -0.00723621
11.33000 -0.00723085
11.33500 -0.00722550
11.34000 -0.00722016
11.34500 -0.00721482
11.35000 -0.00720949
11.35500 -0.00720417
11.36000 -0.00719885
11.36500 -0.00719354
11.37000 -0.00718823
11.37500 -0.00718293
11.38000 -0.00717764
11.38500 -0.00717235
11.39000 -0.00716706
11.39500 -0.00716179
11.40000 -0.00715652
11.40500 -0.00715126
11.41000 -0.00714600
11.41500 -0.00714075
11.42000 -0.00713550
11.42500 -0.00713026
11.43000 -0.00712503
11.43500 -0.00711980
11.44000 -0.00711458
11.44500 -0.00710936
11.45000 -0.00710415
11.45500 -0.00709895
11.46000 -0.00709375
11.46500 -0.00708856
11.47000 -0.00708338
11.47500 -0.00707820
11.48000 -0.00707302
11.48500 -0.00706786
11.49000 -0.00706269
11.49500 -0.00705754
11.50000 -0.00705239
11.50500 -0.00704724
11.51000 -0.00704211
11.51500 -0.00703697
11.52000 -0.00703185
11.52500 -0.00702673
11.53000 -0.00702161
11.53500 -0.00701650
11.54000 -0.00701140
11.54500 -0.00700630
11.55000 -0.00700121
11.55500 -0.00699613
11.56000 -0.00699105
11.56500 -0.00698597
11.57000 -0.00698090
11.57500 -0.00697584
11.58000 -0.00697078
11.58500 -0.00696573
11.59000 -0.00696069
11.59500 -0.00695565
11.60000 -0.00695062
11.60500 -0.00694559
11.61000 -0.00694056
11.61500 -0.00693555
11.62000 -0.00693054
11.62500 -0.00692553
11.63000 -0.00692053
11.63500 -0.00691554
11.64000 -0.00691055
11.64500 -0.00690557
11.65000 -0.00690059
11.65500 -0.00689562
11.66000 -0.00689065
11.66500 -0.00688569
11.67000 -0.00688074
11.67500 -0.00687579
11.68000 -0.00687085
11.68500 -0.00686591
11.69000 -0.00686098
11.69500 -0.00685605
11.70000 -0.00685113
11.70500 -0.00684621
11.71000 -0.00684130
11.71500 -0.00683640
11.72000 -0.00683150
11.72500 -0.00682661
11.73000 -0.00682172
11.73500 -0.00681684
11.74000 -0.00681196
11.74500 -0.00680709
11.75000 -0.00680222
11.75500 -0.00679736
11.76000 -0.00679251
11.76500 -0.00678766
11.77000 -0.00678281
11.77500 -0.00677797
11.78000 -0.00677314
11.78500 -0.00676831
11.79000 -0.00676349
11.79500 -0.00675867
11.80000 -0.00675386
11.80500 -0.00674905
11.81000 -0.00674425
11.81500 -0.00673946
11.82000 -0.00673467
11.82500 -0.00672988
11.83000 -0.00672510
11.83500 -0.00672033
11.84000 -0.00671556
11.84500 -0.00671080
11.85000 -0.00670604
11.85500 -0.00670129
11.86000 -0.00669654
11.86500 -0.00669179
11.87000 -0.00668706
11.87500 -0.00668233
11.88000 -0.00667760
11.88500 -0.00667288
11.89000 -0.00666816
11.89500 -0.00666345
11.90000 -0.00665875
11.90500 -0.00665404
11.91000 -0.00664935
11.91500 -0.00664466
11.92000 -0.00663997
11.92500 -0.00663529
11.93000 -0.00663062
11.93500 -0.00662595
11.94000 -0.00662129
11.94500 -0.00661663
11.95000 -0.00661197
11.95500 -0.00660733
11.96000 -0.00660268
11.96500 -0.00659804
11.97000 -0.00659341
11.97500 -0.00658878
11.98000 -0.00658416
11.98500 -0.00657954
11.99000 -0.00657493
11.99500 -0.00657032
12.00000 -0.00656572
12.00500 -0.00656112
12.01000 -0.00655653
12.01500 -0.00655194
12.02000 -0.00654736
12.02500 -0.00654278
12.03000 -0.00653821
12.03500 -0.00653364
12.04000 -0.00652908
12.04500 -0.00652452
12.05000 -0.00651997
12.05500 -0.00651542
12.06000 -0.00651088
12.06500 -0.00650634
12.07000 -0.00650181
12.07500 -0.00649728
12.08000 -0.00649276
12.08500 -0.00648824
12.09000 -0.00648373
12.09500 -0.00647922
12.10000 -0.00647472
12.10500 -0.00647022
12.11000 -0.00646573
12.11500 -0.00646124
12.12000 -0.00645675
12.12500 -0.00645228
12.13000 -0.00644780
12.13500 -0.00644333
12.14000 -0.00643887
12.14500 -0.00643441
12.15000 -0.00642996
12.15500 -0.00642551
12.16000 -0.00642106
12.16500 -0.00641662
12.17000 -0.00641219
12.17500 -0.00640776
12.18000 -0.00640334
12.18500 -0.00639891
12.19000 -0.00639450
12.19500 -0.00639009
12.20000 -0.00638568
12.20500 -0.00638128
12.21000 -0.00637689
12.21500 -0.00637249
12.22000 -0.00636811
12.22500 -0.00636373
12.23000 -0.00635935
12.23500 -0.00635498
12.24000 -0.00635061
12.24500 -0.00634624
12.25000 -0.00634189
12.25500 -0.00633753
12.26000 -0.00633318
12.26500 -0.00632884
12.27000 -0.00632450
12.27500 -0.00632017
12.28000 -0.00631584
12.28500 -0.00631151
12.29000 -0.00630719
12.29500 -0.00630287
12.30000 -0.00629856
12.30500 -0.00629425
12.31000 -0.00628995
12.31500 -0.00628565
12.32000 -0.00628136
12.32500 -0.00627707
12.33000 -0.00627279
12.33500 -0.00626851
12.34000 -0.00626423
12.34500 -0.00625996
12.35000 -0.00625570
12.35500 -0.00625144
12.36000 -0.00624718
12.36500 -0.00624293
12.37000 -0.00623868
12.37500 -0.00623444
12.38000 -0.00623020
12.38500 -0.00622597
12.39000 -0.00622174
12.39500 -0.00621751
12.40000 -0.00621329
12.40500 -0.00620908
12.41000 -0.00620487
12.41500 -0.00620066
12.42000 -0.00619646
12.42500 -0.00619226
12.43000 -0.00618807
12.43500 -0.00618388
12.44000 -0.00617970
12.44500 -0.00617552
12.45000 -0.00617134
12.45500 -0.00616717
12.46000 -0.00616300
12.46500 -0.00615884
12.47000 -0.00615468
12.47500 -0.00615053
12.48000 -0.00614638
12.48500 -0.00614224
12.49000 -0.00613810
12.49500 -0.00613396
12.50000 -0.00612983
12.50500 -0.00612571
12.51000 -0.00612158
12.51500 -0.00611747
12.52000 -0.00611335
12.52500 -0.00610924
12.53000 -0.00610514
12.53500 -0.00610104
12.54000 -0.00609694
12.54500 -0.00609285
12.55000 -0.00608876
12.55500 -0.00608468
12.56000 -0.00608060
12.56500 -0.00607652
12.57000 -0.00607245
12.57500 -0.00606839
12.58000 -0.00606433
12.58500 -0.00606027
12.59000 -0.00605622
12.59500 -0.00605217
12.60000 -0.00604812
12.60500 -0.00604408
12.61000 -0.00604004
12.61500 -0.00603601
12.62000 -0.00603199
12.62500 -0.00602796
12.63000 -0.00602394
12.63500 -0.00601993
12.64000 -0.00601592
12.64500 -0.00601191
12.65000 -0.00600791
12.65500 -0.00600391
12.66000 -0.00599992
12.66500 -0.00599593
12.67000 -0.00599194
12.67500 -0.00598796
12.68000 -0.00598398
12.68500 -0.00598001
12.69000 -0.00597604
12.69500 -0.00597207
12.70000 -0.00596811
12.70500 -0.00596416
12.71000 -0.00596021
12.71500 -0.00595626
12.72000 -0.00595231
12.72500 -0.00594837
12.73000 -0.00594444
12.73500 -0.00594051
12.74000 -0.00593658
12.74500 -0.00593265
12.75000 -0.00592873
12.75500 -0.00592482
12.76000 -0.00592091
12.76500 -0.00591700
12.77000 -0.00591310
12.77500 -0.00590920
12.78000 -0.00590530
12.78500 -0.00590141
12.79000 -0.00589752
12.79500 -0.00589364
12.80000 -0.00588976
12.80500 -0.00588589
12.81000 -0.00588202
12.81500 -0.00587815
12.82000 -0.00587429
12.82500 -0.00587043
12.83000 -0.00586657
12.83500 -0.00586272
12.84000 -0.00585887
12.84500 -0.00585503
12.85000 -0.00585119
12.85500 -0.00584736
12.86000 -0.00584353
12.86500 -0.00583970
12.87000 -0.00583588
12.87500 -0.00583206
12.88000 -0.00582824
12.88500 -0.00582443
12.89000 -0.00582062
12.89500 -0.00581682
12.90000 -0.00581302
12.90500 -0.00580922
12.91000 -0.00580543
12.91500 -0.00580165
12.92000 -0.00579786
12.92500 -0.00579408
12.93000 -0.00579031
12.93500 -0.00578653
12.94000 -0.00578276
12.94500 -0.00577900
12.95000 -0.00577524
12.95500 -0.00577148
12.96000 -0.00576773
12.96500 -0.00576398
12.97000 -0.00576024
12.97500 -0.00575649
12.98000 -0.00575276
12.98500 -0.00574902
12.99000 -0.00574529
12.99500 -0.00574157
13.00000 -0.00573784
13.00500 -0.00573413
13.01000 -0.00573041
13.01500 -0.00572670
13.02000 -0.00572299
13.02500 -0.00571929
13.03000 -0.00571559
13.03500 -0.00571189
13.04000 -0.00570820
13.04500 -0.00570451
13.05000 -0.00570083
13.05500 -0.00569715
13.06000 -0.00569347
13.06500 -0.00568980
13.07000 -0.00568613
13.07500 -0.00568246
13.08000 -0.00567880
13.08500 -0.00567514
13.09000 -0.00567149
13.09500 -0.00566784
13.10000 -0.00566419
13.10500 -0.00566055
13.11000 -0.00565691
13.11500 -0.00565327
13.12000 -0.00564964
13.12500 -0.00564601
13.13000 -0.00564239
13.13500 -0.00563876
13.14000 -0.00563515
13.14500 -0.00563153
13.15000 -0.00562792
13.15500 -0.00562432
13.16000 -0.00562071
13.16500 -0.00561711
13.17000 -0.00561352
13.17500 -0.00560993
13.18000 -0.00560634
13.18500 -0.00560275
13.19000 -0.00559917
13.19500 -0.00559559
13.20000 -0.00559202
13.20500 -0.00558845
13.21000 -0.00558488
13.21500 -0.00558132
13.22000 -0.00557776
13.22500 -0.00557420
13.23000 -0.00557065
13.23500 -0.00556710
13.24000 -0.00556356
13.24500 -0.00556002
13.25000 -0.00555648
13.25500 -0.00555294
13.26000 -0.00554941
13.26500 -0.00554588
13.27000 -0.00554236
13.27500 -0.00553884
13.28000 -0.00553532
13.28500 -0.00553181
13.29000 -0.00552830
13.29500 -0.00552479
13.30000 -0.00552129
13.30500 -0.00551779
13.31000 -0.00551429
13.31500 -0.00551080
13.32000 -0.00550731
13.32500 -0.00550383
13.33000 -0.00550035
13.33500 -0.00549687
13.34000 -0.00549339
13.34500 -0.00548992
13.35000 -0.00548645
13.35500 -0.00548299
13.36000 -0.00547953
13.36500 -0.00547607
13.37000 -0.00547262
13.37500 -0.00546917
13.38000 -0.00546572
13.38500 -0.00546227
13.39000 -0.00545883
13.39500 -0.00545540
13.40000 -0.00545196
13.40500 -0.00544853
13.41000 -0.00544511
13.41500 -0.00544168
13.42000 -0.00543826
13.42500 -0.00543485
13.43000 -0.00543143
13.43500 -0.00542802
13.44000 -0.00542462
13.44500 -0.00542121
13.45000 -0.00541782
13.45500 -0.00541442
13.46000 -0.00541103
13.46500 -0.00540764
13.47000 -0.00540425
13.47500 -0.00540087
13.48000 -0.00539749
13.48500 -0.00539411
13.49000 -0.00539074
13.49500 -0.00538737
13.50000 -0.00538400
13.50500 -0.00538064
13.51000 -0.00537728
13.51500 -0.00537393
13.52000 -0.00537057
13.52500 -0.00536722
13.53000 -0.00536388
13.53500 -0.00536053
13.54000 -0.00535719
13.54500 -0.00535386
13.55000 -0.00535052
13.55500 -0.00534720
13.56000 -0.00534387
13.56500 -0.00534055
13.57000 -0.00533723
13.57500 -0.00533391
13.58000 -0.00533060
13.58500 -0.00532729
13.59000 -0.00532398
13.59500 -0.00532067
13.60000 -0.00531737
13.60500 -0.00531408
13.61000 -0.00531078
13.61500 -0.00530749
13.62000 -0.00530420
13.62500 -0.00530092
13.63000 -0.00529764
13.63500 -0.00529436
13.64000 -0.00529109
13.64500 -0.00528782
13.65000 -0.00528455
13.65500 -0.00528128
13.66000 -0.00527802
13.66500 -0.00527476
13.67000 -0.00527151
13.67500 -0.00526825
13.68000 -0.00526500
13.68500 -0.00526176
13.69000 -0.00525852
13.69500 -0.00525528
13.70000 -0.00525204
13.70500 -0.00524881
13.71000 -0.00524558
13.71500 -0.00524235
13.72000 -0.00523913
13.72500 -0.00523590
13.73000 -0.00523269
13.73500 -0.00522947
13.74000 -0.00522626
13.74500 -0.00522305
13.75000 -0.00521985
13.75500 -0.00521665
13.76000 -0.00521345
13.76500 -0.00521025
13.77000 -0.00520706
13.77500 -0.00520387
13.78000 -0.00520068
13.78500 -0.00519750
13.79000 -0.00519432
13.79500 -0.00519114
13.80000 -0.00518797
13.80500 -0.00518480
13.81000 -0.00518163
13.81500 -0.00517846
13.82000 -0.00517530
13.82500 -0.00517214
13.83000 -0.00516899
13.83500 -0.00516583
13.84000 -0.00516268
13.84500 -0.00515954
13.85000 -0.00515639
13.85500 -0.00515325
13.86000 -0.00515012
13.86500 -0.00514698
13.87000 -0.00514385
13.87500 -0.00514072
13.88000 -0.00513760
13.88500 -0.00513447
13.89000 -0.00513135
13.89500 -0.00512824
13.90000 -0.00512512
13.90500 -0.00512201
13.91000 -0.00511891
13.91500 -0.00511580
13.92000 -0.00511270
13.92500 -0.00510960
13.93000 -0.00510651
13.93500 -0.00510341
13.94000 -0.00510032
13.94500 -0.00509724
13.95000 -0.00509415
13.95500 -0.00509107
13.96000 -0.00508799
13.96500 -0.00508492
13.97000 -0.00508185
13.97500 -0.00507878
13.98000 -0.00507571
13.98500 -0.00507265
13.99000 -0.00506959
13.99500 -0.00506653
14.00000 -0.00506348
14.00500 -0.00506043
14.01000 -0.00505738
14.01500 -0.00505433
14.02000 -0.00505129
14.02500 -0.00504825
14.03000 -0.00504521
14.03500 -0.00504218
14.04000 -0.00503915
14.04500 -0.00503612
14.05000 -0.00503309
14.05500 -0.00503007
14.06000 -0.00502705
14.06500 -0.00502403
14.07000 -0.00502102
14.07500 -0.00501801
14.08000 -0.00501500
14.08500 -0.00501200
14.09000 -0.00500899
14.09500 -0.00500599
14.10000 -0.00500300
14.10500 -0.00500000
14.11000 -0.00499701
14.11500 -0.00499403
14.12000 -0.00499104
14.12500 -0.00498806
14.13000 -0.00498508
14.13500 -0.00498210
14.14000 -0.00497913
14.14500 -0.00497616
14.15000 -0.00497319
14.15500 -0.00497022
14.16000 -0.00496726
14.16500 -0.00496430
14.17000 -0.00496134
14.17500 -0.00495839
14.18000 -0.00495544
14.18500 -0.00495249
14.19000 -0.00494954
14.19500 -0.00494660
14.20000 -0.00494366
14.20500 -0.00494072
14.21000 -0.00493778
14.21500 -0.00493485
14.22000 -0.00493192
14.22500 -0.00492900
14.23000 -0.00492607
14.23500 -0.00492315
14.24000 -0.00492023
14.24500 -0.00491732
14.25000 -0.00491440
14.25500 -0.00491149
14.26000 -0.00490859
14.26500 -0.00490568
14.27000 -0.00490278
14.27500 -0.00489988
14.28000 -0.00489698
14.28500 -0.00489409
14.29000 -0.00489120
14.29500 -0.00488831
14.30000 -0.00488542
14.30500 -0.00488254
14.31000 -0.00487966
14.31500 -0.00487678
14.32000 -0.00487391
14.32500 -0.00487104
14.33000 -0.00486817
14.33500 -0.00486530
14.34000 -0.00486244
14.34500 -0.00485957
14.35000 -0.00485671
14.35500 -0.00485386
14.36000 -0.00485100
14.36500 -0.00484815
14.37000 -0.00484531
14.37500 -0.00484246
14.38000 -0.00483962
14.38500 -0.00483678
14.39000 -0.00483394
14.39500 -0.00483110
14.40000 -0.00482827
14.40500 -0.00482544
14.41000 -0.00482262
14.41500 -0.00481979
14.42000 -0.00481697
14.42500 -0.00481415
14.43000 -0.00481133
14.43500 -0.00480852
14.44000 -0.00480571
14.44500 -0.00480290
14.45000 -0.00480009
14.45500 -0.00479729
14.46000 -0.00479449
14.46500 -0.00479169
14.47000 -0.00478889
14.47500 -0.00478610
14.48000 -0.00478331
14.48500 -0.00478052
14.49000 -0.00477774
14.49500 -0.00477495
14.50000 -0.00477217
14.50500 -0.00476940
14.51000 -0.00476662
14.51500 -0.00476385
14.52000 -0.00476108
14.52500 -0.00475831
14.53000 -0.00475555
14.53500 -0.00475278
14.54000 -0.00475003
14.54500 -0.00474727
14.55000 -0.00474451
14.55500 -0.00474176
14.56000 -0.00473901
14.56500 -0.00473626
14.57000 -0.00473352
14.57500 -0.00473078
14.58000 -0.00472804
14.58500 -0.00472530
14.59000 -0.00472257
14.59500 -0.00471983
14.60000 -0.00471711
14.60500 -0.00471438
14.61000 -0.00471165
14.61500 -0.00470893
14.62000 -0.00470621
14.62500 -0.00470350
14.63000 -0.00470078
14.63500 -0.00469807
14.64000 -0.00469536
14.64500 -0.00469265
14.65000 -0.00468995
14.65500 -0.00468725
14.66000 -0.00468455
14.66500 -0.00468185
14.67000 -0.00467916
14.67500 -0.00467646
14.68000 -0.00467377
14.68500 -0.00467109
14.69000 -0.00466840
14.69500 -0.00466572
14.70000 -0.00466304
14.70500 -0.00466036
14.71000 -0.00465769
14.71500 -0.00465501
14.72000 -0.00465234
14.72500 -0.00464968
14.73000 -0.00464701
14.73500 -0.00464435
14.74000 -0.00464169
14.74500 -0.00463903
14.75000 -0.00463637
14.75500 -0.00463372
14.76000 -0.00463107
14.76500 -0.00462842
14.77000 -0.00462578
14.77500 -0.00462313
14.78000 -0.00462049
14.78500 -0.00461785
14.79000 -0.00461522
14.79500 -0.00461258
14.80000 -0.00460995
14.80500 -0.00460732
14.81000 -0.00460470
14.81500 -0.00460207
14.82000 -0.00459945
14.82500 -0.00459683
14.83000 -0.00459421
14.83500 -0.00459160
14.84000 -0.00458898
14.84500 -0.00458637
14.85000 -0.00458377
14.85500 -0.00458116
14.86000 -0.00457856
14.86500 -0.00457596
14.87000 -0.00457336
14.87500 -0.00457076
14.88000 -0.00456817
14.88500 -0.00456558
14.89000 -0.00456299
14.89500 -0.00456040
14.90000 -0.00455782
14.90500 -0.00455524
14.91000 -0.00455266
14.91500 -0.00455008
14.92000 -0.00454750
14.92500 -0.00454493
14.93000 -0.00454236
14.93500 -0.00453979
14.94000 -0.00453723
14.94500 -0.00453466
14.95000 -0.00453210
14.95500 -0.00452954
14.96000 -0.00452699
14.96500 -0.00452443
14.97000 -0.00452188
14.97500 -0.00451933
14.98000 -0.00451678
14.98500 -0.00451424
14.99000 -0.00451169
14.99500 -0.00450915
15.00000 -0.00450662
15.00500 -0.00450408
15.01000 -0.00450155
15.01500 -0.00449901
15.02000 -0.00449649
15.02500 -0.00449396
15.03000 -0.00449143
15.03500 -0.00448891
15.04000 -0.00448639
15.04500 -0.00448387
15.05000 -0.00448136
15.05500 -0.00447884
15.06000 -0.00447633
15.06500 -0.00447382
15.07000 -0.00447132
15.07500 -0.00446881
15.08000 -0.00446631
15.08500 -0.00446381
15.09000 -0.00446131
15.09500 -0.00445882
15.10000 -0.00445632
15.10500 -0.00445383
15.11000 -0.00445134
15.11500 -0.00444886
15.12000 -0.00444637
15.12500 -0.00444389
15.13000 -0.00444141
15.13500 -0.00443893
15.14000 -0.00443646
15.14500 -0.00443398
15.15000 -0.00443151
15.15500 -0.00442904
15.16000 -0.00442658
15.16500 -0.00442411
15.17000 -0.00442165
15.17500 -0.00441919
15.18000 -0.00441673
15.18500 -0.00441427
15.19000 -0.00441182
15.19500 -0.00440937
15.20000 -0.00440692
15.20500 -0.00440447
15.21000 -0.00440203
15.21500 -0.00439958
15.22000 -0.00439714
15.22500 -0.00439470
15.23000 -0.00439227
15.23500 -0.00438983
15.24000 -0.00438740
15.24500 -0.00438497
15.25000 -0.00438254
15.25500 -0.00438012
15.26000 -0.00437769
15.26500 -0.00437527
15.27000 -0.00437285
15.27500 -0.00437043
15.28000 -0.00436802
15.28500 -0.00436561
15.29000 -0.00436320
15.29500 -0.00436079
15.30000 -0.00435838
15.30500 -0.00435598
15.31000 -0.00435357
15.31500 -0.00435117
15.32000 -0.00434877
15.32500 -0.00434638
15.33000 -0.00434398
15.33500 -0.00434159
15.34000 -0.00433920
15.34500 -0.00433681
15.35000 -0.00433443
15.35500 -0.00433205
15.36000 -0.00432966
15.36500 -0.00432729
15.37000 -0.00432491
15.37500 -0.00432253
15.38000 -0.00432016
15.38500 -0.00431779
15.39000 -0.00431542
15.39500 -0.00431305
15.40000 -0.00431069
15.40500 -0.00430833
15.41000 -0.00430596
15.41500 -0.00430361
15.42000 -0.00430125
15.42500 -0.00429889
15.43000 -0.00429654
15.43500 -0.00429419
15.44000 -0.00429184
15.44500 -0.00428950
15.45000 -0.00428715
15.45500 -0.00428481
15.46000 -0.00428247
15.46500 -0.00428013
15.47000 -0.00427780
15.47500 -0.00427546
15.48000 -0.00427313
15.48500 -0.00427080
15.49000 -0.00426847
15.49500 -0.00426615
15.50000 -0.00426382
15.50500 -0.00426150
15.51000 -0.00425918
15.51500 -0.00425686
15.52000 -0.00425455
15.52500 -0.00425223
15.53000 -0.00424992
15.53500 -0.00424761
15.54000 -0.00424530
15.54500 -0.00424300
15.55000 -0.00424069
15.55500 -0.00423839
15.56000 -0.00423609
15.56500 -0.00423379
15.57000 -0.00423150
15.57500 -0.00422920
15.58000 -0.00422691
15.58500 -0.00422462
15.59000 -0.00422233
15.59500 -0.00422005
15.60000 -0.00421776
15.60500 -0.00421548
15.61000 -0.00421320
15.61500 -0.00421092
15.62000 -0.00420865
15.62500 -0.00420637
15.63000 -0.00420410
15.63500 -0.00420183
15.64000 -0.00419956
15.64500 -0.00419729
15.65000 -0.00419503
15.65500 -0.00419277
15.66000 -0.00419051
15.66500 -0.00418825
15.67000 -0.00418599
15.67500 -0.00418374
15.68000 -0.00418148
15.68500 -0.00417923
15.69000 -0.00417698
15.69500 -0.00417474
15.70000 -0.00417249
15.70500 -0.00417025
15.71000 -0.00416801
15.71500 -0.00416577
15.72000 -0.00416353
15.72500 -0.00416130
15.73000 -0.00415906
15.73500 -0.00415683
15.74000 -0.00415460
15.74500 -0.00415237
15.75000 -0.00415015
15.75500 -0.00414792
15.76000 -0.00414570
15.76500 -0.00414348
15.77000 -0.00414126
15.77500 -0.00413905
15.78000 -0.00413683
15.78500 -0.00413462
15.79000 -0.00413241
15.79500 -0.00413020
15.80000 -0.00412799
15.80500 -0.00412579
15.81000 -0.00412358
15.81500 -0.00412138
15.82000 -0.00411918
15.82500 -0.00411698
15.83000 -0.00411479
15.83500 -0.00411260
15.84000 -0.00411040
15.84500 -0.00410821
15.85000 -0.00410602
15.85500 -0.00410384
15.86000 -0.00410165
15.86500 -0.00409947
15.87000 -0.00409729
15.87500 -0.00409511
15.88000 -0.00409293
15.88500 -0.00409076
15.89000 -0.00408859
15.89500 -0.00408641
15.90000 -0.00408424
15.90500 -0.00408208
15.91000 -0.00407991
15.91500 -0.00407775
15.92000 -0.00407558
15.92500 -0.00407342
15.93000 -0.00407126
15.93500 -0.00406911
15.94000 -0.00406695
15.94500 -0.00406480
15.95000 -0.00406265
15.95500 -0.00406050
15.96000 -0.00405835
15.96500 -0.00405620
15.97000 -0.00405406
15.97500 -0.00405192
15.98000 -0.00404978
15.98500 -0.00404764
15.99000 -0.00404550
15.99500 -0.00404336
16.00000 -0.00404123
16.00500 -0.00403910
16.01000 -0.00403697
16.01500 -0.00403484
16.02000 -0.00403272
16.02500 -0.00403059
16.03000 -0.00402847
16.03500 -0.00402635
16.04000 -0.00402423
16.04500 -0.00402211
16.05000 -0.00402000
16.05500 -0.00401788
16.06000 -0.00401577
16.06500 -0.00401366
16.07000 -0.00401155
16.07500 -0.00400944
16.08000 -0.00400734
16.08500 -0.00400524
16.09000 -0.00400314
16.09500 -0.00400104
16.10000 -0.00399894
16.10500 -0.00399684
16.11000 -0.00399475
16.11500 -0.00399265
16.12000 -0.00399056
16.12500 -0.00398847
16.13000 -0.00398639
16.13500 -0.00398430
16.14000 -0.00398222
16.14500 -0.00398014
16.15000 -0.00397806
16.15500 -0.00397598
16.16000 -0.00397390
16.16500 -0.00397182
16.17000 -0.00396975
16.17500 -0.00396768
16.18000 -0.00396561
16.18500 -0.00396354
16.19000 -0.00396147
16.19500 -0.00395941
16.20000 -0.00395735
16.20500 -0.00395528
16.21000 -0.00395323
16.21500 -0.00395117
16.22000 -0.00394911
16.22500 -0.00394706
16.23000 -0.00394500
16.23500 -0.00394295
16.24000 -0.00394090
16.24500 -0.00393886
16.25000 -0.00393681
16.25500 -0.00393476
16.26000 -0.00393272
16.26500 -0.00393068
16.27000 -0.00392864
16.27500 -0.00392660
16.28000 -0.00392457
16.28500 -0.00392253
16.29000 -0.00392050
16.29500 -0.00391847
16.30000 -0.00391644
16.30500 -0.00391441
16.31000 -0.00391239
16.31500 -0.00391036
16.32000 -0.00390834
16.32500 -0.00390632
16.33000 -0.00390430
16.33500 -0.00390228
16.34000 -0.00390027
16.34500 -0.00389825
16.35000 -0.00389624
16.35500 -0.00389423
16.36000 -0.00389222
16.36500 -0.00389021
16.37000 -0.00388821
16.37500 -0.00388620
16.38000 -0.00388420
16.38500 -0.00388220
16.39000 -0.00388020
16.39500 -0.00387820
16.40000 -0.00387621
16.40500 -0.00387421
16.41000 -0.00387222
16.41500 -0.00387023
16.42000 -0.00386824
16.42500 -0.00386625
16.43000 -0.00386427
16.43500 -0.00386228
16.44000 -0.00386030
16.44500 -0.00385832
16.45000 -0.00385634
16.45500 -0.00385436
16.46000 -0.00385238
16.46500 -0.00385041
16.47000 -0.00384844
16.47500 -0.00384647
16.48000 -0.00384450
16.48500 -0.00384253
16.49000 -0.00384056
16.49500 -0.00383860
16.50000 -0.00383663
16.50500 -0.00383467
16.51000 -0.00383271
16.51500 -0.00383075
16.52000 -0.00382879
16.52500 -0.00382684
16.53000 -0.00382488
16.53500 -0.00382293
16.54000 -0.00382098
16.54500 -0.00381903
16.55000 -0.00381709
16.55500 -0.00381514
16.56000 -0.00381320
16.56500 -0.00381125
16.57000 -0.00380931
16.57500 -0.00380737
16.58000 -0.00380543
16.58500 -0.00380350
16.59000 -0.00380156
16.59500 -0.00379963
16.60000 -0.00379770
16.60500 -0.00379577
16.61000 -0.00379384
16.61500 -0.00379191
16.62000 -0.00378999
16.62500 -0.00378806
16.63000 -0.00378614
16.63500 -0.00378422
16.64000 -0.00378230
16.64500 -0.00378038
16.65000 -0.00377847
16.65500 -0.00377655
16.66000 -0.00377464
16.66500 -0.00377273
16.67000 -0.00377082
16.67500 -0.00376891
16.68000 -0.00376700
16.68500 -0.00376510
16.69000 -0.00376319
16.69500 -0.00376129
16.70000 -0.00375939
16.70500 -0.00375749
16.71000 -0.00375559
16.71500 -0.00375370
16.72000 -0.00375180
16.72500 -0.00374991
16.73000 -0.00374802
16.73500 -0.00374613
16.74000 -0.00374424
16.74500 -0.00374235
16.75000 -0.00374047
16.75500 -0.00373859
16.76000 -0.00373670
16.76500 -0.00373482
16.77000 -0.00373294
16.77500 -0.00373107
16.78000 -0.00372919
16.78500 -0.00372731
16.79000 -0.00372544
16.79500 -0.00372357
16.80000 -0.00372170
16.80500 -0.00371983
16.81000 -0.00371796
16.81500 -0.00371610
16.82000 -0.00371423
16.82500 -0.00371237
16.83000 -0.00371051
16.83500 -0.00370865
16.84000 -0.00370679
16.84500 -0.00370493
16.85000 -0.00370308
16.85500 -0.00370123
16.86000 -0.00369937
16.86500 -0.00369752
16.87000 -0.00369567
16.87500 -0.00369382
16.88000 -0.00369198
16.88500 -0.00369013
16.89000 -0.00368829
16.89500 -0.00368645
16.90000 -0.00368461
16.90500 -0.00368277
16.91000 -0.00368093
16.91500 -0.00367909
16.92000 -0.00367726
16.92500 -0.00367543
16.93000 -0.00367360
16.93500 -0.00367177
16.94000 -0.00366994
16.94500 -0.00366811
16.95000 -0.00366628
16.95500 -0.00366446
16.96000 -0.00366264
16.96500 -0.00366081
16.97000 -0.00365899
16.97500 -0.00365718
16.98000 -0.00365536
16.98500 -0.00365354
16.99000 -0.00365173
16.99500 -0.00364992
17.00000 -0.00364810
17.00500 -0.00364629
17.01000 -0.00364449
17.01500 -0.00364268
17.02000 -0.00364087
17.02500 -0.00363907
17.03000 -0.00363727
17.03500 -0.00363546
17.04000 -0.00363366
17.04500 -0.00363187
17.05000 -0.00363007
17.05500 -0.00362827
17.06000 -0.00362648
17.06500 -0.00362469
17.07000 -0.00362290
17.07500 -0.00362111
17.08000 -0.00361932
17.08500 -0.00361753
17.09000 -0.00361574
17.09500 -0.00361396
17.10000 -0.00361218
17.10500 -0.00361039
17.11000 -0.00360861
17.11500 -0.00360684
17.12000 -0.00360506
17.12500 -0.00360328
17.13000 -0.00360151
17.13500 -0.00359974
17.14000 -0.00359796
17.14500 -0.00359619
17.15000 -0.00359442
17.15500 -0.00359266
17.16000 -0.00359089
17.16500 -0.00358913
17.17000 -0.00358736
17.17500 -0.00358560
17.18000 -0.00358384
17.18500 -0.00358208
17.19000 -0.00358032
17.19500 -0.00357857
17.20000 -0.00357681
17.20500 -0.00357506
17.21000 -0.00357331
17.21500 -0.00357155
17.22000 -0.00356981
17.22500 -0.00356806
17.23000 -0.00356631
17.23500 -0.00356456
17.24000 -0.00356282
17.24500 -0.00356108
17.25000 -0.00355934
17.25500 -0.00355760
17.26000 -0.00355586
17.26500 -0.00355412
17.27000 -0.00355238
17.27500 -0.00355065
17.28000 -0.00354892
17.28500 -0.00354719
17.29000 -0.00354545
17.29500 -0.00354373
17.30000 -0.00354200
17.30500 -0.00354027
17.31000 -0.00353855
17.31500 -0.00353682
17.32000 -0.00353510
17.32500 -0.00353338
17.33000 -0.00353166
17.33500 -0.00352994
17.34000 -0.00352822
17.34500 -0.00352651
17.35000 -0.00352479
17.35500 -0.00352308
17.36000 -0.00352137
17.36500 -0.00351966
17.37000 -0.00351795
17.37500 -0.00351624
17.38000 -0.00351454
17.38500 -0.00351283
17.39000 -0.00351113
17.39500 -0.00350942
17.40000 -0.00350772
17.40500 -0.00350602
17.41000 -0.00350433
17.41500 -0.00350263
17.42000 -0.00350093
17.42500 -0.00349924
17.43000 -0.00349754
17.43500 -0.00349585
17.44000 -0.00349416
17.44500 -0.00349247
17.45000 -0.00349079
17.45500 -0.00348910
17.46000 -0.00348741
17.46500 -0.00348573
17.47000 -0.00348405
17.47500 -0.00348236
17.48000 -0.00348068
17.48500 -0.00347901
17.49000 -0.00347733
17.49500 -0.00347565
17.50000 -0.00347398
17.50500 -0.00347230
17.51000 -0.00347063
17.51500 -0.00346896
17.52000 -0.00346729
17.52500 -0.00346562
17.53000 -0.00346395
17.53500 -0.00346229
17.54000 -0.00346062
17.54500 -0.00345896
17.55000 -0.00345730
17.55500 -0.00345564
17.56000 -0.00345398
17.56500 -0.00345232
17.57000 -0.00345066
17.57500 -0.00344901
17.58000 -0.00344735
17.58500 -0.00344570
17.59000 -0.00344405
17.59500 -0.00344240
17.60000 -0.00344075
17.60500 -0.00343910
17.61000 -0.00343745
17.61500 -0.00343581
17.62000 -0.00343416
17.62500 -0.00343252
17.63000 -0.00343088
17.63500 -0.00342924
17.64000 -0.00342760
17.64500 -0.00342596
17.65000 -0.00342432
17.65500 -0.00342269
17.66000 -0.00342105
17.66500 -0.00341942
17.67000 -0.00341779
17.67500 -0.00341616
17.68000 -0.00341453
17.68500 -0.00341290
17.69000 -0.00341127
17.69500 -0.00340965
17.70000 -0.00340803
17.70500 -0.00340640
17.71000 -0.00340478
17.71500 -0.00340316
17.72000 -0.00340154
17.72500 -0.00339992
17.73000 -0.00339831
17.73500 -0.00339669
17.74000 -0.00339508
17.74500 -0.00339346
17.75000 -0.00339185
17.75500 -0.00339024
17.76000 -0.00338863
17.76500 -0.00338702
17.77000 -0.00338541
17.77500 -0.00338381
17.78000 -0.00338220
17.78500 -0.00338060
17.79000 -0.00337900
17.79500 -0.00337740
17.80000 -0.00337580
17.80500 -0.00337420
17.81000 -0.00337260
17.81500 -0.00337101
17.82000 -0.00336941
17.82500 -0.00336782
17.83000 -0.00336622
17.83500 -0.00336463
17.84000 -0.00336304
17.84500 -0.00336145
17.85000 -0.00335987
17.85500 -0.00335828
17.86000 -0.00335670
17.86500 -0.00335511
17.87000 -0.00335353
17.87500 -0.00335195
17.88000 -0.00335037
17.88500 -0.00334879
17.89000 -0.00334721
17.89500 -0.00334563
17.90000 -0.00334406
17.90500 -0.00334248
17.91000 -0.00334091
17.91500 -0.00333934
17.92000 -0.00333777
17.92500 -0.00333620
17.93000 -0.00333463
17.93500 -0.00333306
17.94000 -0.00333149
17.94500 -0.00332993
17.95000 -0.00332836
17.95500 -0.00332680
17.96000 -0.00332524
17.96500 -0.00332368
17.97000 -0.00332212
17.97500 -0.00332056
17.98000 -0.00331901
17.98500 -0.00331745
17.99000 -0.00331590
17.99500 -0.00331434
18.00000 -0.00331279
18.00500 -0.00331124
18.01000 -0.00330969
18.01500 -0.00330814
18.02000 -0.00330659
18.02500 -0.00330505
18.03000 -0.00330350
18.03500 -0.00330196
18.04000 -0.00330042
18.04500 -0.00329887
18.05000 -0.00329733
18.05500 -0.00329579
18.06000 -0.00329426
18.06500 -0.00329272
18.07000 -0.00329118
18.07500 -0.00328965
18.08000 -0.00328811
18.08500 -0.00328658
18.09000 -0.00328505
18.09500 -0.00328352
18.10000 -0.00328199
18.10500 -0.00328046
18.11000 -0.00327894
18.11500 -0.00327741
18.12000 -0.00327589
18.12500 -0.00327436
18.13000 -0.00327284
18.13500 -0.00327132
18.14000 -0.00326980
18.14500 -0.00326828
18.15000 -0.00326676
18.15500 -0.00326525
18.16000 -0.00326373
18.16500 -0.00326222
18.17000 -0.00326070
18.17500 -0.00325919
18.18000 -0.00325768
18.18500 -0.00325617
18.19000 -0.00325466
18.19500 -0.00325315
18.20000 -0.00325165
18.20500 -0.00325014
18.21000 -0.00324864
18.21500 -0.00324713
18.22000 -0.00324563
18.22500 -0.00324413
18.23000 -0.00324263
18.23500 -0.00324113
18.24000 -0.00323964
18.24500 -0.00323814
18.25000 -0.00323664
18.25500 -0.00323515
18.26000 -0.00323366
18.26500 -0.00323216
18.27000 -0.00323067
18.27500 -0.00322918
18.28000 -0.00322769
18.28500 -0.00322621
18.29000 -0.00322472
18.29500 -0.00322323
18.30000 -0.00322175
18.30500 -0.00322027
18.31000 -0.00321879
18.31500 -0.00321730
18.32000 -0.00321582
18.32500 -0.00321435
18.33000 -0.00321287
18.33500 -0.00321139
18.34000 -0.00320992
18.34500 -0.00320844
18.35000 -0.00320697
18.35500 -0.00320549
18.36000 -0.00320402
18.36500 -0.00320255
18.37000 -0.00320108
18.37500 -0.00319962
18.38000 -0.00319815
18.38500 -0.00319668
18.39000 -0.00319522
18.39500 -0.00319375
18.40000 -0.00319229
18.40500 -0.00319083
18.41000 -0.00318937
18.41500 -0.00318791
18.42000 -0.00318645
18.42500 -0.00318500
18.43000 -0.00318354
18.43500 -0.00318208
18.44000 -0.00318063
18.44500 -0.00317918
18.45000 -0.00317772
18.45500 -0.00317627
18.46000 -0.00317482
18.46500 -0.00317338
18.47000 -0.00317193
18.47500 -0.00317048
18.48000 -0.00316904
18.48500 -0.00316759
18.49000 -0.00316615
18.49500 -0.00316470
18.50000 -0.00316326
18.50500 -0.00316182
18.51000 -0.00316038
18.51500 -0.00315895
18.52000 -0.00315751
18.52500 -0.00315607
18.53000 -0.00315464
18.53500 -0.00315320
18.54000 -0.00315177
18.54500 -0.00315034
18.55000 -0.00314891
18.55500 -0.00314748
18.56000 -0.00314605
18.56500 -0.00314462
18.57000 -0.00314319
18.57500 -0.00314177
18.58000 -0.00314034
18.58500 -0.00313892
18.59000 -0.00313750
18.59500 -0.00313608
18.60000 -0.00313466
18.60500 -0.00313324
18.61000 -0.00313182
18.61500 -0.00313040
18.62000 -0.00312898
18.62500 -0.00312757
18.63000 -0.00312615
18.63500 -0.00312474
18.64000 -0.00312333
18.64500 -0.00312192
18.65000 -0.00312051
18.65500 -0.00311910
18.66000 -0.00311769
18.66500 -0.00311628
18.67000 -0.00311488
18.67500 -0.00311347
18.68000 -0.00311207
18.68500 -0.00311066
18.69000 -0.00310926
18.69500 -0.00310786
18.70000 -0.00310646
18.70500 -0.00310506
18.71000 -0.00310366
18.71500 -0.00310227
18.72000 -0.00310087
18.72500 -0.00309948
18.73000 -0.00309808
18.73500 -0.00309669
18.74000 -0.00309530
18.74500 -0.00309391
18.75000 -0.00309252
18.75500 -0.00309113
18.76000 -0.00308974
18.76500 -0.00308835
18.77000 -0.00308697
18.77500 -0.00308558
18.78000 -0.00308420
18.78500 -0.00308281
18.79000 -0.00308143
18.79500 -0.00308005
18.80000 -0.00307867
18.80500 -0.00307729
18.81000 -0.00307591
18.81500 -0.00307454
18.82000 -0.00307316
18.82500 -0.00307178
18.83000 -0.00307041
18.83500 -0.00306904
18.84000 -0.00306767
18.84500 -0.00306629
18.85000 -0.00306492
18.85500 -0.00306355
18.86000 -0.00306219
18.86500 -0.00306082
18.87000 -0.00305945
18.87500 -0.00305809
18.88000 -0.00305672
18.88500 -0.00305536
18.89000 -0.00305400
18.89500 -0.00305264
18.90000 -0.00305128
18.90500 -0.00304992
18.91000 -0.00304856
18.91500 -0.00304720
18.92000 -0.00304584
18.92500 -0.00304449
18.93000 -0.00304313
18.93500 -0.00304178
18.94000 -0.00304043
18.94500 -0.00303908
18.95000 -0.00303773
18.95500 -0.00303638
18.96000 -0.00303503
18.96500 -0.00303368
18.97000 -0.00303233
18.97500 -0.00303099
18.98000 -0.00302964
18.98500 -0.00302830
18.99000 -0.00302695
18.99500 -0.00302561
19.00000 -0.00302427
19.00500 -0.00302293
19.01000 -0.00302159
19.01500 -0.00302025
19.02000 -0.00301892
19.02500 -0.00301758
19.03000 -0.00301624
19.03500 -0.00301491
19.04000 -0.00301358
19.04500 -0.00301224
19.05000 -0.00301091
19.05500 -0.00300958
19.06000 -0.00300825
19.06500 -0.00300692
19.07000 -0.00300559
19.07500 -0.00300427
19.08000 -0.00300294
19.08500 -0.00300162
19.09000 -0.00300029
19.09500 -0.00299897
19.10000 -0.00299765
19.10500 -0.00299633
19.11000 -0.00299501
19.11500 -0.00299369
19.12000 -0.00299237
19.12500 -0.00299105
19.13000 -0.00298973
19.13500 -0.00298842
19.14000 -0.00298710
19.14500 -0.00298579
19.15000 -0.00298448
19.15500 -0.00298316
19.16000 -0.00298185
19.16500 -0.00298054
19.17000 -0.00297923
19.17500 -0.00297792
19.18000 -0.00297662
19.18500 -0.00297531
19.19000 -0.00297401
19.19500 -0.00297270
19.20000 -0.00297140
19.20500 -0.00297009
19.21000 -0.00296879
19.21500 -0.00296749
19.22000 -0.00296619
19.22500 -0.00296489
19.23000 -0.00296359
19.23500 -0.00296230
19.24000 -0.00296100
19.24500 -0.00295970
19.25000 -0.00295841
19.25500 -0.00295712
19.26000 -0.00295582
19.26500 -0.00295453
19.27000 -0.00295324
19.27500 -0.00295195
19.28000 -0.00295066
19.28500 -0.00294937
19.29000 -0.00294809
19.29500 -0.00294680
19.30000 -0.00294551
19.30500 -0.00294423
19.31000 -0.00294295
19.31500 -0.00294166
19.32000 -0.00294038
19.32500 -0.00293910
19.33000 -0.00293782
19.33500 -0.00293654
19.34000 -0.00293526
19.34500 -0.00293398
19.35000 -0.00293271
19.35500 -0.00293143
19.36000 -0.00293016
19.36500 -0.00292888
19.37000 -0.00292761
19.37500 -0.00292634
19.38000 -0.00292507
19.38500 -0.00292380
19.39000 -0.00292253
19.39500 -0.00292126
19.40000 -0.00291999
19.40500 -0.00291872
19.41000 -0.00291746
19.41500 -0.00291619
19.42000 -0.00291493
19.42500 -0.00291366
19.43000 -0.00291240
19.43500 -0.00291114
19.44000 -0.00290988
19.44500 -0.00290862
19.45000 -0.00290736
19.45500 -0.00290610
19.46000 -0.00290485
19.46500 -0.00290359
19.47000 -0.00290233
19.47500 -0.00290108
19.48000 -0.00289983
19.48500 -0.00289857
19.49000 -0.00289732
19.49500 -0.00289607
19.50000 -0.00289482
19.50500 -0.00289357
19.51000 -0.00289232
19.51500 -0.00289107
19.52000 -0.00288983
19.52500 -0.00288858
19.53000 -0.00288734
19.53500 -0.00288609
19.54000 -0.00288485
19.54500 -0.00288361
19.55000 -0.00288236
19.55500 -0.00288112
19.56000 -0.00287988
19.56500 -0.00287864
19.57000 -0.00287741
19.57500 -0.00287617
19.58000 -0.00287493
19.58500 -0.00287370
19.59000 -0.00287246
19.59500 -0.00287123
19.60000 -0.00286999
19.60500 -0.00286876
19.61000 -0.00286753
19.61500 -0.00286630
19.62000 -0.00286507
19.62500 -0.00286384
19.63000 -0.00286261
19.63500 -0.00286139
19.64000 -0.00286016
19.64500 -0.00285893
19.65000 -0.00285771
19.65500 -0.00285649
19.66000 -0.00285526
19.66500 -0.00285404
19.67000 -0.00285282
19.67500 -0.00285160
19.68000 -0.00285038
19.68500 -0.00284916
19.69000 -0.00284794
19.69500 -0.00284673
19.70000 -0.00284551
19.70500 -0.00284429
19.71000 -0.00284308
19.71500 -0.00284187
19.72000 -0.00284065
19.72500 -0.00283944
19.73000 -0.00283823
19.73500 -0.00283702
19.74000 -0.00283581
19.74500 -0.00283460
19.75000 -0.00283339
19.75500 -0.00283219
19.76000 -0.00283098
19.76500 -0.00282977
19.77000 -0.00282857
19.77500 -0.00282737
19.78000 -0.00282616
19.78500 -0.00282496
19.79000 -0.00282376
19.79500 -0.00282256
19.80000 -0.00282136
19.80500 -0.00282016
19.81000 -0.00281896
19.81500 -0.00281776
19.82000 -0.00281657
19.82500 -0.00281537
19.83000 -0.00281418
19.83500 -0.00281298
19.84000 -0.00281179
19.84500 -0.00281060
19.85000 -0.00280941
19.85500 -0.00280821
19.86000 -0.00280702
19.86500 -0.00280584
19.87000 -0.00280465
19.87500 -0.00280346
19.88000 -0.00280227
19.88500 -0.00280109
19.89000 -0.00279990
19.89500 -0.00279872
19.90000 -0.00279753
19.90500 -0.00279635
19.91000 -0.00279517
19.91500 -0.00279399
19.92000 -0.00279281
19.92500 -0.00279163
19.93000 -0.00279045
19.93500 -0.00278927
19.94000 -0.00278809
19.94500 -0.00278692
19.95000 -0.00278574
19.95500 -0.00278457
19.96000 -0.00278339
19.96500 -0.00278222
19.97000 -0.00278105
19.97500 -0.00277988
19.98000 -0.00277871
19.98500 -0.00277754
19.99000 -0.00277637
19.99500 -0.00277520
20.00000 -0.00277403
20.00500 -0.00277286
20.01000 -0.00277170
20.01500 -0.00277053
20.02000 -0.00276937
20.02500 -0.00276820
20.03000 -0.00276704
20.03500 -0.00276588
20.04000 -0.00276472
20.04500 -0.00276356
20.05000 -0.00276240
20.05500 -0.00276124
20.06000 -0.00276008
20.06500 -0.00275892
20.07000 -0.00275777
20.07500 -0.00275661
20.08000 -0.00275545
20.08500 -0.00275430
20.09000 -0.00275315
20.09500 -0.00275199
20.10000 -0.00275084
20.10500 -0.00274969
20.11000 -0.00274854
20.11500 -0.00274739
20.12000 -0.00274624
20.12500 -0.00274509
20.13000 -0.00274395
20.13500 -0.00274280
20.14000 -0.00274165
20.14500 -0.00274051
20.15000 -0.00273936
20.15500 -0.00273822
20.16000 -0.00273708
20.16500 -0.00273594
20.17000 -0.00273479
20.17500 -0.00273365
20.18000 -0.00273251
20.18500 -0.00273137
20.19000 -0.00273024
20.19500 -0.00272910
20.20000 -0.00272796
20.20500 -0.00272683
20.21000 -0.00272569
20.21500 -0.00272456
20.22000 -0.00272342
20.22500 -0.00272229
20.23000 -0.00272116
20.23500 -0.00272003
20.24000 -0.00271890
20.24500 -0.00271777
20.25000 -0.00271720
