0.25000 -0.00000000
0.25500 0.02088906
0.26000 0.04091511
0.26500 0.06011520
0.27000 0.07852485
0.27500 0.09617807
0.28000 0.11310737
0.28500 0.12934387
0.29000 0.14491730
0.29500 0.15985607
0.30000 0.17418733
0.30500 0.18793701
0.31000 0.20112984
0.31500 0.21378947
0.32000 0.22593846
0.32500 0.23759833
0.33000 0.24878965
0.33500 0.25953202
0.34000 0.26984419
0.34500 0.27974402
0.35000 0.28924858
0.35500 0.29837415
0.36000 0.30713629
0.36500 0.31554985
0.37000 0.32362901
0.37500 0.33138731
0.38000 0.33883769
0.38500 0.34599251
0.39000 0.35286357
0.39500 0.35946215
0.40000 0.36579906
0.40500 0.37188459
0.41000 0.37772860
0.41500 0.38334052
0.42000 0.38872938
0.42500 0.39390378
0.43000 0.39887200
0.43500 0.40364194
0.44000 0.40822114
0.44500 0.41261686
0.45000 0.41683603
0.45500 0.42088529
0.46000 0.42477100
0.46500 0.42849926
0.47000 0.43207592
0.47500 0.43550657
0.48000 0.43879660
0.48500 0.44195114
0.49000 0.44497514
0.49500 0.44787334
0.50000 0.45065029
0.50500 0.45331035
0.51000 0.45585773
0.51500 0.45829644
0.52000 0.46063035
0.52500 0.46286317
0.53000 0.46499847
0.53500 0.46703968
0.54000 0.46899009
0.54500 0.47085288
0.55000 0.47263108
0.55500 0.47432763
0.56000 0.47594535
0.56500 0.47748694
0.57000 0.47895502
0.57500 0.48035210
0.58000 0.48168060
0.58500 0.48294283
0.59000 0.48414105
0.59500 0.48527741
0.60000 0.48635399
0.60500 0.48737279
0.61000 0.48833575
0.61500 0.48924472
0.62000 0.49010151
0.62500 0.49090783
0.63000 0.49166536
0.63500 0.49237571
0.64000 0.49304042
0.64500 0.49366100
0.65000 0.49423889
0.65500 0.49477548
0.66000 0.49527212
0.66500 0.49573010
0.67000 0.49615070
0.67500 0.49653510
0.68000 0.49688449
0.68500 0.49719999
0.69000 0.49748270
0.69500 0.49773367
0.70000 0.49795393
0.70500 0.49814444
0.71000 0.49830618
0.71500 0.49844006
0.72000 0.49854697
0.72500 0.49862776
0.73000 0.49868329
0.73500 0.49871434
0.74000 0.49872171
0.74500 0.49870613
0.75000 0.49866836
0.75500 0.49860908
0.76000 0.49852898
0.76500 0.49842873
0.77000 0.49830897
0.77500 0.49817031
0.78000 0.49801336
0.78500 0.49783870
0.79000 0.49764689
0.79500 0.49743848
0.80000 0.49721399
0.80500 0.49697395
0.81000 0.49671884
0.81500 0.49644915
0.82000 0.49616534
0.82500 0.49586787
0.83000 0.49555717
0.83500 0.49523367
0.84000 0.49489777
0.84500 0.49454989
0.85000 0.49419041
0.85500 0.49381970
0.86000 0.49343812
0.86500 0.49304604
0.87000 0.49264378
0.87500 0.49223170
0.88000 0.49181010
0.88500 0.49137931
0.89000 0.49093962
0.89500 0.49049133
0.90000 0.49003472
0.90500 0.48957009
0.91000 0.48909768
0.91500 0.48861778
0.92000 0.48813062
0.92500 0.48763646
0.93000 0.48713554
0.93500 0.48662809
0.94000 0.48611434
0.94500 0.48559450
0.95000 0.48506879
0.95500 0.48453742
0.96000 0.48400058
0.96500 0.48345848
0.97000 0.48291130
0.97500 0.48235922
0.98000 0.48180244
0.98500 0.48124111
0.99000 0.48067541
0.99500 0.48010551
1.00000 0.47953156
1.00500 0.47895372
1.01000 0.47837214
1.01500 0.47778697
1.02000 0.47719835
1.02500 0.47660642
1.03000 0.47601131
1.03500 0.47541315
1.04000 0.47481208
1.04500 0.47420821
1.05000 0.47360167
1.05500 0.47299257
1.06000 0.47238102
1.06500 0.47176714
1.07000 0.47115104
1.07500 0.47053282
1.08000 0.46991258
1.08500 0.46929041
1.09000 0.46866643
1.09500 0.46804071
1.10000 0.46741336
1.10500 0.46678445
1.11000 0.46615408
1.11500 0.46552232
1.12000 0.46488927
1.12500 0.46425500
1.13000 0.46361958
1.13500 0.46298309
1.14000 0.46234561
1.14500 0.46170720
1.15000 0.46106793
1.15500 0.46042787
1.16000 0.45978709
1.16500 0.45914565
1.17000 0.45850361
1.17500 0.45786102
1.18000 0.45721796
1.18500 0.45657447
1.19000 0.45593061
1.19500 0.45528643
1.20000 0.45464199
1.20500 0.45399734
1.21000 0.45335252
1.21500 0.45270758
1.22000 0.45206257
1.22500 0.45141754
1.23000 0.45077253
1.23500 0.45012758
1.24000 0.44948273
1.24500 0.44883803
1.25000 0.44819351
1.25500 0.44754921
1.26000 0.44690517
1.26500 0.44626142
1.27000 0.44561800
1.27500 0.44497495
1.28000 0.44433230
1.28500 0.44369007
1.29000 0.44304830
1.29500 0.44240703
1.30000 0.44176627
1.30500 0.44112606
1.31000 0.44048644
1.31500 0.43984741
1.32000 0.43920901
1.32500 0.43857127
1.33000 0.43793421
1.33500 0.43729786
1.34000 0.43666223
1.34500 0.43602735
1.35000 0.43539325
1.35500 0.43475994
1.36000 0.43412744
1.36500 0.43349578
1.37000 0.43286497
1.37500 0.43223503
1.38000 0.43160599
1.38500 0.43097785
1.39000 0.43035065
1.39500 0.42972438
1.40000 0.42909907
1.40500 0.42847474
1.41000 0.42785140
1.41500 0.42722906
1.42000 0.42660774
1.42500 0.42598745
1.43000 0.42536821
1.43500 0.42475003
1.44000 0.42413292
1.44500 0.42351689
1.45000 0.42290196
1.45500 0.42228813
1.46000 0.42167542
1.46500 0.42106384
1.47000 0.42045339
1.47500 0.41984409
1.48000 0.41923595
1.48500 0.41862898
1.49000 0.41802318
1.49500 0.41741856
1.50000 0.41681513
1.50500 0.41621291
1.51000 0.41561189
1.51500 0.41501208
1.52000 0.41441349
1.52500 0.41381614
1.53000 0.41322001
1.53500 0.41262513
1.54000 0.41203149
1.54500 0.41143911
1.55000 0.41084798
1.55500 0.41025811
1.56000 0.40966951
1.56500 0.40908218
1.57000 0.40849613
1.57500 0.40791136
1.58000 0.40732788
1.58500 0.40674568
1.59000 0.40616477
1.59500 0.40558516
1.60000 0.40500685
1.60500 0.40442985
1.61000 0.40385414
1.61500 0.40327975
1.62000 0.40270666
1.62500 0.40213489
1.63000 0.40156444
1.63500 0.40099530
1.64000 0.40042748
1.64500 0.39986098
1.65000 0.39929580
1.65500 0.39873195
1.66000 0.39816942
1.66500 0.39760822
1.67000 0.39704835
1.67500 0.39648980
1.68000 0.39593258
1.68500 0.39537670
1.69000 0.39482214
1.69500 0.39426892
1.70000 0.39371703
1.70500 0.39316647
1.71000 0.39261724
1.71500 0.39206935
1.72000 0.39152278
1.72500 0.39097755
1.73000 0.39043365
1.73500 0.38989108
1.74000 0.38934984
1.74500 0.38880993
1.75000 0.38827135
1.75500 0.38773410
1.76000 0.38719817
1.76500 0.38666358
1.77000 0.38613031
1.77500 0.38559836
1.78000 0.38506774
1.78500 0.38453844
1.79000 0.38401046
1.79500 0.38348381
1.80000 0.38295847
1.80500 0.38243445
1.81000 0.38191174
1.81500 0.38139035
1.82000 0.38087028
1.82500 0.38035151
1.83000 0.37983405
1.83500 0.37931790
1.84000 0.37880306
1.84500 0.37828951
1.85000 0.37777728
1.85500 0.37726633
1.86000 0.37675669
1.86500 0.37624835
1.87000 0.37574129
1.87500 0.37523553
1.88000 0.37473105
1.88500 0.37422787
1.89000 0.37372596
1.89500 0.37322534
1.90000 0.37272600
1.90500 0.37222794
1.91000 0.37173115
1.91500 0.37123563
1.92000 0.37074138
1.92500 0.37024840
1.93000 0.36975668
1.93500 0.36926622
1.94000 0.36877703
1.94500 0.36828909
1.95000 0.36780240
1.95500 0.36731697
1.96000 0.36683278
1.96500 0.36634984
1.97000 0.36586814
1.97500 0.36538768
1.98000 0.36490846
1.98500 0.36443047
1.99000 0.36395371
1.99500 0.36347818
2.00000 0.36300388
2.00500 0.36253080
2.01000 0.36205893
2.01500 0.36158829
2.02000 0.36111886
2.02500 0.36065063
2.03000 0.36018362
2.03500 0.35971781
2.04000 0.35925320
2.04500 0.35878979
2.05000 0.35832757
2.05500 0.35786655
2.06000 0.35740671
2.06500 0.35694806
2.07000 0.35649059
2.07500 0.35603430
2.08000 0.35557919
2.08500 0.35512525
2.09000 0.35467248
2.09500 0.35422088
2.10000 0.35377044
2.10500 0.35332116
2.11000 0.35287304
2.11500 0.35242607
2.12000 0.35198025
2.12500 0.35153558
2.13000 0.35109206
2.13500 0.35064967
2.14000 0.35020842
2.14500 0.34976831
2.15000 0.34932933
2.15500 0.34889148
2.16000 0.34845475
2.16500 0.34801914
2.17000 0.34758465
2.17500 0.34715128
2.18000 0.34671901
2.18500 0.34628786
2.19000 0.34585781
2.19500 0.34542886
2.20000 0.34500101
2.20500 0.34457426
2.21000 0.34414860
2.21500 0.34372403
2.22000 0.34330054
2.22500 0.34287814
2.23000 0.34245681
2.23500 0.34203656
2.24000 0.34161738
2.24500 0.34119928
2.25000 0.34078224
2.25500 0.34036626
2.26000 0.33995134
2.26500 0.33953748
2.27000 0.33912467
2.27500 0.33871291
2.28000 0.33830219
2.28500 0.33789252
2.29000 0.33748389
2.29500 0.33707630
2.30000 0.33666974
2.30500 0.33626421
2.31000 0.33585971
2.31500 0.33545623
2.32000 0.33505378
2.32500 0.33465234
2.33000 0.33425191
2.33500 0.33385250
2.34000 0.33345410
2.34500 0.33305670
2.35000 0.33266030
2.35500 0.33226490
2.36000 0.33187049
2.36500 0.33147708
2.37000 0.33108466
2.37500 0.33069322
2.38000 0.33030277
2.38500 0.32991329
2.39000 0.32952480
2.39500 0.32913727
2.40000 0.32875072
2.40500 0.32836513
2.41000 0.32798051
2.41500 0.32759685
2.42000 0.32721414
2.42500 0.32683239
2.43000 0.32645160
2.43500 0.32607175
2.44000 0.32569285
2.44500 0.32531489
2.45000 0.32493787
2.45500 0.32456178
2.46000 0.32418663
2.46500 0.32381241
2.47000 0.32343912
2.47500 0.32306675
2.48000 0.32269531
2.48500 0.32232478
2.49000 0.32195517
2.49500 0.32158647
2.50000 0.32121868
2.50500 0.32085180
2.51000 0.32048582
2.51500 0.32012074
2.52000 0.31975656
2.52500 0.31939327
2.53000 0.31903088
2.53500 0.31866938
2.54000 0.31830876
2.54500 0.31794902
2.55000 0.31759017
2.55500 0.31723219
2.56000 0.31687509
2.56500 0.31651886
2.57000 0.31616350
2.57500 0.31580900
2.58000 0.31545537
2.58500 0.31510260
2.59000 0.31475068
2.59500 0.31439962
2.60000 0.31404941
2.60500 0.31370006
2.61000 0.31335155
2.61500 0.31300388
2.62000 0.31265705
2.62500 0.31231106
2.63000 0.31196591
2.63500 0.31162159
2.64000 0.31127810
2.64500 0.31093544
2.65000 0.31059360
2.65500 0.31025258
2.66000 0.30991238
2.66500 0.30957300
2.67000 0.30923443
2.67500 0.30889668
2.68000 0.30855973
2.68500 0.30822359
2.69000 0.30788825
2.69500 0.30755371
2.70000 0.30721997
2.70500 0.30688703
2.71000 0.30655487
2.71500 0.30622351
2.72000 0.30589294
2.72500 0.30556315
2.73000 0.30523414
2.73500 0.30490591
2.74000 0.30457846
2.74500 0.30425179
2.75000 0.30392588
2.75500 0.30360075
2.76000 0.30327638
2.76500 0.30295278
2.77000 0.30262994
2.77500 0.30230786
2.78000 0.30198654
2.78500 0.30166597
2.79000 0.30134615
2.79500 0.30102709
2.80000 0.30070877
2.80500 0.30039119
2.81000 0.30007436
2.81500 0.29975827
2.82000 0.29944292
2.82500 0.29912830
2.83000 0.29881441
2.83500 0.29850125
2.84000 0.29818883
2.84500 0.29787712
2.85000 0.29756614
2.85500 0.29725589
2.86000 0.29694635
2.86500 0.29663752
2.87000 0.29632941
2.87500 0.29602201
2.88000 0.29571533
2.88500 0.29540934
2.89000 0.29510407
2.89500 0.29479949
2.90000 0.29449562
2.90500 0.29419244
2.91000 0.29388996
2.91500 0.29358817
2.92000 0.29328707
2.92500 0.29298667
2.93000 0.29268694
2.93500 0.29238791
2.94000 0.29208955
2.94500 0.29179188
2.95000 0.29149488
2.95500 0.29119856
2.96000 0.29090291
2.96500 0.29060793
2.97000 0.29031362
2.97500 0.29001998
2.98000 0.28972700
2.98500 0.28943469
2.99000 0.28914304
2.99500 0.28885204
3.00000 0.28856170
3.00500 0.28827202
3.01000 0.28798298
3.01500 0.28769460
3.02000 0.28740686
3.02500 0.28711977
3.03000 0.28683333
3.03500 0.28654752
3.04000 0.28626236
3.04500 0.28597783
3.05000 0.28569394
3.05500 0.28541068
3.06000 0.28512805
3.06500 0.28484605
3.07000 0.28456468
3.07500 0.28428394
3.08000 0.28400381
3.08500 0.28372431
3.09000 0.28344543
3.09500 0.28316717
3.10000 0.28288952
3.10500 0.28261249
3.11000 0.28233606
3.11500 0.28206025
3.12000 0.28178504
3.12500 0.28151044
3.13000 0.28123644
3.13500 0.28096305
3.14000 0.28069025
3.14500 0.28041806
3.15000 0.28014646
3.15500 0.27987545
3.16000 0.27960504
3.16500 0.27933521
3.17000 0.27906598
3.17500 0.27879733
3.18000 0.27852927
3.18500 0.27826179
3.19000 0.27799489
3.19500 0.27772857
3.20000 0.27746283
3.20500 0.27719766
3.21000 0.27693307
3.21500 0.27666905
3.22000 0.27640560
3.22500 0.27614272
3.23000 0.27588041
3.23500 0.27561866
3.24000 0.27535748
3.24500 0.27509685
3.25000 0.27483679
3.25500 0.27457728
3.26000 0.27431833
3.26500 0.27405994
3.27000 0.27380210
3.27500 0.27354481
3.28000 0.27328806
3.28500 0.27303187
3.29000 0.27277622
3.29500 0.27252112
3.30000 0.27226656
3.30500 0.27201254
3.31000 0.27175906
3.31500 0.27150611
3.32000 0.27125370
3.32500 0.27100183
3.33000 0.27075049
3.33500 0.27049968
3.34000 0.27024940
3.34500 0.26999965
3.35000 0.26975042
3.35500 0.26950172
3.36000 0.26925354
3.36500 0.26900588
3.37000 0.26875874
3.37500 0.26851212
3.38000 0.26826602
3.38500 0.26802043
3.39000 0.26777535
3.39500 0.26753079
3.40000 0.26728673
3.40500 0.26704318
3.41000 0.26680015
3.41500 0.26655761
3.42000 0.26631558
3.42500 0.26607405
3.43000 0.26583303
3.43500 0.26559250
3.44000 0.26535247
3.44500 0.26511294
3.45000 0.26487390
3.45500 0.26463535
3.46000 0.26439730
3.46500 0.26415974
3.47000 0.26392266
3.47500 0.26368607
3.48000 0.26344997
3.48500 0.26321435
3.49000 0.26297922
3.49500 0.26274457
3.50000 0.26251039
3.50500 0.26227670
3.51000 0.26204348
3.51500 0.26181074
3.52000 0.26157847
3.52500 0.26134668
3.53000 0.26111535
3.53500 0.26088450
3.54000 0.26065412
3.54500 0.26042420
3.55000 0.26019475
3.55500 0.25996576
3.56000 0.25973723
3.56500 0.25950917
3.57000 0.25928157
3.57500 0.25905442
3.58000 0.25882774
3.58500 0.25860151
3.59000 0.25837573
3.59500 0.25815041
3.60000 0.25792554
3.60500 0.25770112
3.61000 0.25747715
3.61500 0.25725362
3.62000 0.25703055
3.62500 0.25680792
3.63000 0.25658573
3.63500 0.25636399
3.64000 0.25614268
3.64500 0.25592182
3.65000 0.25570140
3.65500 0.25548141
3.66000 0.25526186
3.66500 0.25504275
3.67000 0.25482407
3.67500 0.25460582
3.68000 0.25438800
3.68500 0.25417061
3.69000 0.25395365
3.69500 0.25373712
3.70000 0.25352101
3.70500 0.25330533
3.71000 0.25309008
3.71500 0.25287524
3.72000 0.25266083
3.72500 0.25244683
3.73000 0.25223326
3.73500 0.25202010
3.74000 0.25180736
3.74500 0.25159503
3.75000 0.25138312
3.75500 0.25117162
3.76000 0.25096053
3.76500 0.25074985
3.77000 0.25053958
3.77500 0.25032972
3.78000 0.25012026
3.78500 0.24991121
3.79000 0.24970257
3.79500 0.24949433
3.80000 0.24928649
3.80500 0.24907905
3.81000 0.24887201
3.81500 0.24866537
3.82000 0.24845912
3.82500 0.24825328
3.83000 0.24804782
3.83500 0.24784276
3.84000 0.24763810
3.84500 0.24743383
3.85000 0.24722994
3.85500 0.24702645
3.86000 0.24682334
3.86500 0.24662063
3.87000 0.24641829
3.87500 0.24621635
3.88000 0.24601478
3.88500 0.24581360
3.89000 0.24561281
3.89500 0.24541239
3.90000 0.24521235
3.90500 0.24501269
3.91000 0.24481341
3.91500 0.24461450
3.92000 0.24441597
3.92500 0.24421782
3.93000 0.24402003
3.93500 0.24382262
3.94000 0.24362558
3.94500 0.24342892
3.95000 0.24323262
3.95500 0.24303668
3.96000 0.24284112
3.96500 0.24264592
3.97000 0.24245108
3.97500 0.24225661
3.98000 0.24206250
3.98500 0.24186876
3.99000 0.24167537
3.99500 0.24148235
4.00000 0.24128968
4.00500 0.24109737
4.01000 0.24090542
4.01500 0.24071382
4.02000 0.24052258
4.02500 0.24033170
4.03000 0.24014116
4.03500 0.23995098
4.04000 0.23976115
4.04500 0.23957166
4.05000 0.23938253
4.05500 0.23919375
4.06000 0.23900531
4.06500 0.23881721
4.07000 0.23862947
4.07500 0.23844206
4.08000 0.23825501
4.08500 0.23806829
4.09000 0.23788191
4.09500 0.23769588
4.10000 0.23751018
4.10500 0.23732482
4.11000 0.23713980
4.11500 0.23695512
4.12000 0.23677077
4.12500 0.23658676
4.13000 0.23640308
4.13500 0.23621973
4.14000 0.23603672
4.14500 0.23585403
4.15000 0.23567168
4.15500 0.23548966
4.16000 0.23530796
4.16500 0.23512660
4.17000 0.23494555
4.17500 0.23476484
4.18000 0.23458445
4.18500 0.23440438
4.19000 0.23422464
4.19500 0.23404522
4.20000 0.23386612
4.20500 0.23368734
4.21000 0.23350888
4.21500 0.23333074
4.22000 0.23315292
4.22500 0.23297541
4.23000 0.23279822
4.23500 0.23262135
4.24000 0.23244479
4.24500 0.23226855
4.25000 0.23209261
4.25500 0.23191699
4.26000 0.23174168
4.26500 0.23156668
4.27000 0.23139199
4.27500 0.23121761
4.28000 0.23104354
4.28500 0.23086977
4.29000 0.23069631
4.29500 0.23052316
4.30000 0.23035031
4.30500 0.23017776
4.31000 0.23000552
4.31500 0.22983358
4.32000 0.22966194
4.32500 0.22949060
4.33000 0.22931956
4.33500 0.22914881
4.34000 0.22897837
4.34500 0.22880823
4.35000 0.22863838
4.35500 0.22846882
4.36000 0.22829957
4.36500 0.22813060
4.37000 0.22796193
4.37500 0.22779355
4.38000 0.22762547
4.38500 0.22745767
4.39000 0.22729017
4.39500 0.22712296
4.40000 0.22695603
4.40500 0.22678939
4.41000 0.22662304
4.41500 0.22645698
4.42000 0.22629120
4.42500 0.22612571
4.43000 0.22596050
4.43500 0.22579557
4.44000 0.22563093
4.44500 0.22546657
4.45000 0.22530249
4.45500 0.22513870
4.46000 0.22497518
4.46500 0.22481194
4.47000 0.22464898
4.47500 0.22448630
4.48000 0.22432389
4.48500 0.22416176
4.49000 0.22399991
4.49500 0.22383833
4.50000 0.22367703
4.50500 0.22351600
4.51000 0.22335524
4.51500 0.22319475
4.52000 0.22303454
4.52500 0.22287459
4.53000 0.22271492
4.53500 0.22255552
4.54000 0.22239638
4.54500 0.22223751
4.55000 0.22207891
4.55500 0.22192058
4.56000 0.22176251
4.56500 0.22160471
4.57000 0.22144717
4.57500 0.22128989
4.58000 0.22113288
4.58500 0.22097613
4.59000 0.22081964
4.59500 0.22066342
4.60000 0.22050745
4.60500 0.22035174
4.61000 0.22019630
4.61500 0.22004111
4.62000 0.21988618
4.62500 0.21973151
4.63000 0.21957709
4.63500 0.21942293
4.64000 0.21926902
4.64500 0.21911537
4.65000 0.21896197
4.65500 0.21880883
4.66000 0.21865594
4.66500 0.21850330
4.67000 0.21835091
4.67500 0.21819878
4.68000 0.21804689
4.68500 0.21789525
4.69000 0.21774387
4.69500 0.21759273
4.70000 0.21744183
4.70500 0.21729119
4.71000 0.21714079
4.71500 0.21699064
4.72000 0.21684073
4.72500 0.21669107
4.73000 0.21654165
4.73500 0.21639247
4.74000 0.21624354
4.74500 0.21609485
4.75000 0.21594640
4.75500 0.21579819
4.76000 0.21565022
4.76500 0.21550249
4.77000 0.21535500
4.77500 0.21520775
4.78000 0.21506074
4.78500 0.21491397
4.79000 0.21476743
4.79500 0.21462113
4.80000 0.21447506
4.80500 0.21432923
4.81000 0.21418363
4.81500 0.21403827
4.82000 0.21389314
4.82500 0.21374824
4.83000 0.21360358
4.83500 0.21345914
4.84000 0.21331494
4.84500 0.21317097
4.85000 0.21302723
4.85500 0.21288372
4.86000 0.21274043
4.86500 0.21259738
4.87000 0.21245455
4.87500 0.21231195
4.88000 0.21216958
4.88500 0.21202743
4.89000 0.21188551
4.89500 0.21174381
4.90000 0.21160234
4.90500 0.21146109
4.91000 0.21132006
4.91500 0.21117926
4.92000 0.21103868
4.92500 0.21089832
4.93000 0.21075818
4.93500 0.21061826
4.94000 0.21047857
4.94500 0.21033909
4.95000 0.21019983
4.95500 0.21006079
4.96000 0.20992197
4.96500 0.20978336
4.97000 0.20964498
4.97500 0.20950681
4.98000 0.20936885
4.98500 0.20923111
4.99000 0.20909358
4.99500 0.20895627
5.00000 0.20881918
5.00500 0.20868229
5.01000 0.20854562
5.01500 0.20840916
5.02000 0.20827292
5.02500 0.20813688
5.03000 0.20800106
5.03500 0.20786544
5.04000 0.20773004
5.04500 0.20759484
5.05000 0.20745986
5.05500 0.20732508
5.06000 0.20719051
5.06500 0.20705614
5.07000 0.20692199
5.07500 0.20678804
5.08000 0.20665429
5.08500 0.20652075
5.09000 0.20638742
5.09500 0.20625429
5.10000 0.20612137
5.10500 0.20598864
5.11000 0.20585612
5.11500 0.20572381
5.12000 0.20559169
5.12500 0.20545978
5.13000 0.20532807
5.13500 0.20519656
5.14000 0.20506524
5.14500 0.20493413
5.15000 0.20480322
5.15500 0.20467251
5.16000 0.20454199
5.16500 0.20441167
5.17000 0.20428155
5.17500 0.20415163
5.18000 0.20402190
5.18500 0.20389237
5.19000 0.20376303
5.19500 0.20363389
5.20000 0.20350495
5.20500 0.20337620
5.21000 0.20324764
5.21500 0.20311927
5.22000 0.20299110
5.22500 0.20286312
5.23000 0.20273533
5.23500 0.20260774
5.24000 0.20248033
5.24500 0.20235311
5.25000 0.20222609
5.25500 0.20209926
5.26000 0.20197261
5.26500 0.20184615
5.27000 0.20171988
5.27500 0.20159380
5.28000 0.20146791
5.28500 0.20134220
5.29000 0.20121669
5.29500 0.20109135
5.30000 0.20096621
5.30500 0.20084124
5.31000 0.20071647
5.31500 0.20059187
5.32000 0.20046747
5.32500 0.20034324
5.33000 0.20021920
5.33500 0.20009534
5.34000 0.19997167
5.34500 0.19984817
5.35000 0.19972486
5.35500 0.19960173
5.36000 0.19947878
5.36500 0.19935601
5.37000 0.19923342
5.37500 0.19911101
5.38000 0.19898878
5.38500 0.19886673
5.39000 0.19874486
5.39500 0.19862316
5.40000 0.19850164
5.40500 0.19838030
5.41000 0.19825914
5.41500 0.19813815
5.42000 0.19801734
5.42500 0.19789670
5.43000 0.19777624
5.43500 0.19765596
5.44000 0.19753585
5.44500 0.19741591
5.45000 0.19729614
5.45500 0.19717655
5.46000 0.19705714
5.46500 0.19693789
5.47000 0.19681882
5.47500 0.19669992
5.48000 0.19658119
5.48500 0.19646263
5.49000 0.19634424
5.49500 0.19622602
5.50000 0.19610797
5.50500 0.19599009
5.51000 0.19587238
5.51500 0.19575484
5.52000 0.19563747
5.52500 0.19552026
5.53000 0.19540323
5.53500 0.19528636
5.54000 0.19516965
5.54500 0.19505312
5.55000 0.19493674
5.55500 0.19482054
5.56000 0.19470450
5.56500 0.19458862
5.57000 0.19447291
5.57500 0.19435737
5.58000 0.19424199
5.58500 0.19412677
5.59000 0.19401171
5.59500 0.19389682
5.60000 0.19378209
5.60500 0.19366752
5.61000 0.19355312
5.61500 0.19343887
5.62000 0.19332479
5.62500 0.19321087
5.63000 0.19309710
5.63500 0.19298350
5.64000 0.19287006
5.64500 0.19275678
5.65000 0.19264365
5.65500 0.19253069
5.66000 0.19241788
5.66500 0.19230523
5.67000 0.19219274
5.67500 0.19208040
5.68000 0.19196823
5.68500 0.19185620
5.69000 0.19174434
5.69500 0.19163263
5.70000 0.19152108
5.70500 0.19140968
5.71000 0.19129844
5.71500 0.19118735
5.72000 0.19107641
5.72500 0.19096563
5.73000 0.19085501
5.73500 0.19074453
5.74000 0.19063421
5.74500 0.19052405
5.75000 0.19041403
5.75500 0.19030417
5.76000 0.19019445
5.76500 0.19008489
5.77000 0.18997548
5.77500 0.18986622
5.78000 0.18975711
5.78500 0.18964816
5.79000 0.18953935
5.79500 0.18943069
5.80000 0.18932218
5.80500 0.18921381
5.81000 0.18910560
5.81500 0.18899753
5.82000 0.18888962
5.82500 0.18878185
5.83000 0.18867422
5.83500 0.18856675
5.84000 0.18845942
5.84500 0.18835223
5.85000 0.18824520
5.85500 0.18813831
5.86000 0.18803156
5.86500 0.18792496
5.87000 0.18781850
5.87500 0.18771219
5.88000 0.18760602
5.88500 0.18750000
5.89000 0.18739411
5.89500 0.18728838
5.90000 0.18718278
5.90500 0.18707733
5.91000 0.18697202
5.91500 0.18686685
5.92000 0.18676182
5.92500 0.18665694
5.93000 0.18655220
5.93500 0.18644759
5.94000 0.18634313
5.94500 0.18623881
5.95000 0.18613463
5.95500 0.18603058
5.96000 0.18592668
5.96500 0.18582292
5.97000 0.18571929
5.97500 0.18561580
5.98000 0.18551245
5.98500 0.18540924
5.99000 0.18530617
5.99500 0.18520323
6.00000 0.18510044
6.00500 0.18499777
6.01000 0.18489525
6.01500 0.18479286
6.02000 0.18469061
6.02500 0.18458849
6.03000 0.18448651
6.03500 0.18438466
6.04000 0.18428295
6.04500 0.18418137
6.05000 0.18407992
6.05500 0.18397861
6.06000 0.18387744
6.06500 0.18377640
6.07000 0.18367549
6.07500 0.18357471
6.08000 0.18347407
6.08500 0.18337355
6.09000 0.18327318
6.09500 0.18317293
6.10000 0.18307281
6.10500 0.18297283
6.11000 0.18287297
6.11500 0.18277325
6.12000 0.18267366
6.12500 0.18257420
6.13000 0.18247486
6.13500 0.18237566
6.14000 0.18227659
6.14500 0.18217764
6.15000 0.18207883
6.15500 0.18198014
6.16000 0.18188158
6.16500 0.18178315
6.17000 0.18168485
6.17500 0.18158668
6.18000 0.18148863
6.18500 0.18139071
6.19000 0.18129292
6.19500 0.18119525
6.20000 0.18109771
6.20500 0.18100030
6.21000 0.18090301
6.21500 0.18080584
6.22000 0.18070881
6.22500 0.18061189
6.23000 0.18051511
6.23500 0.18041844
6.24000 0.18032190
6.24500 0.18022549
6.25000 0.18012920
6.25500 0.18003303
6.26000 0.17993699
6.26500 0.17984107
6.27000 0.17974527
6.27500 0.17964959
6.28000 0.17955404
6.28500 0.17945861
6.29000 0.17936330
6.29500 0.17926811
6.30000 0.17917305
6.30500 0.17907810
6.31000 0.17898328
6.31500 0.17888857
6.32000 0.17879399
6.32500 0.17869953
6.33000 0.17860518
6.33500 0.17851096
6.34000 0.17841686
6.34500 0.17832287
6.35000 0.17822901
6.35500 0.17813526
6.36000 0.17804163
6.36500 0.17794812
6.37000 0.17785473
6.37500 0.17776146
6.38000 0.17766830
6.38500 0.17757526
6.39000 0.17748234
6.39500 0.17738953
6.40000 0.17729685
6.40500 0.17720427
6.41000 0.17711182
6.41500 0.17701948
6.42000 0.17692726
6.42500 0.17683515
6.43000 0.17674315
6.43500 0.17665128
6.44000 0.17655951
6.44500 0.17646786
6.45000 0.17637633
6.45500 0.17628491
6.46000 0.17619361
6.46500 0.17610241
6.47000 0.17601133
6.47500 0.17592037
6.48000 0.17582952
6.48500 0.17573878
6.49000 0.17564815
6.49500 0.17555764
6.50000 0.17546724
6.50500 0.17537695
6.51000 0.17528677
6.51500 0.17519670
6.52000 0.17510675
6.52500 0.17501690
6.53000 0.17492717
6.53500 0.17483755
6.54000 0.17474804
6.54500 0.17465864
6.55000 0.17456935
6.55500 0.17448016
6.56000 0.17439109
6.56500 0.17430213
6.57000 0.17421328
6.57500 0.17412453
6.58000 0.17403590
6.58500 0.17394737
6.59000 0.17385895
6.59500 0.17377064
6.60000 0.17368244
6.60500 0.17359435
6.61000 0.17350636
6.61500 0.17341848
6.62000 0.17333071
6.62500 0.17324305
6.63000 0.17315549
6.63500 0.17306804
6.64000 0.17298069
6.64500 0.17289345
6.65000 0.17280632
6.65500 0.17271929
6.66000 0.17263237
6.66500 0.17254556
6.67000 0.17245885
6.67500 0.17237224
6.68000 0.17228574
6.68500 0.17219934
6.69000 0.17211305
6.69500 0.17202686
6.70000 0.17194078
6.70500 0.17185480
6.71000 0.17176892
6.71500 0.17168315
6.72000 0.17159748
6.72500 0.17151191
6.73000 0.17142645
6.73500 0.17134108
6.74000 0.17125582
6.74500 0.17117067
6.75000 0.17108561
6.75500 0.17100066
6.76000 0.17091581
6.76500 0.17083106
6.77000 0.17074641
6.77500 0.17066186
6.78000 0.17057742
6.78500 0.17049307
6.79000 0.17040883
6.79500 0.17032468
6.80000 0.17024064
6.80500 0.17015669
6.81000 0.17007285
6.81500 0.16998910
6.82000 0.16990546
6.82500 0.16982191
6.83000 0.16973846
6.83500 0.16965512
6.84000 0.16957187
6.84500 0.16948871
6.85000 0.16940566
6.85500 0.16932271
6.86000 0.16923985
6.86500 0.16915709
6.87000 0.16907443
6.87500 0.16899187
6.88000 0.16890940
6.88500 0.16882703
6.89000 0.16874476
6.89500 0.16866258
6.90000 0.16858050
6.90500 0.16849852
6.91000 0.16841663
6.91500 0.16833484
6.92000 0.16825315
6.92500 0.16817155
6.93000 0.16809004
6.93500 0.16800863
6.94000 0.16792732
6.94500 0.16784610
6.95000 0.16776498
6.95500 0.16768395
6.96000 0.16760302
6.96500 0.16752218
6.97000 0.16744143
6.97500 0.16736078
6.98000 0.16728022
6.98500 0.16719975
6.99000 0.16711938
6.99500 0.16703910
7.00000 0.16695892
7.00500 0.16687883
7.01000 0.16679883
7.01500 0.16671892
7.02000 0.16663911
7.02500 0.16655938
7.03000 0.16647976
7.03500 0.16640022
7.04000 0.16632077
7.04500 0.16624142
7.05000 0.16616215
7.05500 0.16608298
7.06000 0.16600390
7.06500 0.16592491
7.07000 0.16584601
7.07500 0.16576720
7.08000 0.16568848
7.08500 0.16560986
7.09000 0.16553132
7.09500 0.16545287
7.10000 0.16537451
7.10500 0.16529624
7.11000 0.16521807
7.11500 0.16513998
7.12000 0.16506198
7.12500 0.16498407
7.13000 0.16490624
7.13500 0.16482851
7.14000 0.16475086
7.14500 0.16467331
7.15000 0.16459584
7.15500 0.16451846
7.16000 0.16444117
7.16500 0.16436396
7.17000 0.16428684
7.17500 0.16420981
7.18000 0.16413287
7.18500 0.16405601
7.19000 0.16397925
7.19500 0.16390256
7.20000 0.16382597
7.20500 0.16374946
7.21000 0.16367304
7.21500 0.16359670
7.22000 0.16352045
7.22500 0.16344429
7.23000 0.16336821
7.23500 0.16329222
7.24000 0.16321631
7.24500 0.16314049
7.25000 0.16306475
7.25500 0.16298910
7.26000 0.16291353
7.26500 0.16283805
7.27000 0.16276266
7.27500 0.16268734
7.28000 0.16261211
7.28500 0.16253697
7.29000 0.16246191
7.29500 0.16238693
7.30000 0.16231204
7.30500 0.16223723
7.31000 0.16216250
7.31500 0.16208786
7.32000 0.16201330
7.32500 0.16193882
7.33000 0.16186443
7.33500 0.16179012
7.34000 0.16171589
7.34500 0.16164174
7.35000 0.16156768
7.35500 0.16149369
7.36000 0.16141979
7.36500 0.16134598
7.37000 0.16127224
7.37500 0.16119858
7.38000 0.16112501
7.38500 0.16105152
7.39000 0.16097810
7.39500 0.16090477
7.40000 0.16083152
7.40500 0.16075836
7.41000 0.16068527
7.41500 0.16061226
7.42000 0.16053933
7.42500 0.16046648
7.43000 0.16039372
7.43500 0.16032103
7.44000 0.16024842
7.44500 0.16017589
7.45000 0.16010344
7.45500 0.16003107
7.46000 0.15995878
7.46500 0.15988657
7.47000 0.15981444
7.47500 0.15974238
7.48000 0.15967041
7.48500 0.15959851
7.49000 0.15952669
7.49500 0.15945495
7.50000 0.15938329
7.50500 0.15931171
7.51000 0.15924020
7.51500 0.15916877
7.52000 0.15909742
7.52500 0.15902615
7.53000 0.15895495
7.53500 0.15888383
7.54000 0.15881279
7.54500 0.15874183
7.55000 0.15867094
7.55500 0.15860013
7.56000 0.15852939
7.56500 0.15845874
7.57000 0.15838815
7.57500 0.15831765
7.58000 0.15824722
7.58500 0.15817686
7.59000 0.15810658
7.59500 0.15803638
7.60000 0.15796625
7.60500 0.15789620
7.61000 0.15782623
7.61500 0.15775632
7.62000 0.15768650
7.62500 0.15761675
7.63000 0.15754707
7.63500 0.15747747
7.64000 0.15740794
7.64500 0.15733849
7.65000 0.15726911
7.65500 0.15719980
7.66000 0.15713057
7.66500 0.15706141
7.67000 0.15699233
7.67500 0.15692332
7.68000 0.15685439
7.68500 0.15678552
7.69000 0.15671673
7.69500 0.15664802
7.70000 0.15657937
7.70500 0.15651080
7.71000 0.15644231
7.71500 0.15637388
7.72000 0.15630553
7.72500 0.15623725
7.73000 0.15616904
7.73500 0.15610091
7.74000 0.15603284
7.74500 0.15596485
7.75000 0.15589693
7.75500 0.15582908
7.76000 0.15576131
7.76500 0.15569360
7.77000 0.15562597
7.77500 0.15555841
7.78000 0.15549092
7.78500 0.15542350
7.79000 0.15535615
7.79500 0.15528887
7.80000 0.15522166
7.80500 0.15515452
7.81000 0.15508746
7.81500 0.15502046
7.82000 0.15495353
7.82500 0.15488668
7.83000 0.15481989
7.83500 0.15475318
7.84000 0.15468653
7.84500 0.15461995
7.85000 0.15455344
7.85500 0.15448701
7.86000 0.15442064
7.86500 0.15435434
7.87000 0.15428811
7.87500 0.15422195
7.88000 0.15415585
7.88500 0.15408983
7.89000 0.15402387
7.89500 0.15395799
7.90000 0.15389217
7.90500 0.15382642
7.91000 0.15376073
7.91500 0.15369512
7.92000 0.15362957
7.92500 0.15356410
7.93000 0.15349869
7.93500 0.15343334
7.94000 0.15336807
7.94500 0.15330286
7.95000 0.15323772
7.95500 0.15317264
7.96000 0.15310764
7.96500 0.15304270
7.97000 0.15297783
7.97500 0.15291302
7.98000 0.15284828
7.98500 0.15278361
7.99000 0.15271900
7.99500 0.15265446
8.00000 0.15258999
8.00500 0.15252558
8.01000 0.15246124
8.01500 0.15239696
8.02000 0.15233275
8.02500 0.15226861
8.03000 0.15220453
8.03500 0.15214051
8.04000 0.15207657
8.04500 0.15201268
8.05000 0.15194887
8.05500 0.15188511
8.06000 0.15182143
8.06500 0.15175780
8.07000 0.15169425
8.07500 0.15163075
8.08000 0.15156732
8.08500 0.15150396
8.09000 0.15144066
8.09500 0.15137742
8.10000 0.15131425
8.10500 0.15125114
8.11000 0.15118810
8.11500 0.15112512
8.12000 0.15106221
8.12500 0.15099935
8.13000 0.15093656
8.13500 0.15087384
8.14000 0.15081118
8.14500 0.15074858
8.15000 0.15068604
8.15500 0.15062357
8.16000 0.15056116
8.16500 0.15049881
8.17000 0.15043653
8.17500 0.15037431
8.18000 0.15031215
8.18500 0.15025005
8.19000 0.15018802
8.19500 0.15012604
8.20000 0.15006413
8.20500 0.15000229
8.21000 0.14994050
8.21500 0.14987878
8.22000 0.14981711
8.22500 0.14975551
8.23000 0.14969397
8.23500 0.14963250
8.24000 0.14957108
8.24500 0.14950973
8.25000 0.14944843
8.25500 0.14938720
8.26000 0.14932603
8.26500 0.14926492
8.27000 0.14920387
8.27500 0.14914288
8.28000 0.14908195
8.28500 0.14902108
8.29000 0.14896027
8.29500 0.14889953
8.30000 0.14883884
8.30500 0.14877821
8.31000 0.14871764
8.31500 0.14865714
8.32000 0.14859669
8.32500 0.14853630
8.33000 0.14847597
8.33500 0.14841571
8.34000 0.14835550
8.34500 0.14829535
8.35000 0.14823526
8.35500 0.14817523
8.36000 0.14811526
8.36500 0.14805534
8.37000 0.14799549
8.37500 0.14793570
8.38000 0.14787596
8.38500 0.14781628
8.39000 0.14775666
8.39500 0.14769710
8.40000 0.14763760
8.40500 0.14757816
8.41000 0.14751877
8.41500 0.14745944
8.42000 0.14740018
8.42500 0.14734096
8.43000 0.14728181
8.43500 0.14722272
8.44000 0.14716368
8.44500 0.14710470
8.45000 0.14704578
8.45500 0.14698691
8.46000 0.14692810
8.46500 0.14686935
8.47000 0.14681066
8.47500 0.14675202
8.48000 0.14669344
8.48500 0.14663492
8.49000 0.14657645
8.49500 0.14651805
8.50000 0.14645969
8.50500 0.14640140
8.51000 0.14634316
8.51500 0.14628497
8.52000 0.14622685
8.52500 0.14616878
8.53000 0.14611076
8.53500 0.14605281
8.54000 0.14599490
8.54500 0.14593706
8.55000 0.14587927
8.55500 0.14582153
8.56000 0.14576385
8.56500 0.14570623
8.57000 0.14564866
8.57500 0.14559115
8.58000 0.14553369
8.58500 0.14547629
8.59000 0.14541894
8.59500 0.14536165
8.60000 0.14530441
8.60500 0.14524723
8.61000 0.14519010
8.61500 0.14513303
8.62000 0.14507601
8.62500 0.14501905
8.63000 0.14496214
8.63500 0.14490529
8.64000 0.14484849
8.64500 0.14479174
8.65000 0.14473505
8.65500 0.14467841
8.66000 0.14462183
8.66500 0.14456530
8.67000 0.14450882
8.67500 0.14445240
8.68000 0.14439603
8.68500 0.14433971
8.69000 0.14428345
8.69500 0.14422724
8.70000 0.14417109
8.70500 0.14411499
8.71000 0.14405894
8.71500 0.14400294
8.72000 0.14394700
8.72500 0.14389111
8.73000 0.14383528
8.73500 0.14377949
8.74000 0.14372376
8.74500 0.14366808
8.75000 0.14361246
8.75500 0.14355688
8.76000 0.14350136
8.76500 0.14344590
8.77000 0.14339048
8.77500 0.14333512
8.78000 0.14327980
8.78500 0.14322454
8.79000 0.14316934
8.79500 0.14311418
8.80000 0.14305908
8.80500 0.14300402
8.81000 0.14294902
8.81500 0.14289407
8.82000 0.14283918
8.82500 0.14278433
8.83000 0.14272953
8.83500 0.14267479
8.84000 0.14262010
8.84500 0.14256546
8.85000 0.14251087
8.85500 0.14245633
8.86000 0.14240184
8.86500 0.14234740
8.87000 0.14229301
8.87500 0.14223868
8.88000 0.14218439
8.88500 0.14213016
8.89000 0.14207597
8.89500 0.14202184
8.90000 0.14196775
8.90500 0.14191372
8.91000 0.14185974
8.91500 0.14180580
8.92000 0.14175192
8.92500 0.14169809
8.93000 0.14164430
8.93500 0.14159057
8.94000 0.14153688
8.94500 0.14148325
8.95000 0.14142966
8.95500 0.14137613
8.96000 0.14132264
8.96500 0.14126921
8.97000 0.14121582
8.97500 0.14116248
8.98000 0.14110919
8.98500 0.14105595
8.99000 0.14100276
8.99500 0.14094962
9.00000 0.14089653
9.00500 0.14084348
9.01000 0.14079049
9.01500 0.14073754
9.02000 0.14068464
9.02500 0.14063179
9.03000 0.14057899
9.03500 0.14052624
9.04000 0.14047353
9.04500 0.14042088
9.05000 0.14036827
9.05500 0.14031571
9.06000 0.14026320
9.06500 0.14021073
9.07000 0.14015832
9.07500 0.14010595
9.08000 0.14005363
9.08500 0.14000135
9.09000 0.13994913
9.09500 0.13989695
9.10000 0.13984482
9.10500 0.13979274
9.11000 0.13974070
9.11500 0.13968871
9.12000 0.13963677
9.12500 0.13958488
9.13000 0.13953303
9.13500 0.13948123
9.14000 0.13942948
9.14500 0.13937777
9.15000 0.13932612
9.15500 0.13927450
9.16000 0.13922294
9.16500 0.13917142
9.17000 0.13911995
9.17500 0.13906852
9.18000 0.13901714
9.18500 0.13896581
9.19000 0.13891452
9.19500 0.13886328
9.20000 0.13881209
9.20500 0.13876094
9.21000 0.13870984
9.21500 0.13865878
9.22000 0.13860777
9.22500 0.13855680
9.23000 0.13850589
9.23500 0.13845501
9.24000 0.13840419
9.24500 0.13835340
9.25000 0.13830267
9.25500 0.13825198
9.26000 0.13820133
9.26500 0.13815073
9.27000 0.13810018
9.27500 0.13804967
9.28000 0.13799920
9.28500 0.13794878
9.29000 0.13789841
9.29500 0.13784808
9.30000 0.13779779
9.30500 0.13774756
9.31000 0.13769736
9.31500 0.13764721
9.32000 0.13759710
9.32500 0.13754704
9.33000 0.13749703
9.33500 0.13744705
9.34000 0.13739713
9.34500 0.13734724
9.35000 0.13729740
9.35500 0.13724761
9.36000 0.13719786
9.36500 0.13714815
9.37000 0.13709849
9.37500 0.13704887
9.38000 0.13699930
9.38500 0.13694977
9.39000 0.13690028
9.39500 0.13685083
9.40000 0.13680144
9.40500 0.13675208
9.41000 0.13670277
9.41500 0.13665350
9.42000 0.13660427
9.42500 0.13655509
9.43000 0.13650595
9.43500 0.13645685
9.44000 0.13640780
9.44500 0.13635879
9.45000 0.13630983
9.45500 0.13626090
9.46000 0.13621202
9.46500 0.13616318
9.47000 0.13611439
9.47500 0.13606564
9.48000 0.13601693
9.48500 0.13596826
9.49000 0.13591964
9.49500 0.13587106
9.50000 0.13582252
9.50500 0.13577402
9.51000 0.13572557
9.51500 0.13567715
9.52000 0.13562878
9.52500 0.13558046
9.53000 0.13553217
9.53500 0.13548393
9.54000 0.13543573
9.54500 0.13538757
9.55000 0.13533945
9.55500 0.13529137
9.56000 0.13524334
9.56500 0.13519535
9.57000 0.13514740
9.57500 0.13509949
9.58000 0.13505162
9.58500 0.13500380
9.59000 0.13495601
9.59500 0.13490827
9.60000 0.13486057
9.60500 0.13481291
9.61000 0.13476529
9.61500 0.13471771
9.62000 0.13467017
9.62500 0.13462268
9.63000 0.13457522
9.63500 0.13452781
9.64000 0.13448044
9.64500 0.13443310
9.65000 0.13438581
9.65500 0.13433856
9.66000 0.13429135
9.66500 0.13424418
9.67000 0.13419705
9.67500 0.13414997
9.68000 0.13410292
9.68500 0.13405591
9.69000 0.13400894
9.69500 0.13396202
9.70000 0.13391513
9.70500 0.13386828
9.71000 0.13382148
9.71500 0.13377471
9.72000 0.13372799
9.72500 0.13368130
9.73000 0.13363465
9.73500 0.13358805
9.74000 0.13354148
9.74500 0.13349495
9.75000 0.13344847
9.75500 0.13340202
9.76000 0.13335561
9.76500 0.13330924
9.77000 0.13326291
9.77500 0.13321662
9.78000 0.13317037
9.78500 0.13312416
9.79000 0.13307799
9.79500 0.13303186
9.80000 0.13298577
9.80500 0.13293971
9.81000 0.13289370
9.81500 0.13284772
9.82000 0.13280179
9.82500 0.13275589
9.83000 0.13271003
9.83500 0.13266421
9.84000 0.13261843
9.84500 0.13257268
9.85000 0.13252698
9.85500 0.13248131
9.86000 0.13243569
9.86500 0.13239010
9.87000 0.13234455
9.87500 0.13229904
9.88000 0.13225356
9.88500 0.13220813
9.89000 0.13216273
9.89500 0.13211737
9.90000 0.13207205
9.90500 0.13202677
9.91000 0.13198153
9.91500 0.13193632
9.92000 0.13189115
9.92500 0.13184602
9.93000 0.13180093
9.93500 0.13175588
9.94000 0.13171086
9.94500 0.13166588
9.95000 0.13162094
9.95500 0.13157603
9.96000 0.13153117
9.96500 0.13148634
9.97000 0.13144155
9.97500 0.13139679
9.98000 0.13135208
9.98500 0.13130740
9.99000 0.13126276
9.99500 0.13121815
10.00000 0.13117358
10.00500 0.13112905
10.01000 0.13108456
10.01500 0.13104010
10.02000 0.13099568
10.02500 0.13095130
10.03000 0.13090696
10.03500 0.13086265
10.04000 0.13081837
10.04500 0.13077414
10.05000 0.13072994
10.05500 0.13068578
10.06000 0.13064165
10.06500 0.13059756
10.07000 0.13055351
10.07500 0.13050950
10.08000 0.13046552
10.08500 0.13042157
10.09000 0.13037767
10.09500 0.13033380
10.10000 0.13028996
10.10500 0.13024616
10.11000 0.13020240
10.11500 0.13015867
10.12000 0.13011498
10.12500 0.13007133
10.13000 0.13002771
10.13500 0.12998413
10.14000 0.12994058
10.14500 0.12989707
10.15000 0.12985360
10.15500 0.12981016
10.16000 0.12976676
10.16500 0.12972339
10.17000 0.12968006
10.17500 0.12963676
10.18000 0.12959350
10.18500 0.12955027
10.19000 0.12950708
10.19500 0.12946393
10.20000 0.12942081
10.20500 0.12937772
10.21000 0.12933467
10.21500 0.12929166
10.22000 0.12924868
10.22500 0.12920574
10.23000 0.12916283
10.23500 0.12911995
10.24000 0.12907711
10.24500 0.12903431
10.25000 0.12899154
10.25500 0.12894880
10.26000 0.12890610
10.26500 0.12886344
10.27000 0.12882081
10.27500 0.12877821
10.28000 0.12873565
10.28500 0.12869313
10.29000 0.12865063
10.29500 0.12860818
10.30000 0.12856575
10.30500 0.12852336
10.31000 0.12848101
10.31500 0.12843869
10.32000 0.12839640
10.32500 0.12835415
10.33000 0.12831193
10.33500 0.12826975
10.34000 0.12822760
10.34500 0.12818548
10.35000 0.12814340
10.35500 0.12810135
10.36000 0.12805934
10.36500 0.12801736
10.37000 0.12797541
10.37500 0.12793350
10.38000 0.12789162
10.38500 0.12784978
10.39000 0.12780797
10.39500 0.12776619
10.40000 0.12772444
10.40500 0.12768273
10.41000 0.12764106
10.41500 0.12759941
10.42000 0.12755780
10.42500 0.12751622
10.43000 0.12747468
10.43500 0.12743317
10.44000 0.12739169
10.44500 0.12735025
10.45000 0.12730884
10.45500 0.12726746
10.46000 0.12722611
10.46500 0.12718480
10.47000 0.12714352
10.47500 0.12710228
10.48000 0.12706106
10.48500 0.12701988
10.49000 0.12697873
10.49500 0.12693762
10.50000 0.12689654
10.50500 0.12685549
10.51000 0.12681447
10.51500 0.12677349
10.52000 0.12673254
10.52500 0.12669162
10.53000 0.12665073
10.53500 0.12660987
10.54000 0.12656905
10.54500 0.12652826
10.55000 0.12648751
10.55500 0.12644678
10.56000 0.12640609
10.56500 0.12636543
10.57000 0.12632480
10.57500 0.12628420
10.58000 0.12624364
10.58500 0.12620311
10.59000 0.12616261
10.59500 0.12612214
10.60000 0.12608170
10.60500 0.12604130
10.61000 0.12600093
10.61500 0.12596059
10.62000 0.12592028
10.62500 0.12588000
10.63000 0.12583975
10.63500 0.12579954
10.64000 0.12575936
10.64500 0.12571921
10.65000 0.12567909
10.65500 0.12563900
10.66000 0.12559894
10.66500 0.12555892
10.67000 0.12551892
10.67500 0.12547896
10.68000 0.12543903
10.68500 0.12539913
10.69000 0.12535926
10.69500 0.12531943
10.70000 0.12527962
10.70500 0.12523984
10.71000 0.12520010
10.71500 0.12516039
10.72000 0.12512071
10.72500 0.12508105
10.73000 0.12504143
10.73500 0.12500185
10.74000 0.12496229
10.74500 0.12492276
10.75000 0.12488326
10.75500 0.12484380
10.76000 0.12480436
10.76500 0.12476496
10.77000 0.12472558
10.77500 0.12468624
10.78000 0.12464693
10.78500 0.12460764
10.79000 0.12456839
10.79500 0.12452917
10.80000 0.12448998
10.80500 0.12445082
10.81000 0.12441169
10.81500 0.12437259
10.82000 0.12433352
10.82500 0.12429448
10.83000 0.12425547
10.83500 0.12421649
10.84000 0.12417754
10.84500 0.12413862
10.85000 0.12409973
10.85500 0.12406087
10.86000 0.12402204
10.86500 0.12398324
10.87000 0.12394447
10.87500 0.12390573
10.88000 0.12386702
10.88500 0.12382834
10.89000 0.12378969
10.89500 0.12375107
10.90000 0.12371248
10.90500 0.12367392
10.91000 0.12363539
10.91500 0.12359688
10.92000 0.12355841
10.92500 0.12351997
10.93000 0.12348155
10.93500 0.12344317
10.94000 0.12340481
10.94500 0.12336649
10.95000 0.12332819
10.95500 0.12328992
10.96000 0.12325169
10.96500 0.12321348
10.97000 0.12317530
10.97500 0.12313715
10.98000 0.12309903
10.98500 0.12306093
10.99000 0.12302287
10.99500 0.12298484
11.00000 0.12294683
11.00500 0.12290885
11.01000 0.12287091
11.01500 0.12283299
11.02000 0.12279510
11.02500 0.12275724
11.03000 0.12271941
11.03500 0.12268160
11.04000 0.12264383
11.04500 0.12260608
11.05000 0.12256836
11.05500 0.12253067
11.06000 0.12249301
11.06500 0.12245538
11.07000 0.12241778
11.07500 0.12238020
11.08000 0.12234266
11.08500 0.12230514
11.09000 0.12226765
11.09500 0.12223019
11.10000 0.12219275
11.10500 0.12215535
11.11000 0.12211797
11.11500 0.12208062
11.12000 0.12204330
11.12500 0.12200601
11.13000 0.12196875
11.13500 0.12193151
11.14000 0.12189430
11.14500 0.12185712
11.15000 0.12181997
11.15500 0.12178285
11.16000 0.12174575
11.16500 0.12170868
11.17000 0.12167164
11.17500 0.12163463
11.18000 0.12159764
11.18500 0.12156068
11.19000 0.12152375
11.19500 0.12148685
11.20000 0.12144998
11.20500 0.12141313
11.21000 0.12137631
11.21500 0.12133952
11.22000 0.12130276
11.22500 0.12126602
11.23000 0.12122931
11.23500 0.12119263
11.24000 0.12115597
11.24500 0.12111934
11.25000 0.12108274
11.25500 0.12104617
11.26000 0.12100963
11.26500 0.12097311
11.27000 0.12093662
11.27500 0.12090015
11.28000 0.12086371
11.28500 0.12082730
11.29000 0.12079092
11.29500 0.12075457
11.30000 0.12071824
11.30500 0.12068194
11.31000 0.12064566
11.31500 0.12060941
11.32000 0.12057319
11.32500 0.12053700
11.33000 0.12050083
11.33500 0.12046469
11.34000 0.12042857
11.34500 0.12039249
11.35000 0.12035643
11.35500 0.12032039
11.36000 0.12028438
11.36500 0.12024840
11.37000 0.12021245
11.37500 0.12017652
11.38000 0.12014062
11.38500 0.12010474
11.39000 0.12006890
11.39500 0.12003307
11.40000 0.11999728
11.40500 0.11996151
11.41000 0.11992577
11.41500 0.11989005
11.42000 0.11985436
11.42500 0.11981869
11.43000 0.11978306
11.43500 0.11974744
11.44000 0.11971186
11.44500 0.11967630
11.45000 0.11964076
11.45500 0.11960526
11.46000 0.11956977
11.46500 0.11953432
11.47000 0.11949889
11.47500 0.11946348
11.48000 0.11942811
11.48500 0.11939275
11.49000 0.11935743
11.49500 0.11932213
11.50000 0.11928685
11.50500 0.11925160
11.51000 0.11921638
11.51500 0.11918118
11.52000 0.11914601
11.52500 0.11911086
11.53000 0.11907574
11.53500 0.11904065
11.54000 0.11900558
11.54500 0.11897053
11.55000 0.11893551
11.55500 0.11890052
11.56000 0.11886555
11.56500 0.11883061
11.57000 0.11879569
11.57500 0.11876080
11.58000 0.11872594
11.58500 0.11869109
11.59000 0.11865628
11.59500 0.11862149
11.60000 0.11858672
11.60500 0.11855198
11.61000 0.11851727
11.61500 0.11848258
11.62000 0.11844791
11.62500 0.11841327
11.63000 0.11837866
11.63500 0.11834406
11.64000 0.11830950
11.64500 0.11827496
11.65000 0.11824044
11.65500 0.11820595
11.66000 0.11817149
11.66500 0.11813705
11.67000 0.11810263
11.67500 0.11806824
11.68000 0.11803387
11.68500 0.11799953
11.69000 0.11796521
11.69500 0.11793092
11.70000 0.11789665
11.70500 0.11786241
11.71000 0.11782819
11.71500 0.11779400
11.72000 0.11775983
11.72500 0.11772568
11.73000 0.11769156
11.73500 0.11765746
11.74000 0.11762339
11.74500 0.11758935
11.75000 0.11755532
11.75500 0.11752132
11.76000 0.11748735
11.76500 0.11745340
11.77000 0.11741947
11.77500 0.11738557
11.78000 0.11735169
11.78500 0.11731784
11.79000 0.11728401
11.79500 0.11725020
11.80000 0.11721642
11.80500 0.11718266
11.81000 0.11714893
11.81500 0.11711522
11.82000 0.11708154
11.82500 0.11704788
11.83000 0.11701424
11.83500 0.11698062
11.84000 0.11694703
11.84500 0.11691347
11.85000 0.11687993
11.85500 0.11684641
11.86000 0.11681291
11.86500 0.11677944
11.87000 0.11674600
11.87500 0.11671257
11.88000 0.11667917
11.88500 0.11664580
11.89000 0.11661244
11.89500 0.11657912
11.90000 0.11654581
11.90500 0.11651253
11.91000 0.11647927
11.91500 0.11644603
11.92000 0.11641282
11.92500 0.11637963
11.93000 0.11634647
11.93500 0.11631333
11.94000 0.11628021
11.94500 0.11624712
11.95000 0.11621404
11.95500 0.11618100
11.96000 0.11614797
11.96500 0.11611497
11.97000 0.11608199
11.97500 0.11604903
11.98000 0.11601610
11.98500 0.11598319
11.99000 0.11595031
11.99500 0.11591744
12.00000 0.11588460
12.00500 0.11585179
12.01000 0.11581899
12.01500 0.11578622
12.02000 0.11575347
12.02500 0.11572075
12.03000 0.11568805
12.03500 0.11565537
12.04000 0.11562271
12.04500 0.11559007
12.05000 0.11555746
12.05500 0.11552488
12.06000 0.11549231
12.06500 0.11545977
12.07000 0.11542725
12.07500 0.11539475
12.08000 0.11536227
12.08500 0.11532982
12.09000 0.11529739
12.09500 0.11526498
12.10000 0.11523260
12.10500 0.11520024
12.11000 0.11516790
12.11500 0.11513558
12.12000 0.11510328
12.12500 0.11507101
12.13000 0.11503876
12.13500 0.11500653
12.14000 0.11497433
12.14500 0.11494214
12.15000 0.11490998
12.15500 0.11487785
12.16000 0.11484573
12.16500 0.11481363
12.17000 0.11478156
12.17500 0.11474951
12.18000 0.11471749
12.18500 0.11468548
12.19000 0.11465350
12.19500 0.11462153
12.20000 0.11458960
12.20500 0.11455768
12.21000 0.11452578
12.21500 0.11449391
12.22000 0.11446206
12.22500 0.11443023
12.23000 0.11439842
12.23500 0.11436663
12.24000 0.11433487
12.24500 0.11430313
12.25000 0.11427141
12.25500 0.11423971
12.26000 0.11420803
12.26500 0.11417638
12.27000 0.11414474
12.27500 0.11411313
12.28000 0.11408154
12.28500 0.11404997
12.29000 0.11401843
12.29500 0.11398690
12.30000 0.11395540
12.30500 0.11392392
12.31000 0.11389246
12.31500 0.11386102
12.32000 0.11382960
12.32500 0.11379820
12.33000 0.11376683
12.33500 0.11373548
12.34000 0.11370414
12.34500 0.11367283
12.35000 0.11364154
12.35500 0.11361028
12.36000 0.11357903
12.36500 0.11354780
12.37000 0.11351660
12.37500 0.11348542
12.38000 0.11345426
12.38500 0.11342312
12.39000 0.11339200
12.39500 0.11336090
12.40000 0.11332982
12.40500 0.11329877
12.41000 0.11326773
12.41500 0.11323672
12.42000 0.11320572
12.42500 0.11317475
12.43000 0.11314380
12.43500 0.11311287
12.44000 0.11308196
12.44500 0.11305107
12.45000 0.11302021
12.45500 0.11298936
12.46000 0.11295854
12.46500 0.11292773
12.47000 0.11289695
12.47500 0.11286618
12.48000 0.11283544
12.48500 0.11280472
12.49000 0.11277402
12.49500 0.11274334
12.50000 0.11271268
12.50500 0.11268204
12.51000 0.11265142
12.51500 0.11262083
12.52000 0.11259025
12.52500 0.11255969
12.53000 0.11252916
12.53500 0.11249864
12.54000 0.11246815
12.54500 0.11243767
12.55000 0.11240722
12.55500 0.11237678
12.56000 0.11234637
12.56500 0.11231598
12.57000 0.11228560
12.57500 0.11225525
12.58000 0.11222492
12.58500 0.11219461
12.59000 0.11216432
12.59500 0.11213405
12.60000 0.11210380
12.60500 0.11207357
12.61000 0.11204336
12.61500 0.11201317
12.62000 0.11198300
12.62500 0.11195285
12.63000 0.11192272
12.63500 0.11189261
12.64000 0.11186252
12.64500 0.11183245
12.65000 0.11180240
12.65500 0.11177237
12.66000 0.11174236
12.66500 0.11171237
12.67000 0.11168240
12.67500 0.11165245
12.68000 0.11162252
12.68500 0.11159261
12.69000 0.11156272
12.69500 0.11153285
12.70000 0.11150300
12.70500 0.11147317
12.71000 0.11144336
12.71500 0.11141357
12.72000 0.11138379
12.72500 0.11135404
12.73000 0.11132431
12.73500 0.11129460
12.74000 0.11126491
12.74500 0.11123523
12.75000 0.11120558
12.75500 0.11117595
12.76000 0.11114633
12.76500 0.11111674
12.77000 0.11108716
12.77500 0.11105761
12.78000 0.11102807
12.78500 0.11099855
12.79000 0.11096906
12.79500 0.11093958
12.80000 0.11091012
12.80500 0.11088068
12.81000 0.11085126
12.81500 0.11082186
12.82000 0.11079248
12.82500 0.11076312
12.83000 0.11073377
12.83500 0.11070445
12.84000 0.11067515
12.84500 0.11064586
12.85000 0.11061660
12.85500 0.11058735
12.86000 0.11055812
12.86500 0.11052891
12.87000 0.11049973
12.87500 0.11047056
12.88000 0.11044141
12.88500 0.11041227
12.89000 0.11038316
12.89500 0.11035407
12.90000 0.11032499
12.90500 0.11029594
12.91000 0.11026690
12.91500 0.11023788
12.92000 0.11020888
12.92500 0.11017990
12.93000 0.11015094
12.93500 0.11012200
12.94000 0.11009308
12.94500 0.11006417
12.95000 0.11003529
12.95500 0.11000642
12.96000 0.10997757
12.96500 0.10994874
12.97000 0.10991993
12.97500 0.10989114
12.98000 0.10986237
12.98500 0.10983361
12.99000 0.10980488
12.99500 0.10977616
13.00000 0.10974746
13.00500 0.10971878
13.01000 0.10969012
13.01500 0.10966148
13.02000 0.10963285
13.02500 0.10960425
13.03000 0.10957566
13.03500 0.10954709
13.04000 0.10951854
13.04500 0.10949001
13.05000 0.10946150
13.05500 0.10943300
13.06000 0.10940453
13.06500 0.10937607
13.07000 0.10934763
13.07500 0.10931921
13.08000 0.10929080
13.08500 0.10926242
13.09000 0.10923405
13.09500 0.10920570
13.10000 0.10917737
13.10500 0.10914906
13.11000 0.10912077
13.11500 0.10909249
13.12000 0.10906424
13.12500 0.10903600
13.13000 0.10900777
13.13500 0.10897957
13.14000 0.10895139
13.14500 0.10892322
13.15000 0.10889507
13.15500 0.10886694
13.16000 0.10883883
13.16500 0.10881073
13.17000 0.10878266
13.17500 0.10875460
13.18000 0.10872656
13.18500 0.10869854
13.19000 0.10867053
13.19500 0.10864254
13.20000 0.10861457
13.20500 0.10858662
13.21000 0.10855869
13.21500 0.10853077
13.22000 0.10850288
13.22500 0.10847500
13.23000 0.10844714
13.23500 0.10841929
13.24000 0.10839146
13.24500 0.10836366
13.25000 0.10833586
13.25500 0.10830809
13.26000 0.10828033
13.26500 0.10825260
13.27000 0.10822488
13.27500 0.10819717
13.28000 0.10816949
13.28500 0.10814182
13.29000 0.10811417
13.29500 0.10808654
13.30000 0.10805892
13.30500 0.10803132
13.31000 0.10800374
13.31500 0.10797618
13.32000 0.10794864
13.32500 0.10792111
13.33000 0.10789360
13.33500 0.10786610
13.34000 0.10783863
13.34500 0.10781117
13.35000 0.10778373
13.35500 0.10775631
13.36000 0.10772890
13.36500 0.10770151
13.37000 0.10767414
13.37500 0.10764678
13.38000 0.10761945
13.38500 0.10759213
13.39000 0.10756482
13.39500 0.10753754
13.40000 0.10751027
13.40500 0.10748302
13.41000 0.10745578
13.41500 0.10742857
13.42000 0.10740137
13.42500 0.10737419
13.43000 0.10734702
13.43500 0.10731987
13.44000 0.10729274
13.44500 0.10726562
13.45000 0.10723853
13.45500 0.10721145
13.46000 0.10718438
13.46500 0.10715734
13.47000 0.10713031
13.47500 0.10710329
13.48000 0.10707630
13.48500 0.10704932
13.49000 0.10702236
13.49500 0.10699541
13.50000 0.10696848
13.50500 0.10694157
13.51000 0.10691468
13.51500 0.10688780
13.52000 0.10686094
13.52500 0.10683409
13.53000 0.10680727
13.53500 0.10678045
13.54000 0.10675366
13.54500 0.10672688
13.55000 0.10670012
13.55500 0.10667338
13.56000 0.10664665
13.56500 0.10661994
13.57000 0.10659324
13.57500 0.10656657
13.58000 0.10653990
13.58500 0.10651326
13.59000 0.10648663
13.59500 0.10646002
13.60000 0.10643343
13.60500 0.10640685
13.61000 0.10638028
13.61500 0.10635374
13.62000 0.10632721
13.62500 0.10630070
13.63000 0.10627420
13.63500 0.10624772
13.64000 0.10622126
13.64500 0.10619481
13.65000 0.10616838
13.65500 0.10614196
13.66000 0.10611557
13.66500 0.10608918
13.67000 0.10606282
13.67500 0.10603647
13.68000 0.10601014
13.68500 0.10598382
13.69000 0.10595752
13.69500 0.10593123
13.70000 0.10590497
13.70500 0.10587871
13.71000 0.10585248
13.71500 0.10582626
13.72000 0.10580005
13.72500 0.10577387
13.73000 0.10574769
13.73500 0.10572154
13.74000 0.10569540
13.74500 0.10566928
13.75000 0.10564317
13.75500 0.10561708
13.76000 0.10559100
13.76500 0.10556494
13.77000 0.10553890
13.77500 0.10551287
13.78000 0.10548686
13.78500 0.10546087
13.79000 0.10543489
13.79500 0.10540892
13.80000 0.10538298
13.80500 0.10535704
13.81000 0.10533113
13.81500 0.10530523
13.82000 0.10527934
13.82500 0.10525347
13.83000 0.10522762
13.83500 0.10520178
13.84000 0.10517596
13.84500 0.10515016
13.85000 0.10512437
13.85500 0.10509859
13.86000 0.10507284
13.86500 0.10504709
13.87000 0.10502137
13.87500 0.10499565
13.88000 0.10496996
13.88500 0.10494428
13.89000 0.10491861
13.89500 0.10489296
13.90000 0.10486733
13.90500 0.10484171
13.91000 0.10481611
13.91500 0.10479052
13.92000 0.10476495
13.92500 0.10473940
13.93000 0.10471386
13.93500 0.10468833
13.94000 0.10466282
13.94500 0.10463733
13.95000 0.10461185
13.95500 0.10458639
13.96000 0.10456094
13.96500 0.10453551
13.97000 0.10451009
13.97500 0.10448469
13.98000 0.10445930
13.98500 0.10443393
13.99000 0.10440858
13.99500 0.10438324
14.00000 0.10435791
14.00500 0.10433260
14.01000 0.10430731
14.01500 0.10428203
14.02000 0.10425676
14.02500 0.10423151
14.03000 0.10420628
14.03500 0.10418106
14.04000 0.10415586
14.04500 0.10413067
14.05000 0.10410550
14.05500 0.10408034
14.06000 0.10405520
14.06500 0.10403007
14.07000 0.10400496
14.07500 0.10397986
14.08000 0.10395478
14.08500 0.10392971
14.09000 0.10390466
14.09500 0.10387962
14.10000 0.10385460
14.10500 0.10382959
14.11000 0.10380460
14.11500 0.10377962
14.12000 0.10375466
14.12500 0.10372971
14.13000 0.10370478
14.13500 0.10367986
14.14000 0.10365495
14.14500 0.10363007
14.15000 0.10360519
14.15500 0.10358033
14.16000 0.10355549
14.16500 0.10353066
14.17000 0.10350585
14.17500 0.10348105
14.18000 0.10345626
14.18500 0.10343149
14.19000 0.10340674
14.19500 0.10338200
14.20000 0.10335727
14.20500 0.10333256
14.21000 0.10330787
14.21500 0.10328318
14.22000 0.10325852
14.22500 0.10323387
14.23000 0.10320923
14.23500 0.10318460
14.24000 0.10316000
14.24500 0.10313540
14.25000 0.10311082
14.25500 0.10308626
14.26000 0.10306171
14.26500 0.10303717
14.27000 0.10301265
14.27500 0.10298814
14.28000 0.10296365
14.28500 0.10293917
14.29000 0.10291471
14.29500 0.10289026
14.30000 0.10286583
14.30500 0.10284141
14.31000 0.10281700
14.31500 0.10279261
14.32000 0.10276824
14.32500 0.10274387
14.33000 0.10271953
14.33500 0.10269519
14.34000 0.10267087
14.34500 0.10264657
14.35000 0.10262228
14.35500 0.10259800
14.36000 0.10257374
14.36500 0.10254949
14.37000 0.10252526
14.37500 0.10250104
14.38000 0.10247683
14.38500 0.10245264
14.39000 0.10242846
14.39500 0.10240430
14.40000 0.10238015
14.40500 0.10235602
14.41000 0.10233190
14.41500 0.10230779
14.42000 0.10228370
14.42500 0.10225962
14.43000 0.10223556
14.43500 0.10221151
14.44000 0.10218747
14.44500 0.10216345
14.45000 0.10213944
14.45500 0.10211545
14.46000 0.10209147
14.46500 0.10206751
14.47000 0.10204355
14.47500 0.10201962
14.48000 0.10199569
14.48500 0.10197178
14.49000 0.10194789
14.49500 0.10192401
14.50000 0.10190014
14.50500 0.10187629
14.51000 0.10185245
14.51500 0.10182862
14.52000 0.10180481
14.52500 0.10178101
14.53000 0.10175722
14.53500 0.10173345
14.54000 0.10170970
14.54500 0.10168595
14.55000 0.10166222
14.55500 0.10163851
14.56000 0.10161481
14.56500 0.10159112
14.57000 0.10156744
14.57500 0.10154378
14.58000 0.10152014
14.58500 0.10149650
14.59000 0.10147288
14.59500 0.10144928
14.60000 0.10142568
14.60500 0.10140210
14.61000 0.10137854
14.61500 0.10135499
14.62000 0.10133145
14.62500 0.10130793
14.63000 0.10128442
14.63500 0.10126092
14.64000 0.10123743
14.64500 0.10121396
14.65000 0.10119051
14.65500 0.10116707
14.66000 0.10114364
14.66500 0.10112022
14.67000 0.10109682
14.67500 0.10107343
14.68000 0.10105005
14.68500 0.10102669
14.69000 0.10100334
14.69500 0.10098001
14.70000 0.10095668
14.70500 0.10093338
14.71000 0.10091008
14.71500 0.10088680
14.72000 0.10086353
14.72500 0.10084028
14.73000 0.10081703
14.73500 0.10079381
14.74000 0.10077059
14.74500 0.10074739
14.75000 0.10072420
14.75500 0.10070103
14.76000 0.10067786
14.76500 0.10065471
14.77000 0.10063158
14.77500 0.10060846
14.78000 0.10058535
14.78500 0.10056225
14.79000 0.10053917
14.79500 0.10051610
14.80000 0.10049304
14.80500 0.10047000
14.81000 0.10044697
14.81500 0.10042395
14.82000 0.10040095
14.82500 0.10037796
14.83000 0.10035498
14.83500 0.10033202
14.84000 0.10030907
14.84500 0.10028613
14.85000 0.10026320
14.85500 0.10024029
14.86000 0.10021739
14.86500 0.10019450
14.87000 0.10017163
14.87500 0.10014877
14.88000 0.10012592
14.88500 0.10010309
14.89000 0.10008027
14.89500 0.10005746
14.90000 0.10003466
14.90500 0.10001188
14.91000 0.09998911
14.91500 0.09996635
14.92000 0.09994361
14.92500 0.09992088
14.93000 0.09989816
14.93500 0.09987545
14.94000 0.09985276
14.94500 0.09983008
14.95000 0.09980742
14.95500 0.09978476
14.96000 0.09976212
14.96500 0.09973949
14.97000 0.09971688
14.97500 0.09969427
14.98000 0.09967168
14.98500 0.09964911
14.99000 0.09962654
14.99500 0.09960399
15.00000 0.09958145
15.00500 0.09955892
15.01000 0.09953641
15.01500 0.09951391
15.02000 0.09949142
15.02500 0.09946894
15.03000 0.09944648
15.03500 0.09942403
15.04000 0.09940159
15.04500 0.09937916
15.05000 0.09935675
15.05500 0.09933435
15.06000 0.09931196
15.06500 0.09928959
15.07000 0.09926722
15.07500 0.09924487
15.08000 0.09922254
15.08500 0.09920021
15.09000 0.09917790
15.09500 0.09915560
15.10000 0.09913331
15.10500 0.09911103
15.11000 0.09908877
15.11500 0.09906652
15.12000 0.09904428
15.12500 0.09902206
15.13000 0.09899984
15.13500 0.09897764
15.14000 0.09895545
15.14500 0.09893328
15.15000 0.09891111
15.15500 0.09888896
15.16000 0.09886682
15.16500 0.09884470
15.17000 0.09882258
15.17500 0.09880048
15.18000 0.09877839
15.18500 0.09875631
15.19000 0.09873425
15.19500 0.09871220
15.20000 0.09869015
15.20500 0.09866813
15.21000 0.09864611
15.21500 0.09862411
15.22000 0.09860211
15.22500 0.09858013
15.23000 0.09855817
15.23500 0.09853621
15.24000 0.09851427
15.24500 0.09849234
15.25000 0.09847042
15.25500 0.09844851
15.26000 0.09842662
15.26500 0.09840474
15.27000 0.09838287
15.27500 0.09836101
15.28000 0.09833916
15.28500 0.09831733
15.29000 0.09829550
15.29500 0.09827369
15.30000 0.09825190
15.30500 0.09823011
15.31000 0.09820834
15.31500 0.09818658
15.32000 0.09816483
15.32500 0.09814309
15.33000 0.09812136
15.33500 0.09809965
15.34000 0.09807795
15.34500 0.09805626
15.35000 0.09803458
15.35500 0.09801291
15.36000 0.09799126
15.36500 0.09796961
15.37000 0.09794798
15.37500 0.09792637
15.38000 0.09790476
15.38500 0.09788316
15.39000 0.09786158
15.39500 0.09784001
15.40000 0.09781845
15.40500 0.09779690
15.41000 0.09777537
15.41500 0.09775384
15.42000 0.09773233
15.42500 0.09771083
15.43000 0.09768934
15.43500 0.09766787
15.44000 0.09764640
15.44500 0.09762495
15.45000 0.09760351
15.45500 0.09758208
15.46000 0.09756066
15.46500 0.09753925
15.47000 0.09751786
15.47500 0.09749647
15.48000 0.09747510
15.48500 0.09745374
15.49000 0.09743239
15.49500 0.09741106
15.50000 0.09738973
15.50500 0.09736842
15.51000 0.09734712
15.51500 0.09732583
15.52000 0.09730455
15.52500 0.09728328
15.53000 0.09726203
15.53500 0.09724078
15.54000 0.09721955
15.54500 0.09719833
15.55000 0.09717712
15.55500 0.09715592
15.56000 0.09713474
15.56500 0.09711356
15.57000 0.09709240
15.57500 0.09707125
15.58000 0.09705011
15.58500 0.09702898
15.59000 0.09700786
15.59500 0.09698675
15.60000 0.09696566
15.60500 0.09694458
15.61000 0.09692350
15.61500 0.09690244
15.62000 0.09688140
15.62500 0.09686036
15.63000 0.09683933
15.63500 0.09681832
15.64000 0.09679731
15.64500 0.09677632
15.65000 0.09675534
15.65500 0.09673437
15.66000 0.09671341
15.66500 0.09669247
15.67000 0.09667153
15.67500 0.09665061
15.68000 0.09662969
15.68500 0.09660879
15.69000 0.09658790
15.69500 0.09656702
15.70000 0.09654615
15.70500 0.09652530
15.71000 0.09650445
15.71500 0.09648362
15.72000 0.09646279
15.72500 0.09644198
15.73000 0.09642118
15.73500 0.09640039
15.74000 0.09637961
15.74500 0.09635884
15.75000 0.09633809
15.75500 0.09631734
15.76000 0.09629661
15.76500 0.09627589
15.77000 0.09625517
15.77500 0.09623447
15.78000 0.09621378
15.78500 0.09619310
15.79000 0.09617244
15.79500 0.09615178
15.80000 0.09613114
15.80500 0.09611050
15.81000 0.09608988
15.81500 0.09606926
15.82000 0.09604866
15.82500 0.09602807
15.83000 0.09600749
15.83500 0.09598693
15.84000 0.09596637
15.84500 0.09594582
15.85000 0.09592529
15.85500 0.09590476
15.86000 0.09588425
15.86500 0.09586374
15.87000 0.09584325
15.87500 0.09582277
15.88000 0.09580230
15.88500 0.09578184
15.89000 0.09576139
15.89500 0.09574096
15.90000 0.09572053
15.90500 0.09570011
15.91000 0.09567971
15.91500 0.09565931
15.92000 0.09563893
15.92500 0.09561856
15.93000 0.09559820
15.93500 0.09557785
15.94000 0.09555751
15.94500 0.09553718
15.95000 0.09551686
15.95500 0.09549655
15.96000 0.09547625
15.96500 0.09545597
15.97000 0.09543569
15.97500 0.09541543
15.98000 0.09539517
15.98500 0.09537493
15.99000 0.09535470
15.99500 0.09533447
16.00000 0.09531426
16.00500 0.09529406
16.01000 0.09527387
16.01500 0.09525369
16.02000 0.09523352
16.02500 0.09521336
16.03000 0.09519322
16.03500 0.09517308
16.04000 0.09515295
16.04500 0.09513284
16.05000 0.09511273
16.05500 0.09509264
16.06000 0.09507255
16.06500 0.09505248
16.07000 0.09503242
16.07500 0.09501236
16.08000 0.09499232
16.08500 0.09497229
16.09000 0.09495227
16.09500 0.09493226
16.10000 0.09491226
16.10500 0.09489227
16.11000 0.09487229
16.11500 0.09485232
16.12000 0.09483236
16.12500 0.09481242
16.13000 0.09479248
16.13500 0.09477255
16.14000 0.09475264
16.14500 0.09473273
16.15000 0.09471284
16.15500 0.09469295
16.16000 0.09467308
16.16500 0.09465321
16.17000 0.09463336
16.17500 0.09461351
16.18000 0.09459368
16.18500 0.09457386
16.19000 0.09455405
16.19500 0.09453424
16.20000 0.09451445
16.20500 0.09449467
16.21000 0.09447490
16.21500 0.09445514
16.22000 0.09443539
16.22500 0.09441565
16.23000 0.09439592
16.23500 0.09437620
16.24000 0.09435649
16.24500 0.09433679
16.25000 0.09431710
16.25500 0.09429742
16.26000 0.09427775
16.26500 0.09425809
16.27000 0.09423844
16.27500 0.09421881
16.28000 0.09419918
16.28500 0.09417956
16.29000 0.09415995
16.29500 0.09414035
16.30000 0.09412077
16.30500 0.09410119
16.31000 0.09408162
16.31500 0.09406207
16.32000 0.09404252
16.32500 0.09402298
16.33000 0.09400346
16.33500 0.09398394
16.34000 0.09396443
16.34500 0.09394494
16.35000 0.09392545
16.35500 0.09390597
16.36000 0.09388651
16.36500 0.09386705
16.37000 0.09384761
16.37500 0.09382817
16.38000 0.09380874
16.38500 0.09378933
16.39000 0.09376992
16.39500 0.09375053
16.40000 0.09373114
16.40500 0.09371176
16.41000 0.09369240
16.41500 0.09367304
16.42000 0.09365370
16.42500 0.09363436
16.43000 0.09361503
16.43500 0.09359572
16.44000 0.09357641
16.44500 0.09355711
16.45000 0.09353783
16.45500 0.09351855
16.46000 0.09349928
16.46500 0.09348003
16.47000 0.09346078
16.47500 0.09344154
16.48000 0.09342232
16.48500 0.09340310
16.49000 0.09338389
16.49500 0.09336469
16.50000 0.09334550
16.50500 0.09332633
16.51000 0.09330716
16.51500 0.09328800
16.52000 0.09326885
16.52500 0.09324971
16.53000 0.09323058
16.53500 0.09321146
16.54000 0.09319235
16.54500 0.09317325
16.55000 0.09315416
16.55500 0.09313508
16.56000 0.09311601
16.56500 0.09309695
16.57000 0.09307790
16.57500 0.09305886
16.58000 0.09303982
16.58500 0.09302080
16.59000 0.09300179
16.59500 0.09298279
16.60000 0.09296379
16.60500 0.09294481
16.61000 0.09292584
16.61500 0.09290687
16.62000 0.09288792
16.62500 0.09286897
16.63000 0.09285004
16.63500 0.09283111
16.64000 0.09281219
16.64500 0.09279329
16.65000 0.09277439
16.65500 0.09275550
16.66000 0.09273662
16.66500 0.09271776
16.67000 0.09269890
16.67500 0.09268005
16.68000 0.09266121
16.68500 0.09264238
16.69000 0.09262356
16.69500 0.09260475
16.70000 0.09258594
16.70500 0.09256715
16.71000 0.09254837
16.71500 0.09252960
16.72000 0.09251083
16.72500 0.09249208
16.73000 0.09247333
16.73500 0.09245460
16.74000 0.09243587
16.74500 0.09241715
16.75000 0.09239845
16.75500 0.09237975
16.76000 0.09236106
16.76500 0.09234238
16.77000 0.09232371
16.77500 0.09230505
16.78000 0.09228640
16.78500 0.09226776
16.79000 0.09224913
16.79500 0.09223051
16.80000 0.09221189
16.80500 0.09219329
16.81000 0.09217470
16.81500 0.09215611
16.82000 0.09213753
16.82500 0.09211897
16.83000 0.09210041
16.83500 0.09208186
16.84000 0.09206332
16.84500 0.09204480
16.85000 0.09202628
16.85500 0.09200776
16.86000 0.09198926
16.86500 0.09197077
16.87000 0.09195229
16.87500 0.09193381
16.88000 0.09191535
16.88500 0.09189689
16.89000 0.09187845
16.89500 0.09186001
16.90000 0.09184158
16.90500 0.09182317
16.91000 0.09180476
16.91500 0.09178636
16.92000 0.09176797
16.92500 0.09174958
16.93000 0.09173121
16.93500 0.09171285
16.94000 0.09169449
16.94500 0.09167615
16.95000 0.09165781
16.95500 0.09163949
16.96000 0.09162117
16.96500 0.09160286
16.97000 0.09158456
16.97500 0.09156627
16.98000 0.09154799
16.98500 0.09152972
16.99000 0.09151145
16.99500 0.09149320
17.00000 0.09147495
17.00500 0.09145672
17.01000 0.09143849
17.01500 0.09142027
17.02000 0.09140206
17.02500 0.09138386
17.03000 0.09136567
17.03500 0.09134749
17.04000 0.09132932
17.04500 0.09131115
17.05000 0.09129300
17.05500 0.09127485
17.06000 0.09125672
17.06500 0.09123859
17.07000 0.09122047
17.07500 0.09120236
17.08000 0.09118426
17.08500 0.09116617
17.09000 0.09114808
17.09500 0.09113001
17.10000 0.09111194
17.10500 0.09109389
17.11000 0.09107584
17.11500 0.09105780
17.12000 0.09103977
17.12500 0.09102175
17.13000 0.09100374
17.13500 0.09098574
17.14000 0.09096774
17.14500 0.09094976
17.15000 0.09093178
17.15500 0.09091381
17.16000 0.09089585
17.16500 0.09087790
17.17000 0.09085996
17.17500 0.09084203
17.18000 0.09082411
17.18500 0.09080619
17.19000 0.09078828
17.19500 0.09077039
17.20000 0.09075250
17.20500 0.09073462
17.21000 0.09071675
17.21500 0.09069889
17.22000 0.09068103
17.22500 0.09066319
17.23000 0.09064535
17.23500 0.09062753
17.24000 0.09060971
17.24500 0.09059190
17.25000 0.09057410
17.25500 0.09055630
17.26000 0.09053852
17.26500 0.09052075
17.27000 0.09050298
17.27500 0.09048522
17.28000 0.09046747
17.28500 0.09044973
17.29000 0.09043200
17.29500 0.09041428
17.30000 0.09039656
17.30500 0.09037886
17.31000 0.09036116
17.31500 0.09034347
17.32000 0.09032579
17.32500 0.09030812
17.33000 0.09029046
17.33500 0.09027280
17.34000 0.09025516
17.34500 0.09023752
17.35000 0.09021989
17.35500 0.09020227
17.36000 0.09018466
17.36500 0.09016706
17.37000 0.09014947
17.37500 0.09013188
17.38000 0.09011430
17.38500 0.09009674
17.39000 0.09007918
17.39500 0.09006162
17.40000 0.09004408
17.40500 0.09002655
17.41000 0.09000902
17.41500 0.08999150
17.42000 0.08997400
17.42500 0.08995649
17.43000 0.08993900
17.43500 0.08992152
17.44000 0.08990404
17.44500 0.08988658
17.45000 0.08986912
17.45500 0.08985167
17.46000 0.08983423
17.46500 0.08981680
17.47000 0.08979937
17.47500 0.08978196
17.48000 0.08976455
17.48500 0.08974715
17.49000 0.08972976
17.49500 0.08971238
17.50000 0.08969500
17.50500 0.08967764
17.51000 0.08966028
17.51500 0.08964293
17.52000 0.08962559
17.52500 0.08960826
17.53000 0.08959093
17.53500 0.08957362
17.54000 0.08955631
17.54500 0.08953901
17.55000 0.08952172
17.55500 0.08950444
17.56000 0.08948716
17.56500 0.08946990
17.57000 0.08945264
17.57500 0.08943539
17.58000 0.08941815
17.58500 0.08940092
17.59000 0.08938369
17.59500 0.08936648
17.60000 0.08934927
17.60500 0.08933207
17.61000 0.08931488
17.61500 0.08929769
17.62000 0.08928052
17.62500 0.08926335
17.63000 0.08924619
17.63500 0.08922904
17.64000 0.08921190
17.64500 0.08919477
17.65000 0.08917764
17.65500 0.08916053
17.66000 0.08914342
17.66500 0.08912631
17.67000 0.08910922
17.67500 0.08909214
17.68000 0.08907506
17.68500 0.08905799
17.69000 0.08904093
17.69500 0.08902388
17.70000 0.08900683
17.70500 0.08898980
17.71000 0.08897277
17.71500 0.08895575
17.72000 0.08893874
17.72500 0.08892174
17.73000 0.08890474
17.73500 0.08888775
17.74000 0.08887077
17.74500 0.08885380
17.75000 0.08883684
17.75500 0.08881988
17.76000 0.08880294
17.76500 0.08878600
17.77000 0.08876907
17.77500 0.08875214
17.78000 0.08873523
17.78500 0.08871832
17.79000 0.08870142
17.79500 0.08868453
17.80000 0.08866765
17.80500 0.08865077
17.81000 0.08863391
17.81500 0.08861705
17.82000 0.08860020
17.82500 0.08858335
17.83000 0.08856652
17.83500 0.08854969
17.84000 0.08853287
17.84500 0.08851606
17.85000 0.08849926
17.85500 0.08848246
17.86000 0.08846567
17.86500 0.08844889
17.87000 0.08843212
17.87500 0.08841536
17.88000 0.08839860
17.88500 0.08838186
17.89000 0.08836512
17.89500 0.08834838
17.90000 0.08833166
17.90500 0.08831494
17.91000 0.08829823
17.91500 0.08828153
17.92000 0.08826484
17.92500 0.08824816
17.93000 0.08823148
17.93500 0.08821481
17.94000 0.08819815
17.94500 0.08818149
17.95000 0.08816485
17.95500 0.08814821
17.96000 0.08813158
17.96500 0.08811496
17.97000 0.08809834
17.97500 0.08808174
17.98000 0.08806514
17.98500 0.08804855
17.99000 0.08803196
17.99500 0.08801539
18.00000 0.08799882
18.00500 0.08798226
18.01000 0.08796571
18.01500 0.08794916
18.02000 0.08793263
18.02500 0.08791610
18.03000 0.08789958
18.03500 0.08788306
18.04000 0.08786656
18.04500 0.08785006
18.05000 0.08783357
18.05500 0.08781708
18.06000 0.08780061
18.06500 0.08778414
18.07000 0.08776768
18.07500 0.08775123
18.08000 0.08773479
18.08500 0.08771835
18.09000 0.08770192
18.09500 0.08768550
18.10000 0.08766909
18.10500 0.08765268
18.11000 0.08763628
18.11500 0.08761989
18.12000 0.08760351
18.12500 0.08758713
18.13000 0.08757076
18.13500 0.08755440
18.14000 0.08753805
18.14500 0.08752170
18.15000 0.08750537
18.15500 0.08748904
18.16000 0.08747271
18.16500 0.08745640
18.17000 0.08744009
18.17500 0.08742379
18.18000 0.08740750
18.18500 0.08739122
18.19000 0.08737494
18.19500 0.08735867
18.20000 0.08734241
18.20500 0.08732615
18.21000 0.08730991
18.21500 0.08729367
18.22000 0.08727743
18.22500 0.08726121
18.23000 0.08724499
18.23500 0.08722878
18.24000 0.08721258
18.24500 0.08719639
18.25000 0.08718020
18.25500 0.08716402
18.26000 0.08714785
18.26500 0.08713168
18.27000 0.08711553
18.27500 0.08709938
18.28000 0.08708324
18.28500 0.08706710
18.29000 0.08705097
18.29500 0.08703485
18.30000 0.08701874
18.30500 0.08700264
18.31000 0.08698654
18.31500 0.08697045
18.32000 0.08695437
18.32500 0.08693829
18.33000 0.08692222
18.33500 0.08690616
18.34000 0.08689011
18.34500 0.08687406
18.35000 0.08685802
18.35500 0.08684199
18.36000 0.08682597
18.36500 0.08680995
18.37000 0.08679394
18.37500 0.08677794
18.38000 0.08676195
18.38500 0.08674596
18.39000 0.08672998
18.39500 0.08671401
18.40000 0.08669804
18.40500 0.08668208
18.41000 0.08666613
18.41500 0.08665019
18.42000 0.08663426
18.42500 0.08661833
18.43000 0.08660241
18.43500 0.08658649
18.44000 0.08657058
18.44500 0.08655468
18.45000 0.08653879
18.45500 0.08652291
18.46000 0.08650703
18.46500 0.08649116
18.47000 0.08647530
18.47500 0.08645944
18.48000 0.08644359
18.48500 0.08642775
18.49000 0.08641192
18.49500 0.08639609
18.50000 0.08638027
18.50500 0.08636446
18.51000 0.08634865
18.51500 0.08633285
18.52000 0.08631706
18.52500 0.08630128
18.53000 0.08628550
18.53500 0.08626973
18.54000 0.08625397
18.54500 0.08623821
18.55000 0.08622246
18.55500 0.08620672
18.56000 0.08619099
18.56500 0.08617526
18.57000 0.08615954
18.57500 0.08614383
18.58000 0.08612813
18.58500 0.08611243
18.59000 0.08609674
18.59500 0.08608105
18.60000 0.08606538
18.60500 0.08604971
18.61000 0.08603404
18.61500 0.08601839
18.62000 0.08600274
18.62500 0.08598710
18.63000 0.08597146
18.63500 0.08595584
18.64000 0.08594022
18.64500 0.08592460
18.65000 0.08590900
18.65500 0.08589340
18.66000 0.08587781
18.66500 0.08586222
18.67000 0.08584664
18.67500 0.08583107
18.68000 0.08581551
18.68500 0.08579995
18.69000 0.08578440
18.69500 0.08576886
18.70000 0.08575332
18.70500 0.08573779
18.71000 0.08572227
18.71500 0.08570676
18.72000 0.08569125
18.72500 0.08567575
18.73000 0.08566026
18.73500 0.08564477
18.74000 0.08562929
18.74500 0.08561382
18.75000 0.08559835
18.75500 0.08558289
18.76000 0.08556744
18.76500 0.08555199
18.77000 0.08553655
18.77500 0.08552112
18.78000 0.08550570
18.78500 0.08549028
18.79000 0.08547487
18.79500 0.08545947
18.80000 0.08544407
18.80500 0.08542868
18.81000 0.08541330
18.81500 0.08539792
18.82000 0.08538255
18.82500 0.08536719
18.83000 0.08535183
18.83500 0.08533649
18.84000 0.08532114
18.84500 0.08530581
18.85000 0.08529048
18.85500 0.08527516
18.86000 0.08525985
18.86500 0.08524454
18.87000 0.08522924
18.87500 0.08521394
18.88000 0.08519866
18.88500 0.08518338
18.89000 0.08516810
18.89500 0.08515284
18.90000 0.08513758
18.90500 0.08512232
18.91000 0.08510708
18.91500 0.08509184
18.92000 0.08507660
18.92500 0.08506138
18.93000 0.08504616
18.93500 0.08503095
18.94000 0.08501574
18.94500 0.08500054
18.95000 0.08498535
18.95500 0.08497017
18.96000 0.08495499
18.96500 0.08493982
18.97000 0.08492465
18.97500 0.08490949
18.98000 0.08489434
18.98500 0.08487920
18.99000 0.08486406
18.99500 0.08484893
19.00000 0.08483380
19.00500 0.08481868
19.01000 0.08480357
19.01500 0.08478847
19.02000 0.08477337
19.02500 0.08475828
19.03000 0.08474319
19.03500 0.08472812
19.04000 0.08471305
19.04500 0.08469798
19.05000 0.08468292
19.05500 0.08466787
19.06000 0.08465283
19.06500 0.08463779
19.07000 0.08462276
19.07500 0.08460773
19.08000 0.08459272
19.08500 0.08457770
19.09000 0.08456270
19.09500 0.08454770
19.10000 0.08453271
19.10500 0.08451772
19.11000 0.08450275
19.11500 0.08448777
19.12000 0.08447281
19.12500 0.08445785
19.13000 0.08444290
19.13500 0.08442795
19.14000 0.08441301
19.14500 0.08439808
19.15000 0.08438316
19.15500 0.08436824
19.16000 0.08435332
19.16500 0.08433842
19.17000 0.08432352
19.17500 0.08430863
19.18000 0.08429374
19.18500 0.08427886
19.19000 0.08426399
19.19500 0.08424912
19.20000 0.08423426
19.20500 0.08421941
19.21000 0.08420456
19.21500 0.08418972
19.22000 0.08417488
19.22500 0.08416006
19.23000 0.08414524
19.23500 0.08413042
19.24000 0.08411561
19.24500 0.08410081
19.25000 0.08408602
19.25500 0.08407123
19.26000 0.08405644
19.26500 0.08404167
19.27000 0.08402690
19.27500 0.08401214
19.28000 0.08399738
19.28500 0.08398263
19.29000 0.08396789
19.29500 0.08395315
19.30000 0.08393842
19.30500 0.08392369
19.31000 0.08390898
19.31500 0.08389426
19.32000 0.08387956
19.32500 0.08386486
19.33000 0.08385017
19.33500 0.08383548
19.34000 0.08382080
19.34500 0.08380613
19.35000 0.08379146
19.35500 0.08377680
19.36000 0.08376215
19.36500 0.08374750
19.37000 0.08373286
19.37500 0.08371822
19.38000 0.08370360
19.38500 0.08368897
19.39000 0.08367436
19.39500 0.08365975
19.40000 0.08364515
19.40500 0.08363055
19.41000 0.08361596
19.41500 0.08360137
19.42000 0.08358680
19.42500 0.08357222
19.43000 0.08355766
19.43500 0.08354310
19.44000 0.08352855
19.44500 0.08351400
19.45000 0.08349946
19.45500 0.08348493
19.46000 0.08347040
19.46500 0.08345588
19.47000 0.08344137
19.47500 0.08342686
19.48000 0.08341235
19.48500 0.08339786
19.49000 0.08338337
19.49500 0.08336889
19.50000 0.08335441
19.50500 0.08333994
19.51000 0.08332547
19.51500 0.08331101
19.52000 0.08329656
19.52500 0.08328212
19.53000 0.08326768
19.53500 0.08325324
19.54000 0.08323881
19.54500 0.08322439
19.55000 0.08320998
19.55500 0.08319557
19.56000 0.08318117
19.56500 0.08316677
19.57000 0.08315238
19.57500 0.08313800
19.58000 0.08312362
19.58500 0.08310925
19.59000 0.08309488
19.59500 0.08308052
19.60000 0.08306617
19.60500 0.08305182
19.61000 0.08303748
19.61500 0.08302315
19.62000 0.08300882
19.62500 0.08299450
19.63000 0.08298018
19.63500 0.08296587
19.64000 0.08295157
19.64500 0.08293727
19.65000 0.08292298
19.65500 0.08290869
19.66000 0.08289441
19.66500 0.08288014
19.67000 0.08286587
19.67500 0.08285161
19.68000 0.08283736
19.68500 0.08282311
19.69000 0.08280886
19.69500 0.08279463
19.70000 0.08278040
19.70500 0.08276617
19.71000 0.08275195
19.71500 0.08273774
19.72000 0.08272354
19.72500 0.08270934
19.73000 0.08269514
19.73500 0.08268095
19.74000 0.08266677
19.74500 0.08265260
19.75000 0.08263843
19.75500 0.08262426
19.76000 0.08261010
19.76500 0.08259595
19.77000 0.08258181
19.77500 0.08256767
19.78000 0.08255353
19.78500 0.08253940
19.79000 0.08252528
19.79500 0.08251117
19.80000 0.08249706
19.80500 0.08248295
19.81000 0.08246886
19.81500 0.08245476
19.82000 0.08244068
19.82500 0.08242660
19.83000 0.08241252
19.83500 0.08239846
19.84000 0.08238439
19.84500 0.08237034
19.85000 0.08235629
19.85500 0.08234224
19.86000 0.08232821
19.86500 0.08231417
19.87000 0.08230015
19.87500 0.08228613
19.88000 0.08227211
19.88500 0.08225810
19.89000 0.08224410
19.89500 0.08223011
19.90000 0.08221612
19.90500 0.08220213
19.91000 0.08218815
19.91500 0.08217418
19.92000 0.08216021
19.92500 0.08214625
19.93000 0.08213230
19.93500 0.08211835
19.94000 0.08210440
19.94500 0.08209047
19.95000 0.08207653
19.95500 0.08206261
19.96000 0.08204869
19.96500 0.08203477
19.97000 0.08202087
19.97500 0.08200696
19.98000 0.08199307
19.98500 0.08197918
19.99000 0.08196529
19.99500 0.08195141
20.00000 0.08193754
20.00500 0.08192367
20.01000 0.08190981
20.01500 0.08189596
20.02000 0.08188211
20.02500 0.08186826
20.03000 0.08185442
20.03500 0.08184059
20.04000 0.08182676
20.04500 0.08181294
20.05000 0.08179913
20.05500 0.08178532
20.06000 0.08177152
20.06500 0.08175772
20.07000 0.08174393
20.07500 0.08173014
20.08000 0.08171636
20.08500 0.08170259
20.09000 0.08168882
20.09500 0.08167506
20.10000 0.08166130
20.10500 0.08164755
20.11000 0.08163380
20.11500 0.08162006
20.12000 0.08160633
20.12500 0.08159260
20.13000 0.08157888
20.13500 0.08156516
20.14000 0.08155145
20.14500 0.08153774
20.15000 0.08152404
20.15500 0.08151035
20.16000 0.08149666
20.16500 0.08148298
20.17000 0.08146930
20.17500 0.08145563
20.18000 0.08144197
20.18500 0.08142831
20.19000 0.08141465
20.19500 0.08140100
20.20000 0.08138736
20.20500 0.08137372
20.21000 0.08136009
20.21500 0.08134647
20.22000 0.08133285
20.22500 0.08131923
20.23000 0.08130562
20.23500 0.08129202
20.24000 0.08127842
20.24500 0.08126483
20.25000 0.08125125
