0.25000 3.04063908
0.25500 3.02068681
0.26000 3.00134816
0.26500 2.98259112
0.27000 2.96438546
0.27500 2.94670321
0.28000 2.92951827
0.28500 2.91280633
0.29000 2.89654467
0.29500 2.88071207
0.30000 2.86528869
0.30500 2.85025591
0.31000 2.83559630
0.31500 2.82129347
0.32000 2.80733204
0.32500 2.79369753
0.33000 2.78037631
0.33500 2.76735555
0.34000 2.75462313
0.34500 2.74216760
0.35000 2.72997816
0.35500 2.71804459
0.36000 2.70635722
0.36500 2.69490688
0.37000 2.68368488
0.37500 2.67268298
0.38000 2.66189336
0.38500 2.65130859
0.39000 2.64092158
0.39500 2.63072563
0.40000 2.62071432
0.40500 2.61088156
0.41000 2.60122152
0.41500 2.59172867
0.42000 2.58239771
0.42500 2.57322358
0.43000 2.56420144
0.43500 2.55532669
0.44000 2.54659489
0.44500 2.53800181
0.45000 2.52954341
0.45500 2.52121579
0.46000 2.51301523
0.46500 2.50493816
0.47000 2.49698116
0.47500 2.48914092
0.48000 2.48141429
0.48500 2.47379822
0.49000 2.46628980
0.49500 2.45888621
0.50000 2.45158475
0.50500 2.44438281
0.51000 2.43727788
0.51500 2.43026754
0.52000 2.42334947
0.52500 2.41652140
0.53000 2.40978119
0.53500 2.40312673
0.54000 2.39655599
0.54500 2.39006704
0.55000 2.38365798
0.55500 2.37732698
0.56000 2.37107230
0.56500 2.36489222
0.57000 2.35878509
0.57500 2.35274931
0.58000 2.34678335
0.58500 2.34088570
0.59000 2.33505491
0.59500 2.32928958
0.60000 2.32358835
0.60500 2.31794989
0.61000 2.31237292
0.61500 2.30685620
0.62000 2.30139853
0.62500 2.29599873
0.63000 2.29065566
0.63500 2.28536823
0.64000 2.28013535
0.64500 2.27495598
0.65000 2.26982911
0.65500 2.26475376
0.66000 2.25972896
0.66500 2.25475379
0.67000 2.24982733
0.67500 2.24494870
0.68000 2.24011705
0.68500 2.23533153
0.69000 2.23059133
0.69500 2.22589566
0.70000 2.22124374
0.70500 2.21663482
0.71000 2.21206816
0.71500 2.20754305
0.72000 2.20305879
0.72500 2.19861469
0.73000 2.19421010
0.73500 2.18984436
0.74000 2.18551684
0.74500 2.18122692
0.75000 2.17697400
0.75500 2.17275750
0.76000 2.16857682
0.76500 2.16443142
0.77000 2.16032075
0.77500 2.15624426
0.78000 2.15220144
0.78500 2.14819176
0.79000 2.14421474
0.79500 2.14026987
0.80000 2.13635669
0.80500 2.13247472
0.81000 2.12862350
0.81500 2.12480259
0.82000 2.12101154
0.82500 2.11724993
0.83000 2.11351734
0.83500 2.10981335
0.84000 2.10613756
0.84500 2.10248958
0.85000 2.09886902
0.85500 2.09527550
0.86000 2.09170865
0.86500 2.08816811
0.87000 2.08465351
0.87500 2.08116452
0.88000 2.07770079
0.88500 2.07426198
0.89000 2.07084776
0.89500 2.06745782
0.90000 2.06409183
0.90500 2.06074948
0.91000 2.05743048
0.91500 2.05413452
0.92000 2.05086130
0.92500 2.04761055
0.93000 2.04438197
0.93500 2.04117530
0.94000 2.03799025
0.94500 2.03482657
0.95000 2.03168399
0.95500 2.02856225
0.96000 2.02546110
0.96500 2.02238029
0.97000 2.01931958
0.97500 2.01627873
0.98000 2.01325750
0.98500 2.01025566
0.99000 2.00727299
0.99500 2.00430925
1.00000 2.00136424
1.00500 1.99843773
1.01000 1.99552952
1.01500 1.99263939
1.02000 1.98976713
1.02500 1.98691256
1.03000 1.98407546
1.03500 1.98125565
1.04000 1.97845293
1.04500 1.97566711
1.05000 1.97289801
1.05500 1.97014545
1.06000 1.96740923
1.06500 1.96468920
1.07000 1.96198517
1.07500 1.95929697
1.08000 1.95662444
1.08500 1.95396740
1.09000 1.95132569
1.09500 1.94869916
1.10000 1.94608765
1.10500 1.94349099
1.11000 1.94090903
1.11500 1.93834163
1.12000 1.93578864
1.12500 1.93324990
1.13000 1.93072527
1.13500 1.92821462
1.14000 1.92571779
1.14500 1.92323465
1.15000 1.92076507
1.15500 1.91830892
1.16000 1.91586605
1.16500 1.91343633
1.17000 1.91101965
1.17500 1.90861587
1.18000 1.90622487
1.18500 1.90384652
1.19000 1.90148071
1.19500 1.89912731
1.20000 1.89678621
1.20500 1.89445728
1.21000 1.89214042
1.21500 1.88983551
1.22000 1.88754244
1.22500 1.88526110
1.23000 1.88299138
1.23500 1.88073318
1.24000 1.87848638
1.24500 1.87625089
1.25000 1.87402659
1.25500 1.87181340
1.26000 1.86961120
1.26500 1.86741991
1.27000 1.86523942
1.27500 1.86306963
1.28000 1.86091046
1.28500 1.85876180
1.29000 1.85662357
1.29500 1.85449567
1.30000 1.85237802
1.30500 1.85027052
1.31000 1.84817309
1.31500 1.84608563
1.32000 1.84400807
1.32500 1.84194032
1.33000 1.83988230
1.33500 1.83783392
1.34000 1.83579510
1.34500 1.83376576
1.35000 1.83174582
1.35500 1.82973520
1.36000 1.82773383
1.36500 1.82574163
1.37000 1.82375853
1.37500 1.82178444
1.38000 1.81981929
1.38500 1.81786302
1.39000 1.81591554
1.39500 1.81397679
1.40000 1.81204670
1.40500 1.81012520
1.41000 1.80821221
1.41500 1.80630768
1.42000 1.80441153
1.42500 1.80252370
1.43000 1.80064412
1.43500 1.79877272
1.44000 1.79690945
1.44500 1.79505423
1.45000 1.79320702
1.45500 1.79136773
1.46000 1.78953632
1.46500 1.78771272
1.47000 1.78589688
1.47500 1.78408872
1.48000 1.78228820
1.48500 1.78049526
1.49000 1.77870984
1.49500 1.77693188
1.50000 1.77516132
1.50500 1.77339812
1.51000 1.77164221
1.51500 1.76989355
1.52000 1.76815207
1.52500 1.76641773
1.53000 1.76469047
1.53500 1.76297024
1.54000 1.76125699
1.54500 1.75955067
1.55000 1.75785123
1.55500 1.75615861
1.56000 1.75447278
1.56500 1.75279367
1.57000 1.75112125
1.57500 1.74945546
1.58000 1.74779626
1.58500 1.74614360
1.59000 1.74449744
1.59500 1.74285772
1.60000 1.74122441
1.60500 1.73959745
1.61000 1.73797681
1.61500 1.73636244
1.62000 1.73475429
1.62500 1.73315233
1.63000 1.73155651
1.63500 1.72996679
1.64000 1.72838312
1.64500 1.72680547
1.65000 1.72523380
1.65500 1.72366806
1.66000 1.72210821
1.66500 1.72055422
1.67000 1.71900604
1.67500 1.71746364
1.68000 1.71592697
1.68500 1.71439601
1.69000 1.71287070
1.69500 1.71135102
1.70000 1.70983693
1.70500 1.70832839
1.71000 1.70682536
1.71500 1.70532780
1.72000 1.70383569
1.72500 1.70234899
1.73000 1.70086765
1.73500 1.69939166
1.74000 1.69792096
1.74500 1.69645554
1.75000 1.69499534
1.75500 1.69354035
1.76000 1.69209053
1.76500 1.69064584
1.77000 1.68920625
1.77500 1.68777174
1.78000 1.68634226
1.78500 1.68491779
1.79000 1.68349829
1.79500 1.68208374
1.80000 1.68067410
1.80500 1.67926935
1.81000 1.67786945
1.81500 1.67647437
1.82000 1.67508408
1.82500 1.67369856
1.83000 1.67231777
1.83500 1.67094169
1.84000 1.66957028
1.84500 1.66820352
1.85000 1.66684139
1.85500 1.66548384
1.86000 1.66413087
1.86500 1.66278242
1.87000 1.66143849
1.87500 1.66009904
1.88000 1.65876405
1.88500 1.65743349
1.89000 1.65610734
1.89500 1.65478556
1.90000 1.65346813
1.90500 1.65215503
1.91000 1.65084623
1.91500 1.64954171
1.92000 1.64824144
1.92500 1.64694539
1.93000 1.64565355
1.93500 1.64436589
1.94000 1.64308238
1.94500 1.64180299
1.95000 1.64052772
1.95500 1.63925653
1.96000 1.63798939
1.96500 1.63672629
1.97000 1.63546721
1.97500 1.63421211
1.98000 1.63296099
1.98500 1.63171381
1.99000 1.63047055
1.99500 1.62923119
2.00000 1.62799572
2.00500 1.62676410
2.01000 1.62553632
2.01500 1.62431235
2.02000 1.62309218
2.02500 1.62187578
2.03000 1.62066313
2.03500 1.61945421
2.04000 1.61824901
2.04500 1.61704749
2.05000 1.61584965
2.05500 1.61465546
2.06000 1.61346489
2.06500 1.61227794
2.07000 1.61109459
2.07500 1.60991480
2.08000 1.60873857
2.08500 1.60756587
2.09000 1.60639669
2.09500 1.60523100
2.10000 1.60406879
2.10500 1.60291004
2.11000 1.60175473
2.11500 1.60060285
2.12000 1.59945437
2.12500 1.59830927
2.13000 1.59716755
2.13500 1.59602918
2.14000 1.59489414
2.14500 1.59376242
2.15000 1.59263399
2.15500 1.59150885
2.16000 1.59038698
2.16500 1.58926835
2.17000 1.58815296
2.17500 1.58704078
2.18000 1.58593180
2.18500 1.58482600
2.19000 1.58372337
2.19500 1.58262388
2.20000 1.58152754
2.20500 1.58043431
2.21000 1.57934418
2.21500 1.57825714
2.22000 1.57717316
2.22500 1.57609225
2.23000 1.57501438
2.23500 1.57393953
2.24000 1.57286769
2.24500 1.57179884
2.25000 1.57073298
2.25500 1.56967008
2.26000 1.56861013
2.26500 1.56755312
2.27000 1.56649903
2.27500 1.56544785
2.28000 1.56439956
2.28500 1.56335415
2.29000 1.56231160
2.29500 1.56127191
2.30000 1.56023505
2.30500 1.55920102
2.31000 1.55816979
2.31500 1.55714137
2.32000 1.55611572
2.32500 1.55509284
2.33000 1.55407272
2.33500 1.55305535
2.34000 1.55204070
2.34500 1.55102877
2.35000 1.55001954
2.35500 1.54901301
2.36000 1.54800915
2.36500 1.54700796
2.37000 1.54600942
2.37500 1.54501352
2.38000 1.54402025
2.38500 1.54302960
2.39000 1.54204155
2.39500 1.54105609
2.40000 1.54007321
2.40500 1.53909290
2.41000 1.53811514
2.41500 1.53713993
2.42000 1.53616725
2.42500 1.53519709
2.43000 1.53422944
2.43500 1.53326428
2.44000 1.53230161
2.44500 1.53134142
2.45000 1.53038369
2.45500 1.52942841
2.46000 1.52847557
2.46500 1.52752516
2.47000 1.52657717
2.47500 1.52563159
2.48000 1.52468841
2.48500 1.52374761
2.49000 1.52280918
2.49500 1.52187313
2.50000 1.52093942
2.50500 1.52000806
2.51000 1.51907903
2.51500 1.51815233
2.52000 1.51722794
2.52500 1.51630585
2.53000 1.51538605
2.53500 1.51446854
2.54000 1.51355329
2.54500 1.51264031
2.55000 1.51172958
2.55500 1.51082110
2.56000 1.50991485
2.56500 1.50901081
2.57000 1.50810900
2.57500 1.50720938
2.58000 1.50631196
2.58500 1.50541673
2.59000 1.50452367
2.59500 1.50363278
2.60000 1.50274404
2.60500 1.50185745
2.61000 1.50097299
2.61500 1.50009067
2.62000 1.49921047
2.62500 1.49833237
2.63000 1.49745638
2.63500 1.49658248
2.64000 1.49571067
2.64500 1.49484093
2.65000 1.49397326
2.65500 1.49310764
2.66000 1.49224408
2.66500 1.49138255
2.67000 1.49052306
2.67500 1.48966559
2.68000 1.48881014
2.68500 1.48795669
2.69000 1.48710524
2.69500 1.48625578
2.70000 1.48540830
2.70500 1.48456280
2.71000 1.48371926
2.71500 1.48287768
2.72000 1.48203805
2.72500 1.48120036
2.73000 1.48036460
2.73500 1.47953077
2.74000 1.47869885
2.74500 1.47786885
2.75000 1.47704075
2.75500 1.47621454
2.76000 1.47539022
2.76500 1.47456778
2.77000 1.47374721
2.77500 1.47292850
2.78000 1.47211165
2.78500 1.47129665
2.79000 1.47048349
2.79500 1.46967217
2.80000 1.46886267
2.80500 1.46805499
2.81000 1.46724912
2.81500 1.46644506
2.82000 1.46564280
2.82500 1.46484233
2.83000 1.46404364
2.83500 1.46324673
2.84000 1.46245159
2.84500 1.46165821
2.85000 1.46086659
2.85500 1.46007671
2.86000 1.45928858
2.86500 1.45850219
2.87000 1.45771752
2.87500 1.45693457
2.88000 1.45615334
2.88500 1.45537382
2.89000 1.45459600
2.89500 1.45381988
2.90000 1.45304544
2.90500 1.45227269
2.91000 1.45150161
2.91500 1.45073220
2.92000 1.44996446
2.92500 1.44919837
2.93000 1.44843393
2.93500 1.44767114
2.94000 1.44690999
2.94500 1.44615046
2.95000 1.44539256
2.95500 1.44463629
2.96000 1.44388162
2.96500 1.44312856
2.97000 1.44237710
2.97500 1.44162724
2.98000 1.44087897
2.98500 1.44013228
2.99000 1.43938717
2.99500 1.43864362
3.00000 1.43790165
3.00500 1.43716123
3.01000 1.43642237
3.01500 1.43568505
3.02000 1.43494928
3.02500 1.43421504
3.03000 1.43348234
3.03500 1.43275116
3.04000 1.43202150
3.04500 1.43129335
3.05000 1.43056672
3.05500 1.42984158
3.06000 1.42911794
3.06500 1.42839580
3.07000 1.42767514
3.07500 1.42695596
3.08000 1.42623826
3.08500 1.42552203
3.09000 1.42480727
3.09500 1.42409396
3.10000 1.42338211
3.10500 1.42267171
3.11000 1.42196275
3.11500 1.42125523
3.12000 1.42054915
3.12500 1.41984449
3.13000 1.41914126
3.13500 1.41843944
3.14000 1.41773904
3.14500 1.41704005
3.15000 1.41634246
3.15500 1.41564627
3.16000 1.41495147
3.16500 1.41425807
3.17000 1.41356604
3.17500 1.41287539
3.18000 1.41218612
3.18500 1.41149822
3.19000 1.41081168
3.19500 1.41012650
3.20000 1.40944268
3.20500 1.40876020
3.21000 1.40807907
3.21500 1.40739928
3.22000 1.40672083
3.22500 1.40604371
3.23000 1.40536791
3.23500 1.40469344
3.24000 1.40402028
3.24500 1.40334844
3.25000 1.40267791
3.25500 1.40200868
3.26000 1.40134075
3.26500 1.40067411
3.27000 1.40000877
3.27500 1.39934471
3.28000 1.39868193
3.28500 1.39802043
3.29000 1.39736021
3.29500 1.39670125
3.30000 1.39604356
3.30500 1.39538712
3.31000 1.39473195
3.31500 1.39407802
3.32000 1.39342534
3.32500 1.39277391
3.33000 1.39212371
3.33500 1.39147475
3.34000 1.39082702
3.34500 1.39018052
3.35000 1.38953524
3.35500 1.38889118
3.36000 1.38824833
3.36500 1.38760669
3.37000 1.38696626
3.37500 1.38632703
3.38000 1.38568900
3.38500 1.38505216
3.39000 1.38441652
3.39500 1.38378206
3.40000 1.38314878
3.40500 1.38251669
3.41000 1.38188576
3.41500 1.38125601
3.42000 1.38062743
3.42500 1.38000000
3.43000 1.37937374
3.43500 1.37874864
3.44000 1.37812468
3.44500 1.37750188
3.45000 1.37688022
3.45500 1.37625970
3.46000 1.37564031
3.46500 1.37502206
3.47000 1.37440494
3.47500 1.37378895
3.48000 1.37317408
3.48500 1.37256032
3.49000 1.37194769
3.49500 1.37133616
3.50000 1.37072575
3.50500 1.37011643
3.51000 1.36950822
3.51500 1.36890111
3.52000 1.36829509
3.52500 1.36769016
3.53000 1.36708632
3.53500 1.36648356
3.54000 1.36588188
3.54500 1.36528128
3.55000 1.36468175
3.55500 1.36408329
3.56000 1.36348590
3.56500 1.36288958
3.57000 1.36229431
3.57500 1.36170010
3.58000 1.36110694
3.58500 1.36051484
3.59000 1.35992378
3.59500 1.35933376
3.60000 1.35874478
3.60500 1.35815684
3.61000 1.35756994
3.61500 1.35698406
3.62000 1.35639922
3.62500 1.35581539
3.63000 1.35523259
3.63500 1.35465081
3.64000 1.35407004
3.64500 1.35349028
3.65000 1.35291154
3.65500 1.35233379
3.66000 1.35175705
3.66500 1.35118131
3.67000 1.35060657
3.67500 1.35003281
3.68000 1.34946005
3.68500 1.34888828
3.69000 1.34831749
3.69500 1.34774768
3.70000 1.34717885
3.70500 1.34661100
3.71000 1.34604412
3.71500 1.34547820
3.72000 1.34491326
3.72500 1.34434927
3.73000 1.34378625
3.73500 1.34322419
3.74000 1.34266308
3.74500 1.34210292
3.75000 1.34154372
3.75500 1.34098545
3.76000 1.34042814
3.76500 1.33987176
3.77000 1.33931632
3.77500 1.33876182
3.78000 1.33820825
3.78500 1.33765561
3.79000 1.33710389
3.79500 1.33655310
3.80000 1.33600323
3.80500 1.33545428
3.81000 1.33490625
3.81500 1.33435913
3.82000 1.33381292
3.82500 1.33326762
3.83000 1.33272322
3.83500 1.33217972
3.84000 1.33163713
3.84500 1.33109543
3.85000 1.33055463
3.85500 1.33001472
3.86000 1.32947570
3.86500 1.32893757
3.87000 1.32840032
3.87500 1.32786396
3.88000 1.32732847
3.88500 1.32679386
3.89000 1.32626012
3.89500 1.32572726
3.90000 1.32519526
3.90500 1.32466414
3.91000 1.32413387
3.91500 1.32360447
3.92000 1.32307593
3.92500 1.32254824
3.93000 1.32202141
3.93500 1.32149543
3.94000 1.32097030
3.94500 1.32044602
3.95000 1.31992258
3.95500 1.31939999
3.96000 1.31887823
3.96500 1.31835731
3.97000 1.31783723
3.97500 1.31731798
3.98000 1.31679956
3.98500 1.31628197
3.99000 1.31576521
3.99500 1.31524926
4.00000 1.31473414
4.00500 1.31421984
4.01000 1.31370636
4.01500 1.31319369
4.02000 1.31268183
4.02500 1.31217078
4.03000 1.31166054
4.03500 1.31115110
4.04000 1.31064247
4.04500 1.31013464
4.05000 1.30962760
4.05500 1.30912137
4.06000 1.30861592
4.06500 1.30811127
4.07000 1.30760741
4.07500 1.30710434
4.08000 1.30660205
4.08500 1.30610055
4.09000 1.30559982
4.09500 1.30509988
4.10000 1.30460071
4.10500 1.30410232
4.11000 1.30360470
4.11500 1.30310785
4.12000 1.30261177
4.12500 1.30211645
4.13000 1.30162190
4.13500 1.30112812
4.14000 1.30063509
4.14500 1.30014282
4.15000 1.29965130
4.15500 1.29916054
4.16000 1.29867054
4.16500 1.29818128
4.17000 1.29769277
4.17500 1.29720500
4.18000 1.29671798
4.18500 1.29623171
4.19000 1.29574617
4.19500 1.29526137
4.20000 1.29477730
4.20500 1.29429397
4.21000 1.29381137
4.21500 1.29332951
4.22000 1.29284837
4.22500 1.29236795
4.23000 1.29188826
4.23500 1.29140929
4.24000 1.29093105
4.24500 1.29045352
4.25000 1.28997671
4.25500 1.28950061
4.26000 1.28902522
4.26500 1.28855055
4.27000 1.28807659
4.27500 1.28760333
4.28000 1.28713078
4.28500 1.28665893
4.29000 1.28618778
4.29500 1.28571734
4.30000 1.28524759
4.30500 1.28477854
4.31000 1.28431018
4.31500 1.28384251
4.32000 1.28337554
4.32500 1.28290925
4.33000 1.28244366
4.33500 1.28197874
4.34000 1.28151451
4.34500 1.28105097
4.35000 1.28058810
4.35500 1.28012591
4.36000 1.27966440
4.36500 1.27920356
4.37000 1.27874340
4.37500 1.27828390
4.38000 1.27782508
4.38500 1.27736693
4.39000 1.27690944
4.39500 1.27645261
4.40000 1.27599645
4.40500 1.27554095
4.41000 1.27508611
4.41500 1.27463193
4.42000 1.27417840
4.42500 1.27372553
4.43000 1.27327331
4.43500 1.27282174
4.44000 1.27237082
4.44500 1.27192055
4.45000 1.27147093
4.45500 1.27102195
4.46000 1.27057361
4.46500 1.27012592
4.47000 1.26967886
4.47500 1.26923244
4.48000 1.26878666
4.48500 1.26834151
4.49000 1.26789700
4.49500 1.26745312
4.50000 1.26700987
4.50500 1.26656725
4.51000 1.26612525
4.51500 1.26568388
4.52000 1.26524314
4.52500 1.26480301
4.53000 1.26436351
4.53500 1.26392463
4.54000 1.26348636
4.54500 1.26304871
4.55000 1.26261168
4.55500 1.26217526
4.56000 1.26173945
4.56500 1.26130425
4.57000 1.26086966
4.57500 1.26043567
4.58000 1.26000229
4.58500 1.25956952
4.59000 1.25913735
4.59500 1.25870578
4.60000 1.25827481
4.60500 1.25784444
4.61000 1.25741466
4.61500 1.25698548
4.62000 1.25655690
4.62500 1.25612890
4.63000 1.25570150
4.63500 1.25527469
4.64000 1.25484847
4.64500 1.25442283
4.65000 1.25399778
4.65500 1.25357331
4.66000 1.25314942
4.66500 1.25272612
4.67000 1.25230340
4.67500 1.25188125
4.68000 1.25145968
4.68500 1.25103869
4.69000 1.25061827
4.69500 1.25019842
4.70000 1.24977915
4.70500 1.24936044
4.71000 1.24894231
4.71500 1.24852474
4.72000 1.24810773
4.72500 1.24769130
4.73000 1.24727542
4.73500 1.24686011
4.74000 1.24644536
4.74500 1.24603116
4.75000 1.24561753
4.75500 1.24520445
4.76000 1.24479193
4.76500 1.24437996
4.77000 1.24396854
4.77500 1.24355768
4.78000 1.24314736
4.78500 1.24273760
4.79000 1.24232838
4.79500 1.24191971
4.80000 1.24151158
4.80500 1.24110400
4.81000 1.24069696
4.81500 1.24029046
4.82000 1.23988450
4.82500 1.23947908
4.83000 1.23907419
4.83500 1.23866984
4.84000 1.23826603
4.84500 1.23786275
4.85000 1.23746001
4.85500 1.23705779
4.86000 1.23665611
4.86500 1.23625495
4.87000 1.23585432
4.87500 1.23545422
4.88000 1.23505464
4.88500 1.23465559
4.89000 1.23425706
4.89500 1.23385905
4.90000 1.23346156
4.90500 1.23306459
4.91000 1.23266813
4.91500 1.23227220
4.92000 1.23187678
4.92500 1.23148187
4.93000 1.23108748
4.93500 1.23069360
4.94000 1.23030023
4.94500 1.22990737
4.95000 1.22951502
4.95500 1.22912317
4.96000 1.22873184
4.96500 1.22834100
4.97000 1.22795067
4.97500 1.22756085
4.98000 1.22717152
4.98500 1.22678270
4.99000 1.22639437
4.99500 1.22600655
5.00000 1.22561922
5.00500 1.22523238
5.01000 1.22484604
5.01500 1.22446020
5.02000 1.22407485
5.02500 1.22368999
5.03000 1.22330562
5.03500 1.22292173
5.04000 1.22253834
5.04500 1.22215544
5.05000 1.22177302
5.05500 1.22139108
5.06000 1.22100963
5.06500 1.22062867
5.07000 1.22024818
5.07500 1.21986817
5.08000 1.21948865
5.08500 1.21910960
5.09000 1.21873103
5.09500 1.21835294
5.10000 1.21797532
5.10500 1.21759818
5.11000 1.21722151
5.11500 1.21684531
5.12000 1.21646959
5.12500 1.21609433
5.13000 1.21571955
5.13500 1.21534523
5.14000 1.21497138
5.14500 1.21459799
5.15000 1.21422507
5.15500 1.21385261
5.16000 1.21348062
5.16500 1.21310909
5.17000 1.21273802
5.17500 1.21236741
5.18000 1.21199726
5.18500 1.21162757
5.19000 1.21125833
5.19500 1.21088955
5.20000 1.21052123
5.20500 1.21015336
5.21000 1.20978594
5.21500 1.20941897
5.22000 1.20905246
5.22500 1.20868639
5.23000 1.20832078
5.23500 1.20795561
5.24000 1.20759089
5.24500 1.20722662
5.25000 1.20686279
5.25500 1.20649941
5.26000 1.20613647
5.26500 1.20577397
5.27000 1.20541192
5.27500 1.20505030
5.28000 1.20468913
5.28500 1.20432839
5.29000 1.20396809
5.29500 1.20360823
5.30000 1.20324880
5.30500 1.20288981
5.31000 1.20253125
5.31500 1.20217313
5.32000 1.20181544
5.32500 1.20145818
5.33000 1.20110135
5.33500 1.20074495
5.34000 1.20038898
5.34500 1.20003343
5.35000 1.19967831
5.35500 1.19932362
5.36000 1.19896936
5.36500 1.19861551
5.37000 1.19826210
5.37500 1.19790910
5.38000 1.19755652
5.38500 1.19720437
5.39000 1.19685263
5.39500 1.19650132
5.40000 1.19615042
5.40500 1.19579994
5.41000 1.19544987
5.41500 1.19510022
5.42000 1.19475099
5.42500 1.19440217
5.43000 1.19405376
5.43500 1.19370576
5.44000 1.19335818
5.44500 1.19301100
5.45000 1.19266423
5.45500 1.19231788
5.46000 1.19197193
5.46500 1.19162638
5.47000 1.19128124
5.47500 1.19093651
5.48000 1.19059218
5.48500 1.19024826
5.49000 1.18990474
5.49500 1.18956162
5.50000 1.18921890
5.50500 1.18887658
5.51000 1.18853466
5.51500 1.18819314
5.52000 1.18785202
5.52500 1.18751129
5.53000 1.18717096
5.53500 1.18683102
5.54000 1.18649148
5.54500 1.18615234
5.55000 1.18581358
5.55500 1.18547522
5.56000 1.18513725
5.56500 1.18479967
5.57000 1.18446248
5.57500 1.18412568
5.58000 1.18378927
5.58500 1.18345324
5.59000 1.18311760
5.59500 1.18278235
5.60000 1.18244748
5.60500 1.18211299
5.61000 1.18177889
5.61500 1.18144517
5.62000 1.18111184
5.62500 1.18077888
5.63000 1.18044631
5.63500 1.18011411
5.64000 1.17978230
5.64500 1.17945086
5.65000 1.17911980
5.65500 1.17878911
5.66000 1.17845881
5.66500 1.17812887
5.67000 1.17779931
5.67500 1.17747013
5.68000 1.17714132
5.68500 1.17681288
5.69000 1.17648481
5.69500 1.17615711
5.70000 1.17582978
5.70500 1.17550282
5.71000 1.17517623
5.71500 1.17485001
5.72000 1.17452415
5.72500 1.17419866
5.73000 1.17387354
5.73500 1.17354878
5.74000 1.17322439
5.74500 1.17290036
5.75000 1.17257669
5.75500 1.17225338
5.76000 1.17193043
5.76500 1.17160785
5.77000 1.17128563
5.77500 1.17096376
5.78000 1.17064225
5.78500 1.17032110
5.79000 1.17000031
5.79500 1.16967987
5.80000 1.16935979
5.80500 1.16904007
5.81000 1.16872070
5.81500 1.16840168
5.82000 1.16808301
5.82500 1.16776470
5.83000 1.16744674
5.83500 1.16712913
5.84000 1.16681187
5.84500 1.16649496
5.85000 1.16617840
5.85500 1.16586219
5.86000 1.16554632
5.86500 1.16523080
5.87000 1.16491563
5.87500 1.16460080
5.88000 1.16428632
5.88500 1.16397218
5.89000 1.16365839
5.89500 1.16334494
5.90000 1.16303183
5.90500 1.16271906
5.91000 1.16240663
5.91500 1.16209455
5.92000 1.16178280
5.92500 1.16147139
5.93000 1.16116032
5.93500 1.16084959
5.94000 1.16053919
5.94500 1.16022914
5.95000 1.15991941
5.95500 1.15961002
5.96000 1.15930097
5.96500 1.15899225
5.97000 1.15868387
5.97500 1.15837581
5.98000 1.15806809
5.98500 1.15776070
5.99000 1.15745364
5.99500 1.15714691
6.00000 1.15684051
6.00500 1.15653444
6.01000 1.15622869
6.01500 1.15592328
6.02000 1.15561819
6.02500 1.15531343
6.03000 1.15500899
6.03500 1.15470488
6.04000 1.15440109
6.04500 1.15409763
6.05000 1.15379449
6.05500 1.15349167
6.06000 1.15318918
6.06500 1.15288701
6.07000 1.15258515
6.07500 1.15228362
6.08000 1.15198241
6.08500 1.15168152
6.09000 1.15138094
6.09500 1.15108069
6.10000 1.15078075
6.10500 1.15048113
6.11000 1.15018182
6.11500 1.14988283
6.12000 1.14958415
6.12500 1.14928579
6.13000 1.14898775
6.13500 1.14869001
6.14000 1.14839259
6.14500 1.14809548
6.15000 1.14779868
6.15500 1.14750220
6.16000 1.14720602
6.16500 1.14691016
6.17000 1.14661460
6.17500 1.14631935
6.18000 1.14602441
6.18500 1.14572978
6.19000 1.14543545
6.19500 1.14514144
6.20000 1.14484772
6.20500 1.14455431
6.21000 1.14426121
6.21500 1.14396841
6.22000 1.14367592
6.22500 1.14338373
6.23000 1.14309184
6.23500 1.14280025
6.24000 1.14250897
6.24500 1.14221798
6.25000 1.14192730
6.25500 1.14163691
6.26000 1.14134683
6.26500 1.14105704
6.27000 1.14076755
6.27500 1.14047836
6.28000 1.14018947
6.28500 1.13990087
6.29000 1.13961257
6.29500 1.13932457
6.30000 1.13903686
6.30500 1.13874944
6.31000 1.13846232
6.31500 1.13817550
6.32000 1.13788896
6.32500 1.13760272
6.33000 1.13731677
6.33500 1.13703111
6.34000 1.13674574
6.34500 1.13646066
6.35000 1.13617587
6.35500 1.13589138
6.36000 1.13560717
6.36500 1.13532324
6.37000 1.13503961
6.37500 1.13475626
6.38000 1.13447320
6.38500 1.13419043
6.39000 1.13390794
6.39500 1.13362574
6.40000 1.13334382
6.40500 1.13306219
6.41000 1.13278084
6.41500 1.13249977
6.42000 1.13221898
6.42500 1.13193848
6.43000 1.13165826
6.43500 1.13137832
6.44000 1.13109866
6.44500 1.13081929
6.45000 1.13054019
6.45500 1.13026137
6.46000 1.12998283
6.46500 1.12970457
6.47000 1.12942658
6.47500 1.12914887
6.48000 1.12887144
6.48500 1.12859429
6.49000 1.12831741
6.49500 1.12804081
6.50000 1.12776448
6.50500 1.12748843
6.51000 1.12721265
6.51500 1.12693714
6.52000 1.12666191
6.52500 1.12638695
6.53000 1.12611226
6.53500 1.12583784
6.54000 1.12556370
6.54500 1.12528982
6.55000 1.12501622
6.55500 1.12474288
6.56000 1.12446982
6.56500 1.12419702
6.57000 1.12392449
6.57500 1.12365223
6.58000 1.12338024
6.58500 1.12310851
6.59000 1.12283705
6.59500 1.12256585
6.60000 1.12229492
6.60500 1.12202426
6.61000 1.12175386
6.61500 1.12148373
6.62000 1.12121386
6.62500 1.12094425
6.63000 1.12067490
6.63500 1.12040582
6.64000 1.12013700
6.64500 1.11986844
6.65000 1.11960014
6.65500 1.11933210
6.66000 1.11906433
6.66500 1.11879681
6.67000 1.11852955
6.67500 1.11826255
6.68000 1.11799581
6.68500 1.11772933
6.69000 1.11746310
6.69500 1.11719713
6.70000 1.11693142
6.70500 1.11666596
6.71000 1.11640077
6.71500 1.11613582
6.72000 1.11587113
6.72500 1.11560670
6.73000 1.11534251
6.73500 1.11507859
6.74000 1.11481491
6.74500 1.11455149
6.75000 1.11428832
6.75500 1.11402541
6.76000 1.11376274
6.76500 1.11350033
6.77000 1.11323816
6.77500 1.11297625
6.78000 1.11271458
6.78500 1.11245317
6.79000 1.11219200
6.79500 1.11193109
6.80000 1.11167042
6.80500 1.11141000
6.81000 1.11114983
6.81500 1.11088990
6.82000 1.11063022
6.82500 1.11037079
6.83000 1.11011160
6.83500 1.10985265
6.84000 1.10959396
6.84500 1.10933550
6.85000 1.10907729
6.85500 1.10881933
6.86000 1.10856161
6.86500 1.10830413
6.87000 1.10804689
6.87500 1.10778990
6.88000 1.10753314
6.88500 1.10727663
6.89000 1.10702036
6.89500 1.10676433
6.90000 1.10650854
6.90500 1.10625299
6.91000 1.10599768
6.91500 1.10574260
6.92000 1.10548777
6.92500 1.10523317
6.93000 1.10497882
6.93500 1.10472470
6.94000 1.10447081
6.94500 1.10421716
6.95000 1.10396375
6.95500 1.10371058
6.96000 1.10345764
6.96500 1.10320493
6.97000 1.10295246
6.97500 1.10270023
6.98000 1.10244823
6.98500 1.10219646
6.99000 1.10194492
6.99500 1.10169362
7.00000 1.10144255
7.00500 1.10119171
7.01000 1.10094111
7.01500 1.10069073
7.02000 1.10044059
7.02500 1.10019067
7.03000 1.09994099
7.03500 1.09969154
7.04000 1.09944231
7.04500 1.09919332
7.05000 1.09894455
7.05500 1.09869601
7.06000 1.09844770
7.06500 1.09819962
7.07000 1.09795176
7.07500 1.09770414
7.08000 1.09745673
7.08500 1.09720956
7.09000 1.09696261
7.09500 1.09671588
7.10000 1.09646938
7.10500 1.09622311
7.11000 1.09597706
7.11500 1.09573123
7.12000 1.09548563
7.12500 1.09524025
7.13000 1.09499509
7.13500 1.09475015
7.14000 1.09450544
7.14500 1.09426095
7.15000 1.09401668
7.15500 1.09377263
7.16000 1.09352881
7.16500 1.09328520
7.17000 1.09304181
7.17500 1.09279864
7.18000 1.09255570
7.18500 1.09231297
7.19000 1.09207046
7.19500 1.09182817
7.20000 1.09158609
7.20500 1.09134424
7.21000 1.09110260
7.21500 1.09086118
7.22000 1.09061997
7.22500 1.09037898
7.23000 1.09013821
7.23500 1.08989765
7.24000 1.08965731
7.24500 1.08941718
7.25000 1.08917727
7.25500 1.08893757
7.26000 1.08869809
7.26500 1.08845882
7.27000 1.08821976
7.27500 1.08798091
7.28000 1.08774228
7.28500 1.08750386
7.29000 1.08726565
7.29500 1.08702766
7.30000 1.08678987
7.30500 1.08655230
7.31000 1.08631494
7.31500 1.08607778
7.32000 1.08584084
7.32500 1.08560411
7.33000 1.08536758
7.33500 1.08513127
7.34000 1.08489516
7.34500 1.08465926
7.35000 1.08442357
7.35500 1.08418809
7.36000 1.08395281
7.36500 1.08371775
7.37000 1.08348288
7.37500 1.08324823
7.38000 1.08301378
7.38500 1.08277954
7.39000 1.08254550
7.39500 1.08231167
7.40000 1.08207804
7.40500 1.08184462
7.41000 1.08161140
7.41500 1.08137838
7.42000 1.08114557
7.42500 1.08091296
7.43000 1.08068056
7.43500 1.08044836
7.44000 1.08021636
7.44500 1.07998456
7.45000 1.07975296
7.45500 1.07952157
7.46000 1.07929037
7.46500 1.07905938
7.47000 1.07882859
7.47500 1.07859800
7.48000 1.07836760
7.48500 1.07813741
7.49000 1.07790742
7.49500 1.07767762
7.50000 1.07744803
7.50500 1.07721863
7.51000 1.07698943
7.51500 1.07676043
7.52000 1.07653163
7.52500 1.07630302
7.53000 1.07607461
7.53500 1.07584640
7.54000 1.07561838
7.54500 1.07539056
7.55000 1.07516293
7.55500 1.07493550
7.56000 1.07470827
7.56500 1.07448123
7.57000 1.07425438
7.57500 1.07402773
7.58000 1.07380127
7.58500 1.07357501
7.59000 1.07334894
7.59500 1.07312306
7.60000 1.07289738
7.60500 1.07267189
7.61000 1.07244659
7.61500 1.07222148
7.62000 1.07199656
7.62500 1.07177184
7.63000 1.07154730
7.63500 1.07132296
7.64000 1.07109881
7.64500 1.07087485
7.65000 1.07065108
7.65500 1.07042749
7.66000 1.07020410
7.66500 1.06998090
7.67000 1.06975788
7.67500 1.06953505
7.68000 1.06931241
7.68500 1.06908996
7.69000 1.06886770
7.69500 1.06864563
7.70000 1.06842374
7.70500 1.06820204
7.71000 1.06798052
7.71500 1.06775919
7.72000 1.06753805
7.72500 1.06731709
7.73000 1.06709632
7.73500 1.06687574
7.74000 1.06665534
7.74500 1.06643512
7.75000 1.06621509
7.75500 1.06599524
7.76000 1.06577557
7.76500 1.06555609
7.77000 1.06533680
7.77500 1.06511768
7.78000 1.06489875
7.78500 1.06468000
7.79000 1.06446144
7.79500 1.06424305
7.80000 1.06402485
7.80500 1.06380683
7.81000 1.06358899
7.81500 1.06337133
7.82000 1.06315385
7.82500 1.06293655
7.83000 1.06271943
7.83500 1.06250250
7.84000 1.06228574
7.84500 1.06206916
7.85000 1.06185276
7.85500 1.06163654
7.86000 1.06142049
7.86500 1.06120463
7.87000 1.06098894
7.87500 1.06077344
7.88000 1.06055811
7.88500 1.06034295
7.89000 1.06012797
7.89500 1.05991318
7.90000 1.05969855
7.90500 1.05948411
7.91000 1.05926983
7.91500 1.05905574
7.92000 1.05884182
7.92500 1.05862807
7.93000 1.05841451
7.93500 1.05820111
7.94000 1.05798789
7.94500 1.05777485
7.95000 1.05756197
7.95500 1.05734928
7.96000 1.05713675
7.96500 1.05692440
7.97000 1.05671222
7.97500 1.05650022
7.98000 1.05628838
7.98500 1.05607672
7.99000 1.05586523
7.99500 1.05565392
8.00000 1.05544277
8.00500 1.05523180
8.01000 1.05502099
8.01500 1.05481036
8.02000 1.05459990
8.02500 1.05438961
8.03000 1.05417949
8.03500 1.05396954
8.04000 1.05375975
8.04500 1.05355014
8.05000 1.05334070
8.05500 1.05313142
8.06000 1.05292232
8.06500 1.05271338
8.07000 1.05250461
8.07500 1.05229601
8.08000 1.05208758
8.08500 1.05187931
8.09000 1.05167121
8.09500 1.05146328
8.10000 1.05125551
8.10500 1.05104792
8.11000 1.05084048
8.11500 1.05063322
8.12000 1.05042612
8.12500 1.05021918
8.13000 1.05001241
8.13500 1.04980581
8.14000 1.04959937
8.14500 1.04939309
8.15000 1.04918698
8.15500 1.04898104
8.16000 1.04877525
8.16500 1.04856963
8.17000 1.04836418
8.17500 1.04815889
8.18000 1.04795376
8.18500 1.04774879
8.19000 1.04754399
8.19500 1.04733935
8.20000 1.04713487
8.20500 1.04693055
8.21000 1.04672640
8.21500 1.04652240
8.22000 1.04631857
8.22500 1.04611490
8.23000 1.04591139
8.23500 1.04570804
8.24000 1.04550485
8.24500 1.04530182
8.25000 1.04509895
8.25500 1.04489624
8.26000 1.04469369
8.26500 1.04449130
8.27000 1.04428907
8.27500 1.04408699
8.28000 1.04388508
8.28500 1.04368332
8.29000 1.04348172
8.29500 1.04328028
8.30000 1.04307900
8.30500 1.04287788
8.31000 1.04267691
8.31500 1.04247610
8.32000 1.04227544
8.32500 1.04207495
8.33000 1.04187461
8.33500 1.04167442
8.34000 1.04147439
8.34500 1.04127452
8.35000 1.04107480
8.35500 1.04087524
8.36000 1.04067584
8.36500 1.04047658
8.37000 1.04027749
8.37500 1.04007855
8.38000 1.03987976
8.38500 1.03968112
8.39000 1.03948264
8.39500 1.03928432
8.40000 1.03908614
8.40500 1.03888812
8.41000 1.03869026
8.41500 1.03849254
8.42000 1.03829498
8.42500 1.03809757
8.43000 1.03790032
8.43500 1.03770321
8.44000 1.03750626
8.44500 1.03730946
8.45000 1.03711281
8.45500 1.03691631
8.46000 1.03671996
8.46500 1.03652377
8.47000 1.03632772
8.47500 1.03613183
8.48000 1.03593608
8.48500 1.03574049
8.49000 1.03554504
8.49500 1.03534974
8.50000 1.03515460
8.50500 1.03495960
8.51000 1.03476475
8.51500 1.03457005
8.52000 1.03437550
8.52500 1.03418110
8.53000 1.03398684
8.53500 1.03379274
8.54000 1.03359878
8.54500 1.03340497
8.55000 1.03321130
8.55500 1.03301779
8.56000 1.03282442
8.56500 1.03263119
8.57000 1.03243812
8.57500 1.03224519
8.58000 1.03205240
8.58500 1.03185977
8.59000 1.03166727
8.59500 1.03147493
8.60000 1.03128273
8.60500 1.03109067
8.61000 1.03089876
8.61500 1.03070700
8.62000 1.03051538
8.62500 1.03032390
8.63000 1.03013257
8.63500 1.02994138
8.64000 1.02975034
8.64500 1.02955944
8.65000 1.02936868
8.65500 1.02917807
8.66000 1.02898759
8.66500 1.02879727
8.67000 1.02860708
8.67500 1.02841704
8.68000 1.02822714
8.68500 1.02803738
8.69000 1.02784777
8.69500 1.02765830
8.70000 1.02746896
8.70500 1.02727977
8.71000 1.02709072
8.71500 1.02690182
8.72000 1.02671305
8.72500 1.02652442
8.73000 1.02633594
8.73500 1.02614759
8.74000 1.02595939
8.74500 1.02577132
8.75000 1.02558340
8.75500 1.02539561
8.76000 1.02520796
8.76500 1.02502046
8.77000 1.02483309
8.77500 1.02464586
8.78000 1.02445877
8.78500 1.02427182
8.79000 1.02408500
8.79500 1.02389833
8.80000 1.02371179
8.80500 1.02352539
8.81000 1.02333913
8.81500 1.02315300
8.82000 1.02296702
8.82500 1.02278117
8.83000 1.02259545
8.83500 1.02240988
8.84000 1.02222444
8.84500 1.02203913
8.85000 1.02185397
8.85500 1.02166894
8.86000 1.02148404
8.86500 1.02129928
8.87000 1.02111466
8.87500 1.02093017
8.88000 1.02074581
8.88500 1.02056160
8.89000 1.02037751
8.89500 1.02019356
8.90000 1.02000975
8.90500 1.01982607
8.91000 1.01964252
8.91500 1.01945911
8.92000 1.01927583
8.92500 1.01909269
8.93000 1.01890967
8.93500 1.01872680
8.94000 1.01854405
8.94500 1.01836144
8.95000 1.01817896
8.95500 1.01799661
8.96000 1.01781440
8.96500 1.01763232
8.97000 1.01745037
8.97500 1.01726855
8.98000 1.01708686
8.98500 1.01690531
8.99000 1.01672388
8.99500 1.01654259
9.00000 1.01636143
9.00500 1.01618040
9.01000 1.01599950
9.01500 1.01581873
9.02000 1.01563809
9.02500 1.01545759
9.03000 1.01527721
9.03500 1.01509696
9.04000 1.01491684
9.04500 1.01473685
9.05000 1.01455699
9.05500 1.01437726
9.06000 1.01419766
9.06500 1.01401819
9.07000 1.01383885
9.07500 1.01365963
9.08000 1.01348055
9.08500 1.01330159
9.09000 1.01312276
9.09500 1.01294406
9.10000 1.01276548
9.10500 1.01258704
9.11000 1.01240872
9.11500 1.01223053
9.12000 1.01205246
9.12500 1.01187453
9.13000 1.01169672
9.13500 1.01151903
9.14000 1.01134147
9.14500 1.01116404
9.15000 1.01098674
9.15500 1.01080956
9.16000 1.01063251
9.16500 1.01045558
9.17000 1.01027878
9.17500 1.01010210
9.18000 1.00992555
9.18500 1.00974913
9.19000 1.00957283
9.19500 1.00939665
9.20000 1.00922060
9.20500 1.00904467
9.21000 1.00886887
9.21500 1.00869319
9.22000 1.00851764
9.22500 1.00834221
9.23000 1.00816690
9.23500 1.00799172
9.24000 1.00781666
9.24500 1.00764172
9.25000 1.00746691
9.25500 1.00729222
9.26000 1.00711765
9.26500 1.00694321
9.27000 1.00676889
9.27500 1.00659469
9.28000 1.00642061
9.28500 1.00624665
9.29000 1.00607282
9.29500 1.00589911
9.30000 1.00572552
9.30500 1.00555205
9.31000 1.00537870
9.31500 1.00520547
9.32000 1.00503237
9.32500 1.00485938
9.33000 1.00468652
9.33500 1.00451377
9.34000 1.00434115
9.34500 1.00416865
9.35000 1.00399627
9.35500 1.00382400
9.36000 1.00365186
9.36500 1.00347984
9.37000 1.00330793
9.37500 1.00313615
9.38000 1.00296448
9.38500 1.00279294
9.39000 1.00262151
9.39500 1.00245020
9.40000 1.00227901
9.40500 1.00210794
9.41000 1.00193699
9.41500 1.00176616
9.42000 1.00159544
9.42500 1.00142484
9.43000 1.00125436
9.43500 1.00108400
9.44000 1.00091375
9.44500 1.00074362
9.45000 1.00057361
9.45500 1.00040372
9.46000 1.00023394
9.46500 1.00006428
9.47000 0.99989474
9.47500 0.99972531
9.48000 0.99955600
9.48500 0.99938681
9.49000 0.99921773
9.49500 0.99904877
9.50000 0.99887992
9.50500 0.99871119
9.51000 0.99854257
9.51500 0.99837407
9.52000 0.99820569
9.52500 0.99803742
9.53000 0.99786926
9.53500 0.99770122
9.54000 0.99753330
9.54500 0.99736549
9.55000 0.99719779
9.55500 0.99703021
9.56000 0.99686274
9.56500 0.99669539
9.57000 0.99652815
9.57500 0.99636102
9.58000 0.99619401
9.58500 0.99602711
9.59000 0.99586033
9.59500 0.99569365
9.60000 0.99552709
9.60500 0.99536065
9.61000 0.99519431
9.61500 0.99502809
9.62000 0.99486198
9.62500 0.99469599
9.63000 0.99453010
9.63500 0.99436433
9.64000 0.99419867
9.64500 0.99403312
9.65000 0.99386769
9.65500 0.99370236
9.66000 0.99353715
9.66500 0.99337205
9.67000 0.99320706
9.67500 0.99304218
9.68000 0.99287741
9.68500 0.99271275
9.69000 0.99254821
9.69500 0.99238377
9.70000 0.99221944
9.70500 0.99205523
9.71000 0.99189112
9.71500 0.99172712
9.72000 0.99156324
9.72500 0.99139946
9.73000 0.99123580
9.73500 0.99107224
9.74000 0.99090879
9.74500 0.99074545
9.75000 0.99058222
9.75500 0.99041910
9.76000 0.99025609
9.76500 0.99009319
9.77000 0.98993039
9.77500 0.98976771
9.78000 0.98960513
9.78500 0.98944266
9.79000 0.98928030
9.79500 0.98911805
9.80000 0.98895590
9.80500 0.98879386
9.81000 0.98863193
9.81500 0.98847011
9.82000 0.98830840
9.82500 0.98814679
9.83000 0.98798529
9.83500 0.98782389
9.84000 0.98766261
9.84500 0.98750143
9.85000 0.98734035
9.85500 0.98717938
9.86000 0.98701852
9.86500 0.98685777
9.87000 0.98669712
9.87500 0.98653658
9.88000 0.98637614
9.88500 0.98621581
9.89000 0.98605558
9.89500 0.98589546
9.90000 0.98573545
9.90500 0.98557554
9.91000 0.98541573
9.91500 0.98525603
9.92000 0.98509644
9.92500 0.98493695
9.93000 0.98477756
9.93500 0.98461828
9.94000 0.98445911
9.94500 0.98430003
9.95000 0.98414107
9.95500 0.98398220
9.96000 0.98382344
9.96500 0.98366479
9.97000 0.98350623
9.97500 0.98334778
9.98000 0.98318944
9.98500 0.98303120
9.99000 0.98287306
9.99500 0.98271502
10.00000 0.98255709
10.00500 0.98239926
10.01000 0.98224153
10.01500 0.98208390
10.02000 0.98192638
10.02500 0.98176896
10.03000 0.98161164
10.03500 0.98145443
10.04000 0.98129731
10.04500 0.98114030
10.05000 0.98098339
10.05500 0.98082658
10.06000 0.98066987
10.06500 0.98051327
10.07000 0.98035676
10.07500 0.98020036
10.08000 0.98004406
10.08500 0.97988786
10.09000 0.97973176
10.09500 0.97957576
10.10000 0.97941986
10.10500 0.97926406
10.11000 0.97910836
10.11500 0.97895276
10.12000 0.97879727
10.12500 0.97864187
10.13000 0.97848657
10.13500 0.97833137
10.14000 0.97817627
10.14500 0.97802128
10.15000 0.97786638
10.15500 0.97771158
10.16000 0.97755688
10.16500 0.97740228
10.17000 0.97724777
10.17500 0.97709337
10.18000 0.97693907
10.18500 0.97678486
10.19000 0.97663075
10.19500 0.97647674
10.20000 0.97632283
10.20500 0.97616902
10.21000 0.97601531
10.21500 0.97586169
10.22000 0.97570817
10.22500 0.97555475
10.23000 0.97540143
10.23500 0.97524820
10.24000 0.97509508
10.24500 0.97494205
10.25000 0.97478911
10.25500 0.97463628
10.26000 0.97448354
10.26500 0.97433090
10.27000 0.97417835
10.27500 0.97402591
10.28000 0.97387355
10.28500 0.97372130
10.29000 0.97356914
10.29500 0.97341708
10.30000 0.97326511
10.30500 0.97311324
10.31000 0.97296147
10.31500 0.97280979
10.32000 0.97265821
10.32500 0.97250672
10.33000 0.97235533
10.33500 0.97220403
10.34000 0.97205283
10.34500 0.97190173
10.35000 0.97175072
10.35500 0.97159980
10.36000 0.97144898
10.36500 0.97129826
10.37000 0.97114762
10.37500 0.97099709
10.38000 0.97084665
10.38500 0.97069630
10.39000 0.97054605
10.39500 0.97039589
10.40000 0.97024582
10.40500 0.97009585
10.41000 0.96994597
10.41500 0.96979619
10.42000 0.96964650
10.42500 0.96949691
10.43000 0.96934740
10.43500 0.96919799
10.44000 0.96904868
10.44500 0.96889946
10.45000 0.96875033
10.45500 0.96860129
10.46000 0.96845234
10.46500 0.96830349
10.47000 0.96815473
10.47500 0.96800607
10.48000 0.96785749
10.48500 0.96770901
10.49000 0.96756062
10.49500 0.96741233
10.50000 0.96726412
10.50500 0.96711601
10.51000 0.96696799
10.51500 0.96682006
10.52000 0.96667222
10.52500 0.96652447
10.53000 0.96637682
10.53500 0.96622925
10.54000 0.96608178
10.54500 0.96593440
10.55000 0.96578711
10.55500 0.96563991
10.56000 0.96549280
10.56500 0.96534578
10.57000 0.96519886
10.57500 0.96505202
10.58000 0.96490527
10.58500 0.96475862
10.59000 0.96461205
10.59500 0.96446558
10.60000 0.96431919
10.60500 0.96417289
10.61000 0.96402669
10.61500 0.96388057
10.62000 0.96373455
10.62500 0.96358861
10.63000 0.96344276
10.63500 0.96329700
10.64000 0.96315133
10.64500 0.96300575
10.65000 0.96286026
10.65500 0.96271486
10.66000 0.96256955
10.66500 0.96242433
10.67000 0.96227919
10.67500 0.96213414
10.68000 0.96198919
10.68500 0.96184432
10.69000 0.96169953
10.69500 0.96155484
10.70000 0.96141024
10.70500 0.96126572
10.71000 0.96112129
10.71500 0.96097695
10.72000 0.96083269
10.72500 0.96068853
10.73000 0.96054445
10.73500 0.96040046
10.74000 0.96025655
10.74500 0.96011274
10.75000 0.95996901
10.75500 0.95982537
10.76000 0.95968181
10.76500 0.95953834
10.77000 0.95939496
10.77500 0.95925167
10.78000 0.95910846
10.78500 0.95896534
10.79000 0.95882230
10.79500 0.95867935
10.80000 0.95853649
10.80500 0.95839371
10.81000 0.95825102
10.81500 0.95810842
10.82000 0.95796590
10.82500 0.95782347
10.83000 0.95768112
10.83500 0.95753886
10.84000 0.95739668
10.84500 0.95725459
10.85000 0.95711258
10.85500 0.95697066
10.86000 0.95682883
10.86500 0.95668708
10.87000 0.95654541
10.87500 0.95640383
10.88000 0.95626234
10.88500 0.95612093
10.89000 0.95597960
10.89500 0.95583836
10.90000 0.95569720
10.90500 0.95555613
10.91000 0.95541514
10.91500 0.95527424
10.92000 0.95513342
10.92500 0.95499268
10.93000 0.95485203
10.93500 0.95471146
10.94000 0.95457098
10.94500 0.95443058
10.95000 0.95429026
10.95500 0.95415002
10.96000 0.95400987
10.96500 0.95386981
10.97000 0.95372982
10.97500 0.95358992
10.98000 0.95345010
10.98500 0.95331037
10.99000 0.95317071
10.99500 0.95303114
11.00000 0.95289166
11.00500 0.95275225
11.01000 0.95261293
11.01500 0.95247369
11.02000 0.95233454
11.02500 0.95219546
11.03000 0.95205647
11.03500 0.95191756
11.04000 0.95177873
11.04500 0.95163998
11.05000 0.95150132
11.05500 0.95136273
11.06000 0.95122423
11.06500 0.95108581
11.07000 0.95094747
11.07500 0.95080922
11.08000 0.95067104
11.08500 0.95053295
11.09000 0.95039493
11.09500 0.95025700
11.10000 0.95011915
11.10500 0.94998138
11.11000 0.94984369
11.11500 0.94970608
11.12000 0.94956855
11.12500 0.94943110
11.13000 0.94929374
11.13500 0.94915645
11.14000 0.94901924
11.14500 0.94888212
11.15000 0.94874507
11.15500 0.94860810
11.16000 0.94847122
11.16500 0.94833441
11.17000 0.94819768
11.17500 0.94806104
11.18000 0.94792447
11.18500 0.94778798
11.19000 0.94765157
11.19500 0.94751524
11.20000 0.94737900
11.20500 0.94724282
11.21000 0.94710673
11.21500 0.94697072
11.22000 0.94683479
11.22500 0.94669893
11.23000 0.94656316
11.23500 0.94642746
11.24000 0.94629184
11.24500 0.94615630
11.25000 0.94602084
11.25500 0.94588546
11.26000 0.94575016
11.26500 0.94561493
11.27000 0.94547978
11.27500 0.94534471
11.28000 0.94520972
11.28500 0.94507481
11.29000 0.94493997
11.29500 0.94480522
11.30000 0.94467054
11.30500 0.94453593
11.31000 0.94440141
11.31500 0.94426696
11.32000 0.94413259
11.32500 0.94399830
11.33000 0.94386408
11.33500 0.94372994
11.34000 0.94359588
11.34500 0.94346190
11.35000 0.94332799
11.35500 0.94319416
11.36000 0.94306040
11.36500 0.94292673
11.37000 0.94279313
11.37500 0.94265960
11.38000 0.94252615
11.38500 0.94239278
11.39000 0.94225949
11.39500 0.94212627
11.40000 0.94199313
11.40500 0.94186006
11.41000 0.94172707
11.41500 0.94159416
11.42000 0.94146132
11.42500 0.94132855
11.43000 0.94119587
11.43500 0.94106325
11.44000 0.94093072
11.44500 0.94079826
11.45000 0.94066587
11.45500 0.94053356
11.46000 0.94040133
11.46500 0.94026917
11.47000 0.94013708
11.47500 0.94000507
11.48000 0.93987314
11.48500 0.93974128
11.49000 0.93960949
11.49500 0.93947778
11.50000 0.93934615
11.50500 0.93921458
11.51000 0.93908310
11.51500 0.93895169
11.52000 0.93882035
11.52500 0.93868908
11.53000 0.93855789
11.53500 0.93842678
11.54000 0.93829574
11.54500 0.93816477
11.55000 0.93803388
11.55500 0.93790306
11.56000 0.93777231
11.56500 0.93764164
11.57000 0.93751104
11.57500 0.93738051
11.58000 0.93725006
11.58500 0.93711968
11.59000 0.93698938
11.59500 0.93685915
11.60000 0.93672899
11.60500 0.93659890
11.61000 0.93646889
11.61500 0.93633895
11.62000 0.93620908
11.62500 0.93607929
11.63000 0.93594957
11.63500 0.93581992
11.64000 0.93569034
11.64500 0.93556084
11.65000 0.93543141
11.65500 0.93530205
11.66000 0.93517276
11.66500 0.93504355
11.67000 0.93491440
11.67500 0.93478533
11.68000 0.93465633
11.68500 0.93452741
11.69000 0.93439855
11.69500 0.93426977
11.70000 0.93414106
11.70500 0.93401242
11.71000 0.93388385
11.71500 0.93375536
11.72000 0.93362693
11.72500 0.93349858
11.73000 0.93337030
11.73500 0.93324209
11.74000 0.93311395
11.74500 0.93298588
11.75000 0.93285788
11.75500 0.93272995
11.76000 0.93260210
11.76500 0.93247431
11.77000 0.93234660
11.77500 0.93221895
11.78000 0.93209138
11.78500 0.93196388
11.79000 0.93183645
11.79500 0.93170908
11.80000 0.93158179
11.80500 0.93145457
11.81000 0.93132742
11.81500 0.93120034
11.82000 0.93107333
11.82500 0.93094639
11.83000 0.93081952
11.83500 0.93069272
11.84000 0.93056599
11.84500 0.93043932
11.85000 0.93031273
11.85500 0.93018621
11.86000 0.93005976
11.86500 0.92993337
11.87000 0.92980706
11.87500 0.92968081
11.88000 0.92955464
11.88500 0.92942853
11.89000 0.92930250
11.89500 0.92917653
11.90000 0.92905063
11.90500 0.92892480
11.91000 0.92879904
11.91500 0.92867334
11.92000 0.92854772
11.92500 0.92842216
11.93000 0.92829668
11.93500 0.92817126
11.94000 0.92804591
11.94500 0.92792063
11.95000 0.92779541
11.95500 0.92767027
11.96000 0.92754519
11.96500 0.92742018
11.97000 0.92729524
11.97500 0.92717037
11.98000 0.92704557
11.98500 0.92692083
11.99000 0.92679616
11.99500 0.92667156
12.00000 0.92654703
12.00500 0.92642256
12.01000 0.92629816
12.01500 0.92617383
12.02000 0.92604957
12.02500 0.92592537
12.03000 0.92580124
12.03500 0.92567718
12.04000 0.92555318
12.04500 0.92542925
12.05000 0.92530539
12.05500 0.92518160
12.06000 0.92505787
12.06500 0.92493421
12.07000 0.92481062
12.07500 0.92468709
12.08000 0.92456363
12.08500 0.92444024
12.09000 0.92431691
12.09500 0.92419365
12.10000 0.92407046
12.10500 0.92394733
12.11000 0.92382427
12.11500 0.92370127
12.12000 0.92357834
12.12500 0.92345548
12.13000 0.92333268
12.13500 0.92320995
12.14000 0.92308728
12.14500 0.92296468
12.15000 0.92284215
12.15500 0.92271968
12.16000 0.92259728
12.16500 0.92247494
12.17000 0.92235267
12.17500 0.92223046
12.18000 0.92210832
12.18500 0.92198625
12.19000 0.92186424
12.19500 0.92174229
12.20000 0.92162041
12.20500 0.92149860
12.21000 0.92137685
12.21500 0.92125516
12.22000 0.92113354
12.22500 0.92101199
12.23000 0.92089049
12.23500 0.92076907
12.24000 0.92064771
12.24500 0.92052641
12.25000 0.92040518
12.25500 0.92028401
12.26000 0.92016291
12.26500 0.92004187
12.27000 0.91992089
12.27500 0.91979998
12.28000 0.91967914
12.28500 0.91955835
12.29000 0.91943763
12.29500 0.91931698
12.30000 0.91919639
12.30500 0.91907586
12.31000 0.91895540
12.31500 0.91883500
12.32000 0.91871467
12.32500 0.91859439
12.33000 0.91847419
12.33500 0.91835404
12.34000 0.91823396
12.34500 0.91811394
12.35000 0.91799399
12.35500 0.91787409
12.36000 0.91775427
12.36500 0.91763450
12.37000 0.91751480
12.37500 0.91739516
12.38000 0.91727558
12.38500 0.91715607
12.39000 0.91703662
12.39500 0.91691723
12.40000 0.91679791
12.40500 0.91667864
12.41000 0.91655945
12.41500 0.91644031
12.42000 0.91632123
12.42500 0.91620222
12.43000 0.91608327
12.43500 0.91596438
12.44000 0.91584556
12.44500 0.91572680
12.45000 0.91560809
12.45500 0.91548946
12.46000 0.91537088
12.46500 0.91525236
12.47000 0.91513391
12.47500 0.91501552
12.48000 0.91489719
12.48500 0.91477892
12.49000 0.91466072
12.49500 0.91454257
12.50000 0.91442449
12.50500 0.91430647
12.51000 0.91418851
12.51500 0.91407061
12.52000 0.91395277
12.52500 0.91383500
12.53000 0.91371728
12.53500 0.91359963
12.54000 0.91348204
12.54500 0.91336451
12.55000 0.91324704
12.55500 0.91312963
12.56000 0.91301228
12.56500 0.91289499
12.57000 0.91277777
12.57500 0.91266060
12.58000 0.91254350
12.58500 0.91242645
12.59000 0.91230947
12.59500 0.91219254
12.60000 0.91207568
12.60500 0.91195888
12.61000 0.91184214
12.61500 0.91172545
12.62000 0.91160883
12.62500 0.91149227
12.63000 0.91137577
12.63500 0.91125933
12.64000 0.91114295
12.64500 0.91102662
12.65000 0.91091036
12.65500 0.91079416
12.66000 0.91067802
12.66500 0.91056194
12.67000 0.91044591
12.67500 0.91032995
12.68000 0.91021405
12.68500 0.91009820
12.69000 0.90998242
12.69500 0.90986669
12.70000 0.90975103
12.70500 0.90963542
12.71000 0.90951988
12.71500 0.90940439
12.72000 0.90928896
12.72500 0.90917359
12.73000 0.90905828
12.73500 0.90894303
12.74000 0.90882783
12.74500 0.90871270
12.75000 0.90859763
12.75500 0.90848261
12.76000 0.90836765
12.76500 0.90825275
12.77000 0.90813791
12.77500 0.90802313
12.78000 0.90790841
12.78500 0.90779374
12.79000 0.90767914
12.79500 0.90756459
12.80000 0.90745010
12.80500 0.90733567
12.81000 0.90722129
12.81500 0.90710698
12.82000 0.90699272
12.82500 0.90687852
12.83000 0.90676438
12.83500 0.90665030
12.84000 0.90653627
12.84500 0.90642231
12.85000 0.90630840
12.85500 0.90619455
12.86000 0.90608075
12.86500 0.90596701
12.87000 0.90585334
12.87500 0.90573971
12.88000 0.90562615
12.88500 0.90551264
12.89000 0.90539919
12.89500 0.90528580
12.90000 0.90517247
12.90500 0.90505919
12.91000 0.90494597
12.91500 0.90483281
12.92000 0.90471970
12.92500 0.90460665
12.93000 0.90449366
12.93500 0.90438072
12.94000 0.90426784
12.94500 0.90415502
12.95000 0.90404226
12.95500 0.90392955
12.96000 0.90381690
12.96500 0.90370430
12.97000 0.90359176
12.97500 0.90347928
12.98000 0.90336686
12.98500 0.90325449
12.99000 0.90314217
12.99500 0.90302992
13.00000 0.90291772
13.00500 0.90280557
13.01000 0.90269348
13.01500 0.90258145
13.02000 0.90246948
13.02500 0.90235756
13.03000 0.90224569
13.03500 0.90213388
13.04000 0.90202213
13.04500 0.90191044
13.05000 0.90179880
13.05500 0.90168721
13.06000 0.90157568
13.06500 0.90146421
13.07000 0.90135279
13.07500 0.90124143
13.08000 0.90113012
13.08500 0.90101887
13.09000 0.90090767
13.09500 0.90079653
13.10000 0.90068545
13.10500 0.90057441
13.11000 0.90046344
13.11500 0.90035252
13.12000 0.90024165
13.12500 0.90013084
13.13000 0.90002009
13.13500 0.89990939
13.14000 0.89979874
13.14500 0.89968815
13.15000 0.89957762
13.15500 0.89946713
13.16000 0.89935671
13.16500 0.89924634
13.17000 0.89913602
13.17500 0.89902576
13.18000 0.89891555
13.18500 0.89880539
13.19000 0.89869530
13.19500 0.89858525
13.20000 0.89847526
13.20500 0.89836532
13.21000 0.89825544
13.21500 0.89814561
13.22000 0.89803584
13.22500 0.89792612
13.23000 0.89781645
13.23500 0.89770684
13.24000 0.89759728
13.24500 0.89748778
13.25000 0.89737833
13.25500 0.89726893
13.26000 0.89715959
13.26500 0.89705030
13.27000 0.89694106
13.27500 0.89683188
13.28000 0.89672275
13.28500 0.89661368
13.29000 0.89650466
13.29500 0.89639569
13.30000 0.89628677
13.30500 0.89617791
13.31000 0.89606911
13.31500 0.89596035
13.32000 0.89585165
13.32500 0.89574300
13.33000 0.89563440
13.33500 0.89552586
13.34000 0.89541737
13.34500 0.89530894
13.35000 0.89520055
13.35500 0.89509222
13.36000 0.89498394
13.36500 0.89487572
13.37000 0.89476755
13.37500 0.89465943
13.38000 0.89455136
13.38500 0.89444335
13.39000 0.89433538
13.39500 0.89422747
13.40000 0.89411962
13.40500 0.89401181
13.41000 0.89390406
13.41500 0.89379636
13.42000 0.89368871
13.42500 0.89358112
13.43000 0.89347357
13.43500 0.89336608
13.44000 0.89325864
13.44500 0.89315126
13.45000 0.89304392
13.45500 0.89293664
13.46000 0.89282941
13.46500 0.89272223
13.47000 0.89261510
13.47500 0.89250802
13.48000 0.89240100
13.48500 0.89229403
13.49000 0.89218711
13.49500 0.89208024
13.50000 0.89197342
13.50500 0.89186666
13.51000 0.89175994
13.51500 0.89165328
13.52000 0.89154667
13.52500 0.89144011
13.53000 0.89133360
13.53500 0.89122714
13.54000 0.89112073
13.54500 0.89101438
13.55000 0.89090807
13.55500 0.89080182
13.56000 0.89069562
13.56500 0.89058947
13.57000 0.89048337
13.57500 0.89037732
13.58000 0.89027132
13.58500 0.89016537
13.59000 0.89005947
13.59500 0.88995363
13.60000 0.88984783
13.60500 0.88974209
13.61000 0.88963639
13.61500 0.88953075
13.62000 0.88942516
13.62500 0.88931961
13.63000 0.88921412
13.63500 0.88910868
13.64000 0.88900329
13.64500 0.88889795
13.65000 0.88879265
13.65500 0.88868741
13.66000 0.88858222
13.66500 0.88847708
13.67000 0.88837199
13.67500 0.88826695
13.68000 0.88816196
13.68500 0.88805702
13.69000 0.88795213
13.69500 0.88784729
13.70000 0.88774250
13.70500 0.88763776
13.71000 0.88753307
13.71500 0.88742843
13.72000 0.88732383
13.72500 0.88721929
13.73000 0.88711480
13.73500 0.88701036
13.74000 0.88690596
13.74500 0.88680162
13.75000 0.88669732
13.75500 0.88659308
13.76000 0.88648888
13.76500 0.88638474
13.77000 0.88628064
13.77500 0.88617659
13.78000 0.88607259
13.78500 0.88596864
13.79000 0.88586474
13.79500 0.88576089
13.80000 0.88565709
13.80500 0.88555333
13.81000 0.88544963
13.81500 0.88534597
13.82000 0.88524237
13.82500 0.88513881
13.83000 0.88503530
13.83500 0.88493184
13.84000 0.88482843
13.84500 0.88472506
13.85000 0.88462175
13.85500 0.88451848
13.86000 0.88441526
13.86500 0.88431209
13.87000 0.88420897
13.87500 0.88410590
13.88000 0.88400288
13.88500 0.88389990
13.89000 0.88379697
13.89500 0.88369409
13.90000 0.88359126
13.90500 0.88348848
13.91000 0.88338575
13.91500 0.88328306
13.92000 0.88318042
13.92500 0.88307783
13.93000 0.88297529
13.93500 0.88287279
13.94000 0.88277035
13.94500 0.88266795
13.95000 0.88256560
13.95500 0.88246329
13.96000 0.88236104
13.96500 0.88225883
13.97000 0.88215667
13.97500 0.88205456
13.98000 0.88195249
13.98500 0.88185047
13.99000 0.88174850
13.99500 0.88164658
14.00000 0.88154470
14.00500 0.88144288
14.01000 0.88134110
14.01500 0.88123936
14.02000 0.88113768
14.02500 0.88103604
14.03000 0.88093445
14.03500 0.88083290
14.04000 0.88073140
14.04500 0.88062995
14.05000 0.88052855
14.05500 0.88042719
14.06000 0.88032588
14.06500 0.88022462
14.07000 0.88012341
14.07500 0.88002224
14.08000 0.87992112
14.08500 0.87982004
14.09000 0.87971901
14.09500 0.87961803
14.10000 0.87951709
14.10500 0.87941621
14.11000 0.87931536
14.11500 0.87921457
14.12000 0.87911382
14.12500 0.87901312
14.13000 0.87891246
14.13500 0.87881185
14.14000 0.87871129
14.14500 0.87861077
14.15000 0.87851030
14.15500 0.87840987
14.16000 0.87830950
14.16500 0.87820916
14.17000 0.87810888
14.17500 0.87800864
14.18000 0.87790844
14.18500 0.87780830
14.19000 0.87770819
14.19500 0.87760814
14.20000 0.87750813
14.20500 0.87740816
14.21000 0.87730824
14.21500 0.87720837
14.22000 0.87710854
14.22500 0.87700876
14.23000 0.87690903
14.23500 0.87680934
14.24000 0.87670969
14.24500 0.87661009
14.25000 0.87651054
14.25500 0.87641103
14.26000 0.87631157
14.26500 0.87621215
14.27000 0.87611278
14.27500 0.87601345
14.28000 0.87591417
14.28500 0.87581493
14.29000 0.87571574
14.29500 0.87561660
14.30000 0.87551750
14.30500 0.87541844
14.31000 0.87531943
14.31500 0.87522047
14.32000 0.87512155
14.32500 0.87502267
14.33000 0.87492384
14.33500 0.87482506
14.34000 0.87472632
14.34500 0.87462762
14.35000 0.87452897
14.35500 0.87443036
14.36000 0.87433180
14.36500 0.87423329
14.37000 0.87413481
14.37500 0.87403639
14.38000 0.87393800
14.38500 0.87383966
14.39000 0.87374137
14.39500 0.87364312
14.40000 0.87354492
14.40500 0.87344676
14.41000 0.87334864
14.41500 0.87325057
14.42000 0.87315254
14.42500 0.87305456
14.43000 0.87295662
14.43500 0.87285872
14.44000 0.87276087
14.44500 0.87266307
14.45000 0.87256530
14.45500 0.87246758
14.46000 0.87236991
14.46500 0.87227228
14.47000 0.87217469
14.47500 0.87207715
14.48000 0.87197965
14.48500 0.87188220
14.49000 0.87178478
14.49500 0.87168742
14.50000 0.87159009
14.50500 0.87149281
14.51000 0.87139558
14.51500 0.87129838
14.52000 0.87120124
14.52500 0.87110413
14.53000 0.87100707
14.53500 0.87091005
14.54000 0.87081307
14.54500 0.87071614
14.55000 0.87061925
14.55500 0.87052241
14.56000 0.87042561
14.56500 0.87032885
14.57000 0.87023213
14.57500 0.87013546
14.58000 0.87003883
14.58500 0.86994225
14.59000 0.86984571
14.59500 0.86974921
14.60000 0.86965275
14.60500 0.86955634
14.61000 0.86945997
14.61500 0.86936364
14.62000 0.86926735
14.62500 0.86917111
14.63000 0.86907491
14.63500 0.86897876
14.64000 0.86888264
14.64500 0.86878657
14.65000 0.86869055
14.65500 0.86859456
14.66000 0.86849862
14.66500 0.86840272
14.67000 0.86830686
14.67500 0.86821105
14.68000 0.86811527
14.68500 0.86801954
14.69000 0.86792386
14.69500 0.86782821
14.70000 0.86773261
14.70500 0.86763705
14.71000 0.86754153
14.71500 0.86744605
14.72000 0.86735062
14.72500 0.86725523
14.73000 0.86715988
14.73500 0.86706457
14.74000 0.86696931
14.74500 0.86687409
14.75000 0.86677891
14.75500 0.86668377
14.76000 0.86658867
14.76500 0.86649362
14.77000 0.86639860
14.77500 0.86630363
14.78000 0.86620870
14.78500 0.86611382
14.79000 0.86601897
14.79500 0.86592417
14.80000 0.86582940
14.80500 0.86573468
14.81000 0.86564001
14.81500 0.86554537
14.82000 0.86545077
14.82500 0.86535622
14.83000 0.86526171
14.83500 0.86516724
14.84000 0.86507281
14.84500 0.86497842
14.85000 0.86488407
14.85500 0.86478977
14.86000 0.86469550
14.86500 0.86460128
14.87000 0.86450710
14.87500 0.86441296
14.88000 0.86431886
14.88500 0.86422480
14.89000 0.86413078
14.89500 0.86403681
14.90000 0.86394287
14.90500 0.86384898
14.91000 0.86375513
14.91500 0.86366132
14.92000 0.86356755
14.92500 0.86347382
14.93000 0.86338013
14.93500 0.86328648
14.94000 0.86319287
14.94500 0.86309931
14.95000 0.86300578
14.95500 0.86291230
14.96000 0.86281885
14.96500 0.86272545
14.97000 0.86263208
14.97500 0.86253876
14.98000 0.86244548
14.98500 0.86235224
14.99000 0.86225904
14.99500 0.86216588
15.00000 0.86207276
15.00500 0.86197968
15.01000 0.86188664
15.01500 0.86179364
15.02000 0.86170068
15.02500 0.86160777
15.03000 0.86151489
15.03500 0.86142205
15.04000 0.86132925
15.04500 0.86123650
15.05000 0.86114378
15.05500 0.86105110
15.06000 0.86095847
15.06500 0.86086587
15.07000 0.86077331
15.07500 0.86068080
15.08000 0.86058832
15.08500 0.86049588
15.09000 0.86040349
15.09500 0.86031113
15.10000 0.86021881
15.10500 0.86012653
15.11000 0.86003430
15.11500 0.85994210
15.12000 0.85984994
15.12500 0.85975782
15.13000 0.85966574
15.13500 0.85957370
15.14000 0.85948170
15.14500 0.85938974
15.15000 0.85929782
15.15500 0.85920594
15.16000 0.85911410
15.16500 0.85902230
15.17000 0.85893054
15.17500 0.85883881
15.18000 0.85874713
15.18500 0.85865548
15.19000 0.85856388
15.19500 0.85847231
15.20000 0.85838079
15.20500 0.85828930
15.21000 0.85819785
15.21500 0.85810644
15.22000 0.85801507
15.22500 0.85792374
15.23000 0.85783245
15.23500 0.85774119
15.24000 0.85764998
15.24500 0.85755881
15.25000 0.85746767
15.25500 0.85737657
15.26000 0.85728551
15.26500 0.85719449
15.27000 0.85710351
15.27500 0.85701257
15.28000 0.85692167
15.28500 0.85683080
15.29000 0.85673998
15.29500 0.85664919
15.30000 0.85655844
15.30500 0.85646773
15.31000 0.85637706
15.31500 0.85628643
15.32000 0.85619583
15.32500 0.85610528
15.33000 0.85601476
15.33500 0.85592428
15.34000 0.85583384
15.34500 0.85574344
15.35000 0.85565308
15.35500 0.85556275
15.36000 0.85547246
15.36500 0.85538222
15.37000 0.85529201
15.37500 0.85520183
15.38000 0.85511170
15.38500 0.85502160
15.39000 0.85493155
15.39500 0.85484153
15.40000 0.85475154
15.40500 0.85466160
15.41000 0.85457170
15.41500 0.85448183
15.42000 0.85439200
15.42500 0.85430221
15.43000 0.85421245
15.43500 0.85412274
15.44000 0.85403306
15.44500 0.85394342
15.45000 0.85385382
15.45500 0.85376425
15.46000 0.85367472
15.46500 0.85358524
15.47000 0.85349578
15.47500 0.85340637
15.48000 0.85331699
15.48500 0.85322765
15.49000 0.85313835
15.49500 0.85304909
15.50000 0.85295986
15.50500 0.85287068
15.51000 0.85278152
15.51500 0.85269241
15.52000 0.85260333
15.52500 0.85251429
15.53000 0.85242529
15.53500 0.85233633
15.54000 0.85224740
15.54500 0.85215851
15.55000 0.85206966
15.55500 0.85198084
15.56000 0.85189207
15.56500 0.85180332
15.57000 0.85171462
15.57500 0.85162595
15.58000 0.85153732
15.58500 0.85144873
15.59000 0.85136018
15.59500 0.85127166
15.60000 0.85118318
15.60500 0.85109473
15.61000 0.85100632
15.61500 0.85091795
15.62000 0.85082962
15.62500 0.85074132
15.63000 0.85065306
15.63500 0.85056484
15.64000 0.85047665
15.64500 0.85038850
15.65000 0.85030038
15.65500 0.85021231
15.66000 0.85012427
15.66500 0.85003626
15.67000 0.84994830
15.67500 0.84986037
15.68000 0.84977247
15.68500 0.84968461
15.69000 0.84959679
15.69500 0.84950901
15.70000 0.84942126
15.70500 0.84933355
15.71000 0.84924587
15.71500 0.84915823
15.72000 0.84907063
15.72500 0.84898306
15.73000 0.84889553
15.73500 0.84880804
15.74000 0.84872058
15.74500 0.84863316
15.75000 0.84854577
15.75500 0.84845842
15.76000 0.84837111
15.76500 0.84828383
15.77000 0.84819659
15.77500 0.84810939
15.78000 0.84802222
15.78500 0.84793508
15.79000 0.84784799
15.79500 0.84776093
15.80000 0.84767390
15.80500 0.84758691
15.81000 0.84749996
15.81500 0.84741304
15.82000 0.84732616
15.82500 0.84723931
15.83000 0.84715250
15.83500 0.84706572
15.84000 0.84697899
15.84500 0.84689228
15.85000 0.84680561
15.85500 0.84671898
15.86000 0.84663238
15.86500 0.84654582
15.87000 0.84645930
15.87500 0.84637281
15.88000 0.84628635
15.88500 0.84619993
15.89000 0.84611355
15.89500 0.84602720
15.90000 0.84594089
15.90500 0.84585461
15.91000 0.84576837
15.91500 0.84568216
15.92000 0.84559599
15.92500 0.84550985
15.93000 0.84542375
15.93500 0.84533768
15.94000 0.84525165
15.94500 0.84516566
15.95000 0.84507970
15.95500 0.84499377
15.96000 0.84490788
15.96500 0.84482202
15.97000 0.84473620
15.97500 0.84465042
15.98000 0.84456467
15.98500 0.84447895
15.99000 0.84439327
15.99500 0.84430763
16.00000 0.84422201
16.00500 0.84413644
16.01000 0.84405090
16.01500 0.84396539
16.02000 0.84387992
16.02500 0.84379448
16.03000 0.84370908
16.03500 0.84362371
16.04000 0.84353838
16.04500 0.84345308
16.05000 0.84336782
16.05500 0.84328259
16.06000 0.84319739
16.06500 0.84311223
16.07000 0.84302711
16.07500 0.84294202
16.08000 0.84285696
16.08500 0.84277194
16.09000 0.84268695
16.09500 0.84260200
16.10000 0.84251708
16.10500 0.84243219
16.11000 0.84234734
16.11500 0.84226253
16.12000 0.84217775
16.12500 0.84209300
16.13000 0.84200829
16.13500 0.84192361
16.14000 0.84183896
16.14500 0.84175435
16.15000 0.84166978
16.15500 0.84158523
16.16000 0.84150073
16.16500 0.84141625
16.17000 0.84133181
16.17500 0.84124741
16.18000 0.84116303
16.18500 0.84107869
16.19000 0.84099439
16.19500 0.84091012
16.20000 0.84082588
16.20500 0.84074168
16.21000 0.84065751
16.21500 0.84057338
16.22000 0.84048928
16.22500 0.84040521
16.23000 0.84032117
16.23500 0.84023717
16.24000 0.84015321
16.24500 0.84006928
16.25000 0.83998538
16.25500 0.83990151
16.26000 0.83981768
16.26500 0.83973388
16.27000 0.83965012
16.27500 0.83956639
16.28000 0.83948269
16.28500 0.83939902
16.29000 0.83931539
16.29500 0.83923180
16.30000 0.83914823
16.30500 0.83906470
16.31000 0.83898121
16.31500 0.83889774
16.32000 0.83881431
16.32500 0.83873091
16.33000 0.83864755
16.33500 0.83856422
16.34000 0.83848092
16.34500 0.83839766
16.35000 0.83831443
16.35500 0.83823123
16.36000 0.83814807
16.36500 0.83806493
16.37000 0.83798184
16.37500 0.83789877
16.38000 0.83781574
16.38500 0.83773274
16.39000 0.83764977
16.39500 0.83756684
16.40000 0.83748394
16.40500 0.83740107
16.41000 0.83731824
16.41500 0.83723543
16.42000 0.83715267
16.42500 0.83706993
16.43000 0.83698723
16.43500 0.83690456
16.44000 0.83682192
16.44500 0.83673931
16.45000 0.83665674
16.45500 0.83657420
16.46000 0.83649169
16.46500 0.83640922
16.47000 0.83632678
16.47500 0.83624437
16.48000 0.83616199
16.48500 0.83607965
16.49000 0.83599734
16.49500 0.83591506
16.50000 0.83583281
16.50500 0.83575060
16.51000 0.83566842
16.51500 0.83558627
16.52000 0.83550415
16.52500 0.83542207
16.53000 0.83534002
16.53500 0.83525800
16.54000 0.83517601
16.54500 0.83509405
16.55000 0.83501213
16.55500 0.83493024
16.56000 0.83484838
16.56500 0.83476656
16.57000 0.83468476
16.57500 0.83460300
16.58000 0.83452127
16.58500 0.83443957
16.59000 0.83435791
16.59500 0.83427627
16.60000 0.83419467
16.60500 0.83411310
16.61000 0.83403157
16.61500 0.83395006
16.62000 0.83386859
16.62500 0.83378715
16.63000 0.83370574
16.63500 0.83362436
16.64000 0.83354301
16.64500 0.83346170
16.65000 0.83338042
16.65500 0.83329917
16.66000 0.83321795
16.66500 0.83313676
16.67000 0.83305561
16.67500 0.83297448
16.68000 0.83289339
16.68500 0.83281233
16.69000 0.83273130
16.69500 0.83265031
16.70000 0.83256934
16.70500 0.83248841
16.71000 0.83240751
16.71500 0.83232664
16.72000 0.83224580
16.72500 0.83216499
16.73000 0.83208421
16.73500 0.83200347
16.74000 0.83192276
16.74500 0.83184207
16.75000 0.83176142
16.75500 0.83168081
16.76000 0.83160022
16.76500 0.83151966
16.77000 0.83143914
16.77500 0.83135864
16.78000 0.83127818
16.78500 0.83119775
16.79000 0.83111735
16.79500 0.83103698
16.80000 0.83095664
16.80500 0.83087634
16.81000 0.83079606
16.81500 0.83071582
16.82000 0.83063560
16.82500 0.83055542
16.83000 0.83047527
16.83500 0.83039515
16.84000 0.83031506
16.84500 0.83023500
16.85000 0.83015498
16.85500 0.83007498
16.86000 0.82999502
16.86500 0.82991508
16.87000 0.82983518
16.87500 0.82975531
16.88000 0.82967546
16.88500 0.82959565
16.89000 0.82951587
16.89500 0.82943612
16.90000 0.82935641
16.90500 0.82927672
16.91000 0.82919706
16.91500 0.82911743
16.92000 0.82903784
16.92500 0.82895827
16.93000 0.82887874
16.93500 0.82879924
16.94000 0.82871976
16.94500 0.82864032
16.95000 0.82856091
16.95500 0.82848153
16.96000 0.82840217
16.96500 0.82832285
16.97000 0.82824356
16.97500 0.82816430
16.98000 0.82808507
16.98500 0.82800588
16.99000 0.82792671
16.99500 0.82784757
17.00000 0.82776846
17.00500 0.82768938
17.01000 0.82761034
17.01500 0.82753132
17.02000 0.82745233
17.02500 0.82737338
17.03000 0.82729445
17.03500 0.82721555
17.04000 0.82713669
17.04500 0.82705785
17.05000 0.82697905
17.05500 0.82690027
17.06000 0.82682152
17.06500 0.82674281
17.07000 0.82666412
17.07500 0.82658547
17.08000 0.82650684
17.08500 0.82642825
17.09000 0.82634968
17.09500 0.82627115
17.10000 0.82619264
17.10500 0.82611417
17.11000 0.82603572
17.11500 0.82595730
17.12000 0.82587892
17.12500 0.82580056
17.13000 0.82572224
17.13500 0.82564394
17.14000 0.82556567
17.14500 0.82548744
17.15000 0.82540923
17.15500 0.82533105
17.16000 0.82525290
17.16500 0.82517479
17.17000 0.82509670
17.17500 0.82501864
17.18000 0.82494061
17.18500 0.82486261
17.19000 0.82478464
17.19500 0.82470670
17.20000 0.82462879
17.20500 0.82455091
17.21000 0.82447305
17.21500 0.82439523
17.22000 0.82431744
17.22500 0.82423968
17.23000 0.82416194
17.23500 0.82408424
17.24000 0.82400656
17.24500 0.82392892
17.25000 0.82385130
17.25500 0.82377371
17.26000 0.82369615
17.26500 0.82361862
17.27000 0.82354112
17.27500 0.82346365
17.28000 0.82338621
17.28500 0.82330880
17.29000 0.82323142
17.29500 0.82315406
17.30000 0.82307674
17.30500 0.82299945
17.31000 0.82292218
17.31500 0.82284494
17.32000 0.82276773
17.32500 0.82269056
17.33000 0.82261341
17.33500 0.82253628
17.34000 0.82245919
17.34500 0.82238213
17.35000 0.82230510
17.35500 0.82222809
17.36000 0.82215111
17.36500 0.82207417
17.37000 0.82199725
17.37500 0.82192036
17.38000 0.82184350
17.38500 0.82176667
17.39000 0.82168986
17.39500 0.82161309
17.40000 0.82153634
17.40500 0.82145963
17.41000 0.82138294
17.41500 0.82130628
17.42000 0.82122965
17.42500 0.82115305
17.43000 0.82107647
17.43500 0.82099993
17.44000 0.82092341
17.44500 0.82084692
17.45000 0.82077047
17.45500 0.82069403
17.46000 0.82061763
17.46500 0.82054126
17.47000 0.82046491
17.47500 0.82038860
17.48000 0.82031231
17.48500 0.82023605
17.49000 0.82015982
17.49500 0.82008362
17.50000 0.82000744
17.50500 0.81993130
17.51000 0.81985518
17.51500 0.81977909
17.52000 0.81970303
17.52500 0.81962700
17.53000 0.81955099
17.53500 0.81947502
17.54000 0.81939907
17.54500 0.81932315
17.55000 0.81924726
17.55500 0.81917139
17.56000 0.81909556
17.56500 0.81901975
17.57000 0.81894397
17.57500 0.81886822
17.58000 0.81879250
17.58500 0.81871681
17.59000 0.81864114
17.59500 0.81856550
17.60000 0.81848989
17.60500 0.81841431
17.61000 0.81833875
17.61500 0.81826323
17.62000 0.81818773
17.62500 0.81811226
17.63000 0.81803681
17.63500 0.81796140
17.64000 0.81788601
17.64500 0.81781065
17.65000 0.81773532
17.65500 0.81766002
17.66000 0.81758474
17.66500 0.81750950
17.67000 0.81743428
17.67500 0.81735908
17.68000 0.81728392
17.68500 0.81720878
17.69000 0.81713367
17.69500 0.81705859
17.70000 0.81698354
17.70500 0.81690851
17.71000 0.81683351
17.71500 0.81675854
17.72000 0.81668360
17.72500 0.81660868
17.73000 0.81653379
17.73500 0.81645893
17.74000 0.81638410
17.74500 0.81630929
17.75000 0.81623451
17.75500 0.81615976
17.76000 0.81608504
17.76500 0.81601034
17.77000 0.81593568
17.77500 0.81586103
17.78000 0.81578642
17.78500 0.81571183
17.79000 0.81563728
17.79500 0.81556274
17.80000 0.81548824
17.80500 0.81541376
17.81000 0.81533931
17.81500 0.81526489
17.82000 0.81519049
17.82500 0.81511613
17.83000 0.81504178
17.83500 0.81496747
17.84000 0.81489318
17.84500 0.81481892
17.85000 0.81474469
17.85500 0.81467049
17.86000 0.81459631
17.86500 0.81452216
17.87000 0.81444803
17.87500 0.81437394
17.88000 0.81429987
17.88500 0.81422582
17.89000 0.81415181
17.89500 0.81407782
17.90000 0.81400385
17.90500 0.81392992
17.91000 0.81385601
17.91500 0.81378213
17.92000 0.81370828
17.92500 0.81363445
17.93000 0.81356065
17.93500 0.81348687
17.94000 0.81341313
17.94500 0.81333941
17.95000 0.81326571
17.95500 0.81319204
17.96000 0.81311840
17.96500 0.81304479
17.97000 0.81297120
17.97500 0.81289764
17.98000 0.81282411
17.98500 0.81275060
17.99000 0.81267712
17.99500 0.81260367
18.00000 0.81253024
18.00500 0.81245684
18.01000 0.81238347
18.01500 0.81231012
18.02000 0.81223680
18.02500 0.81216351
18.03000 0.81209024
18.03500 0.81201700
18.04000 0.81194379
18.04500 0.81187060
18.05000 0.81179744
18.05500 0.81172430
18.06000 0.81165119
18.06500 0.81157811
18.07000 0.81150506
18.07500 0.81143203
18.08000 0.81135902
18.08500 0.81128605
18.09000 0.81121310
18.09500 0.81114017
18.10000 0.81106727
18.10500 0.81099440
18.11000 0.81092156
18.11500 0.81084874
18.12000 0.81077594
18.12500 0.81070318
18.13000 0.81063044
18.13500 0.81055772
18.14000 0.81048503
18.14500 0.81041237
18.15000 0.81033973
18.15500 0.81026712
18.16000 0.81019454
18.16500 0.81012198
18.17000 0.81004945
18.17500 0.80997694
18.18000 0.80990446
18.18500 0.80983201
18.19000 0.80975958
18.19500 0.80968718
18.20000 0.80961480
18.20500 0.80954245
18.21000 0.80947013
18.21500 0.80939783
18.22000 0.80932556
18.22500 0.80925331
18.23000 0.80918109
18.23500 0.80910890
18.24000 0.80903673
18.24500 0.80896459
18.25000 0.80889247
18.25500 0.80882038
18.26000 0.80874831
18.26500 0.80867627
18.27000 0.80860426
18.27500 0.80853227
18.28000 0.80846030
18.28500 0.80838837
18.29000 0.80831645
18.29500 0.80824457
18.30000 0.80817271
18.30500 0.80810087
18.31000 0.80802906
18.31500 0.80795728
18.32000 0.80788552
18.32500 0.80781379
18.33000 0.80774208
18.33500 0.80767040
18.34000 0.80759874
18.34500 0.80752711
18.35000 0.80745551
18.35500 0.80738393
18.36000 0.80731237
18.36500 0.80724085
18.37000 0.80716934
18.37500 0.80709786
18.38000 0.80702641
18.38500 0.80695498
18.39000 0.80688358
18.39500 0.80681220
18.40000 0.80674085
18.40500 0.80666953
18.41000 0.80659823
18.41500 0.80652695
18.42000 0.80645570
18.42500 0.80638448
18.43000 0.80631328
18.43500 0.80624210
18.44000 0.80617095
18.44500 0.80609983
18.45000 0.80602873
18.45500 0.80595765
18.46000 0.80588660
18.46500 0.80581558
18.47000 0.80574458
18.47500 0.80567361
18.48000 0.80560266
18.48500 0.80553174
18.49000 0.80546084
18.49500 0.80538996
18.50000 0.80531911
18.50500 0.80524829
18.51000 0.80517749
18.51500 0.80510672
18.52000 0.80503597
18.52500 0.80496525
18.53000 0.80489455
18.53500 0.80482387
18.54000 0.80475322
18.54500 0.80468260
18.55000 0.80461200
18.55500 0.80454143
18.56000 0.80447088
18.56500 0.80440035
18.57000 0.80432985
18.57500 0.80425937
18.58000 0.80418892
18.58500 0.80411850
18.59000 0.80404810
18.59500 0.80397772
18.60000 0.80390737
18.60500 0.80383704
18.61000 0.80376674
18.61500 0.80369646
18.62000 0.80362621
18.62500 0.80355598
18.63000 0.80348577
18.63500 0.80341559
18.64000 0.80334544
18.64500 0.80327531
18.65000 0.80320520
18.65500 0.80313512
18.66000 0.80306506
18.66500 0.80299503
18.67000 0.80292502
18.67500 0.80285504
18.68000 0.80278508
18.68500 0.80271514
18.69000 0.80264523
18.69500 0.80257535
18.70000 0.80250549
18.70500 0.80243565
18.71000 0.80236584
18.71500 0.80229605
18.72000 0.80222628
18.72500 0.80215654
18.73000 0.80208683
18.73500 0.80201714
18.74000 0.80194747
18.74500 0.80187783
18.75000 0.80180821
18.75500 0.80173862
18.76000 0.80166905
18.76500 0.80159950
18.77000 0.80152998
18.77500 0.80146048
18.78000 0.80139101
18.78500 0.80132156
18.79000 0.80125213
18.79500 0.80118273
18.80000 0.80111335
18.80500 0.80104400
18.81000 0.80097467
18.81500 0.80090537
18.82000 0.80083609
18.82500 0.80076683
18.83000 0.80069760
18.83500 0.80062839
18.84000 0.80055920
18.84500 0.80049004
18.85000 0.80042091
18.85500 0.80035179
18.86000 0.80028271
18.86500 0.80021364
18.87000 0.80014460
18.87500 0.80007558
18.88000 0.80000659
18.88500 0.79993762
18.89000 0.79986867
18.89500 0.79979975
18.90000 0.79973085
18.90500 0.79966198
18.91000 0.79959313
18.91500 0.79952430
18.92000 0.79945550
18.92500 0.79938672
18.93000 0.79931796
18.93500 0.79924923
18.94000 0.79918052
18.94500 0.79911184
18.95000 0.79904318
18.95500 0.79897454
18.96000 0.79890592
18.96500 0.79883733
18.97000 0.79876877
18.97500 0.79870022
18.98000 0.79863170
18.98500 0.79856321
18.99000 0.79849474
18.99500 0.79842629
19.00000 0.79835786
19.00500 0.79828946
19.01000 0.79822108
19.01500 0.79815273
19.02000 0.79808440
19.02500 0.79801609
19.03000 0.79794780
19.03500 0.79787954
19.04000 0.79781130
19.04500 0.79774309
19.05000 0.79767490
19.05500 0.79760673
19.06000 0.79753859
19.06500 0.79747047
19.07000 0.79740237
19.07500 0.79733429
19.08000 0.79726624
19.08500 0.79719822
19.09000 0.79713021
19.09500 0.79706223
19.10000 0.79699427
19.10500 0.79692634
19.11000 0.79685842
19.11500 0.79679054
19.12000 0.79672267
19.12500 0.79665483
19.13000 0.79658701
19.13500 0.79651921
19.14000 0.79645144
19.14500 0.79638369
19.15000 0.79631597
19.15500 0.79624826
19.16000 0.79618058
19.16500 0.79611292
19.17000 0.79604529
19.17500 0.79597768
19.18000 0.79591009
19.18500 0.79584253
19.19000 0.79577498
19.19500 0.79570746
19.20000 0.79563997
19.20500 0.79557249
19.21000 0.79550504
19.21500 0.79543762
19.22000 0.79537021
19.22500 0.79530283
19.23000 0.79523547
19.23500 0.79516813
19.24000 0.79510082
19.24500 0.79503353
19.25000 0.79496626
19.25500 0.79489902
19.26000 0.79483180
19.26500 0.79476460
19.27000 0.79469742
19.27500 0.79463027
19.28000 0.79456314
19.28500 0.79449603
19.29000 0.79442894
19.29500 0.79436188
19.30000 0.79429484
19.30500 0.79422782
19.31000 0.79416083
19.31500 0.79409385
19.32000 0.79402691
19.32500 0.79395998
19.33000 0.79389307
19.33500 0.79382619
19.34000 0.79375933
19.34500 0.79369250
19.35000 0.79362568
19.35500 0.79355889
19.36000 0.79349212
19.36500 0.79342538
19.37000 0.79335865
19.37500 0.79329195
19.38000 0.79322527
19.38500 0.79315861
19.39000 0.79309198
19.39500 0.79302537
19.40000 0.79295878
19.40500 0.79289221
19.41000 0.79282567
19.41500 0.79275915
19.42000 0.79269265
19.42500 0.79262617
19.43000 0.79255971
19.43500 0.79249328
19.44000 0.79242687
19.44500 0.79236048
19.45000 0.79229412
19.45500 0.79222777
19.46000 0.79216145
19.46500 0.79209515
19.47000 0.79202888
19.47500 0.79196262
19.48000 0.79189639
19.48500 0.79183018
19.49000 0.79176399
19.49500 0.79169782
19.50000 0.79163168
19.50500 0.79156556
19.51000 0.79149946
19.51500 0.79143338
19.52000 0.79136733
19.52500 0.79130129
19.53000 0.79123528
19.53500 0.79116929
19.54000 0.79110333
19.54500 0.79103738
19.55000 0.79097146
19.55500 0.79090556
19.56000 0.79083968
19.56500 0.79077382
19.57000 0.79070799
19.57500 0.79064217
19.58000 0.79057638
19.58500 0.79051061
19.59000 0.79044487
19.59500 0.79037914
19.60000 0.79031344
19.60500 0.79024776
19.61000 0.79018210
19.61500 0.79011646
19.62000 0.79005084
19.62500 0.78998525
19.63000 0.78991968
19.63500 0.78985413
19.64000 0.78978860
19.64500 0.78972309
19.65000 0.78965761
19.65500 0.78959214
19.66000 0.78952670
19.66500 0.78946128
19.67000 0.78939588
19.67500 0.78933051
19.68000 0.78926515
19.68500 0.78919982
19.69000 0.78913451
19.69500 0.78906922
19.70000 0.78900395
19.70500 0.78893870
19.71000 0.78887348
19.71500 0.78880827
19.72000 0.78874309
19.72500 0.78867793
19.73000 0.78861279
19.73500 0.78854768
19.74000 0.78848258
19.74500 0.78841751
19.75000 0.78835245
19.75500 0.78828742
19.76000 0.78822241
19.76500 0.78815743
19.77000 0.78809246
19.77500 0.78802751
19.78000 0.78796259
19.78500 0.78789769
19.79000 0.78783281
19.79500 0.78776795
19.80000 0.78770311
19.80500 0.78763829
19.81000 0.78757350
19.81500 0.78750873
19.82000 0.78744397
19.82500 0.78737924
19.83000 0.78731453
19.83500 0.78724984
19.84000 0.78718518
19.84500 0.78712053
19.85000 0.78705591
19.85500 0.78699130
19.86000 0.78692672
19.86500 0.78686216
19.87000 0.78679762
19.87500 0.78673310
19.88000 0.78666860
19.88500 0.78660413
19.89000 0.78653967
19.89500 0.78647524
19.90000 0.78641083
19.90500 0.78634643
19.91000 0.78628206
19.91500 0.78621771
19.92000 0.78615339
19.92500 0.78608908
19.93000 0.78602479
19.93500 0.78596053
19.94000 0.78589628
19.94500 0.78583206
19.95000 0.78576786
19.95500 0.78570368
19.96000 0.78563952
19.96500 0.78557538
19.97000 0.78551126
19.97500 0.78544717
19.98000 0.78538309
19.98500 0.78531903
19.99000 0.78525500
19.99500 0.78519099
20.00000 0.78512700
20.00500 0.78506302
20.01000 0.78499907
20.01500 0.78493514
20.02000 0.78487124
20.02500 0.78480735
20.03000 0.78474348
20.03500 0.78467963
20.04000 0.78461581
20.04500 0.78455200
20.05000 0.78448822
20.05500 0.78442446
20.06000 0.78436071
20.06500 0.78429699
20.07000 0.78423329
20.07500 0.78416961
20.08000 0.78410595
20.08500 0.78404231
20.09000 0.78397870
20.09500 0.78391510
20.10000 0.78385152
20.10500 0.78378797
20.11000 0.78372443
20.11500 0.78366092
20.12000 0.78359742
20.12500 0.78353395
20.13000 0.78347050
20.13500 0.78340706
20.14000 0.78334365
20.14500 0.78328026
20.15000 0.78321689
20.15500 0.78315354
20.16000 0.78309021
20.16500 0.78302690
20.17000 0.78296361
20.17500 0.78290035
20.18000 0.78283710
20.18500 0.78277387
20.19000 0.78271066
20.19500 0.78264748
20.20000 0.78258431
20.20500 0.78252117
20.21000 0.78245804
20.21500 0.78239494
20.22000 0.78233185
20.22500 0.78226879
20.23000 0.78220575
20.23500 0.78214272
20.24000 0.78207972
20.24500 0.78201674
20.25000 0.78195378
