0.25000 0.39256947
0.25500 0.39516247
0.26000 0.39770863
0.26500 0.40020976
0.27000 0.40266763
0.27500 0.40508392
0.28000 0.40746019
0.28500 0.40979795
0.29000 0.41209862
0.29500 0.41436355
0.30000 0.41659400
0.30500 0.41879119
0.31000 0.42095628
0.31500 0.42309036
0.32000 0.42519448
0.32500 0.42726962
0.33000 0.42931673
0.33500 0.43133672
0.34000 0.43333045
0.34500 0.43529873
0.35000 0.43724235
0.35500 0.43916206
0.36000 0.44105858
0.36500 0.44293259
0.37000 0.44478474
0.37500 0.44661566
0.38000 0.44842595
0.38500 0.45021620
0.39000 0.45198694
0.39500 0.45373872
0.40000 0.45547203
0.40500 0.45718737
0.41000 0.45888521
0.41500 0.46056599
0.42000 0.46223015
0.42500 0.46387810
0.43000 0.46551026
0.43500 0.46712699
0.44000 0.46872869
0.44500 0.47031569
0.45000 0.47188835
0.45500 0.47344701
0.46000 0.47499198
0.46500 0.47652357
0.47000 0.47804208
0.47500 0.47954781
0.48000 0.48104103
0.48500 0.48252200
0.49000 0.48399100
0.49500 0.48544828
0.50000 0.48689407
0.50500 0.48832862
0.51000 0.48975215
0.51500 0.49116488
0.52000 0.49256704
0.52500 0.49395882
0.53000 0.49534044
0.53500 0.49671208
0.54000 0.49807393
0.54500 0.49942619
0.55000 0.50076902
0.55500 0.50210261
0.56000 0.50342711
0.56500 0.50474270
0.57000 0.50604953
0.57500 0.50734775
0.58000 0.50863752
0.58500 0.50991899
0.59000 0.51119229
0.59500 0.51245757
0.60000 0.51371495
0.60500 0.51496457
0.61000 0.51620656
0.61500 0.51744104
0.62000 0.51866813
0.62500 0.51988795
0.63000 0.52110061
0.63500 0.52230623
0.64000 0.52350492
0.64500 0.52469678
0.65000 0.52588191
0.65500 0.52706042
0.66000 0.52823241
0.66500 0.52939797
0.67000 0.53055719
0.67500 0.53171018
0.68000 0.53285701
0.68500 0.53399778
0.69000 0.53513257
0.69500 0.53626147
0.70000 0.53738455
0.70500 0.53850191
0.71000 0.53961360
0.71500 0.54071973
0.72000 0.54182035
0.72500 0.54291554
0.73000 0.54400537
0.73500 0.54508991
0.74000 0.54616924
0.74500 0.54724342
0.75000 0.54831251
0.75500 0.54937658
0.76000 0.55043569
0.76500 0.55148990
0.77000 0.55253928
0.77500 0.55358388
0.78000 0.55462377
0.78500 0.55565899
0.79000 0.55668961
0.79500 0.55771568
0.80000 0.55873726
0.80500 0.55975438
0.81000 0.56076712
0.81500 0.56177552
0.82000 0.56277962
0.82500 0.56377948
0.83000 0.56477515
0.83500 0.56576667
0.84000 0.56675409
0.84500 0.56773745
0.85000 0.56871680
0.85500 0.56969218
0.86000 0.57066364
0.86500 0.57163122
0.87000 0.57259495
0.87500 0.57355488
0.88000 0.57451106
0.88500 0.57546351
0.89000 0.57641228
0.89500 0.57735740
0.90000 0.57829892
0.90500 0.57923687
0.91000 0.58017128
0.91500 0.58110219
0.92000 0.58202964
0.92500 0.58295367
0.93000 0.58387429
0.93500 0.58479155
0.94000 0.58570549
0.94500 0.58661612
0.95000 0.58752349
0.95500 0.58842763
0.96000 0.58932856
0.96500 0.59022632
0.97000 0.59112093
0.97500 0.59201243
0.98000 0.59290085
0.98500 0.59378620
0.99000 0.59466853
0.99500 0.59554785
1.00000 0.59642420
1.00500 0.59729761
1.01000 0.59816809
1.01500 0.59903567
1.02000 0.59990039
1.02500 0.60076226
1.03000 0.60162131
1.03500 0.60247756
1.04000 0.60333104
1.04500 0.60418178
1.05000 0.60502979
1.05500 0.60587510
1.06000 0.60671773
1.06500 0.60755771
1.07000 0.60839505
1.07500 0.60922979
1.08000 0.61006193
1.08500 0.61089150
1.09000 0.61171852
1.09500 0.61254302
1.10000 0.61336501
1.10500 0.61418452
1.11000 0.61500155
1.11500 0.61581615
1.12000 0.61662831
1.12500 0.61743806
1.13000 0.61824543
1.13500 0.61905042
1.14000 0.61985306
1.14500 0.62065337
1.15000 0.62145136
1.15500 0.62224705
1.16000 0.62304047
1.16500 0.62383161
1.17000 0.62462051
1.17500 0.62540718
1.18000 0.62619164
1.18500 0.62697390
1.19000 0.62775397
1.19500 0.62853189
1.20000 0.62930765
1.20500 0.63008128
1.21000 0.63085279
1.21500 0.63162220
1.22000 0.63238953
1.22500 0.63315478
1.23000 0.63391797
1.23500 0.63467912
1.24000 0.63543824
1.24500 0.63619534
1.25000 0.63695045
1.25500 0.63770356
1.26000 0.63845471
1.26500 0.63920389
1.27000 0.63995113
1.27500 0.64069644
1.28000 0.64143982
1.28500 0.64218130
1.29000 0.64292089
1.29500 0.64365859
1.30000 0.64439443
1.30500 0.64512841
1.31000 0.64586054
1.31500 0.64659085
1.32000 0.64731933
1.32500 0.64804601
1.33000 0.64877089
1.33500 0.64949398
1.34000 0.65021531
1.34500 0.65093487
1.35000 0.65165268
1.35500 0.65236875
1.36000 0.65308310
1.36500 0.65379572
1.37000 0.65450664
1.37500 0.65521587
1.38000 0.65592341
1.38500 0.65662927
1.39000 0.65733348
1.39500 0.65803602
1.40000 0.65873693
1.40500 0.65943620
1.41000 0.66013384
1.41500 0.66082987
1.42000 0.66152430
1.42500 0.66221713
1.43000 0.66290838
1.43500 0.66359805
1.44000 0.66428616
1.44500 0.66497271
1.45000 0.66565771
1.45500 0.66634117
1.46000 0.66702310
1.46500 0.66770352
1.47000 0.66838242
1.47500 0.66905982
1.48000 0.66973572
1.48500 0.67041014
1.49000 0.67108308
1.49500 0.67175455
1.50000 0.67242456
1.50500 0.67309312
1.51000 0.67376023
1.51500 0.67442591
1.52000 0.67509017
1.52500 0.67575300
1.53000 0.67641442
1.53500 0.67707443
1.54000 0.67773305
1.54500 0.67839028
1.55000 0.67904613
1.55500 0.67970061
1.56000 0.68035372
1.56500 0.68100547
1.57000 0.68165587
1.57500 0.68230492
1.58000 0.68295264
1.58500 0.68359903
1.59000 0.68424410
1.59500 0.68488785
1.60000 0.68553029
1.60500 0.68617143
1.61000 0.68681128
1.61500 0.68744984
1.62000 0.68808711
1.62500 0.68872312
1.63000 0.68935785
1.63500 0.68999132
1.64000 0.69062354
1.64500 0.69125451
1.65000 0.69188424
1.65500 0.69251273
1.66000 0.69313999
1.66500 0.69376603
1.67000 0.69439085
1.67500 0.69501447
1.68000 0.69563687
1.68500 0.69625808
1.69000 0.69687809
1.69500 0.69749692
1.70000 0.69811457
1.70500 0.69873104
1.71000 0.69934634
1.71500 0.69996048
1.72000 0.70057346
1.72500 0.70118529
1.73000 0.70179597
1.73500 0.70240552
1.74000 0.70301392
1.74500 0.70362120
1.75000 0.70422735
1.75500 0.70483238
1.76000 0.70543629
1.76500 0.70603910
1.77000 0.70664081
1.77500 0.70724142
1.78000 0.70784093
1.78500 0.70843936
1.79000 0.70903670
1.79500 0.70963297
1.80000 0.71022816
1.80500 0.71082228
1.81000 0.71141535
1.81500 0.71200735
1.82000 0.71259830
1.82500 0.71318821
1.83000 0.71377707
1.83500 0.71436489
1.84000 0.71495168
1.84500 0.71553744
1.85000 0.71612217
1.85500 0.71670589
1.86000 0.71728858
1.86500 0.71787027
1.87000 0.71845096
1.87500 0.71903064
1.88000 0.71960932
1.88500 0.72018701
1.89000 0.72076371
1.89500 0.72133943
1.90000 0.72191417
1.90500 0.72248793
1.91000 0.72306072
1.91500 0.72363255
1.92000 0.72420341
1.92500 0.72477331
1.93000 0.72534226
1.93500 0.72591026
1.94000 0.72647732
1.94500 0.72704343
1.95000 0.72760860
1.95500 0.72817284
1.96000 0.72873614
1.96500 0.72929853
1.97000 0.72985999
1.97500 0.73042053
1.98000 0.73098015
1.98500 0.73153887
1.99000 0.73209668
1.99500 0.73265358
2.00000 0.73320959
2.00500 0.73376470
2.01000 0.73431892
2.01500 0.73487225
2.02000 0.73542470
2.02500 0.73597626
2.03000 0.73652695
2.03500 0.73707677
2.04000 0.73762571
2.04500 0.73817379
2.05000 0.73872100
2.05500 0.73926736
2.06000 0.73981286
2.06500 0.74035750
2.07000 0.74090130
2.07500 0.74144425
2.08000 0.74198636
2.08500 0.74252763
2.09000 0.74306806
2.09500 0.74360766
2.10000 0.74414644
2.10500 0.74468438
2.11000 0.74522151
2.11500 0.74575781
2.12000 0.74629330
2.12500 0.74682797
2.13000 0.74736184
2.13500 0.74789489
2.14000 0.74842715
2.14500 0.74895860
2.15000 0.74948926
2.15500 0.75001912
2.16000 0.75054819
2.16500 0.75107648
2.17000 0.75160397
2.17500 0.75213069
2.18000 0.75265662
2.18500 0.75318178
2.19000 0.75370617
2.19500 0.75422979
2.20000 0.75475263
2.20500 0.75527472
2.21000 0.75579604
2.21500 0.75631660
2.22000 0.75683641
2.22500 0.75735546
2.23000 0.75787376
2.23500 0.75839132
2.24000 0.75890813
2.24500 0.75942420
2.25000 0.75993952
2.25500 0.76045412
2.26000 0.76096797
2.26500 0.76148110
2.27000 0.76199350
2.27500 0.76250517
2.28000 0.76301611
2.28500 0.76352634
2.29000 0.76403585
2.29500 0.76454464
2.30000 0.76505272
2.30500 0.76556009
2.31000 0.76606675
2.31500 0.76657271
2.32000 0.76707796
2.32500 0.76758251
2.33000 0.76808637
2.33500 0.76858953
2.34000 0.76909199
2.34500 0.76959377
2.35000 0.77009485
2.35500 0.77059525
2.36000 0.77109497
2.36500 0.77159401
2.37000 0.77209237
2.37500 0.77259005
2.38000 0.77308706
2.38500 0.77358339
2.39000 0.77407906
2.39500 0.77457406
2.40000 0.77506840
2.40500 0.77556207
2.41000 0.77605508
2.41500 0.77654744
2.42000 0.77703914
2.42500 0.77753018
2.43000 0.77802058
2.43500 0.77851032
2.44000 0.77899942
2.44500 0.77948788
2.45000 0.77997569
2.45500 0.78046286
2.46000 0.78094939
2.46500 0.78143529
2.47000 0.78192056
2.47500 0.78240519
2.48000 0.78288919
2.48500 0.78337257
2.49000 0.78385532
2.49500 0.78433744
2.50000 0.78481895
2.50500 0.78529983
2.51000 0.78578010
2.51500 0.78625975
2.52000 0.78673879
2.52500 0.78721722
2.53000 0.78769504
2.53500 0.78817225
2.54000 0.78864886
2.54500 0.78912486
2.55000 0.78960026
2.55500 0.79007506
2.56000 0.79054927
2.56500 0.79102287
2.57000 0.79149589
2.57500 0.79196831
2.58000 0.79244015
2.58500 0.79291139
2.59000 0.79338205
2.59500 0.79385212
2.60000 0.79432162
2.60500 0.79479053
2.61000 0.79525886
2.61500 0.79572662
2.62000 0.79619380
2.62500 0.79666040
2.63000 0.79712644
2.63500 0.79759190
2.64000 0.79805680
2.64500 0.79852113
2.65000 0.79898490
2.65500 0.79944810
2.66000 0.79991075
2.66500 0.80037283
2.67000 0.80083435
2.67500 0.80129532
2.68000 0.80175574
2.68500 0.80221560
2.69000 0.80267492
2.69500 0.80313368
2.70000 0.80359190
2.70500 0.80404957
2.71000 0.80450669
2.71500 0.80496328
2.72000 0.80541932
2.72500 0.80587482
2.73000 0.80632979
2.73500 0.80678422
2.74000 0.80723811
2.74500 0.80769148
2.75000 0.80814431
2.75500 0.80859661
2.76000 0.80904838
2.76500 0.80949963
2.77000 0.80995035
2.77500 0.81040055
2.78000 0.81085023
2.78500 0.81129939
2.79000 0.81174803
2.79500 0.81219615
2.80000 0.81264375
2.80500 0.81309085
2.81000 0.81353742
2.81500 0.81398349
2.82000 0.81442905
2.82500 0.81487410
2.83000 0.81531864
2.83500 0.81576268
2.84000 0.81620621
2.84500 0.81664925
2.85000 0.81709178
2.85500 0.81753381
2.86000 0.81797534
2.86500 0.81841638
2.87000 0.81885692
2.87500 0.81929696
2.88000 0.81973652
2.88500 0.82017558
2.89000 0.82061416
2.89500 0.82105224
2.90000 0.82148984
2.90500 0.82192696
2.91000 0.82236359
2.91500 0.82279974
2.92000 0.82323540
2.92500 0.82367059
2.93000 0.82410529
2.93500 0.82453952
2.94000 0.82497328
2.94500 0.82540656
2.95000 0.82583936
2.95500 0.82627170
2.96000 0.82670356
2.96500 0.82713495
2.97000 0.82756588
2.97500 0.82799634
2.98000 0.82842633
2.98500 0.82885586
2.99000 0.82928492
2.99500 0.82971353
3.00000 0.83014167
3.00500 0.83056935
3.01000 0.83099658
3.01500 0.83142335
3.02000 0.83184966
3.02500 0.83227552
3.03000 0.83270093
3.03500 0.83312588
3.04000 0.83355039
3.04500 0.83397444
3.05000 0.83439805
3.05500 0.83482121
3.06000 0.83524392
3.06500 0.83566619
3.07000 0.83608801
3.07500 0.83650940
3.08000 0.83693034
3.08500 0.83735084
3.09000 0.83777090
3.09500 0.83819053
3.10000 0.83860972
3.10500 0.83902847
3.11000 0.83944679
3.11500 0.83986468
3.12000 0.84028214
3.12500 0.84069916
3.13000 0.84111576
3.13500 0.84153192
3.14000 0.84194766
3.14500 0.84236297
3.15000 0.84277786
3.15500 0.84319233
3.16000 0.84360637
3.16500 0.84401999
3.17000 0.84443318
3.17500 0.84484596
3.18000 0.84525832
3.18500 0.84567027
3.19000 0.84608179
3.19500 0.84649290
3.20000 0.84690360
3.20500 0.84731388
3.21000 0.84772375
3.21500 0.84813321
3.22000 0.84854226
3.22500 0.84895090
3.23000 0.84935913
3.23500 0.84976696
3.24000 0.85017438
3.24500 0.85058139
3.25000 0.85098800
3.25500 0.85139421
3.26000 0.85180002
3.26500 0.85220542
3.27000 0.85261043
3.27500 0.85301503
3.28000 0.85341924
3.28500 0.85382305
3.29000 0.85422647
3.29500 0.85462949
3.30000 0.85503211
3.30500 0.85543435
3.31000 0.85583619
3.31500 0.85623764
3.32000 0.85663870
3.32500 0.85703937
3.33000 0.85743965
3.33500 0.85783955
3.34000 0.85823906
3.34500 0.85863818
3.35000 0.85903692
3.35500 0.85943528
3.36000 0.85983325
3.36500 0.86023084
3.37000 0.86062805
3.37500 0.86102489
3.38000 0.86142134
3.38500 0.86181741
3.39000 0.86221311
3.39500 0.86260843
3.40000 0.86300338
3.40500 0.86339795
3.41000 0.86379215
3.41500 0.86418598
3.42000 0.86457943
3.42500 0.86497251
3.43000 0.86536523
3.43500 0.86575757
3.44000 0.86614955
3.44500 0.86654116
3.45000 0.86693240
3.45500 0.86732328
3.46000 0.86771379
3.46500 0.86810394
3.47000 0.86849373
3.47500 0.86888315
3.48000 0.86927222
3.48500 0.86966092
3.49000 0.87004926
3.49500 0.87043725
3.50000 0.87082487
3.50500 0.87121214
3.51000 0.87159906
3.51500 0.87198561
3.52000 0.87237182
3.52500 0.87275767
3.53000 0.87314316
3.53500 0.87352831
3.54000 0.87391310
3.54500 0.87429755
3.55000 0.87468164
3.55500 0.87506538
3.56000 0.87544878
3.56500 0.87583183
3.57000 0.87621453
3.57500 0.87659689
3.58000 0.87697890
3.58500 0.87736057
3.59000 0.87774190
3.59500 0.87812288
3.60000 0.87850352
3.60500 0.87888382
3.61000 0.87926378
3.61500 0.87964340
3.62000 0.88002268
3.62500 0.88040162
3.63000 0.88078023
3.63500 0.88115850
3.64000 0.88153643
3.64500 0.88191403
3.65000 0.88229130
3.65500 0.88266823
3.66000 0.88304483
3.66500 0.88342109
3.67000 0.88379703
3.67500 0.88417264
3.68000 0.88454791
3.68500 0.88492286
3.69000 0.88529748
3.69500 0.88567177
3.70000 0.88604573
3.70500 0.88641937
3.71000 0.88679268
3.71500 0.88716567
3.72000 0.88753834
3.72500 0.88791068
3.73000 0.88828269
3.73500 0.88865439
3.74000 0.88902577
3.74500 0.88939682
3.75000 0.88976756
3.75500 0.89013797
3.76000 0.89050807
3.76500 0.89087785
3.77000 0.89124731
3.77500 0.89161646
3.78000 0.89198529
3.78500 0.89235381
3.79000 0.89272201
3.79500 0.89308990
3.80000 0.89345747
3.80500 0.89382474
3.81000 0.89419169
3.81500 0.89455833
3.82000 0.89492466
3.82500 0.89529068
3.83000 0.89565639
3.83500 0.89602180
3.84000 0.89638689
3.84500 0.89675168
3.85000 0.89711617
3.85500 0.89748035
3.86000 0.89784422
3.86500 0.89820779
3.87000 0.89857105
3.87500 0.89893401
3.88000 0.89929667
3.88500 0.89965903
3.89000 0.90002108
3.89500 0.90038284
3.90000 0.90074429
3.90500 0.90110545
3.91000 0.90146631
3.91500 0.90182687
3.92000 0.90218713
3.92500 0.90254709
3.93000 0.90290676
3.93500 0.90326614
3.94000 0.90362521
3.94500 0.90398400
3.95000 0.90434249
3.95500 0.90470069
3.96000 0.90505859
3.96500 0.90541620
3.97000 0.90577352
3.97500 0.90613056
3.98000 0.90648730
3.98500 0.90684375
3.99000 0.90719991
3.99500 0.90755578
4.00000 0.90791137
4.00500 0.90826667
4.01000 0.90862168
4.01500 0.90897640
4.02000 0.90933084
4.02500 0.90968500
4.03000 0.91003887
4.03500 0.91039246
4.04000 0.91074576
4.04500 0.91109878
4.05000 0.91145152
4.05500 0.91180398
4.06000 0.91215616
4.06500 0.91250806
4.07000 0.91285967
4.07500 0.91321101
4.08000 0.91356207
4.08500 0.91391285
4.09000 0.91426335
4.09500 0.91461358
4.10000 0.91496353
4.10500 0.91531321
4.11000 0.91566260
4.11500 0.91601173
4.12000 0.91636058
4.12500 0.91670915
4.13000 0.91705746
4.13500 0.91740549
4.14000 0.91775325
4.14500 0.91810073
4.15000 0.91844795
4.15500 0.91879489
4.16000 0.91914157
4.16500 0.91948797
4.17000 0.91983411
4.17500 0.92017998
4.18000 0.92052558
4.18500 0.92087091
4.19000 0.92121598
4.19500 0.92156078
4.20000 0.92190531
4.20500 0.92224958
4.21000 0.92259358
4.21500 0.92293732
4.22000 0.92328080
4.22500 0.92362401
4.23000 0.92396696
4.23500 0.92430965
4.24000 0.92465208
4.24500 0.92499424
4.25000 0.92533615
4.25500 0.92567779
4.26000 0.92601917
4.26500 0.92636030
4.27000 0.92670116
4.27500 0.92704177
4.28000 0.92738212
4.28500 0.92772222
4.29000 0.92806205
4.29500 0.92840163
4.30000 0.92874095
4.30500 0.92908002
4.31000 0.92941884
4.31500 0.92975740
4.32000 0.93009570
4.32500 0.93043375
4.33000 0.93077155
4.33500 0.93110910
4.34000 0.93144639
4.34500 0.93178344
4.35000 0.93212023
4.35500 0.93245677
4.36000 0.93279306
4.36500 0.93312910
4.37000 0.93346490
4.37500 0.93380044
4.38000 0.93413574
4.38500 0.93447078
4.39000 0.93480558
4.39500 0.93514014
4.40000 0.93547444
4.40500 0.93580851
4.41000 0.93614232
4.41500 0.93647589
4.42000 0.93680922
4.42500 0.93714230
4.43000 0.93747514
4.43500 0.93780773
4.44000 0.93814009
4.44500 0.93847220
4.45000 0.93880406
4.45500 0.93913569
4.46000 0.93946707
4.46500 0.93979822
4.47000 0.94012912
4.47500 0.94045979
4.48000 0.94079021
4.48500 0.94112040
4.49000 0.94145035
4.49500 0.94178006
4.50000 0.94210953
4.50500 0.94243877
4.51000 0.94276776
4.51500 0.94309653
4.52000 0.94342505
4.52500 0.94375334
4.53000 0.94408140
4.53500 0.94440922
4.54000 0.94473681
4.54500 0.94506416
4.55000 0.94539128
4.55500 0.94571817
4.56000 0.94604483
4.56500 0.94637125
4.57000 0.94669744
4.57500 0.94702340
4.58000 0.94734913
4.58500 0.94767463
4.59000 0.94799989
4.59500 0.94832493
4.60000 0.94864974
4.60500 0.94897432
4.61000 0.94929868
4.61500 0.94962280
4.62000 0.94994670
4.62500 0.95027037
4.63000 0.95059381
4.63500 0.95091702
4.64000 0.95124001
4.64500 0.95156278
4.65000 0.95188532
4.65500 0.95220763
4.66000 0.95252972
4.66500 0.95285159
4.67000 0.95317323
4.67500 0.95349465
4.68000 0.95381584
4.68500 0.95413682
4.69000 0.95445757
4.69500 0.95477810
4.70000 0.95509841
4.70500 0.95541850
4.71000 0.95573836
4.71500 0.95605801
4.72000 0.95637744
4.72500 0.95669664
4.73000 0.95701563
4.73500 0.95733440
4.74000 0.95765295
4.74500 0.95797128
4.75000 0.95828940
4.75500 0.95860730
4.76000 0.95892498
4.76500 0.95924245
4.77000 0.95955969
4.77500 0.95987673
4.78000 0.96019355
4.78500 0.96051015
4.79000 0.96082654
4.79500 0.96114271
4.80000 0.96145867
4.80500 0.96177442
4.81000 0.96208995
4.81500 0.96240527
4.82000 0.96272038
4.82500 0.96303528
4.83000 0.96334996
4.83500 0.96366443
4.84000 0.96397869
4.84500 0.96429275
4.85000 0.96460659
4.85500 0.96492022
4.86000 0.96523364
4.86500 0.96554685
4.87000 0.96585985
4.87500 0.96617265
4.88000 0.96648523
4.88500 0.96679761
4.89000 0.96710978
4.89500 0.96742175
4.90000 0.96773350
4.90500 0.96804505
4.91000 0.96835640
4.91500 0.96866754
4.92000 0.96897847
4.92500 0.96928920
4.93000 0.96959972
4.93500 0.96991004
4.94000 0.97022015
4.94500 0.97053006
4.95000 0.97083977
4.95500 0.97114927
4.96000 0.97145857
4.96500 0.97176767
4.97000 0.97207657
4.97500 0.97238526
4.98000 0.97269375
4.98500 0.97300205
4.99000 0.97331014
4.99500 0.97361803
5.00000 0.97392572
5.00500 0.97423321
5.01000 0.97454050
5.01500 0.97484759
5.02000 0.97515448
5.02500 0.97546118
5.03000 0.97576767
5.03500 0.97607397
5.04000 0.97638007
5.04500 0.97668597
5.05000 0.97699168
5.05500 0.97729719
5.06000 0.97760250
5.06500 0.97790762
5.07000 0.97821254
5.07500 0.97851727
5.08000 0.97882180
5.08500 0.97912613
5.09000 0.97943028
5.09500 0.97973422
5.10000 0.98003798
5.10500 0.98034154
5.11000 0.98064490
5.11500 0.98094808
5.12000 0.98125106
5.12500 0.98155385
5.13000 0.98185645
5.13500 0.98215885
5.14000 0.98246107
5.14500 0.98276309
5.15000 0.98306492
5.15500 0.98336656
5.16000 0.98366801
5.16500 0.98396928
5.17000 0.98427035
5.17500 0.98457123
5.18000 0.98487192
5.18500 0.98517243
5.19000 0.98547275
5.19500 0.98577287
5.20000 0.98607281
5.20500 0.98637257
5.21000 0.98667213
5.21500 0.98697151
5.22000 0.98727070
5.22500 0.98756971
5.23000 0.98786853
5.23500 0.98816716
5.24000 0.98846561
5.24500 0.98876388
5.25000 0.98906195
5.25500 0.98935985
5.26000 0.98965756
5.26500 0.98995508
5.27000 0.99025242
5.27500 0.99054958
5.28000 0.99084656
5.28500 0.99114335
5.29000 0.99143996
5.29500 0.99173638
5.30000 0.99203263
5.30500 0.99232869
5.31000 0.99262457
5.31500 0.99292027
5.32000 0.99321579
5.32500 0.99351113
5.33000 0.99380629
5.33500 0.99410127
5.34000 0.99439606
5.34500 0.99469068
5.35000 0.99498512
5.35500 0.99527938
5.36000 0.99557346
5.36500 0.99586736
5.37000 0.99616109
5.37500 0.99645463
5.38000 0.99674800
5.38500 0.99704119
5.39000 0.99733421
5.39500 0.99762704
5.40000 0.99791970
5.40500 0.99821219
5.41000 0.99850450
5.41500 0.99879663
5.42000 0.99908858
5.42500 0.99938036
5.43000 0.99967197
5.43500 0.99996340
5.44000 1.00025466
5.44500 1.00054574
5.45000 1.00083665
5.45500 1.00112738
5.46000 1.00141794
5.46500 1.00170833
5.47000 1.00199854
5.47500 1.00228859
5.48000 1.00257846
5.48500 1.00286815
5.49000 1.00315768
5.49500 1.00344703
5.50000 1.00373621
5.50500 1.00402522
5.51000 1.00431406
5.51500 1.00460273
5.52000 1.00489123
5.52500 1.00517956
5.53000 1.00546772
5.53500 1.00575570
5.54000 1.00604352
5.54500 1.00633117
5.55000 1.00661865
5.55500 1.00690597
5.56000 1.00719311
5.56500 1.00748009
5.57000 1.00776689
5.57500 1.00805353
5.58000 1.00834000
5.58500 1.00862631
5.59000 1.00891245
5.59500 1.00919842
5.60000 1.00948422
5.60500 1.00976986
5.61000 1.01005533
5.61500 1.01034064
5.62000 1.01062578
5.62500 1.01091076
5.63000 1.01119557
5.63500 1.01148021
5.64000 1.01176469
5.64500 1.01204901
5.65000 1.01233316
5.65500 1.01261715
5.66000 1.01290097
5.66500 1.01318464
5.67000 1.01346813
5.67500 1.01375147
5.68000 1.01403464
5.68500 1.01431765
5.69000 1.01460050
5.69500 1.01488318
5.70000 1.01516571
5.70500 1.01544807
5.71000 1.01573027
5.71500 1.01601231
5.72000 1.01629419
5.72500 1.01657591
5.73000 1.01685747
5.73500 1.01713886
5.74000 1.01742010
5.74500 1.01770118
5.75000 1.01798210
5.75500 1.01826285
5.76000 1.01854345
5.76500 1.01882390
5.77000 1.01910418
5.77500 1.01938430
5.78000 1.01966427
5.78500 1.01994407
5.79000 1.02022372
5.79500 1.02050322
5.80000 1.02078255
5.80500 1.02106173
5.81000 1.02134075
5.81500 1.02161961
5.82000 1.02189832
5.82500 1.02217687
5.83000 1.02245527
5.83500 1.02273351
5.84000 1.02301159
5.84500 1.02328952
5.85000 1.02356730
5.85500 1.02384492
5.86000 1.02412238
5.86500 1.02439969
5.87000 1.02467684
5.87500 1.02495385
5.88000 1.02523069
5.88500 1.02550739
5.89000 1.02578393
5.89500 1.02606032
5.90000 1.02633655
5.90500 1.02661263
5.91000 1.02688856
5.91500 1.02716434
5.92000 1.02743996
5.92500 1.02771543
5.93000 1.02799075
5.93500 1.02826592
5.94000 1.02854094
5.94500 1.02881581
5.95000 1.02909052
5.95500 1.02936509
5.96000 1.02963950
5.96500 1.02991376
5.97000 1.03018788
5.97500 1.03046184
5.98000 1.03073566
5.98500 1.03100932
5.99000 1.03128284
5.99500 1.03155620
6.00000 1.03182942
6.00500 1.03210249
6.01000 1.03237541
6.01500 1.03264818
6.02000 1.03292081
6.02500 1.03319328
6.03000 1.03346561
6.03500 1.03373779
6.04000 1.03400983
6.04500 1.03428171
6.05000 1.03455345
6.05500 1.03482504
6.06000 1.03509649
6.06500 1.03536779
6.07000 1.03563894
6.07500 1.03590995
6.08000 1.03618082
6.08500 1.03645153
6.09000 1.03672210
6.09500 1.03699253
6.10000 1.03726281
6.10500 1.03753295
6.11000 1.03780294
6.11500 1.03807279
6.12000 1.03834249
6.12500 1.03861205
6.13000 1.03888147
6.13500 1.03915074
6.14000 1.03941987
6.14500 1.03968885
6.15000 1.03995769
6.15500 1.04022639
6.16000 1.04049495
6.16500 1.04076336
6.17000 1.04103164
6.17500 1.04129977
6.18000 1.04156775
6.18500 1.04183560
6.19000 1.04210331
6.19500 1.04237087
6.20000 1.04263829
6.20500 1.04290557
6.21000 1.04317271
6.21500 1.04343971
6.22000 1.04370657
6.22500 1.04397329
6.23000 1.04423987
6.23500 1.04450631
6.24000 1.04477261
6.24500 1.04503877
6.25000 1.04530479
6.25500 1.04557067
6.26000 1.04583641
6.26500 1.04610202
6.27000 1.04636748
6.27500 1.04663281
6.28000 1.04689800
6.28500 1.04716305
6.29000 1.04742796
6.29500 1.04769273
6.30000 1.04795737
6.30500 1.04822187
6.31000 1.04848623
6.31500 1.04875046
6.32000 1.04901455
6.32500 1.04927850
6.33000 1.04954231
6.33500 1.04980599
6.34000 1.05006954
6.34500 1.05033294
6.35000 1.05059621
6.35500 1.05085935
6.36000 1.05112235
6.36500 1.05138522
6.37000 1.05164794
6.37500 1.05191054
6.38000 1.05217300
6.38500 1.05243533
6.39000 1.05269752
6.39500 1.05295957
6.40000 1.05322150
6.40500 1.05348328
6.41000 1.05374494
6.41500 1.05400646
6.42000 1.05426785
6.42500 1.05452910
6.43000 1.05479023
6.43500 1.05505121
6.44000 1.05531207
6.44500 1.05557279
6.45000 1.05583338
6.45500 1.05609384
6.46000 1.05635417
6.46500 1.05661437
6.47000 1.05687443
6.47500 1.05713436
6.48000 1.05739416
6.48500 1.05765383
6.49000 1.05791337
6.49500 1.05817277
6.50000 1.05843205
6.50500 1.05869120
6.51000 1.05895021
6.51500 1.05920910
6.52000 1.05946785
6.52500 1.05972648
6.53000 1.05998497
6.53500 1.06024334
6.54000 1.06050157
6.54500 1.06075968
6.55000 1.06101766
6.55500 1.06127551
6.56000 1.06153323
6.56500 1.06179082
6.57000 1.06204828
6.57500 1.06230562
6.58000 1.06256282
6.58500 1.06281990
6.59000 1.06307685
6.59500 1.06333367
6.60000 1.06359037
6.60500 1.06384694
6.61000 1.06410338
6.61500 1.06435969
6.62000 1.06461588
6.62500 1.06487194
6.63000 1.06512787
6.63500 1.06538368
6.64000 1.06563936
6.64500 1.06589491
6.65000 1.06615034
6.65500 1.06640564
6.66000 1.06666082
6.66500 1.06691587
6.67000 1.06717080
6.67500 1.06742560
6.68000 1.06768027
6.68500 1.06793483
6.69000 1.06818925
6.69500 1.06844355
6.70000 1.06869773
6.70500 1.06895178
6.71000 1.06920571
6.71500 1.06945951
6.72000 1.06971320
6.72500 1.06996675
6.73000 1.07022019
6.73500 1.07047350
6.74000 1.07072668
6.74500 1.07097975
6.75000 1.07123269
6.75500 1.07148550
6.76000 1.07173820
6.76500 1.07199077
6.77000 1.07224322
6.77500 1.07249555
6.78000 1.07274776
6.78500 1.07299984
6.79000 1.07325180
6.79500 1.07350364
6.80000 1.07375536
6.80500 1.07400696
6.81000 1.07425844
6.81500 1.07450979
6.82000 1.07476103
6.82500 1.07501214
6.83000 1.07526313
6.83500 1.07551400
6.84000 1.07576476
6.84500 1.07601539
6.85000 1.07626590
6.85500 1.07651629
6.86000 1.07676657
6.86500 1.07701672
6.87000 1.07726675
6.87500 1.07751666
6.88000 1.07776646
6.88500 1.07801614
6.89000 1.07826569
6.89500 1.07851513
6.90000 1.07876445
6.90500 1.07901365
6.91000 1.07926273
6.91500 1.07951170
6.92000 1.07976054
6.92500 1.08000927
6.93000 1.08025788
6.93500 1.08050637
6.94000 1.08075475
6.94500 1.08100300
6.95000 1.08125115
6.95500 1.08149917
6.96000 1.08174707
6.96500 1.08199486
6.97000 1.08224254
6.97500 1.08249009
6.98000 1.08273753
6.98500 1.08298486
6.99000 1.08323206
6.99500 1.08347915
7.00000 1.08372613
7.00500 1.08397299
7.01000 1.08421973
7.01500 1.08446636
7.02000 1.08471287
7.02500 1.08495927
7.03000 1.08520555
7.03500 1.08545172
7.04000 1.08569777
7.04500 1.08594371
7.05000 1.08618954
7.05500 1.08643525
7.06000 1.08668084
7.06500 1.08692632
7.07000 1.08717169
7.07500 1.08741694
7.08000 1.08766208
7.08500 1.08790710
7.09000 1.08815202
7.09500 1.08839681
7.10000 1.08864150
7.10500 1.08888607
7.11000 1.08913053
7.11500 1.08937488
7.12000 1.08961911
7.12500 1.08986323
7.13000 1.09010724
7.13500 1.09035114
7.14000 1.09059492
7.14500 1.09083859
7.15000 1.09108215
7.15500 1.09132560
7.16000 1.09156893
7.16500 1.09181216
7.17000 1.09205527
7.17500 1.09229827
7.18000 1.09254116
7.18500 1.09278394
7.19000 1.09302661
7.19500 1.09326917
7.20000 1.09351162
7.20500 1.09375395
7.21000 1.09399618
7.21500 1.09423830
7.22000 1.09448030
7.22500 1.09472220
7.23000 1.09496398
7.23500 1.09520566
7.24000 1.09544722
7.24500 1.09568868
7.25000 1.09593003
7.25500 1.09617126
7.26000 1.09641239
7.26500 1.09665341
7.27000 1.09689432
7.27500 1.09713512
7.28000 1.09737582
7.28500 1.09761640
7.29000 1.09785688
7.29500 1.09809724
7.30000 1.09833750
7.30500 1.09857765
7.31000 1.09881769
7.31500 1.09905763
7.32000 1.09929746
7.32500 1.09953718
7.33000 1.09977679
7.33500 1.10001629
7.34000 1.10025569
7.34500 1.10049498
7.35000 1.10073416
7.35500 1.10097324
7.36000 1.10121221
7.36500 1.10145107
7.37000 1.10168983
7.37500 1.10192848
7.38000 1.10216702
7.38500 1.10240546
7.39000 1.10264379
7.39500 1.10288201
7.40000 1.10312013
7.40500 1.10335815
7.41000 1.10359606
7.41500 1.10383386
7.42000 1.10407155
7.42500 1.10430915
7.43000 1.10454663
7.43500 1.10478401
7.44000 1.10502129
7.44500 1.10525846
7.45000 1.10549553
7.45500 1.10573249
7.46000 1.10596935
7.46500 1.10620610
7.47000 1.10644275
7.47500 1.10667930
7.48000 1.10691574
7.48500 1.10715208
7.49000 1.10738831
7.49500 1.10762444
7.50000 1.10786046
7.50500 1.10809639
7.51000 1.10833221
7.51500 1.10856792
7.52000 1.10880354
7.52500 1.10903905
7.53000 1.10927445
7.53500 1.10950976
7.54000 1.10974496
7.54500 1.10998006
7.55000 1.11021505
7.55500 1.11044995
7.56000 1.11068474
7.56500 1.11091943
7.57000 1.11115402
7.57500 1.11138850
7.58000 1.11162289
7.58500 1.11185717
7.59000 1.11209135
7.59500 1.11232543
7.60000 1.11255941
7.60500 1.11279329
7.61000 1.11302706
7.61500 1.11326074
7.62000 1.11349431
7.62500 1.11372778
7.63000 1.11396115
7.63500 1.11419443
7.64000 1.11442760
7.64500 1.11466067
7.65000 1.11489364
7.65500 1.11512651
7.66000 1.11535928
7.66500 1.11559195
7.67000 1.11582452
7.67500 1.11605699
7.68000 1.11628936
7.68500 1.11652163
7.69000 1.11675381
7.69500 1.11698588
7.70000 1.11721785
7.70500 1.11744973
7.71000 1.11768150
7.71500 1.11791318
7.72000 1.11814476
7.72500 1.11837624
7.73000 1.11860762
7.73500 1.11883890
7.74000 1.11907008
7.74500 1.11930117
7.75000 1.11953215
7.75500 1.11976304
7.76000 1.11999383
7.76500 1.12022453
7.77000 1.12045512
7.77500 1.12068562
7.78000 1.12091602
7.78500 1.12114633
7.79000 1.12137653
7.79500 1.12160664
7.80000 1.12183665
7.80500 1.12206656
7.81000 1.12229638
7.81500 1.12252610
7.82000 1.12275573
7.82500 1.12298525
7.83000 1.12321468
7.83500 1.12344402
7.84000 1.12367326
7.84500 1.12390240
7.85000 1.12413144
7.85500 1.12436039
7.86000 1.12458925
7.86500 1.12481800
7.87000 1.12504666
7.87500 1.12527523
7.88000 1.12550370
7.88500 1.12573208
7.89000 1.12596036
7.89500 1.12618854
7.90000 1.12641663
7.90500 1.12664463
7.91000 1.12687253
7.91500 1.12710033
7.92000 1.12732804
7.92500 1.12755566
7.93000 1.12778318
7.93500 1.12801060
7.94000 1.12823793
7.94500 1.12846517
7.95000 1.12869232
7.95500 1.12891937
7.96000 1.12914632
7.96500 1.12937318
7.97000 1.12959995
7.97500 1.12982663
7.98000 1.13005321
7.98500 1.13027969
7.99000 1.13050609
7.99500 1.13073239
8.00000 1.13095860
8.00500 1.13118471
8.01000 1.13141073
8.01500 1.13163666
8.02000 1.13186249
8.02500 1.13208824
8.03000 1.13231389
8.03500 1.13253945
8.04000 1.13276491
8.04500 1.13299028
8.05000 1.13321556
8.05500 1.13344075
8.06000 1.13366585
8.06500 1.13389085
8.07000 1.13411577
8.07500 1.13434059
8.08000 1.13456532
8.08500 1.13478995
8.09000 1.13501450
8.09500 1.13523895
8.10000 1.13546332
8.10500 1.13568759
8.11000 1.13591177
8.11500 1.13613586
8.12000 1.13635986
8.12500 1.13658377
8.13000 1.13680758
8.13500 1.13703131
8.14000 1.13725495
8.14500 1.13747849
8.15000 1.13770195
8.15500 1.13792531
8.16000 1.13814859
8.16500 1.13837177
8.17000 1.13859487
8.17500 1.13881787
8.18000 1.13904079
8.18500 1.13926361
8.19000 1.13948635
8.19500 1.13970899
8.20000 1.13993155
8.20500 1.14015401
8.21000 1.14037639
8.21500 1.14059868
8.22000 1.14082088
8.22500 1.14104299
8.23000 1.14126501
8.23500 1.14148694
8.24000 1.14170879
8.24500 1.14193054
8.25000 1.14215221
8.25500 1.14237378
8.26000 1.14259527
8.26500 1.14281667
8.27000 1.14303799
8.27500 1.14325921
8.28000 1.14348035
8.28500 1.14370140
8.29000 1.14392236
8.29500 1.14414323
8.30000 1.14436401
8.30500 1.14458471
8.31000 1.14480532
8.31500 1.14502584
8.32000 1.14524628
8.32500 1.14546662
8.33000 1.14568688
8.33500 1.14590706
8.34000 1.14612714
8.34500 1.14634714
8.35000 1.14656706
8.35500 1.14678688
8.36000 1.14700662
8.36500 1.14722627
8.37000 1.14744584
8.37500 1.14766532
8.38000 1.14788471
8.38500 1.14810402
8.39000 1.14832324
8.39500 1.14854237
8.40000 1.14876142
8.40500 1.14898038
8.41000 1.14919926
8.41500 1.14941805
8.42000 1.14963675
8.42500 1.14985537
8.43000 1.15007391
8.43500 1.15029236
8.44000 1.15051072
8.44500 1.15072900
8.45000 1.15094719
8.45500 1.15116530
8.46000 1.15138332
8.46500 1.15160126
8.47000 1.15181911
8.47500 1.15203688
8.48000 1.15225456
8.48500 1.15247216
8.49000 1.15268967
8.49500 1.15290710
8.50000 1.15312445
8.50500 1.15334171
8.51000 1.15355889
8.51500 1.15377598
8.52000 1.15399299
8.52500 1.15420991
8.53000 1.15442675
8.53500 1.15464351
8.54000 1.15486018
8.54500 1.15507677
8.55000 1.15529328
8.55500 1.15550970
8.56000 1.15572604
8.56500 1.15594230
8.57000 1.15615847
8.57500 1.15637456
8.58000 1.15659057
8.58500 1.15680649
8.59000 1.15702233
8.59500 1.15723809
8.60000 1.15745376
8.60500 1.15766935
8.61000 1.15788486
8.61500 1.15810029
8.62000 1.15831564
8.62500 1.15853090
8.63000 1.15874608
8.63500 1.15896118
8.64000 1.15917619
8.64500 1.15939113
8.65000 1.15960598
8.65500 1.15982075
8.66000 1.16003544
8.66500 1.16025004
8.67000 1.16046457
8.67500 1.16067901
8.68000 1.16089337
8.68500 1.16110765
8.69000 1.16132185
8.69500 1.16153597
8.70000 1.16175000
8.70500 1.16196396
8.71000 1.16217783
8.71500 1.16239163
8.72000 1.16260534
8.72500 1.16281897
8.73000 1.16303252
8.73500 1.16324599
8.74000 1.16345938
8.74500 1.16367269
8.75000 1.16388592
8.75500 1.16409907
8.76000 1.16431214
8.76500 1.16452512
8.77000 1.16473803
8.77500 1.16495086
8.78000 1.16516361
8.78500 1.16537627
8.79000 1.16558886
8.79500 1.16580137
8.80000 1.16601380
8.80500 1.16622615
8.81000 1.16643842
8.81500 1.16665061
8.82000 1.16686272
8.82500 1.16707475
8.83000 1.16728670
8.83500 1.16749857
8.84000 1.16771037
8.84500 1.16792208
8.85000 1.16813372
8.85500 1.16834527
8.86000 1.16855675
8.86500 1.16876815
8.87000 1.16897947
8.87500 1.16919072
8.88000 1.16940188
8.88500 1.16961296
8.89000 1.16982397
8.89500 1.17003490
8.90000 1.17024575
8.90500 1.17045652
8.91000 1.17066722
8.91500 1.17087783
8.92000 1.17108837
8.92500 1.17129883
8.93000 1.17150922
8.93500 1.17171952
8.94000 1.17192975
8.94500 1.17213990
8.95000 1.17234997
8.95500 1.17255997
8.96000 1.17276988
8.96500 1.17297972
8.97000 1.17318949
8.97500 1.17339917
8.98000 1.17360878
8.98500 1.17381831
8.99000 1.17402777
8.99500 1.17423715
9.00000 1.17444645
9.00500 1.17465567
9.01000 1.17486482
9.01500 1.17507389
9.02000 1.17528289
9.02500 1.17549181
9.03000 1.17570065
9.03500 1.17590941
9.04000 1.17611810
9.04500 1.17632672
9.05000 1.17653526
9.05500 1.17674372
9.06000 1.17695210
9.06500 1.17716041
9.07000 1.17736865
9.07500 1.17757681
9.08000 1.17778489
9.08500 1.17799289
9.09000 1.17820083
9.09500 1.17840868
9.10000 1.17861646
9.10500 1.17882417
9.11000 1.17903180
9.11500 1.17923935
9.12000 1.17944683
9.12500 1.17965424
9.13000 1.17986157
9.13500 1.18006882
9.14000 1.18027600
9.14500 1.18048311
9.15000 1.18069014
9.15500 1.18089709
9.16000 1.18110398
9.16500 1.18131078
9.17000 1.18151752
9.17500 1.18172417
9.18000 1.18193076
9.18500 1.18213727
9.19000 1.18234370
9.19500 1.18255006
9.20000 1.18275635
9.20500 1.18296256
9.21000 1.18316870
9.21500 1.18337477
9.22000 1.18358076
9.22500 1.18378668
9.23000 1.18399252
9.23500 1.18419829
9.24000 1.18440399
9.24500 1.18460961
9.25000 1.18481517
9.25500 1.18502064
9.26000 1.18522605
9.26500 1.18543138
9.27000 1.18563663
9.27500 1.18584182
9.28000 1.18604693
9.28500 1.18625197
9.29000 1.18645694
9.29500 1.18666183
9.30000 1.18686665
9.30500 1.18707140
9.31000 1.18727607
9.31500 1.18748068
9.32000 1.18768521
9.32500 1.18788966
9.33000 1.18809405
9.33500 1.18829836
9.34000 1.18850260
9.34500 1.18870677
9.35000 1.18891087
9.35500 1.18911489
9.36000 1.18931885
9.36500 1.18952273
9.37000 1.18972654
9.37500 1.18993027
9.38000 1.19013394
9.38500 1.19033753
9.39000 1.19054106
9.39500 1.19074451
9.40000 1.19094789
9.40500 1.19115119
9.41000 1.19135443
9.41500 1.19155760
9.42000 1.19176069
9.42500 1.19196371
9.43000 1.19216667
9.43500 1.19236955
9.44000 1.19257236
9.44500 1.19277510
9.45000 1.19297777
9.45500 1.19318036
9.46000 1.19338289
9.46500 1.19358535
9.47000 1.19378773
9.47500 1.19399005
9.48000 1.19419229
9.48500 1.19439447
9.49000 1.19459657
9.49500 1.19479861
9.50000 1.19500057
9.50500 1.19520246
9.51000 1.19540429
9.51500 1.19560604
9.52000 1.19580773
9.52500 1.19600934
9.53000 1.19621088
9.53500 1.19641236
9.54000 1.19661376
9.54500 1.19681510
9.55000 1.19701636
9.55500 1.19721756
9.56000 1.19741868
9.56500 1.19761974
9.57000 1.19782073
9.57500 1.19802165
9.58000 1.19822250
9.58500 1.19842328
9.59000 1.19862399
9.59500 1.19882463
9.60000 1.19902520
9.60500 1.19922570
9.61000 1.19942614
9.61500 1.19962650
9.62000 1.19982680
9.62500 1.20002703
9.63000 1.20022719
9.63500 1.20042728
9.64000 1.20062730
9.64500 1.20082726
9.65000 1.20102715
9.65500 1.20122696
9.66000 1.20142671
9.66500 1.20162639
9.67000 1.20182601
9.67500 1.20202555
9.68000 1.20222503
9.68500 1.20242444
9.69000 1.20262378
9.69500 1.20282305
9.70000 1.20302226
9.70500 1.20322139
9.71000 1.20342046
9.71500 1.20361947
9.72000 1.20381840
9.72500 1.20401727
9.73000 1.20421607
9.73500 1.20441480
9.74000 1.20461347
9.74500 1.20481206
9.75000 1.20501059
9.75500 1.20520906
9.76000 1.20540745
9.76500 1.20560578
9.77000 1.20580404
9.77500 1.20600224
9.78000 1.20620037
9.78500 1.20639843
9.79000 1.20659642
9.79500 1.20679435
9.80000 1.20699221
9.80500 1.20719001
9.81000 1.20738774
9.81500 1.20758540
9.82000 1.20778299
9.82500 1.20798052
9.83000 1.20817798
9.83500 1.20837538
9.84000 1.20857271
9.84500 1.20876997
9.85000 1.20896717
9.85500 1.20916430
9.86000 1.20936137
9.86500 1.20955837
9.87000 1.20975530
9.87500 1.20995217
9.88000 1.21014897
9.88500 1.21034571
9.89000 1.21054238
9.89500 1.21073899
9.90000 1.21093553
9.90500 1.21113200
9.91000 1.21132841
9.91500 1.21152475
9.92000 1.21172103
9.92500 1.21191724
9.93000 1.21211339
9.93500 1.21230947
9.94000 1.21250549
9.94500 1.21270144
9.95000 1.21289733
9.95500 1.21309315
9.96000 1.21328891
9.96500 1.21348460
9.97000 1.21368023
9.97500 1.21387580
9.98000 1.21407129
9.98500 1.21426673
9.99000 1.21446210
9.99500 1.21465740
10.00000 1.21485264
10.00500 1.21504782
10.01000 1.21524293
10.01500 1.21543798
10.02000 1.21563296
10.02500 1.21582788
10.03000 1.21602274
10.03500 1.21621753
10.04000 1.21641225
10.04500 1.21660692
10.05000 1.21680151
10.05500 1.21699605
10.06000 1.21719052
10.06500 1.21738493
10.07000 1.21757927
10.07500 1.21777355
10.08000 1.21796777
10.08500 1.21816192
10.09000 1.21835601
10.09500 1.21855004
10.10000 1.21874400
10.10500 1.21893790
10.11000 1.21913173
10.11500 1.21932551
10.12000 1.21951922
10.12500 1.21971286
10.13000 1.21990644
10.13500 1.22009996
10.14000 1.22029342
10.14500 1.22048682
10.15000 1.22068015
10.15500 1.22087342
10.16000 1.22106662
10.16500 1.22125977
10.17000 1.22145285
10.17500 1.22164586
10.18000 1.22183882
10.18500 1.22203171
10.19000 1.22222454
10.19500 1.22241731
10.20000 1.22261001
10.20500 1.22280266
10.21000 1.22299524
10.21500 1.22318776
10.22000 1.22338021
10.22500 1.22357261
10.23000 1.22376494
10.23500 1.22395721
10.24000 1.22414942
10.24500 1.22434157
10.25000 1.22453365
10.25500 1.22472567
10.26000 1.22491763
10.26500 1.22510953
10.27000 1.22530137
10.27500 1.22549315
10.28000 1.22568486
10.28500 1.22587652
10.29000 1.22606811
10.29500 1.22625964
10.30000 1.22645111
10.30500 1.22664251
10.31000 1.22683386
10.31500 1.22702515
10.32000 1.22721637
10.32500 1.22740753
10.33000 1.22759863
10.33500 1.22778967
10.34000 1.22798065
10.34500 1.22817157
10.35000 1.22836243
10.35500 1.22855323
10.36000 1.22874397
10.36500 1.22893464
10.37000 1.22912526
10.37500 1.22931581
10.38000 1.22950630
10.38500 1.22969674
10.39000 1.22988711
10.39500 1.23007742
10.40000 1.23026768
10.40500 1.23045787
10.41000 1.23064800
10.41500 1.23083807
10.42000 1.23102808
10.42500 1.23121803
10.43000 1.23140792
10.43500 1.23159775
10.44000 1.23178753
10.44500 1.23197724
10.45000 1.23216689
10.45500 1.23235648
10.46000 1.23254601
10.46500 1.23273548
10.47000 1.23292489
10.47500 1.23311425
10.48000 1.23330354
10.48500 1.23349277
10.49000 1.23368195
10.49500 1.23387106
10.50000 1.23406012
10.50500 1.23424911
10.51000 1.23443805
10.51500 1.23462692
10.52000 1.23481574
10.52500 1.23500450
10.53000 1.23519320
10.53500 1.23538184
10.54000 1.23557042
10.54500 1.23575894
10.55000 1.23594741
10.55500 1.23613581
10.56000 1.23632416
10.56500 1.23651244
10.57000 1.23670067
10.57500 1.23688884
10.58000 1.23707695
10.58500 1.23726500
10.59000 1.23745300
10.59500 1.23764093
10.60000 1.23782881
10.60500 1.23801663
10.61000 1.23820439
10.61500 1.23839209
10.62000 1.23857973
10.62500 1.23876731
10.63000 1.23895484
10.63500 1.23914231
10.64000 1.23932972
10.64500 1.23951707
10.65000 1.23970437
10.65500 1.23989160
10.66000 1.24007878
10.66500 1.24026590
10.67000 1.24045296
10.67500 1.24063997
10.68000 1.24082691
10.68500 1.24101380
10.69000 1.24120064
10.69500 1.24138741
10.70000 1.24157413
10.70500 1.24176079
10.71000 1.24194739
10.71500 1.24213393
10.72000 1.24232042
10.72500 1.24250685
10.73000 1.24269322
10.73500 1.24287953
10.74000 1.24306579
10.74500 1.24325199
10.75000 1.24343814
10.75500 1.24362422
10.76000 1.24381025
10.76500 1.24399622
10.77000 1.24418214
10.77500 1.24436800
10.78000 1.24455380
10.78500 1.24473954
10.79000 1.24492523
10.79500 1.24511086
10.80000 1.24529644
10.80500 1.24548195
10.81000 1.24566742
10.81500 1.24585282
10.82000 1.24603817
10.82500 1.24622346
10.83000 1.24640870
10.83500 1.24659387
10.84000 1.24677900
10.84500 1.24696406
10.85000 1.24714907
10.85500 1.24733403
10.86000 1.24751893
10.86500 1.24770377
10.87000 1.24788855
10.87500 1.24807328
10.88000 1.24825796
10.88500 1.24844257
10.89000 1.24862714
10.89500 1.24881164
10.90000 1.24899609
10.90500 1.24918049
10.91000 1.24936483
10.91500 1.24954911
10.92000 1.24973334
10.92500 1.24991751
10.93000 1.25010162
10.93500 1.25028568
10.94000 1.25046969
10.94500 1.25065364
10.95000 1.25083753
10.95500 1.25102137
10.96000 1.25120516
10.96500 1.25138889
10.97000 1.25157256
10.97500 1.25175618
10.98000 1.25193974
10.98500 1.25212325
10.99000 1.25230670
10.99500 1.25249010
11.00000 1.25267344
11.00500 1.25285673
11.01000 1.25303996
11.01500 1.25322314
11.02000 1.25340627
11.02500 1.25358933
11.03000 1.25377235
11.03500 1.25395531
11.04000 1.25413821
11.04500 1.25432106
11.05000 1.25450386
11.05500 1.25468660
11.06000 1.25486929
11.06500 1.25505192
11.07000 1.25523450
11.07500 1.25541702
11.08000 1.25559949
11.08500 1.25578190
11.09000 1.25596427
11.09500 1.25614657
11.10000 1.25632882
11.10500 1.25651102
11.11000 1.25669317
11.11500 1.25687526
11.12000 1.25705729
11.12500 1.25723928
11.13000 1.25742120
11.13500 1.25760308
11.14000 1.25778490
11.14500 1.25796667
11.15000 1.25814838
11.15500 1.25833004
11.16000 1.25851165
11.16500 1.25869320
11.17000 1.25887470
11.17500 1.25905614
11.18000 1.25923754
11.18500 1.25941887
11.19000 1.25960016
11.19500 1.25978139
11.20000 1.25996257
11.20500 1.26014369
11.21000 1.26032477
11.21500 1.26050579
11.22000 1.26068675
11.22500 1.26086766
11.23000 1.26104852
11.23500 1.26122933
11.24000 1.26141008
11.24500 1.26159078
11.25000 1.26177143
11.25500 1.26195202
11.26000 1.26213257
11.26500 1.26231306
11.27000 1.26249349
11.27500 1.26267387
11.28000 1.26285421
11.28500 1.26303448
11.29000 1.26321471
11.29500 1.26339488
11.30000 1.26357500
11.30500 1.26375507
11.31000 1.26393508
11.31500 1.26411505
11.32000 1.26429496
11.32500 1.26447482
11.33000 1.26465462
11.33500 1.26483438
11.34000 1.26501408
11.34500 1.26519373
11.35000 1.26537332
11.35500 1.26555287
11.36000 1.26573236
11.36500 1.26591180
11.37000 1.26609119
11.37500 1.26627053
11.38000 1.26644981
11.38500 1.26662905
11.39000 1.26680823
11.39500 1.26698736
11.40000 1.26716644
11.40500 1.26734546
11.41000 1.26752444
11.41500 1.26770336
11.42000 1.26788223
11.42500 1.26806105
11.43000 1.26823982
11.43500 1.26841853
11.44000 1.26859720
11.44500 1.26877581
11.45000 1.26895438
11.45500 1.26913289
11.46000 1.26931135
11.46500 1.26948975
11.47000 1.26966811
11.47500 1.26984642
11.48000 1.27002467
11.48500 1.27020288
11.49000 1.27038103
11.49500 1.27055913
11.50000 1.27073718
11.50500 1.27091518
11.51000 1.27109313
11.51500 1.27127103
11.52000 1.27144887
11.52500 1.27162667
11.53000 1.27180441
11.53500 1.27198211
11.54000 1.27215975
11.54500 1.27233735
11.55000 1.27251489
11.55500 1.27269238
11.56000 1.27286982
11.56500 1.27304721
11.57000 1.27322455
11.57500 1.27340184
11.58000 1.27357908
11.58500 1.27375627
11.59000 1.27393341
11.59500 1.27411050
11.60000 1.27428754
11.60500 1.27446452
11.61000 1.27464146
11.61500 1.27481835
11.62000 1.27499519
11.62500 1.27517197
11.63000 1.27534871
11.63500 1.27552540
11.64000 1.27570204
11.64500 1.27587862
11.65000 1.27605516
11.65500 1.27623165
11.66000 1.27640809
11.66500 1.27658447
11.67000 1.27676081
11.67500 1.27693710
11.68000 1.27711334
11.68500 1.27728953
11.69000 1.27746567
11.69500 1.27764176
11.70000 1.27781780
11.70500 1.27799379
11.71000 1.27816973
11.71500 1.27834562
11.72000 1.27852147
11.72500 1.27869726
11.73000 1.27887300
11.73500 1.27904870
11.74000 1.27922434
11.74500 1.27939994
11.75000 1.27957549
11.75500 1.27975098
11.76000 1.27992643
11.76500 1.28010183
11.77000 1.28027718
11.77500 1.28045248
11.78000 1.28062774
11.78500 1.28080294
11.79000 1.28097809
11.79500 1.28115320
11.80000 1.28132826
11.80500 1.28150326
11.81000 1.28167822
11.81500 1.28185313
11.82000 1.28202800
11.82500 1.28220281
11.83000 1.28237757
11.83500 1.28255229
11.84000 1.28272696
11.84500 1.28290157
11.85000 1.28307614
11.85500 1.28325067
11.86000 1.28342514
11.86500 1.28359957
11.87000 1.28377394
11.87500 1.28394827
11.88000 1.28412255
11.88500 1.28429678
11.89000 1.28447097
11.89500 1.28464510
11.90000 1.28481919
11.90500 1.28499323
11.91000 1.28516722
11.91500 1.28534116
11.92000 1.28551506
11.92500 1.28568890
11.93000 1.28586270
11.93500 1.28603645
11.94000 1.28621016
11.94500 1.28638381
11.95000 1.28655742
11.95500 1.28673098
11.96000 1.28690449
11.96500 1.28707795
11.97000 1.28725137
11.97500 1.28742474
11.98000 1.28759806
11.98500 1.28777133
11.99000 1.28794456
11.99500 1.28811774
12.00000 1.28829087
12.00500 1.28846395
12.01000 1.28863699
12.01500 1.28880998
12.02000 1.28898292
12.02500 1.28915581
12.03000 1.28932866
12.03500 1.28950146
12.04000 1.28967421
12.04500 1.28984692
12.05000 1.29001958
12.05500 1.29019219
12.06000 1.29036475
12.06500 1.29053727
12.07000 1.29070974
12.07500 1.29088216
12.08000 1.29105454
12.08500 1.29122687
12.09000 1.29139915
12.09500 1.29157138
12.10000 1.29174357
12.10500 1.29191571
12.11000 1.29208781
12.11500 1.29225986
12.12000 1.29243186
12.12500 1.29260381
12.13000 1.29277572
12.13500 1.29294758
12.14000 1.29311940
12.14500 1.29329117
12.15000 1.29346289
12.15500 1.29363456
12.16000 1.29380619
12.16500 1.29397778
12.17000 1.29414931
12.17500 1.29432080
12.18000 1.29449225
12.18500 1.29466364
12.19000 1.29483499
12.19500 1.29500630
12.20000 1.29517756
12.20500 1.29534877
12.21000 1.29551994
12.21500 1.29569106
12.22000 1.29586213
12.22500 1.29603316
12.23000 1.29620414
12.23500 1.29637508
12.24000 1.29654597
12.24500 1.29671681
12.25000 1.29688761
12.25500 1.29705836
12.26000 1.29722907
12.26500 1.29739973
12.27000 1.29757035
12.27500 1.29774092
12.28000 1.29791144
12.28500 1.29808192
12.29000 1.29825235
12.29500 1.29842274
12.30000 1.29859308
12.30500 1.29876338
12.31000 1.29893363
12.31500 1.29910383
12.32000 1.29927399
12.32500 1.29944411
12.33000 1.29961418
12.33500 1.29978420
12.34000 1.29995418
12.34500 1.30012411
12.35000 1.30029400
12.35500 1.30046384
12.36000 1.30063364
12.36500 1.30080339
12.37000 1.30097310
12.37500 1.30114276
12.38000 1.30131238
12.38500 1.30148195
12.39000 1.30165148
12.39500 1.30182096
12.40000 1.30199040
12.40500 1.30215979
12.41000 1.30232914
12.41500 1.30249844
12.42000 1.30266770
12.42500 1.30283691
12.43000 1.30300608
12.43500 1.30317520
12.44000 1.30334428
12.44500 1.30351332
12.45000 1.30368231
12.45500 1.30385125
12.46000 1.30402015
12.46500 1.30418901
12.47000 1.30435782
12.47500 1.30452659
12.48000 1.30469531
12.48500 1.30486399
12.49000 1.30503262
12.49500 1.30520121
12.50000 1.30536975
12.50500 1.30553826
12.51000 1.30570671
12.51500 1.30587512
12.52000 1.30604349
12.52500 1.30621182
12.53000 1.30638010
12.53500 1.30654833
12.54000 1.30671652
12.54500 1.30688467
12.55000 1.30705277
12.55500 1.30722083
12.56000 1.30738885
12.56500 1.30755682
12.57000 1.30772475
12.57500 1.30789263
12.58000 1.30806047
12.58500 1.30822827
12.59000 1.30839602
12.59500 1.30856373
12.60000 1.30873139
12.60500 1.30889901
12.61000 1.30906659
12.61500 1.30923412
12.62000 1.30940161
12.62500 1.30956906
12.63000 1.30973646
12.63500 1.30990382
12.64000 1.31007114
12.64500 1.31023841
12.65000 1.31040564
12.65500 1.31057282
12.66000 1.31073996
12.66500 1.31090706
12.67000 1.31107412
12.67500 1.31124113
12.68000 1.31140810
12.68500 1.31157502
12.69000 1.31174191
12.69500 1.31190874
12.70000 1.31207554
12.70500 1.31224229
12.71000 1.31240900
12.71500 1.31257567
12.72000 1.31274229
12.72500 1.31290887
12.73000 1.31307541
12.73500 1.31324191
12.74000 1.31340836
12.74500 1.31357477
12.75000 1.31374113
12.75500 1.31390745
12.76000 1.31407374
12.76500 1.31423997
12.77000 1.31440617
12.77500 1.31457232
12.78000 1.31473843
12.78500 1.31490449
12.79000 1.31507052
12.79500 1.31523650
12.80000 1.31540244
12.80500 1.31556833
12.81000 1.31573419
12.81500 1.31590000
12.82000 1.31606577
12.82500 1.31623149
12.83000 1.31639718
12.83500 1.31656282
12.84000 1.31672842
12.84500 1.31689397
12.85000 1.31705949
12.85500 1.31722496
12.86000 1.31739039
12.86500 1.31755578
12.87000 1.31772112
12.87500 1.31788643
12.88000 1.31805169
12.88500 1.31821690
12.89000 1.31838208
12.89500 1.31854722
12.90000 1.31871231
12.90500 1.31887736
12.91000 1.31904237
12.91500 1.31920733
12.92000 1.31937226
12.92500 1.31953714
12.93000 1.31970198
12.93500 1.31986678
12.94000 1.32003154
12.94500 1.32019625
12.95000 1.32036093
12.95500 1.32052556
12.96000 1.32069015
12.96500 1.32085470
12.97000 1.32101921
12.97500 1.32118367
12.98000 1.32134809
12.98500 1.32151248
12.99000 1.32167682
12.99500 1.32184112
13.00000 1.32200537
13.00500 1.32216959
13.01000 1.32233376
13.01500 1.32249790
13.02000 1.32266199
13.02500 1.32282604
13.03000 1.32299005
13.03500 1.32315402
13.04000 1.32331794
13.04500 1.32348183
13.05000 1.32364567
13.05500 1.32380947
13.06000 1.32397324
13.06500 1.32413696
13.07000 1.32430064
13.07500 1.32446427
13.08000 1.32462787
13.08500 1.32479143
13.09000 1.32495494
13.09500 1.32511842
13.10000 1.32528185
13.10500 1.32544524
13.11000 1.32560859
13.11500 1.32577190
13.12000 1.32593517
13.12500 1.32609840
13.13000 1.32626159
13.13500 1.32642474
13.14000 1.32658784
13.14500 1.32675091
13.15000 1.32691393
13.15500 1.32707692
13.16000 1.32723986
13.16500 1.32740276
13.17000 1.32756563
13.17500 1.32772845
13.18000 1.32789123
13.18500 1.32805397
13.19000 1.32821667
13.19500 1.32837933
13.20000 1.32854195
13.20500 1.32870453
13.21000 1.32886707
13.21500 1.32902957
13.22000 1.32919202
13.22500 1.32935444
13.23000 1.32951682
13.23500 1.32967916
13.24000 1.32984145
13.24500 1.33000371
13.25000 1.33016592
13.25500 1.33032810
13.26000 1.33049024
13.26500 1.33065233
13.27000 1.33081439
13.27500 1.33097640
13.28000 1.33113838
13.28500 1.33130032
13.29000 1.33146221
13.29500 1.33162407
13.30000 1.33178588
13.30500 1.33194766
13.31000 1.33210939
13.31500 1.33227109
13.32000 1.33243275
13.32500 1.33259436
13.33000 1.33275594
13.33500 1.33291748
13.34000 1.33307897
13.34500 1.33324043
13.35000 1.33340185
13.35500 1.33356323
13.36000 1.33372457
13.36500 1.33388587
13.37000 1.33404712
13.37500 1.33420834
13.38000 1.33436952
13.38500 1.33453067
13.39000 1.33469177
13.39500 1.33485283
13.40000 1.33501385
13.40500 1.33517483
13.41000 1.33533578
13.41500 1.33549668
13.42000 1.33565755
13.42500 1.33581837
13.43000 1.33597916
13.43500 1.33613991
13.44000 1.33630061
13.44500 1.33646128
13.45000 1.33662191
13.45500 1.33678250
13.46000 1.33694305
13.46500 1.33710356
13.47000 1.33726404
13.47500 1.33742447
13.48000 1.33758487
13.48500 1.33774522
13.49000 1.33790554
13.49500 1.33806582
13.50000 1.33822606
13.50500 1.33838626
13.51000 1.33854642
13.51500 1.33870654
13.52000 1.33886662
13.52500 1.33902667
13.53000 1.33918667
13.53500 1.33934664
13.54000 1.33950657
13.54500 1.33966646
13.55000 1.33982631
13.55500 1.33998612
13.56000 1.34014589
13.56500 1.34030563
13.57000 1.34046532
13.57500 1.34062498
13.58000 1.34078460
13.58500 1.34094418
13.59000 1.34110372
13.59500 1.34126323
13.60000 1.34142269
13.60500 1.34158212
13.61000 1.34174151
13.61500 1.34190086
13.62000 1.34206017
13.62500 1.34221944
13.63000 1.34237868
13.63500 1.34253787
13.64000 1.34269703
13.64500 1.34285615
13.65000 1.34301523
13.65500 1.34317428
13.66000 1.34333328
13.66500 1.34349225
13.67000 1.34365118
13.67500 1.34381007
13.68000 1.34396892
13.68500 1.34412773
13.69000 1.34428651
13.69500 1.34444525
13.70000 1.34460395
13.70500 1.34476261
13.71000 1.34492124
13.71500 1.34507983
13.72000 1.34523837
13.72500 1.34539689
13.73000 1.34555536
13.73500 1.34571379
13.74000 1.34587219
13.74500 1.34603055
13.75000 1.34618887
13.75500 1.34634716
13.76000 1.34650540
13.76500 1.34666361
13.77000 1.34682178
13.77500 1.34697992
13.78000 1.34713801
13.78500 1.34729607
13.79000 1.34745409
13.79500 1.34761208
13.80000 1.34777002
13.80500 1.34792793
13.81000 1.34808580
13.81500 1.34824363
13.82000 1.34840143
13.82500 1.34855919
13.83000 1.34871691
13.83500 1.34887459
13.84000 1.34903224
13.84500 1.34918985
13.85000 1.34934742
13.85500 1.34950495
13.86000 1.34966245
13.86500 1.34981991
13.87000 1.34997733
13.87500 1.35013472
13.88000 1.35029207
13.88500 1.35044938
13.89000 1.35060665
13.89500 1.35076389
13.90000 1.35092109
13.90500 1.35107825
13.91000 1.35123538
13.91500 1.35139247
13.92000 1.35154952
13.92500 1.35170653
13.93000 1.35186351
13.93500 1.35202045
13.94000 1.35217736
13.94500 1.35233422
13.95000 1.35249105
13.95500 1.35264785
13.96000 1.35280460
13.96500 1.35296132
13.97000 1.35311801
13.97500 1.35327465
13.98000 1.35343126
13.98500 1.35358784
13.99000 1.35374437
13.99500 1.35390087
14.00000 1.35405733
14.00500 1.35421376
14.01000 1.35437015
14.01500 1.35452650
14.02000 1.35468282
14.02500 1.35483910
14.03000 1.35499534
14.03500 1.35515155
14.04000 1.35530772
14.04500 1.35546386
14.05000 1.35561995
14.05500 1.35577602
14.06000 1.35593204
14.06500 1.35608803
14.07000 1.35624398
14.07500 1.35639990
14.08000 1.35655578
14.08500 1.35671162
14.09000 1.35686743
14.09500 1.35702320
14.10000 1.35717893
14.10500 1.35733463
14.11000 1.35749030
14.11500 1.35764592
14.12000 1.35780151
14.12500 1.35795707
14.13000 1.35811258
14.13500 1.35826807
14.14000 1.35842351
14.14500 1.35857892
14.15000 1.35873430
14.15500 1.35888963
14.16000 1.35904494
14.16500 1.35920020
14.17000 1.35935543
14.17500 1.35951063
14.18000 1.35966579
14.18500 1.35982091
14.19000 1.35997600
14.19500 1.36013105
14.20000 1.36028606
14.20500 1.36044104
14.21000 1.36059599
14.21500 1.36075089
14.22000 1.36090577
14.22500 1.36106060
14.23000 1.36121540
14.23500 1.36137017
14.24000 1.36152490
14.24500 1.36167959
14.25000 1.36183425
14.25500 1.36198888
14.26000 1.36214346
14.26500 1.36229802
14.27000 1.36245253
14.27500 1.36260701
14.28000 1.36276146
14.28500 1.36291587
14.29000 1.36307024
14.29500 1.36322458
14.30000 1.36337889
14.30500 1.36353316
14.31000 1.36368739
14.31500 1.36384159
14.32000 1.36399575
14.32500 1.36414988
14.33000 1.36430397
14.33500 1.36445803
14.34000 1.36461205
14.34500 1.36476604
14.35000 1.36491999
14.35500 1.36507391
14.36000 1.36522779
14.36500 1.36538164
14.37000 1.36553545
14.37500 1.36568922
14.38000 1.36584297
14.38500 1.36599667
14.39000 1.36615034
14.39500 1.36630398
14.40000 1.36645758
14.40500 1.36661115
14.41000 1.36676468
14.41500 1.36691818
14.42000 1.36707164
14.42500 1.36722506
14.43000 1.36737846
14.43500 1.36753181
14.44000 1.36768514
14.44500 1.36783843
14.45000 1.36799168
14.45500 1.36814490
14.46000 1.36829808
14.46500 1.36845123
14.47000 1.36860434
14.47500 1.36875742
14.48000 1.36891047
14.48500 1.36906348
14.49000 1.36921646
14.49500 1.36936940
14.50000 1.36952230
14.50500 1.36967518
14.51000 1.36982801
14.51500 1.36998082
14.52000 1.37013359
14.52500 1.37028632
14.53000 1.37043902
14.53500 1.37059169
14.54000 1.37074432
14.54500 1.37089691
14.55000 1.37104948
14.55500 1.37120201
14.56000 1.37135450
14.56500 1.37150696
14.57000 1.37165938
14.57500 1.37181178
14.58000 1.37196413
14.58500 1.37211646
14.59000 1.37226874
14.59500 1.37242100
14.60000 1.37257322
14.60500 1.37272540
14.61000 1.37287756
14.61500 1.37302967
14.62000 1.37318176
14.62500 1.37333381
14.63000 1.37348582
14.63500 1.37363781
14.64000 1.37378975
14.64500 1.37394167
14.65000 1.37409355
14.65500 1.37424539
14.66000 1.37439721
14.66500 1.37454898
14.67000 1.37470073
14.67500 1.37485244
14.68000 1.37500411
14.68500 1.37515576
14.69000 1.37530737
14.69500 1.37545894
14.70000 1.37561048
14.70500 1.37576199
14.71000 1.37591346
14.71500 1.37606490
14.72000 1.37621631
14.72500 1.37636768
14.73000 1.37651902
14.73500 1.37667033
14.74000 1.37682160
14.74500 1.37697284
14.75000 1.37712404
14.75500 1.37727522
14.76000 1.37742635
14.76500 1.37757746
14.77000 1.37772853
14.77500 1.37787957
14.78000 1.37803057
14.78500 1.37818154
14.79000 1.37833248
14.79500 1.37848338
14.80000 1.37863425
14.80500 1.37878509
14.81000 1.37893589
14.81500 1.37908666
14.82000 1.37923740
14.82500 1.37938810
14.83000 1.37953877
14.83500 1.37968941
14.84000 1.37984002
14.84500 1.37999059
14.85000 1.38014112
14.85500 1.38029163
14.86000 1.38044210
14.86500 1.38059254
14.87000 1.38074294
14.87500 1.38089331
14.88000 1.38104365
14.88500 1.38119396
14.89000 1.38134423
14.89500 1.38149447
14.90000 1.38164468
14.90500 1.38179485
14.91000 1.38194499
14.91500 1.38209510
14.92000 1.38224518
14.92500 1.38239522
14.93000 1.38254523
14.93500 1.38269520
14.94000 1.38284515
14.94500 1.38299506
14.95000 1.38314493
14.95500 1.38329478
14.96000 1.38344459
14.96500 1.38359437
14.97000 1.38374412
14.97500 1.38389383
14.98000 1.38404351
14.98500 1.38419316
14.99000 1.38434278
14.99500 1.38449236
15.00000 1.38464191
15.00500 1.38479143
15.01000 1.38494091
15.01500 1.38509037
15.02000 1.38523979
15.02500 1.38538917
15.03000 1.38553853
15.03500 1.38568785
15.04000 1.38583714
15.04500 1.38598640
15.05000 1.38613563
15.05500 1.38628482
15.06000 1.38643398
15.06500 1.38658311
15.07000 1.38673220
15.07500 1.38688127
15.08000 1.38703030
15.08500 1.38717930
15.09000 1.38732826
15.09500 1.38747720
15.10000 1.38762610
15.10500 1.38777497
15.11000 1.38792380
15.11500 1.38807261
15.12000 1.38822138
15.12500 1.38837012
15.13000 1.38851883
15.13500 1.38866751
15.14000 1.38881615
15.14500 1.38896476
15.15000 1.38911334
15.15500 1.38926189
15.16000 1.38941041
15.16500 1.38955889
15.17000 1.38970734
15.17500 1.38985576
15.18000 1.39000415
15.18500 1.39015250
15.19000 1.39030083
15.19500 1.39044912
15.20000 1.39059738
15.20500 1.39074561
15.21000 1.39089380
15.21500 1.39104197
15.22000 1.39119010
15.22500 1.39133820
15.23000 1.39148627
15.23500 1.39163431
15.24000 1.39178231
15.24500 1.39193029
15.25000 1.39207823
15.25500 1.39222614
15.26000 1.39237402
15.26500 1.39252186
15.27000 1.39266968
15.27500 1.39281746
15.28000 1.39296521
15.28500 1.39311293
15.29000 1.39326062
15.29500 1.39340828
15.30000 1.39355590
15.30500 1.39370350
15.31000 1.39385106
15.31500 1.39399859
15.32000 1.39414609
15.32500 1.39429356
15.33000 1.39444099
15.33500 1.39458840
15.34000 1.39473577
15.34500 1.39488311
15.35000 1.39503042
15.35500 1.39517770
15.36000 1.39532495
15.36500 1.39547217
15.37000 1.39561935
15.37500 1.39576650
15.38000 1.39591363
15.38500 1.39606072
15.39000 1.39620778
15.39500 1.39635481
15.40000 1.39650180
15.40500 1.39664877
15.41000 1.39679570
15.41500 1.39694261
15.42000 1.39708948
15.42500 1.39723632
15.43000 1.39738313
15.43500 1.39752991
15.44000 1.39767666
15.44500 1.39782338
15.45000 1.39797006
15.45500 1.39811672
15.46000 1.39826334
15.46500 1.39840993
15.47000 1.39855650
15.47500 1.39870303
15.48000 1.39884953
15.48500 1.39899600
15.49000 1.39914243
15.49500 1.39928884
15.50000 1.39943522
15.50500 1.39958156
15.51000 1.39972788
15.51500 1.39987416
15.52000 1.40002042
15.52500 1.40016664
15.53000 1.40031283
15.53500 1.40045899
15.54000 1.40060512
15.54500 1.40075122
15.55000 1.40089729
15.55500 1.40104332
15.56000 1.40118933
15.56500 1.40133531
15.57000 1.40148125
15.57500 1.40162717
15.58000 1.40177305
15.58500 1.40191890
15.59000 1.40206473
15.59500 1.40221052
15.60000 1.40235628
15.60500 1.40250201
15.61000 1.40264771
15.61500 1.40279338
15.62000 1.40293902
15.62500 1.40308463
15.63000 1.40323021
15.63500 1.40337576
15.64000 1.40352128
15.64500 1.40366677
15.65000 1.40381222
15.65500 1.40395765
15.66000 1.40410305
15.66500 1.40424841
15.67000 1.40439375
15.67500 1.40453905
15.68000 1.40468433
15.68500 1.40482957
15.69000 1.40497479
15.69500 1.40511997
15.70000 1.40526513
15.70500 1.40541025
15.71000 1.40555534
15.71500 1.40570041
15.72000 1.40584544
15.72500 1.40599044
15.73000 1.40613542
15.73500 1.40628036
15.74000 1.40642527
15.74500 1.40657015
15.75000 1.40671501
15.75500 1.40685983
15.76000 1.40700462
15.76500 1.40714938
15.77000 1.40729412
15.77500 1.40743882
15.78000 1.40758349
15.78500 1.40772813
15.79000 1.40787274
15.79500 1.40801733
15.80000 1.40816188
15.80500 1.40830640
15.81000 1.40845089
15.81500 1.40859536
15.82000 1.40873979
15.82500 1.40888419
15.83000 1.40902857
15.83500 1.40917291
15.84000 1.40931722
15.84500 1.40946151
15.85000 1.40960576
15.85500 1.40974999
15.86000 1.40989418
15.86500 1.41003835
15.87000 1.41018248
15.87500 1.41032659
15.88000 1.41047066
15.88500 1.41061471
15.89000 1.41075873
15.89500 1.41090271
15.90000 1.41104667
15.90500 1.41119060
15.91000 1.41133450
15.91500 1.41147836
15.92000 1.41162220
15.92500 1.41176601
15.93000 1.41190979
15.93500 1.41205354
15.94000 1.41219727
15.94500 1.41234096
15.95000 1.41248462
15.95500 1.41262825
15.96000 1.41277185
15.96500 1.41291543
15.97000 1.41305897
15.97500 1.41320249
15.98000 1.41334597
15.98500 1.41348943
15.99000 1.41363286
15.99500 1.41377625
16.00000 1.41391962
16.00500 1.41406296
16.01000 1.41420627
16.01500 1.41434955
16.02000 1.41449280
16.02500 1.41463603
16.03000 1.41477922
16.03500 1.41492238
16.04000 1.41506552
16.04500 1.41520862
16.05000 1.41535170
16.05500 1.41549475
16.06000 1.41563776
16.06500 1.41578075
16.07000 1.41592371
16.07500 1.41606664
16.08000 1.41620954
16.08500 1.41635242
16.09000 1.41649526
16.09500 1.41663808
16.10000 1.41678086
16.10500 1.41692362
16.11000 1.41706635
16.11500 1.41720904
16.12000 1.41735171
16.12500 1.41749435
16.13000 1.41763697
16.13500 1.41777955
16.14000 1.41792210
16.14500 1.41806463
16.15000 1.41820712
16.15500 1.41834959
16.16000 1.41849203
16.16500 1.41863444
16.17000 1.41877682
16.17500 1.41891917
16.18000 1.41906150
16.18500 1.41920379
16.19000 1.41934606
16.19500 1.41948830
16.20000 1.41963050
16.20500 1.41977268
16.21000 1.41991484
16.21500 1.42005696
16.22000 1.42019905
16.22500 1.42034112
16.23000 1.42048315
16.23500 1.42062516
16.24000 1.42076714
16.24500 1.42090909
16.25000 1.42105102
16.25500 1.42119291
16.26000 1.42133478
16.26500 1.42147661
16.27000 1.42161842
16.27500 1.42176020
16.28000 1.42190195
16.28500 1.42204367
16.29000 1.42218537
16.29500 1.42232704
16.30000 1.42246867
16.30500 1.42261028
16.31000 1.42275186
16.31500 1.42289342
16.32000 1.42303494
16.32500 1.42317644
16.33000 1.42331790
16.33500 1.42345934
16.34000 1.42360075
16.34500 1.42374214
16.35000 1.42388349
16.35500 1.42402482
16.36000 1.42416611
16.36500 1.42430738
16.37000 1.42444863
16.37500 1.42458984
16.38000 1.42473102
16.38500 1.42487218
16.39000 1.42501331
16.39500 1.42515441
16.40000 1.42529548
16.40500 1.42543653
16.41000 1.42557754
16.41500 1.42571853
16.42000 1.42585949
16.42500 1.42600042
16.43000 1.42614133
16.43500 1.42628220
16.44000 1.42642305
16.44500 1.42656387
16.45000 1.42670466
16.45500 1.42684543
16.46000 1.42698616
16.46500 1.42712687
16.47000 1.42726755
16.47500 1.42740820
16.48000 1.42754883
16.48500 1.42768943
16.49000 1.42782999
16.49500 1.42797053
16.50000 1.42811105
16.50500 1.42825153
16.51000 1.42839199
16.51500 1.42853242
16.52000 1.42867282
16.52500 1.42881320
16.53000 1.42895354
16.53500 1.42909386
16.54000 1.42923415
16.54500 1.42937441
16.55000 1.42951465
16.55500 1.42965486
16.56000 1.42979504
16.56500 1.42993519
16.57000 1.43007531
16.57500 1.43021541
16.58000 1.43035548
16.58500 1.43049552
16.59000 1.43063554
16.59500 1.43077552
16.60000 1.43091548
16.60500 1.43105541
16.61000 1.43119532
16.61500 1.43133519
16.62000 1.43147504
16.62500 1.43161486
16.63000 1.43175466
16.63500 1.43189443
16.64000 1.43203416
16.64500 1.43217388
16.65000 1.43231356
16.65500 1.43245322
16.66000 1.43259285
16.66500 1.43273245
16.67000 1.43287202
16.67500 1.43301157
16.68000 1.43315109
16.68500 1.43329058
16.69000 1.43343005
16.69500 1.43356949
16.70000 1.43370890
16.70500 1.43384828
16.71000 1.43398764
16.71500 1.43412697
16.72000 1.43426627
16.72500 1.43440554
16.73000 1.43454479
16.73500 1.43468401
16.74000 1.43482320
16.74500 1.43496237
16.75000 1.43510151
16.75500 1.43524062
16.76000 1.43537970
16.76500 1.43551876
16.77000 1.43565779
16.77500 1.43579679
16.78000 1.43593577
16.78500 1.43607472
16.79000 1.43621364
16.79500 1.43635253
16.80000 1.43649140
16.80500 1.43663024
16.81000 1.43676906
16.81500 1.43690784
16.82000 1.43704660
16.82500 1.43718533
16.83000 1.43732404
16.83500 1.43746272
16.84000 1.43760137
16.84500 1.43774000
16.85000 1.43787860
16.85500 1.43801717
16.86000 1.43815571
16.86500 1.43829423
16.87000 1.43843272
16.87500 1.43857118
16.88000 1.43870962
16.88500 1.43884803
16.89000 1.43898641
16.89500 1.43912477
16.90000 1.43926310
16.90500 1.43940141
16.91000 1.43953968
16.91500 1.43967793
16.92000 1.43981615
16.92500 1.43995435
16.93000 1.44009252
16.93500 1.44023066
16.94000 1.44036878
16.94500 1.44050687
16.95000 1.44064493
16.95500 1.44078297
16.96000 1.44092098
16.96500 1.44105896
16.97000 1.44119692
16.97500 1.44133485
16.98000 1.44147276
16.98500 1.44161063
16.99000 1.44174848
16.99500 1.44188631
17.00000 1.44202411
17.00500 1.44216188
17.01000 1.44229962
17.01500 1.44243734
17.02000 1.44257503
17.02500 1.44271270
17.03000 1.44285034
17.03500 1.44298795
17.04000 1.44312553
17.04500 1.44326309
17.05000 1.44340063
17.05500 1.44353813
17.06000 1.44367562
17.06500 1.44381307
17.07000 1.44395050
17.07500 1.44408790
17.08000 1.44422528
17.08500 1.44436262
17.09000 1.44449995
17.09500 1.44463724
17.10000 1.44477451
17.10500 1.44491176
17.11000 1.44504898
17.11500 1.44518617
17.12000 1.44532333
17.12500 1.44546047
17.13000 1.44559759
17.13500 1.44573467
17.14000 1.44587174
17.14500 1.44600877
17.15000 1.44614578
17.15500 1.44628276
17.16000 1.44641972
17.16500 1.44655665
17.17000 1.44669355
17.17500 1.44683043
17.18000 1.44696728
17.18500 1.44710411
17.19000 1.44724091
17.19500 1.44737769
17.20000 1.44751443
17.20500 1.44765116
17.21000 1.44778785
17.21500 1.44792452
17.22000 1.44806117
17.22500 1.44819779
17.23000 1.44833438
17.23500 1.44847095
17.24000 1.44860749
17.24500 1.44874400
17.25000 1.44888049
17.25500 1.44901695
17.26000 1.44915339
17.26500 1.44928980
17.27000 1.44942619
17.27500 1.44956255
17.28000 1.44969888
17.28500 1.44983519
17.29000 1.44997147
17.29500 1.45010773
17.30000 1.45024396
17.30500 1.45038017
17.31000 1.45051635
17.31500 1.45065250
17.32000 1.45078863
17.32500 1.45092473
17.33000 1.45106081
17.33500 1.45119686
17.34000 1.45133289
17.34500 1.45146889
17.35000 1.45160486
17.35500 1.45174081
17.36000 1.45187673
17.36500 1.45201263
17.37000 1.45214850
17.37500 1.45228435
17.38000 1.45242017
17.38500 1.45255597
17.39000 1.45269174
17.39500 1.45282748
17.40000 1.45296320
17.40500 1.45309889
17.41000 1.45323456
17.41500 1.45337020
17.42000 1.45350582
17.42500 1.45364141
17.43000 1.45377698
17.43500 1.45391252
17.44000 1.45404803
17.44500 1.45418352
17.45000 1.45431899
17.45500 1.45445443
17.46000 1.45458984
17.46500 1.45472523
17.47000 1.45486059
17.47500 1.45499593
17.48000 1.45513124
17.48500 1.45526653
17.49000 1.45540179
17.49500 1.45553703
17.50000 1.45567224
17.50500 1.45580743
17.51000 1.45594259
17.51500 1.45607773
17.52000 1.45621284
17.52500 1.45634792
17.53000 1.45648298
17.53500 1.45661802
17.54000 1.45675303
17.54500 1.45688801
17.55000 1.45702297
17.55500 1.45715791
17.56000 1.45729282
17.56500 1.45742770
17.57000 1.45756256
17.57500 1.45769739
17.58000 1.45783220
17.58500 1.45796699
17.59000 1.45810175
17.59500 1.45823648
17.60000 1.45837119
17.60500 1.45850587
17.61000 1.45864053
17.61500 1.45877517
17.62000 1.45890977
17.62500 1.45904436
17.63000 1.45917892
17.63500 1.45931345
17.64000 1.45944796
17.64500 1.45958245
17.65000 1.45971690
17.65500 1.45985134
17.66000 1.45998575
17.66500 1.46012013
17.67000 1.46025449
17.67500 1.46038883
17.68000 1.46052314
17.68500 1.46065742
17.69000 1.46079168
17.69500 1.46092592
17.70000 1.46106013
17.70500 1.46119432
17.71000 1.46132848
17.71500 1.46146262
17.72000 1.46159673
17.72500 1.46173082
17.73000 1.46186488
17.73500 1.46199892
17.74000 1.46213293
17.74500 1.46226692
17.75000 1.46240088
17.75500 1.46253482
17.76000 1.46266873
17.76500 1.46280262
17.77000 1.46293649
17.77500 1.46307033
17.78000 1.46320415
17.78500 1.46333794
17.79000 1.46347170
17.79500 1.46360545
17.80000 1.46373916
17.80500 1.46387286
17.81000 1.46400653
17.81500 1.46414017
17.82000 1.46427379
17.82500 1.46440739
17.83000 1.46454096
17.83500 1.46467450
17.84000 1.46480802
17.84500 1.46494152
17.85000 1.46507499
17.85500 1.46520844
17.86000 1.46534187
17.86500 1.46547527
17.87000 1.46560864
17.87500 1.46574199
17.88000 1.46587532
17.88500 1.46600862
17.89000 1.46614190
17.89500 1.46627515
17.90000 1.46640838
17.90500 1.46654158
17.91000 1.46667476
17.91500 1.46680792
17.92000 1.46694105
17.92500 1.46707416
17.93000 1.46720724
17.93500 1.46734030
17.94000 1.46747334
17.94500 1.46760635
17.95000 1.46773933
17.95500 1.46787230
17.96000 1.46800523
17.96500 1.46813815
17.97000 1.46827104
17.97500 1.46840390
17.98000 1.46853674
17.98500 1.46866956
17.99000 1.46880235
17.99500 1.46893512
18.00000 1.46906787
18.00500 1.46920059
18.01000 1.46933328
18.01500 1.46946596
18.02000 1.46959860
18.02500 1.46973123
18.03000 1.46986383
18.03500 1.46999641
18.04000 1.47012896
18.04500 1.47026149
18.05000 1.47039399
18.05500 1.47052647
18.06000 1.47065893
18.06500 1.47079136
18.07000 1.47092377
18.07500 1.47105615
18.08000 1.47118851
18.08500 1.47132085
18.09000 1.47145316
18.09500 1.47158545
18.10000 1.47171771
18.10500 1.47184996
18.11000 1.47198217
18.11500 1.47211437
18.12000 1.47224654
18.12500 1.47237868
18.13000 1.47251080
18.13500 1.47264290
18.14000 1.47277497
18.14500 1.47290703
18.15000 1.47303905
18.15500 1.47317105
18.16000 1.47330303
18.16500 1.47343499
18.17000 1.47356692
18.17500 1.47369883
18.18000 1.47383071
18.18500 1.47396257
18.19000 1.47409441
18.19500 1.47422622
18.20000 1.47435801
18.20500 1.47448978
18.21000 1.47462152
18.21500 1.47475324
18.22000 1.47488493
18.22500 1.47501660
18.23000 1.47514825
18.23500 1.47527988
18.24000 1.47541148
18.24500 1.47554305
18.25000 1.47567461
18.25500 1.47580614
18.26000 1.47593764
18.26500 1.47606912
18.27000 1.47620058
18.27500 1.47633202
18.28000 1.47646343
18.28500 1.47659482
18.29000 1.47672618
18.29500 1.47685753
18.30000 1.47698884
18.30500 1.47712014
18.31000 1.47725141
18.31500 1.47738266
18.32000 1.47751388
18.32500 1.47764508
18.33000 1.47777626
18.33500 1.47790741
18.34000 1.47803855
18.34500 1.47816965
18.35000 1.47830074
18.35500 1.47843180
18.36000 1.47856284
18.36500 1.47869385
18.37000 1.47882484
18.37500 1.47895581
18.38000 1.47908675
18.38500 1.47921767
18.39000 1.47934857
18.39500 1.47947944
18.40000 1.47961030
18.40500 1.47974112
18.41000 1.47987193
18.41500 1.48000271
18.42000 1.48013347
18.42500 1.48026420
18.43000 1.48039492
18.43500 1.48052560
18.44000 1.48065627
18.44500 1.48078691
18.45000 1.48091753
18.45500 1.48104813
18.46000 1.48117870
18.46500 1.48130925
18.47000 1.48143978
18.47500 1.48157028
18.48000 1.48170076
18.48500 1.48183122
18.49000 1.48196165
18.49500 1.48209206
18.50000 1.48222245
18.50500 1.48235282
18.51000 1.48248316
18.51500 1.48261348
18.52000 1.48274377
18.52500 1.48287405
18.53000 1.48300430
18.53500 1.48313453
18.54000 1.48326473
18.54500 1.48339491
18.55000 1.48352507
18.55500 1.48365521
18.56000 1.48378532
18.56500 1.48391541
18.57000 1.48404547
18.57500 1.48417552
18.58000 1.48430554
18.58500 1.48443554
18.59000 1.48456551
18.59500 1.48469546
18.60000 1.48482539
18.60500 1.48495530
18.61000 1.48508519
18.61500 1.48521505
18.62000 1.48534488
18.62500 1.48547470
18.63000 1.48560449
18.63500 1.48573426
18.64000 1.48586401
18.64500 1.48599373
18.65000 1.48612344
18.65500 1.48625311
18.66000 1.48638277
18.66500 1.48651240
18.67000 1.48664202
18.67500 1.48677160
18.68000 1.48690117
18.68500 1.48703071
18.69000 1.48716023
18.69500 1.48728973
18.70000 1.48741920
18.70500 1.48754866
18.71000 1.48767809
18.71500 1.48780749
18.72000 1.48793688
18.72500 1.48806624
18.73000 1.48819558
18.73500 1.48832490
18.74000 1.48845419
18.74500 1.48858346
18.75000 1.48871271
18.75500 1.48884194
18.76000 1.48897114
18.76500 1.48910032
18.77000 1.48922948
18.77500 1.48935862
18.78000 1.48948773
18.78500 1.48961682
18.79000 1.48974589
18.79500 1.48987494
18.80000 1.49000396
18.80500 1.49013296
18.81000 1.49026194
18.81500 1.49039090
18.82000 1.49051983
18.82500 1.49064875
18.83000 1.49077764
18.83500 1.49090650
18.84000 1.49103535
18.84500 1.49116417
18.85000 1.49129297
18.85500 1.49142175
18.86000 1.49155051
18.86500 1.49167924
18.87000 1.49180795
18.87500 1.49193664
18.88000 1.49206530
18.88500 1.49219395
18.89000 1.49232257
18.89500 1.49245117
18.90000 1.49257975
18.90500 1.49270830
18.91000 1.49283684
18.91500 1.49296535
18.92000 1.49309383
18.92500 1.49322230
18.93000 1.49335075
18.93500 1.49347917
18.94000 1.49360757
18.94500 1.49373594
18.95000 1.49386430
18.95500 1.49399263
18.96000 1.49412094
18.96500 1.49424923
18.97000 1.49437750
18.97500 1.49450574
18.98000 1.49463397
18.98500 1.49476217
18.99000 1.49489035
18.99500 1.49501850
19.00000 1.49514664
19.00500 1.49527475
19.01000 1.49540284
19.01500 1.49553091
19.02000 1.49565895
19.02500 1.49578698
19.03000 1.49591498
19.03500 1.49604296
19.04000 1.49617092
19.04500 1.49629886
19.05000 1.49642677
19.05500 1.49655466
19.06000 1.49668253
19.06500 1.49681038
19.07000 1.49693821
19.07500 1.49706601
19.08000 1.49719380
19.08500 1.49732156
19.09000 1.49744930
19.09500 1.49757701
19.10000 1.49770471
19.10500 1.49783238
19.11000 1.49796003
19.11500 1.49808766
19.12000 1.49821527
19.12500 1.49834286
19.13000 1.49847042
19.13500 1.49859796
19.14000 1.49872549
19.14500 1.49885298
19.15000 1.49898046
19.15500 1.49910792
19.16000 1.49923535
19.16500 1.49936276
19.17000 1.49949015
19.17500 1.49961752
19.18000 1.49974487
19.18500 1.49987219
19.19000 1.49999950
19.19500 1.50012678
19.20000 1.50025404
19.20500 1.50038128
19.21000 1.50050849
19.21500 1.50063569
19.22000 1.50076286
19.22500 1.50089001
19.23000 1.50101714
19.23500 1.50114425
19.24000 1.50127134
19.24500 1.50139840
19.25000 1.50152545
19.25500 1.50165247
19.26000 1.50177947
19.26500 1.50190645
19.27000 1.50203341
19.27500 1.50216034
19.28000 1.50228726
19.28500 1.50241415
19.29000 1.50254102
19.29500 1.50266787
19.30000 1.50279470
19.30500 1.50292150
19.31000 1.50304829
19.31500 1.50317505
19.32000 1.50330180
19.32500 1.50342852
19.33000 1.50355522
19.33500 1.50368190
19.34000 1.50380855
19.34500 1.50393519
19.35000 1.50406180
19.35500 1.50418839
19.36000 1.50431496
19.36500 1.50444151
19.37000 1.50456804
19.37500 1.50469455
19.38000 1.50482103
19.38500 1.50494750
19.39000 1.50507394
19.39500 1.50520036
19.40000 1.50532676
19.40500 1.50545314
19.41000 1.50557950
19.41500 1.50570584
19.42000 1.50583215
19.42500 1.50595845
19.43000 1.50608472
19.43500 1.50621097
19.44000 1.50633720
19.44500 1.50646341
19.45000 1.50658960
19.45500 1.50671576
19.46000 1.50684191
19.46500 1.50696803
19.47000 1.50709414
19.47500 1.50722022
19.48000 1.50734628
19.48500 1.50747232
19.49000 1.50759834
19.49500 1.50772433
19.50000 1.50785031
19.50500 1.50797626
19.51000 1.50810220
19.51500 1.50822811
19.52000 1.50835400
19.52500 1.50847987
19.53000 1.50860572
19.53500 1.50873155
19.54000 1.50885736
19.54500 1.50898314
19.55000 1.50910891
19.55500 1.50923465
19.56000 1.50936037
19.56500 1.50948608
19.57000 1.50961176
19.57500 1.50973742
19.58000 1.50986306
19.58500 1.50998867
19.59000 1.51011427
19.59500 1.51023985
19.60000 1.51036540
19.60500 1.51049094
19.61000 1.51061645
19.61500 1.51074194
19.62000 1.51086741
19.62500 1.51099286
19.63000 1.51111829
19.63500 1.51124370
19.64000 1.51136909
19.64500 1.51149446
19.65000 1.51161980
19.65500 1.51174513
19.66000 1.51187043
19.66500 1.51199572
19.67000 1.51212098
19.67500 1.51224622
19.68000 1.51237144
19.68500 1.51249664
19.69000 1.51262182
19.69500 1.51274698
19.70000 1.51287212
19.70500 1.51299723
19.71000 1.51312233
19.71500 1.51324740
19.72000 1.51337246
19.72500 1.51349749
19.73000 1.51362251
19.73500 1.51374750
19.74000 1.51387247
19.74500 1.51399742
19.75000 1.51412235
19.75500 1.51424726
19.76000 1.51437215
19.76500 1.51449702
19.77000 1.51462187
19.77500 1.51474669
19.78000 1.51487150
19.78500 1.51499629
19.79000 1.51512105
19.79500 1.51524580
19.80000 1.51537052
19.80500 1.51549522
19.81000 1.51561991
19.81500 1.51574457
19.82000 1.51586921
19.82500 1.51599383
19.83000 1.51611843
19.83500 1.51624301
19.84000 1.51636757
19.84500 1.51649211
19.85000 1.51661663
19.85500 1.51674112
19.86000 1.51686560
19.86500 1.51699006
19.87000 1.51711450
19.87500 1.51723891
19.88000 1.51736331
19.88500 1.51748768
19.89000 1.51761204
19.89500 1.51773637
19.90000 1.51786068
19.90500 1.51798498
19.91000 1.51810925
19.91500 1.51823350
19.92000 1.51835773
19.92500 1.51848194
19.93000 1.51860613
19.93500 1.51873030
19.94000 1.51885446
19.94500 1.51897858
19.95000 1.51910269
19.95500 1.51922678
19.96000 1.51935085
19.96500 1.51947490
19.97000 1.51959893
19.97500 1.51972294
19.98000 1.51984692
19.98500 1.51997089
19.99000 1.52009484
19.99500 1.52021876
20.00000 1.52034267
20.00500 1.52046656
20.01000 1.52059042
20.01500 1.52071427
20.02000 1.52083809
20.02500 1.52096190
20.03000 1.52108568
20.03500 1.52120945
20.04000 1.52133319
20.04500 1.52145692
20.05000 1.52158062
20.05500 1.52170431
20.06000 1.52182797
20.06500 1.52195161
20.07000 1.52207524
20.07500 1.52219884
20.08000 1.52232242
20.08500 1.52244598
20.09000 1.52256953
20.09500 1.52269305
20.10000 1.52281655
20.10500 1.52294004
20.11000 1.52306350
20.11500 1.52318694
20.12000 1.52331036
20.12500 1.52343376
20.13000 1.52355715
20.13500 1.52368051
20.14000 1.52380385
20.14500 1.52392717
20.15000 1.52405047
20.15500 1.52417376
20.16000 1.52429702
20.16500 1.52442026
20.17000 1.52454348
20.17500 1.52466668
20.18000 1.52478987
20.18500 1.52491303
20.19000 1.52503617
20.19500 1.52515929
20.20000 1.52528239
20.20500 1.52540548
20.21000 1.52552854
20.21500 1.52565158
20.22000 1.52577460
20.22500 1.52589761
20.23000 1.52602059
20.23500 1.52614355
20.24000 1.52626649
20.24500 1.52638942
20.25000 1.52651232
