0.25000 0.00000000
0.25500 0.01269467
0.26000 0.02530696
0.26500 0.03783951
0.27000 0.05029463
0.27500 0.06267461
0.28000 0.07498157
0.28500 0.08721755
0.29000 0.09938447
0.29500 0.11148418
0.30000 0.12351844
0.30500 0.13548891
0.31000 0.14739721
0.31500 0.15924485
0.32000 0.17103330
0.32500 0.18276395
0.33000 0.19443816
0.33500 0.20605720
0.34000 0.21762231
0.34500 0.22913466
0.35000 0.24059541
0.35500 0.25200563
0.36000 0.26336639
0.36500 0.27467869
0.37000 0.28594351
0.37500 0.29716178
0.38000 0.30833442
0.38500 0.31946229
0.39000 0.33054625
0.39500 0.34158709
0.40000 0.35258562
0.40500 0.36354259
0.41000 0.37445873
0.41500 0.38533476
0.42000 0.39617137
0.42500 0.40696923
0.43000 0.41772897
0.43500 0.42845124
0.44000 0.43913663
0.44500 0.44978573
0.45000 0.46039913
0.45500 0.47097737
0.46000 0.48152099
0.46500 0.49203053
0.47000 0.50250648
0.47500 0.51294935
0.48000 0.52335962
0.48500 0.53373775
0.49000 0.54408421
0.49500 0.55439944
0.50000 0.56468387
0.50500 0.57493793
0.51000 0.58516202
0.51500 0.59535655
0.52000 0.60552191
0.52500 0.61565848
0.53000 0.62576664
0.53500 0.63584674
0.54000 0.64589914
0.54500 0.65592419
0.55000 0.66592223
0.55500 0.67589359
0.56000 0.68583859
0.56500 0.69575754
0.57000 0.70565076
0.57500 0.71551855
0.58000 0.72536121
0.58500 0.73517901
0.59000 0.74497226
0.59500 0.75474122
0.60000 0.76448616
0.60500 0.77420735
0.61000 0.78390506
0.61500 0.79357953
0.62000 0.80323101
0.62500 0.81285976
0.63000 0.82246600
0.63500 0.83204999
0.64000 0.84161194
0.64500 0.85115208
0.65000 0.86067064
0.65500 0.87016783
0.66000 0.87964387
0.66500 0.88909896
0.67000 0.89853331
0.67500 0.90794714
0.68000 0.91734062
0.68500 0.92671396
0.69000 0.93606735
0.69500 0.94540098
0.70000 0.95471503
0.70500 0.96400969
0.71000 0.97328513
0.71500 0.98254153
0.72000 0.99177905
0.72500 1.00099788
0.73000 1.01019818
0.73500 1.01938011
0.74000 1.02854383
0.74500 1.03768950
0.75000 1.04681729
0.75500 1.05592733
0.76000 1.06501979
0.76500 1.07409481
0.77000 1.08315253
0.77500 1.09219311
0.78000 1.10121669
0.78500 1.11022340
0.79000 1.11921338
0.79500 1.12818678
0.80000 1.13714371
0.80500 1.14608432
0.81000 1.15500873
0.81500 1.16391708
0.82000 1.17280948
0.82500 1.18168606
0.83000 1.19054695
0.83500 1.19939226
0.84000 1.20822212
0.84500 1.21703664
0.85000 1.22583593
0.85500 1.23462012
0.86000 1.24338931
0.86500 1.25214362
0.87000 1.26088314
0.87500 1.26960800
0.88000 1.27831830
0.88500 1.28701414
0.89000 1.29569563
0.89500 1.30436287
0.90000 1.31301596
0.90500 1.32165500
0.91000 1.33028009
0.91500 1.33889132
0.92000 1.34748880
0.92500 1.35607261
0.93000 1.36464285
0.93500 1.37319961
0.94000 1.38174299
0.94500 1.39027307
0.95000 1.39878994
0.95500 1.40729370
0.96000 1.41578441
0.96500 1.42426219
0.97000 1.43272710
0.97500 1.44117923
0.98000 1.44961866
0.98500 1.45804548
0.99000 1.46645977
0.99500 1.47486160
1.00000 1.48325106
1.00500 1.49162821
1.01000 1.49999315
1.01500 1.50834595
1.02000 1.51668668
1.02500 1.52501541
1.03000 1.53333222
1.03500 1.54163718
1.04000 1.54993037
1.04500 1.55821186
1.05000 1.56648171
1.05500 1.57473999
1.06000 1.58298678
1.06500 1.59122214
1.07000 1.59944615
1.07500 1.60765885
1.08000 1.61586034
1.08500 1.62405065
1.09000 1.63222988
1.09500 1.64039806
1.10000 1.64855528
1.10500 1.65670159
1.11000 1.66483705
1.11500 1.67296173
1.12000 1.68107569
1.12500 1.68917898
1.13000 1.69727166
1.13500 1.70535380
1.14000 1.71342545
1.14500 1.72148668
1.15000 1.72953753
1.15500 1.73757806
1.16000 1.74560833
1.16500 1.75362840
1.17000 1.76163832
1.17500 1.76963814
1.18000 1.77762792
1.18500 1.78560771
1.19000 1.79357756
1.19500 1.80153753
1.20000 1.80948767
1.20500 1.81742803
1.21000 1.82535865
1.21500 1.83327960
1.22000 1.84119092
1.22500 1.84909266
1.23000 1.85698486
1.23500 1.86486758
1.24000 1.87274087
1.24500 1.88060477
1.25000 1.88845933
1.25500 1.89630459
1.26000 1.90414061
1.26500 1.91196743
1.27000 1.91978509
1.27500 1.92759363
1.28000 1.93539312
1.28500 1.94318358
1.29000 1.95096506
1.29500 1.95873760
1.30000 1.96650126
1.30500 1.97425606
1.31000 1.98200206
1.31500 1.98973930
1.32000 1.99746781
1.32500 2.00518764
1.33000 2.01289882
1.33500 2.02060141
1.34000 2.02829544
1.34500 2.03598095
1.35000 2.04365797
1.35500 2.05132656
1.36000 2.05898674
1.36500 2.06663856
1.37000 2.07428205
1.37500 2.08191726
1.38000 2.08954421
1.38500 2.09716295
1.39000 2.10477352
1.39500 2.11237594
1.40000 2.11997027
1.40500 2.12755652
1.41000 2.13513475
1.41500 2.14270498
1.42000 2.15026725
1.42500 2.15782159
1.43000 2.16536805
1.43500 2.17290665
1.44000 2.18043742
1.44500 2.18796041
1.45000 2.19547565
1.45500 2.20298316
1.46000 2.21048299
1.46500 2.21797516
1.47000 2.22545971
1.47500 2.23293666
1.48000 2.24040606
1.48500 2.24786794
1.49000 2.25532232
1.49500 2.26276923
1.50000 2.27020872
1.50500 2.27764080
1.51000 2.28506551
1.51500 2.29248289
1.52000 2.29989295
1.52500 2.30729573
1.53000 2.31469127
1.53500 2.32207958
1.54000 2.32946070
1.54500 2.33683466
1.55000 2.34420149
1.55500 2.35156121
1.56000 2.35891386
1.56500 2.36625946
1.57000 2.37359804
1.57500 2.38092963
1.58000 2.38825425
1.58500 2.39557194
1.59000 2.40288272
1.59500 2.41018662
1.60000 2.41748366
1.60500 2.42477387
1.61000 2.43205729
1.61500 2.43933392
1.62000 2.44660381
1.62500 2.45386698
1.63000 2.46112344
1.63500 2.46837324
1.64000 2.47561639
1.64500 2.48285291
1.65000 2.49008285
1.65500 2.49730621
1.66000 2.50452302
1.66500 2.51173332
1.67000 2.51893711
1.67500 2.52613443
1.68000 2.53332531
1.68500 2.54050976
1.69000 2.54768781
1.69500 2.55485948
1.70000 2.56202479
1.70500 2.56918378
1.71000 2.57633646
1.71500 2.58348285
1.72000 2.59062299
1.72500 2.59775688
1.73000 2.60488456
1.73500 2.61200604
1.74000 2.61912136
1.74500 2.62623052
1.75000 2.63333356
1.75500 2.64043049
1.76000 2.64752133
1.76500 2.65460612
1.77000 2.66168486
1.77500 2.66875758
1.78000 2.67582431
1.78500 2.68288506
1.79000 2.68993985
1.79500 2.69698871
1.80000 2.70403165
1.80500 2.71106869
1.81000 2.71809987
1.81500 2.72512519
1.82000 2.73214467
1.82500 2.73915834
1.83000 2.74616622
1.83500 2.75316832
1.84000 2.76016467
1.84500 2.76715529
1.85000 2.77414019
1.85500 2.78111939
1.86000 2.78809292
1.86500 2.79506079
1.87000 2.80202302
1.87500 2.80897963
1.88000 2.81593063
1.88500 2.82287606
1.89000 2.82981592
1.89500 2.83675024
1.90000 2.84367903
1.90500 2.85060230
1.91000 2.85752009
1.91500 2.86443241
1.92000 2.87133926
1.92500 2.87824069
1.93000 2.88513669
1.93500 2.89202729
1.94000 2.89891250
1.94500 2.90579234
1.95000 2.91266684
1.95500 2.91953600
1.96000 2.92639985
1.96500 2.93325839
1.97000 2.94011166
1.97500 2.94695966
1.98000 2.95380241
1.98500 2.96063992
1.99000 2.96747222
1.99500 2.97429932
2.00000 2.98112124
2.00500 2.98793799
2.01000 2.99474959
2.01500 3.00155606
2.02000 3.00835740
2.02500 3.01515365
2.03000 3.02194480
2.03500 3.02873089
2.04000 3.03551192
2.04500 3.04228790
2.05000 3.04905886
2.05500 3.05582482
2.06000 3.06258577
2.06500 3.06934175
2.07000 3.07609277
2.07500 3.08283883
2.08000 3.08957996
2.08500 3.09631617
2.09000 3.10304748
2.09500 3.10977389
2.10000 3.11649543
2.10500 3.12321211
2.11000 3.12992394
2.11500 3.13663095
2.12000 3.14333313
2.12500 3.15003051
2.13000 3.15672310
2.13500 3.16341091
2.14000 3.17009396
2.14500 3.17677227
2.15000 3.18344584
2.15500 3.19011469
2.16000 3.19677884
2.16500 3.20343829
2.17000 3.21009306
2.17500 3.21674317
2.18000 3.22338863
2.18500 3.23002945
2.19000 3.23666564
2.19500 3.24329722
2.20000 3.24992420
2.20500 3.25654660
2.21000 3.26316442
2.21500 3.26977769
2.22000 3.27638640
2.22500 3.28299058
2.23000 3.28959025
2.23500 3.29618540
2.24000 3.30277605
2.24500 3.30936223
2.25000 3.31594393
2.25500 3.32252117
2.26000 3.32909397
2.26500 3.33566233
2.27000 3.34222628
2.27500 3.34878581
2.28000 3.35534095
2.28500 3.36189170
2.29000 3.36843807
2.29500 3.37498009
2.30000 3.38151776
2.30500 3.38805109
2.31000 3.39458010
2.31500 3.40110479
2.32000 3.40762518
2.32500 3.41414128
2.33000 3.42065310
2.33500 3.42716065
2.34000 3.43366395
2.34500 3.44016300
2.35000 3.44665782
2.35500 3.45314842
2.36000 3.45963480
2.36500 3.46611699
2.37000 3.47259499
2.37500 3.47906881
2.38000 3.48553847
2.38500 3.49200397
2.39000 3.49846533
2.39500 3.50492255
2.40000 3.51137565
2.40500 3.51782464
2.41000 3.52426953
2.41500 3.53071033
2.42000 3.53714705
2.42500 3.54357970
2.43000 3.55000829
2.43500 3.55643283
2.44000 3.56285334
2.44500 3.56926982
2.45000 3.57568228
2.45500 3.58209073
2.46000 3.58849519
2.46500 3.59489566
2.47000 3.60129216
2.47500 3.60768469
2.48000 3.61407327
2.48500 3.62045789
2.49000 3.62683859
2.49500 3.63321535
2.50000 3.63958821
2.50500 3.64595715
2.51000 3.65232220
2.51500 3.65868336
2.52000 3.66504065
2.52500 3.67139406
2.53000 3.67774362
2.53500 3.68408934
2.54000 3.69043121
2.54500 3.69676926
2.55000 3.70310348
2.55500 3.70943390
2.56000 3.71576051
2.56500 3.72208333
2.57000 3.72840237
2.57500 3.73471764
2.58000 3.74102914
2.58500 3.74733689
2.59000 3.75364090
2.59500 3.75994117
2.60000 3.76623771
2.60500 3.77253053
2.61000 3.77881964
2.61500 3.78510506
2.62000 3.79138678
2.62500 3.79766482
2.63000 3.80393918
2.63500 3.81020988
2.64000 3.81647692
2.64500 3.82274032
2.65000 3.82900008
2.65500 3.83525621
2.66000 3.84150871
2.66500 3.84775760
2.67000 3.85400289
2.67500 3.86024459
2.68000 3.86648269
2.68500 3.87271722
2.69000 3.87894817
2.69500 3.88517556
2.70000 3.89139940
2.70500 3.89761970
2.71000 3.90383645
2.71500 3.91004968
2.72000 3.91625938
2.72500 3.92246557
2.73000 3.92866826
2.73500 3.93486745
2.74000 3.94106315
2.74500 3.94725537
2.75000 3.95344412
2.75500 3.95962940
2.76000 3.96581123
2.76500 3.97198961
2.77000 3.97816455
2.77500 3.98433605
2.78000 3.99050413
2.78500 3.99666879
2.79000 4.00283004
2.79500 4.00898788
2.80000 4.01514234
2.80500 4.02129340
2.81000 4.02744109
2.81500 4.03358540
2.82000 4.03972635
2.82500 4.04586395
2.83000 4.05199819
2.83500 4.05812910
2.84000 4.06425666
2.84500 4.07038091
2.85000 4.07650183
2.85500 4.08261944
2.86000 4.08873374
2.86500 4.09484475
2.87000 4.10095246
2.87500 4.10705690
2.88000 4.11315805
2.88500 4.11925594
2.89000 4.12535057
2.89500 4.13144194
2.90000 4.13753007
2.90500 4.14361495
2.91000 4.14969660
2.91500 4.15577502
2.92000 4.16185023
2.92500 4.16792222
2.93000 4.17399101
2.93500 4.18005660
2.94000 4.18611899
2.94500 4.19217821
2.95000 4.19823424
2.95500 4.20428710
2.96000 4.21033680
2.96500 4.21638334
2.97000 4.22242673
2.97500 4.22846697
2.98000 4.23450408
2.98500 4.24053806
2.99000 4.24656891
2.99500 4.25259664
3.00000 4.25862126
3.00500 4.26464278
3.01000 4.27066120
3.01500 4.27667653
3.02000 4.28268877
3.02500 4.28869794
3.03000 4.29470403
3.03500 4.30070705
3.04000 4.30670702
3.04500 4.31270393
3.05000 4.31869780
3.05500 4.32468862
3.06000 4.33067641
3.06500 4.33666118
3.07000 4.34264292
3.07500 4.34862164
3.08000 4.35459736
3.08500 4.36057007
3.09000 4.36653979
3.09500 4.37250651
3.10000 4.37847025
3.10500 4.38443102
3.11000 4.39038880
3.11500 4.39634363
3.12000 4.40229549
3.12500 4.40824439
3.13000 4.41419035
3.13500 4.42013337
3.14000 4.42607345
3.14500 4.43201059
3.15000 4.43794482
3.15500 4.44387612
3.16000 4.44980451
3.16500 4.45572999
3.17000 4.46165257
3.17500 4.46757226
3.18000 4.47348905
3.18500 4.47940297
3.19000 4.48531400
3.19500 4.49122216
3.20000 4.49712745
3.20500 4.50302988
3.21000 4.50892945
3.21500 4.51482618
3.22000 4.52072006
3.22500 4.52661110
3.23000 4.53249931
3.23500 4.53838468
3.24000 4.54426724
3.24500 4.55014698
3.25000 4.55602391
3.25500 4.56189803
3.26000 4.56776935
3.26500 4.57363788
3.27000 4.57950361
3.27500 4.58536657
3.28000 4.59122674
3.28500 4.59708414
3.29000 4.60293877
3.29500 4.60879064
3.30000 4.61463975
3.30500 4.62048611
3.31000 4.62632972
3.31500 4.63217059
3.32000 4.63800873
3.32500 4.64384413
3.33000 4.64967681
3.33500 4.65550676
3.34000 4.66133400
3.34500 4.66715853
3.35000 4.67298035
3.35500 4.67879947
3.36000 4.68461590
3.36500 4.69042964
3.37000 4.69624069
3.37500 4.70204906
3.38000 4.70785476
3.38500 4.71365779
3.39000 4.71945815
3.39500 4.72525585
3.40000 4.73105090
3.40500 4.73684329
3.41000 4.74263304
3.41500 4.74842016
3.42000 4.75420463
3.42500 4.75998648
3.43000 4.76576569
3.43500 4.77154229
3.44000 4.77731627
3.44500 4.78308765
3.45000 4.78885641
3.45500 4.79462257
3.46000 4.80038614
3.46500 4.80614711
3.47000 4.81190550
3.47500 4.81766130
3.48000 4.82341453
3.48500 4.82916518
3.49000 4.83491327
3.49500 4.84065879
3.50000 4.84640175
3.50500 4.85214215
3.51000 4.85788001
3.51500 4.86361532
3.52000 4.86934809
3.52500 4.87507833
3.53000 4.88080603
3.53500 4.88653120
3.54000 4.89225386
3.54500 4.89797399
3.55000 4.90369161
3.55500 4.90940673
3.56000 4.91511933
3.56500 4.92082944
3.57000 4.92653705
3.57500 4.93224217
3.58000 4.93794481
3.58500 4.94364496
3.59000 4.94934263
3.59500 4.95503783
3.60000 4.96073056
3.60500 4.96642083
3.61000 4.97210863
3.61500 4.97779398
3.62000 4.98347688
3.62500 4.98915733
3.63000 4.99483533
3.63500 5.00051090
3.64000 5.00618403
3.64500 5.01185473
3.65000 5.01752301
3.65500 5.02318886
3.66000 5.02885229
3.66500 5.03451332
3.67000 5.04017193
3.67500 5.04582813
3.68000 5.05148194
3.68500 5.05713334
3.69000 5.06278236
3.69500 5.06842898
3.70000 5.07407323
3.70500 5.07971509
3.71000 5.08535457
3.71500 5.09099168
3.72000 5.09662642
3.72500 5.10225880
3.73000 5.10788882
3.73500 5.11351648
3.74000 5.11914179
3.74500 5.12476475
3.75000 5.13038537
3.75500 5.13600364
3.76000 5.14161958
3.76500 5.14723319
3.77000 5.15284447
3.77500 5.15845342
3.78000 5.16406005
3.78500 5.16966437
3.79000 5.17526637
3.79500 5.18086607
3.80000 5.18646346
3.80500 5.19205854
3.81000 5.19765133
3.81500 5.20324183
3.82000 5.20883004
3.82500 5.21441596
3.83000 5.21999960
3.83500 5.22558096
3.84000 5.23116004
3.84500 5.23673685
3.85000 5.24231140
3.85500 5.24788368
3.86000 5.25345371
3.86500 5.25902148
3.87000 5.26458699
3.87500 5.27015026
3.88000 5.27571128
3.88500 5.28127006
3.89000 5.28682660
3.89500 5.29238091
3.90000 5.29793299
3.90500 5.30348284
3.91000 5.30903047
3.91500 5.31457588
3.92000 5.32011908
3.92500 5.32566006
3.93000 5.33119883
3.93500 5.33673540
3.94000 5.34226977
3.94500 5.34780194
3.95000 5.35333191
3.95500 5.35885970
3.96000 5.36438530
3.96500 5.36990871
3.97000 5.37542994
3.97500 5.38094900
3.98000 5.38646588
3.98500 5.39198059
3.99000 5.39749314
3.99500 5.40300352
4.00000 5.40851175
4.00500 5.41401782
4.01000 5.41952173
4.01500 5.42502350
4.02000 5.43052312
4.02500 5.43602060
4.03000 5.44151594
4.03500 5.44700914
4.04000 5.45250021
4.04500 5.45798915
4.05000 5.46347597
4.05500 5.46896067
4.06000 5.47444324
4.06500 5.47992370
4.07000 5.48540205
4.07500 5.49087829
4.08000 5.49635242
4.08500 5.50182445
4.09000 5.50729439
4.09500 5.51276222
4.10000 5.51822797
4.10500 5.52369162
4.11000 5.52915319
4.11500 5.53461268
4.12000 5.54007008
4.12500 5.54552541
4.13000 5.55097867
4.13500 5.55642986
4.14000 5.56187898
4.14500 5.56732603
4.15000 5.57277103
4.15500 5.57821397
4.16000 5.58365485
4.16500 5.58909368
4.17000 5.59453047
4.17500 5.59996521
4.18000 5.60539791
4.18500 5.61082857
4.19000 5.61625720
4.19500 5.62168379
4.20000 5.62710835
4.20500 5.63253089
4.21000 5.63795141
4.21500 5.64336990
4.22000 5.64878638
4.22500 5.65420084
4.23000 5.65961330
4.23500 5.66502374
4.24000 5.67043218
4.24500 5.67583862
4.25000 5.68124306
4.25500 5.68664551
4.26000 5.69204596
4.26500 5.69744442
4.27000 5.70284089
4.27500 5.70823539
4.28000 5.71362790
4.28500 5.71901843
4.29000 5.72440699
4.29500 5.72979357
4.30000 5.73517819
4.30500 5.74056084
4.31000 5.74594152
4.31500 5.75132025
4.32000 5.75669702
4.32500 5.76207183
4.33000 5.76744469
4.33500 5.77281561
4.34000 5.77818458
4.34500 5.78355160
4.35000 5.78891668
4.35500 5.79427983
4.36000 5.79964104
4.36500 5.80500032
4.37000 5.81035767
4.37500 5.81571310
4.38000 5.82106660
4.38500 5.82641818
4.39000 5.83176785
4.39500 5.83711559
4.40000 5.84246143
4.40500 5.84780536
4.41000 5.85314738
4.41500 5.85848749
4.42000 5.86382571
4.42500 5.86916203
4.43000 5.87449645
4.43500 5.87982898
4.44000 5.88515962
4.44500 5.89048837
4.45000 5.89581523
4.45500 5.90114022
4.46000 5.90646332
4.46500 5.91178455
4.47000 5.91710391
4.47500 5.92242139
4.48000 5.92773700
4.48500 5.93305075
4.49000 5.93836264
4.49500 5.94367266
4.50000 5.94898083
4.50500 5.95428714
4.51000 5.95959160
4.51500 5.96489421
4.52000 5.97019497
4.52500 5.97549388
4.53000 5.98079096
4.53500 5.98608619
4.54000 5.99137959
4.54500 5.99667115
4.55000 6.00196088
4.55500 6.00724878
4.56000 6.01253485
4.56500 6.01781910
4.57000 6.02310153
4.57500 6.02838214
4.58000 6.03366093
4.58500 6.03893791
4.59000 6.04421308
4.59500 6.04948644
4.60000 6.05475799
4.60500 6.06002774
4.61000 6.06529568
4.61500 6.07056183
4.62000 6.07582618
4.62500 6.08108874
4.63000 6.08634950
4.63500 6.09160848
4.64000 6.09686567
4.64500 6.10212107
4.65000 6.10737470
4.65500 6.11262654
4.66000 6.11787661
4.66500 6.12312490
4.67000 6.12837142
4.67500 6.13361617
4.68000 6.13885916
4.68500 6.14410038
4.69000 6.14933984
4.69500 6.15457753
4.70000 6.15981347
4.70500 6.16504766
4.71000 6.17028009
4.71500 6.17551077
4.72000 6.18073971
4.72500 6.18596690
4.73000 6.19119234
4.73500 6.19641605
4.74000 6.20163801
4.74500 6.20685824
4.75000 6.21207674
4.75500 6.21729351
4.76000 6.22250854
4.76500 6.22772185
4.77000 6.23293344
4.77500 6.23814330
4.78000 6.24335144
4.78500 6.24855787
4.79000 6.25376257
4.79500 6.25896557
4.80000 6.26416686
4.80500 6.26936643
4.81000 6.27456431
4.81500 6.27976047
4.82000 6.28495494
4.82500 6.29014771
4.83000 6.29533878
4.83500 6.30052815
4.84000 6.30571583
4.84500 6.31090182
4.85000 6.31608613
4.85500 6.32126874
4.86000 6.32644968
4.86500 6.33162893
4.87000 6.33680650
4.87500 6.34198240
4.88000 6.34715662
4.88500 6.35232917
4.89000 6.35750005
4.89500 6.36266926
4.90000 6.36783680
4.90500 6.37300268
4.91000 6.37816690
4.91500 6.38332946
4.92000 6.38849036
4.92500 6.39364961
4.93000 6.39880720
4.93500 6.40396314
4.94000 6.40911743
4.94500 6.41427008
4.95000 6.41942108
4.95500 6.42457044
4.96000 6.42971816
4.96500 6.43486424
4.97000 6.44000869
4.97500 6.44515150
4.98000 6.45029268
4.98500 6.45543223
4.99000 6.46057015
4.99500 6.46570644
5.00000 6.47084112
5.00500 6.47597417
5.01000 6.48110560
5.01500 6.48623541
5.02000 6.49136361
5.02500 6.49649020
5.03000 6.50161518
5.03500 6.50673854
5.04000 6.51186030
5.04500 6.51698046
5.05000 6.52209901
5.05500 6.52721596
5.06000 6.53233131
5.06500 6.53744506
5.07000 6.54255722
5.07500 6.54766779
5.08000 6.55277677
5.08500 6.55788416
5.09000 6.56298996
5.09500 6.56809417
5.10000 6.57319681
5.10500 6.57829786
5.11000 6.58339734
5.11500 6.58849523
5.12000 6.59359156
5.12500 6.59868630
5.13000 6.60377948
5.13500 6.60887109
5.14000 6.61396114
5.14500 6.61904961
5.15000 6.62413653
5.15500 6.62922188
5.16000 6.63430568
5.16500 6.63938791
5.17000 6.64446860
5.17500 6.64954773
5.18000 6.65462530
5.18500 6.65970133
5.19000 6.66477581
5.19500 6.66984874
5.20000 6.67492014
5.20500 6.67998998
5.21000 6.68505829
5.21500 6.69012506
5.22000 6.69519030
5.22500 6.70025400
5.23000 6.70531617
5.23500 6.71037680
5.24000 6.71543591
5.24500 6.72049349
5.25000 6.72554955
5.25500 6.73060408
5.26000 6.73565710
5.26500 6.74070859
5.27000 6.74575856
5.27500 6.75080702
5.28000 6.75585397
5.28500 6.76089940
5.29000 6.76594333
5.29500 6.77098574
5.30000 6.77602665
5.30500 6.78106606
5.31000 6.78610396
5.31500 6.79114036
5.32000 6.79617526
5.32500 6.80120867
5.33000 6.80624058
5.33500 6.81127099
5.34000 6.81629991
5.34500 6.82132735
5.35000 6.82635329
5.35500 6.83137775
5.36000 6.83640072
5.36500 6.84142221
5.37000 6.84644222
5.37500 6.85146075
5.38000 6.85647780
5.38500 6.86149337
5.39000 6.86650748
5.39500 6.87152010
5.40000 6.87653126
5.40500 6.88154095
5.41000 6.88654917
5.41500 6.89155593
5.42000 6.89656122
5.42500 6.90156505
5.43000 6.90656742
5.43500 6.91156833
5.44000 6.91656779
5.44500 6.92156579
5.45000 6.92656233
5.45500 6.93155743
5.46000 6.93655107
5.46500 6.94154327
5.47000 6.94653402
5.47500 6.95152332
5.48000 6.95651119
5.48500 6.96149761
5.49000 6.96648259
5.49500 6.97146613
5.50000 6.97644823
5.50500 6.98142891
5.51000 6.98640814
5.51500 6.99138595
5.52000 6.99636233
5.52500 7.00133728
5.53000 7.00631080
5.53500 7.01128290
5.54000 7.01625357
5.54500 7.02122283
5.55000 7.02619066
5.55500 7.03115707
5.56000 7.03612207
5.56500 7.04108566
5.57000 7.04604783
5.57500 7.05100859
5.58000 7.05596794
5.58500 7.06092588
5.59000 7.06588241
5.59500 7.07083754
5.60000 7.07579127
5.60500 7.08074359
5.61000 7.08569451
5.61500 7.09064404
5.62000 7.09559217
5.62500 7.10053890
5.63000 7.10548424
5.63500 7.11042818
5.64000 7.11537074
5.64500 7.12031190
5.65000 7.12525168
5.65500 7.13019007
5.66000 7.13512708
5.66500 7.14006271
5.67000 7.14499695
5.67500 7.14992982
5.68000 7.15486130
5.68500 7.15979141
5.69000 7.16472015
5.69500 7.16964751
5.70000 7.17457350
5.70500 7.17949812
5.71000 7.18442137
5.71500 7.18934325
5.72000 7.19426377
5.72500 7.19918292
5.73000 7.20410071
5.73500 7.20901714
5.74000 7.21393221
5.74500 7.21884593
5.75000 7.22375828
5.75500 7.22866928
5.76000 7.23357893
5.76500 7.23848722
5.77000 7.24339417
5.77500 7.24829976
5.78000 7.25320401
5.78500 7.25810691
5.79000 7.26300847
5.79500 7.26790868
5.80000 7.27280756
5.80500 7.27770509
5.81000 7.28260129
5.81500 7.28749614
5.82000 7.29238966
5.82500 7.29728185
5.83000 7.30217271
5.83500 7.30706223
5.84000 7.31195043
5.84500 7.31683729
5.85000 7.32172283
5.85500 7.32660705
5.86000 7.33148994
5.86500 7.33637150
5.87000 7.34125175
5.87500 7.34613068
5.88000 7.35100829
5.88500 7.35588458
5.89000 7.36075956
5.89500 7.36563322
5.90000 7.37050558
5.90500 7.37537662
5.91000 7.38024635
5.91500 7.38511477
5.92000 7.38998189
5.92500 7.39484770
5.93000 7.39971221
5.93500 7.40457541
5.94000 7.40943732
5.94500 7.41429793
5.95000 7.41915723
5.95500 7.42401524
5.96000 7.42887196
5.96500 7.43372738
5.97000 7.43858151
5.97500 7.44343435
5.98000 7.44828590
5.98500 7.45313616
5.99000 7.45798513
5.99500 7.46283282
6.00000 7.46767922
6.00500 7.47252434
6.01000 7.47736818
6.01500 7.48221074
6.02000 7.48705202
6.02500 7.49189203
6.03000 7.49673075
6.03500 7.50156821
6.04000 7.50640439
6.04500 7.51123930
6.05000 7.51607293
6.05500 7.52090530
6.06000 7.52573640
6.06500 7.53056624
6.07000 7.53539481
6.07500 7.54022211
6.08000 7.54504816
6.08500 7.54987294
6.09000 7.55469646
6.09500 7.55951872
6.10000 7.56433973
6.10500 7.56915948
6.11000 7.57397798
6.11500 7.57879522
6.12000 7.58361122
6.12500 7.58842596
6.13000 7.59323945
6.13500 7.59805170
6.14000 7.60286269
6.14500 7.60767245
6.15000 7.61248096
6.15500 7.61728822
6.16000 7.62209425
6.16500 7.62689903
6.17000 7.63170258
6.17500 7.63650489
6.18000 7.64130596
6.18500 7.64610580
6.19000 7.65090441
6.19500 7.65570178
6.20000 7.66049792
6.20500 7.66529283
6.21000 7.67008652
6.21500 7.67487897
6.22000 7.67967020
6.22500 7.68446021
6.23000 7.68924899
6.23500 7.69403655
6.24000 7.69882290
6.24500 7.70360802
6.25000 7.70839192
6.25500 7.71317460
6.26000 7.71795607
6.26500 7.72273633
6.27000 7.72751537
6.27500 7.73229320
6.28000 7.73706982
6.28500 7.74184523
6.29000 7.74661943
6.29500 7.75139243
6.30000 7.75616421
6.30500 7.76093480
6.31000 7.76570418
6.31500 7.77047236
6.32000 7.77523934
6.32500 7.78000511
6.33000 7.78476969
6.33500 7.78953308
6.34000 7.79429526
6.34500 7.79905626
6.35000 7.80381606
6.35500 7.80857466
6.36000 7.81333208
6.36500 7.81808830
6.37000 7.82284334
6.37500 7.82759719
6.38000 7.83234985
6.38500 7.83710133
6.39000 7.84185162
6.39500 7.84660073
6.40000 7.85134866
6.40500 7.85609541
6.41000 7.86084098
6.41500 7.86558537
6.42000 7.87032859
6.42500 7.87507063
6.43000 7.87981150
6.43500 7.88455119
6.44000 7.88928971
6.44500 7.89402706
6.45000 7.89876324
6.45500 7.90349825
6.46000 7.90823209
6.46500 7.91296477
6.47000 7.91769628
6.47500 7.92242663
6.48000 7.92715582
6.48500 7.93188385
6.49000 7.93661071
6.49500 7.94133642
6.50000 7.94606096
6.50500 7.95078435
6.51000 7.95550659
6.51500 7.96022767
6.52000 7.96494759
6.52500 7.96966637
6.53000 7.97438399
6.53500 7.97910046
6.54000 7.98381579
6.54500 7.98852996
6.55000 7.99324299
6.55500 7.99795488
6.56000 8.00266562
6.56500 8.00737521
6.57000 8.01208367
6.57500 8.01679098
6.58000 8.02149716
6.58500 8.02620219
6.59000 8.03090609
6.59500 8.03560885
6.60000 8.04031047
6.60500 8.04501096
6.61000 8.04971032
6.61500 8.05440855
6.62000 8.05910564
6.62500 8.06380161
6.63000 8.06849644
6.63500 8.07319015
6.64000 8.07788273
6.64500 8.08257419
6.65000 8.08726452
6.65500 8.09195373
6.66000 8.09664181
6.66500 8.10132878
6.67000 8.10601462
6.67500 8.11069935
6.68000 8.11538296
6.68500 8.12006545
6.69000 8.12474683
6.69500 8.12942709
6.70000 8.13410623
6.70500 8.13878427
6.71000 8.14346119
6.71500 8.14813701
6.72000 8.15281171
6.72500 8.15748531
6.73000 8.16215780
6.73500 8.16682918
6.74000 8.17149946
6.74500 8.17616863
6.75000 8.18083670
6.75500 8.18550367
6.76000 8.19016954
6.76500 8.19483431
6.77000 8.19949798
6.77500 8.20416055
6.78000 8.20882202
6.78500 8.21348240
6.79000 8.21814169
6.79500 8.22279988
6.80000 8.22745698
6.80500 8.23211299
6.81000 8.23676791
6.81500 8.24142174
6.82000 8.24607448
6.82500 8.25072613
6.83000 8.25537670
6.83500 8.26002618
6.84000 8.26467458
6.84500 8.26932189
6.85000 8.27396812
6.85500 8.27861328
6.86000 8.28325735
6.86500 8.28790034
6.87000 8.29254225
6.87500 8.29718309
6.88000 8.30182285
6.88500 8.30646154
6.89000 8.31109915
6.89500 8.31573569
6.90000 8.32037116
6.90500 8.32500555
6.91000 8.32963888
6.91500 8.33427114
6.92000 8.33890233
6.92500 8.34353245
6.93000 8.34816151
6.93500 8.35278950
6.94000 8.35741643
6.94500 8.36204229
6.95000 8.36666710
6.95500 8.37129084
6.96000 8.37591352
6.96500 8.38053514
6.97000 8.38515571
6.97500 8.38977522
6.98000 8.39439367
6.98500 8.39901106
6.99000 8.40362741
6.99500 8.40824270
7.00000 8.41285693
7.00500 8.41747012
7.01000 8.42208225
7.01500 8.42669334
7.02000 8.43130338
7.02500 8.43591237
7.03000 8.44052032
7.03500 8.44512721
7.04000 8.44973307
7.04500 8.45433788
7.05000 8.45894165
7.05500 8.46354438
7.06000 8.46814606
7.06500 8.47274671
7.07000 8.47734632
7.07500 8.48194489
7.08000 8.48654242
7.08500 8.49113892
7.09000 8.49573438
7.09500 8.50032881
7.10000 8.50492221
7.10500 8.50951457
7.11000 8.51410591
7.11500 8.51869621
7.12000 8.52328548
7.12500 8.52787373
7.13000 8.53246094
7.13500 8.53704714
7.14000 8.54163230
7.14500 8.54621644
7.15000 8.55079956
7.15500 8.55538166
7.16000 8.55996273
7.16500 8.56454278
7.17000 8.56912181
7.17500 8.57369983
7.18000 8.57827682
7.18500 8.58285280
7.19000 8.58742776
7.19500 8.59200171
7.20000 8.59657464
7.20500 8.60114656
7.21000 8.60571746
7.21500 8.61028736
7.22000 8.61485624
7.22500 8.61942411
7.23000 8.62399098
7.23500 8.62855683
7.24000 8.63312168
7.24500 8.63768552
7.25000 8.64224836
7.25500 8.64681019
7.26000 8.65137102
7.26500 8.65593085
7.27000 8.66048967
7.27500 8.66504750
7.28000 8.66960432
7.28500 8.67416014
7.29000 8.67871497
7.29500 8.68326880
7.30000 8.68782163
7.30500 8.69237347
7.31000 8.69692431
7.31500 8.70147416
7.32000 8.70602301
7.32500 8.71057088
7.33000 8.71511775
7.33500 8.71966363
7.34000 8.72420852
7.34500 8.72875243
7.35000 8.73329534
7.35500 8.73783727
7.36000 8.74237822
7.36500 8.74691817
7.37000 8.75145715
7.37500 8.75599514
7.38000 8.76053215
7.38500 8.76506817
7.39000 8.76960322
7.39500 8.77413729
7.40000 8.77867037
7.40500 8.78320248
7.41000 8.78773361
7.41500 8.79226377
7.42000 8.79679295
7.42500 8.80132115
7.43000 8.80584838
7.43500 8.81037464
7.44000 8.81489992
7.44500 8.81942424
7.45000 8.82394758
7.45500 8.82846995
7.46000 8.83299136
7.46500 8.83751180
7.47000 8.84203127
7.47500 8.84654977
7.48000 8.85106731
7.48500 8.85558388
7.49000 8.86009949
7.49500 8.86461413
7.50000 8.86912782
7.50500 8.87364054
7.51000 8.87815230
7.51500 8.88266311
7.52000 8.88717295
7.52500 8.89168184
7.53000 8.89618977
7.53500 8.90069674
7.54000 8.90520275
7.54500 8.90970782
7.55000 8.91421193
7.55500 8.91871508
7.56000 8.92321728
7.56500 8.92771853
7.57000 8.93221884
7.57500 8.93671819
7.58000 8.94121659
7.58500 8.94571404
7.59000 8.95021055
7.59500 8.95470611
7.60000 8.95920072
7.60500 8.96369439
7.61000 8.96818712
7.61500 8.97267890
7.62000 8.97716974
7.62500 8.98165964
7.63000 8.98614859
7.63500 8.99063661
7.64000 8.99512369
7.64500 8.99960983
7.65000 9.00409503
7.65500 9.00857929
7.66000 9.01306262
7.66500 9.01754501
7.67000 9.02202647
7.67500 9.02650699
7.68000 9.03098659
7.68500 9.03546524
7.69000 9.03994297
7.69500 9.04441977
7.70000 9.04889564
7.70500 9.05337057
7.71000 9.05784458
7.71500 9.06231767
7.72000 9.06678982
7.72500 9.07126105
7.73000 9.07573136
7.73500 9.08020074
7.74000 9.08466919
7.74500 9.08913673
7.75000 9.09360334
7.75500 9.09806903
7.76000 9.10253380
7.76500 9.10699765
7.77000 9.11146058
7.77500 9.11592259
7.78000 9.12038369
7.78500 9.12484387
7.79000 9.12930313
7.79500 9.13376148
7.80000 9.13821891
7.80500 9.14267543
7.81000 9.14713104
7.81500 9.15158573
7.82000 9.15603952
7.82500 9.16049239
7.83000 9.16494435
7.83500 9.16939541
7.84000 9.17384555
7.84500 9.17829479
7.85000 9.18274312
7.85500 9.18719055
7.86000 9.19163707
7.86500 9.19608268
7.87000 9.20052739
7.87500 9.20497120
7.88000 9.20941411
7.88500 9.21385611
7.89000 9.21829722
7.89500 9.22273742
7.90000 9.22717672
7.90500 9.23161513
7.91000 9.23605264
7.91500 9.24048925
7.92000 9.24492496
7.92500 9.24935978
7.93000 9.25379370
7.93500 9.25822673
7.94000 9.26265887
7.94500 9.26709011
7.95000 9.27152046
7.95500 9.27594992
7.96000 9.28037849
7.96500 9.28480617
7.97000 9.28923296
7.97500 9.29365886
7.98000 9.29808387
7.98500 9.30250800
7.99000 9.30693124
7.99500 9.31135359
8.00000 9.31577506
8.00500 9.32019565
8.01000 9.32461535
8.01500 9.32903417
8.02000 9.33345211
8.02500 9.33786917
8.03000 9.34228534
8.03500 9.34670064
8.04000 9.35111506
8.04500 9.35552860
8.05000 9.35994126
8.05500 9.36435304
8.06000 9.36876395
8.06500 9.37317398
8.07000 9.37758314
8.07500 9.38199142
8.08000 9.38639884
8.08500 9.39080537
8.09000 9.39521104
8.09500 9.39961583
8.10000 9.40401976
8.10500 9.40842281
8.11000 9.41282499
8.11500 9.41722631
8.12000 9.42162676
8.12500 9.42602634
8.13000 9.43042505
8.13500 9.43482290
8.14000 9.43921988
8.14500 9.44361600
8.15000 9.44801126
8.15500 9.45240565
8.16000 9.45679918
8.16500 9.46119185
8.17000 9.46558366
8.17500 9.46997461
8.18000 9.47436469
8.18500 9.47875392
8.19000 9.48314229
8.19500 9.48752980
8.20000 9.49191646
8.20500 9.49630226
8.21000 9.50068721
8.21500 9.50507130
8.22000 9.50945453
8.22500 9.51383691
8.23000 9.51821844
8.23500 9.52259912
8.24000 9.52697894
8.24500 9.53135792
8.25000 9.53573604
8.25500 9.54011332
8.26000 9.54448975
8.26500 9.54886532
8.27000 9.55324006
8.27500 9.55761394
8.28000 9.56198698
8.28500 9.56635917
8.29000 9.57073052
8.29500 9.57510102
8.30000 9.57947068
8.30500 9.58383950
8.31000 9.58820747
8.31500 9.59257461
8.32000 9.59694090
8.32500 9.60130635
8.33000 9.60567097
8.33500 9.61003474
8.34000 9.61439768
8.34500 9.61875978
8.35000 9.62312104
8.35500 9.62748147
8.36000 9.63184106
8.36500 9.63619981
8.37000 9.64055773
8.37500 9.64491482
8.38000 9.64927107
8.38500 9.65362649
8.39000 9.65798108
8.39500 9.66233484
8.40000 9.66668777
8.40500 9.67103987
8.41000 9.67539114
8.41500 9.67974158
8.42000 9.68409119
8.42500 9.68843998
8.43000 9.69278794
8.43500 9.69713507
8.44000 9.70148138
8.44500 9.70582686
8.45000 9.71017152
8.45500 9.71451536
8.46000 9.71885837
8.46500 9.72320056
8.47000 9.72754193
8.47500 9.73188248
8.48000 9.73622221
8.48500 9.74056112
8.49000 9.74489921
8.49500 9.74923648
8.50000 9.75357294
8.50500 9.75790857
8.51000 9.76224339
8.51500 9.76657740
8.52000 9.77091059
8.52500 9.77524296
8.53000 9.77957452
8.53500 9.78390527
8.54000 9.78823520
8.54500 9.79256432
8.55000 9.79689263
8.55500 9.80122013
8.56000 9.80554682
8.56500 9.80987270
8.57000 9.81419777
8.57500 9.81852204
8.58000 9.82284549
8.58500 9.82716814
8.59000 9.83148998
8.59500 9.83581101
8.60000 9.84013124
8.60500 9.84445067
8.61000 9.84876929
8.61500 9.85308710
8.62000 9.85740412
8.62500 9.86172033
8.63000 9.86603574
8.63500 9.87035035
8.64000 9.87466415
8.64500 9.87897716
8.65000 9.88328937
8.65500 9.88760078
8.66000 9.89191139
8.66500 9.89622121
8.67000 9.90053022
8.67500 9.90483844
8.68000 9.90914587
8.68500 9.91345250
8.69000 9.91775834
8.69500 9.92206338
8.70000 9.92636762
8.70500 9.93067108
8.71000 9.93497374
8.71500 9.93927561
8.72000 9.94357670
8.72500 9.94787699
8.73000 9.95217649
8.73500 9.95647520
8.74000 9.96077312
8.74500 9.96507025
8.75000 9.96936660
8.75500 9.97366216
8.76000 9.97795693
8.76500 9.98225092
8.77000 9.98654413
8.77500 9.99083654
8.78000 9.99512818
8.78500 9.99941903
8.79000 10.00370910
8.79500 10.00799838
8.80000 10.01228689
8.80500 10.01657461
8.81000 10.02086155
8.81500 10.02514772
8.82000 10.02943310
8.82500 10.03371770
8.83000 10.03800153
8.83500 10.04228458
8.84000 10.04656685
8.84500 10.05084835
8.85000 10.05512907
8.85500 10.05940901
8.86000 10.06368818
8.86500 10.06796657
8.87000 10.07224420
8.87500 10.07652104
8.88000 10.08079712
8.88500 10.08507242
8.89000 10.08934696
8.89500 10.09362072
8.90000 10.09789371
8.90500 10.10216593
8.91000 10.10643738
8.91500 10.11070807
8.92000 10.11497798
8.92500 10.11924713
8.93000 10.12351551
8.93500 10.12778313
8.94000 10.13204998
8.94500 10.13631606
8.95000 10.14058138
8.95500 10.14484594
8.96000 10.14910973
8.96500 10.15337276
8.97000 10.15763503
8.97500 10.16189653
8.98000 10.16615728
8.98500 10.17041726
8.99000 10.17467648
8.99500 10.17893495
9.00000 10.18319265
9.00500 10.18744959
9.01000 10.19170578
9.01500 10.19596121
9.02000 10.20021588
9.02500 10.20446980
9.03000 10.20872296
9.03500 10.21297537
9.04000 10.21722702
9.04500 10.22147791
9.05000 10.22572806
9.05500 10.22997745
9.06000 10.23422608
9.06500 10.23847397
9.07000 10.24272110
9.07500 10.24696749
9.08000 10.25121312
9.08500 10.25545800
9.09000 10.25970213
9.09500 10.26394552
9.10000 10.26818815
9.10500 10.27243004
9.11000 10.27667118
9.11500 10.28091158
9.12000 10.28515122
9.12500 10.28939013
9.13000 10.29362828
9.13500 10.29786570
9.14000 10.30210237
9.14500 10.30633829
9.15000 10.31057347
9.15500 10.31480791
9.16000 10.31904161
9.16500 10.32327457
9.17000 10.32750678
9.17500 10.33173826
9.18000 10.33596899
9.18500 10.34019899
9.19000 10.34442825
9.19500 10.34865677
9.20000 10.35288455
9.20500 10.35711159
9.21000 10.36133790
9.21500 10.36556347
9.22000 10.36978831
9.22500 10.37401241
9.23000 10.37823578
9.23500 10.38245841
9.24000 10.38668031
9.24500 10.39090148
9.25000 10.39512191
9.25500 10.39934161
9.26000 10.40356058
9.26500 10.40777882
9.27000 10.41199633
9.27500 10.41621311
9.28000 10.42042915
9.28500 10.42464448
9.29000 10.42885907
9.29500 10.43307293
9.30000 10.43728607
9.30500 10.44149848
9.31000 10.44571016
9.31500 10.44992112
9.32000 10.45413135
9.32500 10.45834086
9.33000 10.46254964
9.33500 10.46675770
9.34000 10.47096503
9.34500 10.47517165
9.35000 10.47937754
9.35500 10.48358271
9.36000 10.48778715
9.36500 10.49199088
9.37000 10.49619389
9.37500 10.50039617
9.38000 10.50459774
9.38500 10.50879859
9.39000 10.51299872
9.39500 10.51719813
9.40000 10.52139682
9.40500 10.52559480
9.41000 10.52979206
9.41500 10.53398861
9.42000 10.53818444
9.42500 10.54237956
9.43000 10.54657396
9.43500 10.55076764
9.44000 10.55496062
9.44500 10.55915288
9.45000 10.56334443
9.45500 10.56753526
9.46000 10.57172539
9.46500 10.57591480
9.47000 10.58010351
9.47500 10.58429150
9.48000 10.58847879
9.48500 10.59266536
9.49000 10.59685123
9.49500 10.60103639
9.50000 10.60522084
9.50500 10.60940459
9.51000 10.61358762
9.51500 10.61776996
9.52000 10.62195158
9.52500 10.62613250
9.53000 10.63031272
9.53500 10.63449223
9.54000 10.63867104
9.54500 10.64284915
9.55000 10.64702655
9.55500 10.65120325
9.56000 10.65537925
9.56500 10.65955455
9.57000 10.66372915
9.57500 10.66790305
9.58000 10.67207624
9.58500 10.67624874
9.59000 10.68042054
9.59500 10.68459164
9.60000 10.68876204
9.60500 10.69293175
9.61000 10.69710076
9.61500 10.70126907
9.62000 10.70543668
9.62500 10.70960360
9.63000 10.71376983
9.63500 10.71793536
9.64000 10.72210020
9.64500 10.72626434
9.65000 10.73042779
9.65500 10.73459055
9.66000 10.73875261
9.66500 10.74291398
9.67000 10.74707466
9.67500 10.75123465
9.68000 10.75539395
9.68500 10.75955256
9.69000 10.76371048
9.69500 10.76786772
9.70000 10.77202426
9.70500 10.77618011
9.71000 10.78033528
9.71500 10.78448976
9.72000 10.78864355
9.72500 10.79279666
9.73000 10.79694908
9.73500 10.80110082
9.74000 10.80525187
9.74500 10.80940224
9.75000 10.81355192
9.75500 10.81770092
9.76000 10.82184923
9.76500 10.82599687
9.77000 10.83014382
9.77500 10.83429009
9.78000 10.83843568
9.78500 10.84258059
9.79000 10.84672481
9.79500 10.85086836
9.80000 10.85501123
9.80500 10.85915342
9.81000 10.86329493
9.81500 10.86743576
9.82000 10.87157592
9.82500 10.87571539
9.83000 10.87985420
9.83500 10.88399232
9.84000 10.88812977
9.84500 10.89226654
9.85000 10.89640264
9.85500 10.90053807
9.86000 10.90467282
9.86500 10.90880689
9.87000 10.91294030
9.87500 10.91707303
9.88000 10.92120509
9.88500 10.92533647
9.89000 10.92946719
9.89500 10.93359723
9.90000 10.93772661
9.90500 10.94185531
9.91000 10.94598334
9.91500 10.95011071
9.92000 10.95423740
9.92500 10.95836343
9.93000 10.96248879
9.93500 10.96661349
9.94000 10.97073751
9.94500 10.97486087
9.95000 10.97898356
9.95500 10.98310559
9.96000 10.98722695
9.96500 10.99134765
9.97000 10.99546768
9.97500 10.99958705
9.98000 11.00370576
9.98500 11.00782380
9.99000 11.01194118
9.99500 11.01605790
10.00000 11.02017396
10.00500 11.02428935
10.01000 11.02840408
10.01500 11.03251816
10.02000 11.03663157
10.02500 11.04074432
10.03000 11.04485642
10.03500 11.04896785
10.04000 11.05307863
10.04500 11.05718875
10.05000 11.06129821
10.05500 11.06540702
10.06000 11.06951517
10.06500 11.07362266
10.07000 11.07772950
10.07500 11.08183568
10.08000 11.08594120
10.08500 11.09004607
10.09000 11.09415029
10.09500 11.09825385
10.10000 11.10235677
10.10500 11.10645902
10.11000 11.11056063
10.11500 11.11466158
10.12000 11.11876188
10.12500 11.12286153
10.13000 11.12696053
10.13500 11.13105888
10.14000 11.13515658
10.14500 11.13925363
10.15000 11.14335004
10.15500 11.14744579
10.16000 11.15154089
10.16500 11.15563535
10.17000 11.15972916
10.17500 11.16382232
10.18000 11.16791484
10.18500 11.17200671
10.19000 11.17609793
10.19500 11.18018851
10.20000 11.18427844
10.20500 11.18836773
10.21000 11.19245638
10.21500 11.19654438
10.22000 11.20063174
10.22500 11.20471845
10.23000 11.20880452
10.23500 11.21288996
10.24000 11.21697474
10.24500 11.22105889
10.25000 11.22514240
10.25500 11.22922527
10.26000 11.23330749
10.26500 11.23738908
10.27000 11.24147003
10.27500 11.24555034
10.28000 11.24963001
10.28500 11.25370904
10.29000 11.25778744
10.29500 11.26186520
10.30000 11.26594232
10.30500 11.27001880
10.31000 11.27409465
10.31500 11.27816986
10.32000 11.28224444
10.32500 11.28631839
10.33000 11.29039170
10.33500 11.29446437
10.34000 11.29853641
10.34500 11.30260782
10.35000 11.30667860
10.35500 11.31074874
10.36000 11.31481825
10.36500 11.31888713
10.37000 11.32295538
10.37500 11.32702300
10.38000 11.33108999
10.38500 11.33515635
10.39000 11.33922207
10.39500 11.34328717
10.40000 11.34735164
10.40500 11.35141549
10.41000 11.35547870
10.41500 11.35954129
10.42000 11.36360324
10.42500 11.36766458
10.43000 11.37172528
10.43500 11.37578536
10.44000 11.37984482
10.44500 11.38390365
10.45000 11.38796185
10.45500 11.39201943
10.46000 11.39607638
10.46500 11.40013272
10.47000 11.40418842
10.47500 11.40824351
10.48000 11.41229797
10.48500 11.41635181
10.49000 11.42040503
10.49500 11.42445763
10.50000 11.42850961
10.50500 11.43256096
10.51000 11.43661170
10.51500 11.44066182
10.52000 11.44471131
10.52500 11.44876019
10.53000 11.45280845
10.53500 11.45685609
10.54000 11.46090311
10.54500 11.46494952
10.55000 11.46899530
10.55500 11.47304048
10.56000 11.47708503
10.56500 11.48112897
10.57000 11.48517229
10.57500 11.48921500
10.58000 11.49325709
10.58500 11.49729857
10.59000 11.50133944
10.59500 11.50537969
10.60000 11.50941932
10.60500 11.51345835
10.61000 11.51749676
10.61500 11.52153456
10.62000 11.52557175
10.62500 11.52960832
10.63000 11.53364429
10.63500 11.53767964
10.64000 11.54171438
10.64500 11.54574852
10.65000 11.54978204
10.65500 11.55381496
10.66000 11.55784726
10.66500 11.56187896
10.67000 11.56591005
10.67500 11.56994053
10.68000 11.57397041
10.68500 11.57799967
10.69000 11.58202833
10.69500 11.58605639
10.70000 11.59008384
10.70500 11.59411068
10.71000 11.59813692
10.71500 11.60216255
10.72000 11.60618758
10.72500 11.61021200
10.73000 11.61423582
10.73500 11.61825904
10.74000 11.62228166
10.74500 11.62630367
10.75000 11.63032508
10.75500 11.63434589
10.76000 11.63836609
10.76500 11.64238570
10.77000 11.64640470
10.77500 11.65042311
10.78000 11.65444091
10.78500 11.65845811
10.79000 11.66247472
10.79500 11.66649072
10.80000 11.67050613
10.80500 11.67452094
10.81000 11.67853515
10.81500 11.68254877
10.82000 11.68656178
10.82500 11.69057420
10.83000 11.69458603
10.83500 11.69859725
10.84000 11.70260788
10.84500 11.70661792
10.85000 11.71062736
10.85500 11.71463621
10.86000 11.71864446
10.86500 11.72265212
10.87000 11.72665918
10.87500 11.73066565
10.88000 11.73467153
10.88500 11.73867682
10.89000 11.74268151
10.89500 11.74668561
10.90000 11.75068912
10.90500 11.75469204
10.91000 11.75869437
10.91500 11.76269611
10.92000 11.76669726
10.92500 11.77069782
10.93000 11.77469779
10.93500 11.77869717
10.94000 11.78269596
10.94500 11.78669416
10.95000 11.79069178
10.95500 11.79468881
10.96000 11.79868525
10.96500 11.80268110
10.97000 11.80667637
10.97500 11.81067105
10.98000 11.81466514
10.98500 11.81865865
10.99000 11.82265158
10.99500 11.82664392
11.00000 11.83063567
11.00500 11.83462684
11.01000 11.83861743
11.01500 11.84260744
11.02000 11.84659686
11.02500 11.85058569
11.03000 11.85457395
11.03500 11.85856162
11.04000 11.86254872
11.04500 11.86653523
11.05000 11.87052116
11.05500 11.87450651
11.06000 11.87849127
11.06500 11.88247546
11.07000 11.88645907
11.07500 11.89044210
11.08000 11.89442455
11.08500 11.89840642
11.09000 11.90238772
11.09500 11.90636843
11.10000 11.91034857
11.10500 11.91432813
11.11000 11.91830712
11.11500 11.92228553
11.12000 11.92626336
11.12500 11.93024061
11.13000 11.93421729
11.13500 11.93819340
11.14000 11.94216893
11.14500 11.94614388
11.15000 11.95011826
11.15500 11.95409207
11.16000 11.95806530
11.16500 11.96203796
11.17000 11.96601005
11.17500 11.96998157
11.18000 11.97395251
11.18500 11.97792288
11.19000 11.98189268
11.19500 11.98586191
11.20000 11.98983056
11.20500 11.99379865
11.21000 11.99776617
11.21500 12.00173311
11.22000 12.00569949
11.22500 12.00966530
11.23000 12.01363054
11.23500 12.01759521
11.24000 12.02155931
11.24500 12.02552284
11.25000 12.02948581
11.25500 12.03344821
11.26000 12.03741004
11.26500 12.04137131
11.27000 12.04533201
11.27500 12.04929214
11.28000 12.05325171
11.28500 12.05721071
11.29000 12.06116915
11.29500 12.06512702
11.30000 12.06908433
11.30500 12.07304107
11.31000 12.07699725
11.31500 12.08095287
11.32000 12.08490793
11.32500 12.08886242
11.33000 12.09281635
11.33500 12.09676972
11.34000 12.10072252
11.34500 12.10467477
11.35000 12.10862645
11.35500 12.11257757
11.36000 12.11652813
11.36500 12.12047814
11.37000 12.12442758
11.37500 12.12837646
11.38000 12.13232479
11.38500 12.13627255
11.39000 12.14021976
11.39500 12.14416640
11.40000 12.14811250
11.40500 12.15205803
11.41000 12.15600300
11.41500 12.15994742
11.42000 12.16389128
11.42500 12.16783459
11.43000 12.17177734
11.43500 12.17571953
11.44000 12.17966117
11.44500 12.18360226
11.45000 12.18754279
11.45500 12.19148276
11.46000 12.19542218
11.46500 12.19936105
11.47000 12.20329936
11.47500 12.20723712
11.48000 12.21117433
11.48500 12.21511099
11.49000 12.21904709
11.49500 12.22298264
11.50000 12.22691764
11.50500 12.23085209
11.51000 12.23478598
11.51500 12.23871933
11.52000 12.24265213
11.52500 12.24658437
11.53000 12.25051607
11.53500 12.25444722
11.54000 12.25837782
11.54500 12.26230787
11.55000 12.26623737
11.55500 12.27016632
11.56000 12.27409473
11.56500 12.27802258
11.57000 12.28194989
11.57500 12.28587666
11.58000 12.28980287
11.58500 12.29372855
11.59000 12.29765367
11.59500 12.30157825
11.60000 12.30550228
11.60500 12.30942577
11.61000 12.31334872
11.61500 12.31727112
11.62000 12.32119297
11.62500 12.32511428
11.63000 12.32903505
11.63500 12.33295527
11.64000 12.33687496
11.64500 12.34079410
11.65000 12.34471269
11.65500 12.34863075
11.66000 12.35254826
11.66500 12.35646523
11.67000 12.36038166
11.67500 12.36429755
11.68000 12.36821290
11.68500 12.37212771
11.69000 12.37604198
11.69500 12.37995571
11.70000 12.38386890
11.70500 12.38778155
11.71000 12.39169367
11.71500 12.39560524
11.72000 12.39951628
11.72500 12.40342677
11.73000 12.40733674
11.73500 12.41124616
11.74000 12.41515505
11.74500 12.41906340
11.75000 12.42297121
11.75500 12.42687849
11.76000 12.43078523
11.76500 12.43469144
11.77000 12.43859711
11.77500 12.44250225
11.78000 12.44640685
11.78500 12.45031092
11.79000 12.45421445
11.79500 12.45811745
11.80000 12.46201992
11.80500 12.46592185
11.81000 12.46982325
11.81500 12.47372412
11.82000 12.47762446
11.82500 12.48152427
11.83000 12.48542354
11.83500 12.48932228
11.84000 12.49322049
11.84500 12.49711817
11.85000 12.50101532
11.85500 12.50491194
11.86000 12.50880803
11.86500 12.51270359
11.87000 12.51659862
11.87500 12.52049313
11.88000 12.52438710
11.88500 12.52828054
11.89000 12.53217346
11.89500 12.53606585
11.90000 12.53995771
11.90500 12.54384905
11.91000 12.54773986
11.91500 12.55163014
11.92000 12.55551989
11.92500 12.55940912
11.93000 12.56329782
11.93500 12.56718600
11.94000 12.57107365
11.94500 12.57496078
11.95000 12.57884738
11.95500 12.58273346
11.96000 12.58661901
11.96500 12.59050404
11.97000 12.59438855
11.97500 12.59827253
11.98000 12.60215600
11.98500 12.60603893
11.99000 12.60992135
11.99500 12.61380324
12.00000 12.61768461
12.00500 12.62156547
12.01000 12.62544579
12.01500 12.62932560
12.02000 12.63320489
12.02500 12.63708366
12.03000 12.64096190
12.03500 12.64483963
12.04000 12.64871684
12.04500 12.65259353
12.05000 12.65646970
12.05500 12.66034535
12.06000 12.66422048
12.06500 12.66809510
12.07000 12.67196919
12.07500 12.67584277
12.08000 12.67971583
12.08500 12.68358838
12.09000 12.68746040
12.09500 12.69133192
12.10000 12.69520291
12.10500 12.69907339
12.11000 12.70294335
12.11500 12.70681280
12.12000 12.71068174
12.12500 12.71455016
12.13000 12.71841806
12.13500 12.72228545
12.14000 12.72615233
12.14500 12.73001869
12.15000 12.73388454
12.15500 12.73774987
12.16000 12.74161469
12.16500 12.74547900
12.17000 12.74934280
12.17500 12.75320609
12.18000 12.75706886
12.18500 12.76093113
12.19000 12.76479288
12.19500 12.76865412
12.20000 12.77251485
12.20500 12.77637507
12.21000 12.78023478
12.21500 12.78409398
12.22000 12.78795266
12.22500 12.79181085
12.23000 12.79566852
12.23500 12.79952568
12.24000 12.80338233
12.24500 12.80723848
12.25000 12.81109412
12.25500 12.81494925
12.26000 12.81880387
12.26500 12.82265799
12.27000 12.82651160
12.27500 12.83036470
12.28000 12.83421729
12.28500 12.83806938
12.29000 12.84192097
12.29500 12.84577205
12.30000 12.84962262
12.30500 12.85347269
12.31000 12.85732225
12.31500 12.86117131
12.32000 12.86501987
12.32500 12.86886792
12.33000 12.87271547
12.33500 12.87656251
12.34000 12.88040905
12.34500 12.88425509
12.35000 12.88810062
12.35500 12.89194566
12.36000 12.89579019
12.36500 12.89963422
12.37000 12.90347775
12.37500 12.90732077
12.38000 12.91116330
12.38500 12.91500532
12.39000 12.91884685
12.39500 12.92268787
12.40000 12.92652839
12.40500 12.93036842
12.41000 12.93420794
12.41500 12.93804697
12.42000 12.94188550
12.42500 12.94572352
12.43000 12.94956105
12.43500 12.95339809
12.44000 12.95723462
12.44500 12.96107066
12.45000 12.96490619
12.45500 12.96874124
12.46000 12.97257578
12.46500 12.97640983
12.47000 12.98024338
12.47500 12.98407644
12.48000 12.98790900
12.48500 12.99174106
12.49000 12.99557263
12.49500 12.99940371
12.50000 13.00323429
12.50500 13.00706437
12.51000 13.01089396
12.51500 13.01472306
12.52000 13.01855166
12.52500 13.02237977
12.53000 13.02620739
12.53500 13.03003451
12.54000 13.03386114
12.54500 13.03768728
12.55000 13.04151293
12.55500 13.04533808
12.56000 13.04916275
12.56500 13.05298692
12.57000 13.05681060
12.57500 13.06063379
12.58000 13.06445648
12.58500 13.06827869
12.59000 13.07210041
12.59500 13.07592164
12.60000 13.07974238
12.60500 13.08356263
12.61000 13.08738239
12.61500 13.09120166
12.62000 13.09502044
12.62500 13.09883873
12.63000 13.10265654
12.63500 13.10647386
12.64000 13.11029069
12.64500 13.11410703
12.65000 13.11792289
12.65500 13.12173826
12.66000 13.12555314
12.66500 13.12936753
12.67000 13.13318144
12.67500 13.13699487
12.68000 13.14080781
12.68500 13.14462026
12.69000 13.14843223
12.69500 13.15224371
12.70000 13.15605471
12.70500 13.15986522
12.71000 13.16367525
12.71500 13.16748480
12.72000 13.17129386
12.72500 13.17510244
12.73000 13.17891054
12.73500 13.18271815
12.74000 13.18652528
12.74500 13.19033193
12.75000 13.19413810
12.75500 13.19794378
12.76000 13.20174898
12.76500 13.20555370
12.77000 13.20935794
12.77500 13.21316170
12.78000 13.21696498
12.78500 13.22076778
12.79000 13.22457009
12.79500 13.22837193
12.80000 13.23217329
12.80500 13.23597417
12.81000 13.23977457
12.81500 13.24357449
12.82000 13.24737393
12.82500 13.25117289
12.83000 13.25497138
12.83500 13.25876938
12.84000 13.26256691
12.84500 13.26636397
12.85000 13.27016054
12.85500 13.27395664
12.86000 13.27775226
12.86500 13.28154740
12.87000 13.28534207
12.87500 13.28913626
12.88000 13.29292998
12.88500 13.29672322
12.89000 13.30051598
12.89500 13.30430827
12.90000 13.30810009
12.90500 13.31189143
12.91000 13.31568229
12.91500 13.31947268
12.92000 13.32326260
12.92500 13.32705205
12.93000 13.33084102
12.93500 13.33462952
12.94000 13.33841754
12.94500 13.34220509
12.95000 13.34599217
12.95500 13.34977878
12.96000 13.35356491
12.96500 13.35735058
12.97000 13.36113577
12.97500 13.36492049
12.98000 13.36870474
12.98500 13.37248852
12.99000 13.37627183
12.99500 13.38005467
13.00000 13.38383703
13.00500 13.38761893
13.01000 13.39140036
13.01500 13.39518132
13.02000 13.39896181
13.02500 13.40274183
13.03000 13.40652138
13.03500 13.41030047
13.04000 13.41407908
13.04500 13.41785723
13.05000 13.42163491
13.05500 13.42541212
13.06000 13.42918887
13.06500 13.43296515
13.07000 13.43674096
13.07500 13.44051630
13.08000 13.44429118
13.08500 13.44806559
13.09000 13.45183954
13.09500 13.45561302
13.10000 13.45938603
13.10500 13.46315858
13.11000 13.46693067
13.11500 13.47070229
13.12000 13.47447344
13.12500 13.47824414
13.13000 13.48201436
13.13500 13.48578413
13.14000 13.48955343
13.14500 13.49332226
13.15000 13.49709064
13.15500 13.50085855
13.16000 13.50462599
13.16500 13.50839298
13.17000 13.51215950
13.17500 13.51592556
13.18000 13.51969116
13.18500 13.52345630
13.19000 13.52722098
13.19500 13.53098519
13.20000 13.53474895
13.20500 13.53851224
13.21000 13.54227508
13.21500 13.54603745
13.22000 13.54979937
13.22500 13.55356082
13.23000 13.55732181
13.23500 13.56108235
13.24000 13.56484243
13.24500 13.56860204
13.25000 13.57236120
13.25500 13.57611990
13.26000 13.57987814
13.26500 13.58363593
13.27000 13.58739326
13.27500 13.59115012
13.28000 13.59490654
13.28500 13.59866249
13.29000 13.60241799
13.29500 13.60617303
13.30000 13.60992762
13.30500 13.61368175
13.31000 13.61743542
13.31500 13.62118864
13.32000 13.62494140
13.32500 13.62869371
13.33000 13.63244556
13.33500 13.63619696
13.34000 13.63994790
13.34500 13.64369839
13.35000 13.64744842
13.35500 13.65119800
13.36000 13.65494713
13.36500 13.65869580
13.37000 13.66244402
13.37500 13.66619179
13.38000 13.66993911
13.38500 13.67368597
13.39000 13.67743238
13.39500 13.68117833
13.40000 13.68492384
13.40500 13.68866889
13.41000 13.69241350
13.41500 13.69615765
13.42000 13.69990135
13.42500 13.70364460
13.43000 13.70738740
13.43500 13.71112974
13.44000 13.71487164
13.44500 13.71861309
13.45000 13.72235409
13.45500 13.72609464
13.46000 13.72983474
13.46500 13.73357439
13.47000 13.73731359
13.47500 13.74105234
13.48000 13.74479065
13.48500 13.74852850
13.49000 13.75226591
13.49500 13.75600287
13.50000 13.75973939
13.50500 13.76347545
13.51000 13.76721107
13.51500 13.77094624
13.52000 13.77468097
13.52500 13.77841525
13.53000 13.78214908
13.53500 13.78588247
13.54000 13.78961541
13.54500 13.79334790
13.55000 13.79707995
13.55500 13.80081156
13.56000 13.80454272
13.56500 13.80827343
13.57000 13.81200370
13.57500 13.81573353
13.58000 13.81946291
13.58500 13.82319185
13.59000 13.82692034
13.59500 13.83064839
13.60000 13.83437600
13.60500 13.83810317
13.61000 13.84182989
13.61500 13.84555617
13.62000 13.84928200
13.62500 13.85300740
13.63000 13.85673235
13.63500 13.86045686
13.64000 13.86418093
13.64500 13.86790456
13.65000 13.87162774
13.65500 13.87535049
13.66000 13.87907280
13.66500 13.88279466
13.67000 13.88651608
13.67500 13.89023707
13.68000 13.89395761
13.68500 13.89767772
13.69000 13.90139738
13.69500 13.90511661
13.70000 13.90883539
13.70500 13.91255374
13.71000 13.91627165
13.71500 13.91998912
13.72000 13.92370615
13.72500 13.92742275
13.73000 13.93113891
13.73500 13.93485462
13.74000 13.93856991
13.74500 13.94228475
13.75000 13.94599916
13.75500 13.94971313
13.76000 13.95342666
13.76500 13.95713976
13.77000 13.96085242
13.77500 13.96456465
13.78000 13.96827644
13.78500 13.97198779
13.79000 13.97569871
13.79500 13.97940920
13.80000 13.98311925
13.80500 13.98682886
13.81000 13.99053804
13.81500 13.99424679
13.82000 13.99795510
13.82500 14.00166298
13.83000 14.00537042
13.83500 14.00907743
13.84000 14.01278401
13.84500 14.01649015
13.85000 14.02019586
13.85500 14.02390114
13.86000 14.02760599
13.86500 14.03131040
13.87000 14.03501439
13.87500 14.03871794
13.88000 14.04242105
13.88500 14.04612374
13.89000 14.04982600
13.89500 14.05352782
13.90000 14.05722922
13.90500 14.06093018
13.91000 14.06463071
13.91500 14.06833081
13.92000 14.07203049
13.92500 14.07572973
13.93000 14.07942854
13.93500 14.08312693
13.94000 14.08682488
13.94500 14.09052241
13.95000 14.09421950
13.95500 14.09791617
13.96000 14.10161241
13.96500 14.10530822
13.97000 14.10900361
13.97500 14.11269856
13.98000 14.11639309
13.98500 14.12008719
13.99000 14.12378086
13.99500 14.12747411
14.00000 14.13116693
14.00500 14.13485932
14.01000 14.13855129
14.01500 14.14224283
14.02000 14.14593394
14.02500 14.14962463
14.03000 14.15331489
14.03500 14.15700473
14.04000 14.16069414
14.04500 14.16438313
14.05000 14.16807169
14.05500 14.17175983
14.06000 14.17544754
14.06500 14.17913483
14.07000 14.18282169
14.07500 14.18650813
14.08000 14.19019415
14.08500 14.19387974
14.09000 14.19756491
14.09500 14.20124966
14.10000 14.20493398
14.10500 14.20861789
14.11000 14.21230136
14.11500 14.21598442
14.12000 14.21966706
14.12500 14.22334927
14.13000 14.22703106
14.13500 14.23071243
14.14000 14.23439338
14.14500 14.23807390
14.15000 14.24175401
14.15500 14.24543369
14.16000 14.24911296
14.16500 14.25279180
14.17000 14.25647023
14.17500 14.26014823
14.18000 14.26382582
14.18500 14.26750298
14.19000 14.27117973
14.19500 14.27485605
14.20000 14.27853196
14.20500 14.28220745
14.21000 14.28588252
14.21500 14.28955717
14.22000 14.29323140
14.22500 14.29690522
14.23000 14.30057861
14.23500 14.30425159
14.24000 14.30792415
14.24500 14.31159630
14.25000 14.31526803
14.25500 14.31893934
14.26000 14.32261023
14.26500 14.32628071
14.27000 14.32995077
14.27500 14.33362041
14.28000 14.33728964
14.28500 14.34095845
14.29000 14.34462685
14.29500 14.34829483
14.30000 14.35196240
14.30500 14.35562955
14.31000 14.35929629
14.31500 14.36296261
14.32000 14.36662852
14.32500 14.37029401
14.33000 14.37395909
14.33500 14.37762376
14.34000 14.38128801
14.34500 14.38495185
14.35000 14.38861527
14.35500 14.39227829
14.36000 14.39594089
14.36500 14.39960307
14.37000 14.40326485
14.37500 14.40692621
14.38000 14.41058716
14.38500 14.41424769
14.39000 14.41790782
14.39500 14.42156753
14.40000 14.42522683
14.40500 14.42888573
14.41000 14.43254421
14.41500 14.43620227
14.42000 14.43985993
14.42500 14.44351718
14.43000 14.44717402
14.43500 14.45083044
14.44000 14.45448646
14.44500 14.45814207
14.45000 14.46179727
14.45500 14.46545206
14.46000 14.46910644
14.46500 14.47276041
14.47000 14.47641397
14.47500 14.48006712
14.48000 14.48371986
14.48500 14.48737220
14.49000 14.49102413
14.49500 14.49467565
14.50000 14.49832676
14.50500 14.50197746
14.51000 14.50562776
14.51500 14.50927765
14.52000 14.51292713
14.52500 14.51657621
14.53000 14.52022488
14.53500 14.52387314
14.54000 14.52752100
14.54500 14.53116845
14.55000 14.53481549
14.55500 14.53846213
14.56000 14.54210837
14.56500 14.54575419
14.57000 14.54939962
14.57500 14.55304463
14.58000 14.55668925
14.58500 14.56033345
14.59000 14.56397726
14.59500 14.56762066
14.60000 14.57126365
14.60500 14.57490624
14.61000 14.57854843
14.61500 14.58219021
14.62000 14.58583159
14.62500 14.58947257
14.63000 14.59311315
14.63500 14.59675332
14.64000 14.60039309
14.64500 14.60403245
14.65000 14.60767142
14.65500 14.61130998
14.66000 14.61494814
14.66500 14.61858589
14.67000 14.62222325
14.67500 14.62586021
14.68000 14.62949676
14.68500 14.63313291
14.69000 14.63676866
14.69500 14.64040401
14.70000 14.64403896
14.70500 14.64767351
14.71000 14.65130766
14.71500 14.65494141
14.72000 14.65857476
14.72500 14.66220771
14.73000 14.66584026
14.73500 14.66947242
14.74000 14.67310417
14.74500 14.67673552
14.75000 14.68036648
14.75500 14.68399703
14.76000 14.68762719
14.76500 14.69125695
14.77000 14.69488631
14.77500 14.69851527
14.78000 14.70214384
14.78500 14.70577201
14.79000 14.70939978
14.79500 14.71302715
14.80000 14.71665413
14.80500 14.72028071
14.81000 14.72390689
14.81500 14.72753267
14.82000 14.73115806
14.82500 14.73478306
14.83000 14.73840766
14.83500 14.74203186
14.84000 14.74565567
14.84500 14.74927908
14.85000 14.75290209
14.85500 14.75652471
14.86000 14.76014694
14.86500 14.76376877
14.87000 14.76739021
14.87500 14.77101125
14.88000 14.77463189
14.88500 14.77825215
14.89000 14.78187201
14.89500 14.78549147
14.90000 14.78911055
14.90500 14.79272923
14.91000 14.79634751
14.91500 14.79996540
14.92000 14.80358290
14.92500 14.80720001
14.93000 14.81081673
14.93500 14.81443305
14.94000 14.81804898
14.94500 14.82166452
14.95000 14.82527966
14.95500 14.82889442
14.96000 14.83250878
14.96500 14.83612275
14.97000 14.83973633
14.97500 14.84334952
14.98000 14.84696232
14.98500 14.85057473
14.99000 14.85418675
14.99500 14.85779837
15.00000 14.86140961
15.00500 14.86502046
15.01000 14.86863091
15.01500 14.87224098
15.02000 14.87585066
15.02500 14.87945995
15.03000 14.88306885
15.03500 14.88667736
15.04000 14.89028548
15.04500 14.89389322
15.05000 14.89750056
15.05500 14.90110752
15.06000 14.90471409
15.06500 14.90832027
15.07000 14.91192606
15.07500 14.91553146
15.08000 14.91913648
15.08500 14.92274111
15.09000 14.92634536
15.09500 14.92994921
15.10000 14.93355268
15.10500 14.93715577
15.11000 14.94075846
15.11500 14.94436077
15.12000 14.94796270
15.12500 14.95156424
15.13000 14.95516539
15.13500 14.95876615
15.14000 14.96236654
15.14500 14.96596653
15.15000 14.96956614
15.15500 14.97316537
15.16000 14.97676421
15.16500 14.98036267
15.17000 14.98396074
15.17500 14.98755843
15.18000 14.99115573
15.18500 14.99475265
15.19000 14.99834919
15.19500 15.00194534
15.20000 15.00554111
15.20500 15.00913649
15.21000 15.01273150
15.21500 15.01632612
15.22000 15.01992035
15.22500 15.02351421
15.23000 15.02710768
15.23500 15.03070077
15.24000 15.03429347
15.24500 15.03788580
15.25000 15.04147774
15.25500 15.04506930
15.26000 15.04866048
15.26500 15.05225128
15.27000 15.05584170
15.27500 15.05943174
15.28000 15.06302139
15.28500 15.06661067
15.29000 15.07019956
15.29500 15.07378808
15.30000 15.07737621
15.30500 15.08096396
15.31000 15.08455134
15.31500 15.08813833
15.32000 15.09172495
15.32500 15.09531118
15.33000 15.09889704
15.33500 15.10248251
15.34000 15.10606761
15.34500 15.10965233
15.35000 15.11323667
15.35500 15.11682064
15.36000 15.12040422
15.36500 15.12398742
15.37000 15.12757025
15.37500 15.13115270
15.38000 15.13473478
15.38500 15.13831647
15.39000 15.14189779
15.39500 15.14547873
15.40000 15.14905929
15.40500 15.15263948
15.41000 15.15621929
15.41500 15.15979872
15.42000 15.16337778
15.42500 15.16695646
15.43000 15.17053477
15.43500 15.17411269
15.44000 15.17769025
15.44500 15.18126743
15.45000 15.18484423
15.45500 15.18842066
15.46000 15.19199671
15.46500 15.19557238
15.47000 15.19914769
15.47500 15.20272261
15.48000 15.20629717
15.48500 15.20987135
15.49000 15.21344515
15.49500 15.21701858
15.50000 15.22059164
15.50500 15.22416432
15.51000 15.22773663
15.51500 15.23130857
15.52000 15.23488013
15.52500 15.23845132
15.53000 15.24202214
15.53500 15.24559258
15.54000 15.24916266
15.54500 15.25273236
15.55000 15.25630168
15.55500 15.25987064
15.56000 15.26343922
15.56500 15.26700743
15.57000 15.27057527
15.57500 15.27414274
15.58000 15.27770984
15.58500 15.28127656
15.59000 15.28484292
15.59500 15.28840890
15.60000 15.29197452
15.60500 15.29553976
15.61000 15.29910463
15.61500 15.30266913
15.62000 15.30623326
15.62500 15.30979703
15.63000 15.31336042
15.63500 15.31692344
15.64000 15.32048609
15.64500 15.32404838
15.65000 15.32761029
15.65500 15.33117184
15.66000 15.33473302
15.66500 15.33829382
15.67000 15.34185426
15.67500 15.34541433
15.68000 15.34897404
15.68500 15.35253337
15.69000 15.35609234
15.69500 15.35965094
15.70000 15.36320917
15.70500 15.36676703
15.71000 15.37032453
15.71500 15.37388166
15.72000 15.37743842
15.72500 15.38099482
15.73000 15.38455085
15.73500 15.38810651
15.74000 15.39166180
15.74500 15.39521673
15.75000 15.39877130
15.75500 15.40232549
15.76000 15.40587933
15.76500 15.40943279
15.77000 15.41298589
15.77500 15.41653863
15.78000 15.42009100
15.78500 15.42364300
15.79000 15.42719464
15.79500 15.43074592
15.80000 15.43429683
15.80500 15.43784737
15.81000 15.44139756
15.81500 15.44494737
15.82000 15.44849683
15.82500 15.45204592
15.83000 15.45559464
15.83500 15.45914301
15.84000 15.46269101
15.84500 15.46623864
15.85000 15.46978591
15.85500 15.47333282
15.86000 15.47687937
15.86500 15.48042556
15.87000 15.48397138
15.87500 15.48751684
15.88000 15.49106193
15.88500 15.49460667
15.89000 15.49815104
15.89500 15.50169505
15.90000 15.50523870
15.90500 15.50878199
15.91000 15.51232492
15.91500 15.51586748
15.92000 15.51940969
15.92500 15.52295153
15.93000 15.52649302
15.93500 15.53003414
15.94000 15.53357490
15.94500 15.53711530
15.95000 15.54065535
15.95500 15.54419503
15.96000 15.54773435
15.96500 15.55127331
15.97000 15.55481191
15.97500 15.55835016
15.98000 15.56188804
15.98500 15.56542557
15.99000 15.56896273
15.99500 15.57249954
16.00000 15.57603599
16.00500 15.57957208
16.01000 15.58310781
16.01500 15.58664318
16.02000 15.59017820
16.02500 15.59371285
16.03000 15.59724715
16.03500 15.60078110
16.04000 15.60431468
16.04500 15.60784791
16.05000 15.61138078
16.05500 15.61491329
16.06000 15.61844544
16.06500 15.62197724
16.07000 15.62550869
16.07500 15.62903977
16.08000 15.63257050
16.08500 15.63610087
16.09000 15.63963089
16.09500 15.64316055
16.10000 15.64668986
16.10500 15.65021881
16.11000 15.65374740
16.11500 15.65727564
16.12000 15.66080352
16.12500 15.66433105
16.13000 15.66785823
16.13500 15.67138504
16.14000 15.67491151
16.14500 15.67843762
16.15000 15.68196337
16.15500 15.68548877
16.16000 15.68901382
16.16500 15.69253852
16.17000 15.69606285
16.17500 15.69958684
16.18000 15.70311047
16.18500 15.70663375
16.19000 15.71015668
16.19500 15.71367925
16.20000 15.71720147
16.20500 15.72072334
16.21000 15.72424485
16.21500 15.72776601
16.22000 15.73128682
16.22500 15.73480728
16.23000 15.73832739
16.23500 15.74184714
16.24000 15.74536654
16.24500 15.74888559
16.25000 15.75240429
16.25500 15.75592264
16.26000 15.75944063
16.26500 15.76295828
16.27000 15.76647557
16.27500 15.76999251
16.28000 15.77350911
16.28500 15.77702535
16.29000 15.78054124
16.29500 15.78405678
16.30000 15.78757197
16.30500 15.79108681
16.31000 15.79460130
16.31500 15.79811545
16.32000 15.80162924
16.32500 15.80514268
16.33000 15.80865577
16.33500 15.81216852
16.34000 15.81568091
16.34500 15.81919296
16.35000 15.82270466
16.35500 15.82621601
16.36000 15.82972701
16.36500 15.83323766
16.37000 15.83674796
16.37500 15.84025792
16.38000 15.84376753
16.38500 15.84727679
16.39000 15.85078570
16.39500 15.85429427
16.40000 15.85780249
16.40500 15.86131036
16.41000 15.86481788
16.41500 15.86832506
16.42000 15.87183189
16.42500 15.87533837
16.43000 15.87884451
16.43500 15.88235030
16.44000 15.88585575
16.44500 15.88936084
16.45000 15.89286560
16.45500 15.89637000
16.46000 15.89987407
16.46500 15.90337778
16.47000 15.90688115
16.47500 15.91038418
16.48000 15.91388686
16.48500 15.91738919
16.49000 15.92089118
16.49500 15.92439283
16.50000 15.92789413
16.50500 15.93139508
16.51000 15.93489570
16.51500 15.93839596
16.52000 15.94189589
16.52500 15.94539547
16.53000 15.94889470
16.53500 15.95239360
16.54000 15.95589214
16.54500 15.95939035
16.55000 15.96288821
16.55500 15.96638573
16.56000 15.96988291
16.56500 15.97337974
16.57000 15.97687623
16.57500 15.98037238
16.58000 15.98386819
16.58500 15.98736365
16.59000 15.99085877
16.59500 15.99435355
16.60000 15.99784799
16.60500 16.00134208
16.61000 16.00483584
16.61500 16.00832925
16.62000 16.01182232
16.62500 16.01531505
16.63000 16.01880744
16.63500 16.02229949
16.64000 16.02579120
16.64500 16.02928256
16.65000 16.03277359
16.65500 16.03626428
16.66000 16.03975462
16.66500 16.04324463
16.67000 16.04673429
16.67500 16.05022362
16.68000 16.05371260
16.68500 16.05720125
16.69000 16.06068956
16.69500 16.06417752
16.70000 16.06766515
16.70500 16.07115244
16.71000 16.07463939
16.71500 16.07812600
16.72000 16.08161227
16.72500 16.08509821
16.73000 16.08858380
16.73500 16.09206906
16.74000 16.09555398
16.74500 16.09903856
16.75000 16.10252280
16.75500 16.10600671
16.76000 16.10949028
16.76500 16.11297351
16.77000 16.11645640
16.77500 16.11993896
16.78000 16.12342117
16.78500 16.12690306
16.79000 16.13038460
16.79500 16.13386581
16.80000 16.13734668
16.80500 16.14082722
16.81000 16.14430741
16.81500 16.14778728
16.82000 16.15126680
16.82500 16.15474599
16.83000 16.15822485
16.83500 16.16170337
16.84000 16.16518155
16.84500 16.16865940
16.85000 16.17213691
16.85500 16.17561409
16.86000 16.17909093
16.86500 16.18256744
16.87000 16.18604361
16.87500 16.18951945
16.88000 16.19299495
16.88500 16.19647012
16.89000 16.19994496
16.89500 16.20341946
16.90000 16.20689363
16.90500 16.21036746
16.91000 16.21384096
16.91500 16.21731413
16.92000 16.22078696
16.92500 16.22425946
16.93000 16.22773162
16.93500 16.23120346
16.94000 16.23467496
16.94500 16.23814612
16.95000 16.24161696
16.95500 16.24508746
16.96000 16.24855763
16.96500 16.25202747
16.97000 16.25549697
16.97500 16.25896614
16.98000 16.26243498
16.98500 16.26590349
16.99000 16.26937167
16.99500 16.27283952
17.00000 16.27630703
17.00500 16.27977421
17.01000 16.28324106
17.01500 16.28670758
17.02000 16.29017377
17.02500 16.29363963
17.03000 16.29710516
17.03500 16.30057036
17.04000 16.30403523
17.04500 16.30749976
17.05000 16.31096397
17.05500 16.31442785
17.06000 16.31789139
17.06500 16.32135461
17.07000 16.32481750
17.07500 16.32828006
17.08000 16.33174229
17.08500 16.33520419
17.09000 16.33866576
17.09500 16.34212700
17.10000 16.34558791
17.10500 16.34904849
17.11000 16.35250875
17.11500 16.35596867
17.12000 16.35942827
17.12500 16.36288754
17.13000 16.36634648
17.13500 16.36980510
17.14000 16.37326338
17.14500 16.37672134
17.15000 16.38017897
17.15500 16.38363627
17.16000 16.38709325
17.16500 16.39054989
17.17000 16.39400621
17.17500 16.39746221
17.18000 16.40091787
17.18500 16.40437321
17.19000 16.40782823
17.19500 16.41128291
17.20000 16.41473728
17.20500 16.41819131
17.21000 16.42164502
17.21500 16.42509840
17.22000 16.42855145
17.22500 16.43200418
17.23000 16.43545659
17.23500 16.43890867
17.24000 16.44236042
17.24500 16.44581185
17.25000 16.44926295
17.25500 16.45271373
17.26000 16.45616418
17.26500 16.45961431
17.27000 16.46306411
17.27500 16.46651359
17.28000 16.46996275
17.28500 16.47341158
17.29000 16.47686008
17.29500 16.48030827
17.30000 16.48375612
17.30500 16.48720366
17.31000 16.49065087
17.31500 16.49409775
17.32000 16.49754432
17.32500 16.50099056
17.33000 16.50443647
17.33500 16.50788207
17.34000 16.51132734
17.34500 16.51477229
17.35000 16.51821691
17.35500 16.52166121
17.36000 16.52510519
17.36500 16.52854885
17.37000 16.53199219
17.37500 16.53543520
17.38000 16.53887789
17.38500 16.54232026
17.39000 16.54576231
17.39500 16.54920403
17.40000 16.55264544
17.40500 16.55608652
17.41000 16.55952728
17.41500 16.56296772
17.42000 16.56640784
17.42500 16.56984764
17.43000 16.57328712
17.43500 16.57672627
17.44000 16.58016511
17.44500 16.58360363
17.45000 16.58704182
17.45500 16.59047970
17.46000 16.59391725
17.46500 16.59735449
17.47000 16.60079140
17.47500 16.60422800
17.48000 16.60766427
17.48500 16.61110023
17.49000 16.61453587
17.49500 16.61797119
17.50000 16.62140619
17.50500 16.62484087
17.51000 16.62827523
17.51500 16.63170927
17.52000 16.63514299
17.52500 16.63857640
17.53000 16.64200948
17.53500 16.64544225
17.54000 16.64887470
17.54500 16.65230683
17.55000 16.65573865
17.55500 16.65917014
17.56000 16.66260132
17.56500 16.66603218
17.57000 16.66946273
17.57500 16.67289295
17.58000 16.67632286
17.58500 16.67975245
17.59000 16.68318173
17.59500 16.68661068
17.60000 16.69003932
17.60500 16.69346765
17.61000 16.69689566
17.61500 16.70032335
17.62000 16.70375072
17.62500 16.70717778
17.63000 16.71060452
17.63500 16.71403095
17.64000 16.71745706
17.64500 16.72088286
17.65000 16.72430834
17.65500 16.72773350
17.66000 16.73115835
17.66500 16.73458288
17.67000 16.73800710
17.67500 16.74143100
17.68000 16.74485459
17.68500 16.74827787
17.69000 16.75170083
17.69500 16.75512347
17.70000 16.75854580
17.70500 16.76196782
17.71000 16.76538952
17.71500 16.76881090
17.72000 16.77223198
17.72500 16.77565274
17.73000 16.77907318
17.73500 16.78249332
17.74000 16.78591313
17.74500 16.78933264
17.75000 16.79275183
17.75500 16.79617071
17.76000 16.79958927
17.76500 16.80300753
17.77000 16.80642547
17.77500 16.80984309
17.78000 16.81326041
17.78500 16.81667741
17.79000 16.82009410
17.79500 16.82351048
17.80000 16.82692654
17.80500 16.83034230
17.81000 16.83375774
17.81500 16.83717287
17.82000 16.84058769
17.82500 16.84400219
17.83000 16.84741639
17.83500 16.85083027
17.84000 16.85424384
17.84500 16.85765710
17.85000 16.86107005
17.85500 16.86448269
17.86000 16.86789502
17.86500 16.87130704
17.87000 16.87471875
17.87500 16.87813014
17.88000 16.88154123
17.88500 16.88495201
17.89000 16.88836247
17.89500 16.89177263
17.90000 16.89518248
17.90500 16.89859201
17.91000 16.90200124
17.91500 16.90541016
17.92000 16.90881876
17.92500 16.91222706
17.93000 16.91563505
17.93500 16.91904273
17.94000 16.92245010
17.94500 16.92585717
17.95000 16.92926392
17.95500 16.93267037
17.96000 16.93607650
17.96500 16.93948233
17.97000 16.94288785
17.97500 16.94629306
17.98000 16.94969797
17.98500 16.95310256
17.99000 16.95650685
17.99500 16.95991083
18.00000 16.96331450
18.00500 16.96671787
18.01000 16.97012093
18.01500 16.97352368
18.02000 16.97692612
18.02500 16.98032826
18.03000 16.98373009
18.03500 16.98713161
18.04000 16.99053282
18.04500 16.99393373
18.05000 16.99733433
18.05500 17.00073463
18.06000 17.00413462
18.06500 17.00753430
18.07000 17.01093368
18.07500 17.01433275
18.08000 17.01773152
18.08500 17.02112998
18.09000 17.02452813
18.09500 17.02792598
18.10000 17.03132353
18.10500 17.03472076
18.11000 17.03811770
18.11500 17.04151432
18.12000 17.04491065
18.12500 17.04830667
18.13000 17.05170238
18.13500 17.05509779
18.14000 17.05849289
18.14500 17.06188769
18.15000 17.06528219
18.15500 17.06867638
18.16000 17.07207026
18.16500 17.07546385
18.17000 17.07885713
18.17500 17.08225010
18.18000 17.08564277
18.18500 17.08903514
18.19000 17.09242721
18.19500 17.09581897
18.20000 17.09921043
18.20500 17.10260158
18.21000 17.10599243
18.21500 17.10938298
18.22000 17.11277323
18.22500 17.11616317
18.23000 17.11955281
18.23500 17.12294215
18.24000 17.12633119
18.24500 17.12971992
18.25000 17.13310836
18.25500 17.13649649
18.26000 17.13988431
18.26500 17.14327184
18.27000 17.14665906
18.27500 17.15004599
18.28000 17.15343261
18.28500 17.15681893
18.29000 17.16020495
18.29500 17.16359066
18.30000 17.16697608
18.30500 17.17036120
18.31000 17.17374601
18.31500 17.17713053
18.32000 17.18051474
18.32500 17.18389865
18.33000 17.18728226
18.33500 17.19066558
18.34000 17.19404859
18.34500 17.19743130
18.35000 17.20081371
18.35500 17.20419582
18.36000 17.20757764
18.36500 17.21095915
18.37000 17.21434036
18.37500 17.21772127
18.38000 17.22110189
18.38500 17.22448220
18.39000 17.22786222
18.39500 17.23124193
18.40000 17.23462135
18.40500 17.23800047
18.41000 17.24137929
18.41500 17.24475781
18.42000 17.24813604
18.42500 17.25151396
18.43000 17.25489159
18.43500 17.25826892
18.44000 17.26164595
18.44500 17.26502268
18.45000 17.26839911
18.45500 17.27177525
18.46000 17.27515109
18.46500 17.27852663
18.47000 17.28190187
18.47500 17.28527682
18.48000 17.28865147
18.48500 17.29202582
18.49000 17.29539987
18.49500 17.29877363
18.50000 17.30214709
18.50500 17.30552026
18.51000 17.30889313
18.51500 17.31226570
18.52000 17.31563797
18.52500 17.31900995
18.53000 17.32238163
18.53500 17.32575302
18.54000 17.32912411
18.54500 17.33249491
18.55000 17.33586540
18.55500 17.33923561
18.56000 17.34260552
18.56500 17.34597513
18.57000 17.34934444
18.57500 17.35271347
18.58000 17.35608219
18.58500 17.35945062
18.59000 17.36281876
18.59500 17.36618660
18.60000 17.36955415
18.60500 17.37292140
18.61000 17.37628836
18.61500 17.37965502
18.62000 17.38302139
18.62500 17.38638746
18.63000 17.38975324
18.63500 17.39311873
18.64000 17.39648392
18.64500 17.39984882
18.65000 17.40321343
18.65500 17.40657774
18.66000 17.40994176
18.66500 17.41330548
18.67000 17.41666891
18.67500 17.42003205
18.68000 17.42339489
18.68500 17.42675745
18.69000 17.43011970
18.69500 17.43348167
18.70000 17.43684334
18.70500 17.44020473
18.71000 17.44356581
18.71500 17.44692661
18.72000 17.45028711
18.72500 17.45364733
18.73000 17.45700724
18.73500 17.46036687
18.74000 17.46372621
18.74500 17.46708525
18.75000 17.47044400
18.75500 17.47380246
18.76000 17.47716063
18.76500 17.48051851
18.77000 17.48387610
18.77500 17.48723339
18.78000 17.49059040
18.78500 17.49394711
18.79000 17.49730353
18.79500 17.50065967
18.80000 17.50401551
18.80500 17.50737106
18.81000 17.51072632
18.81500 17.51408129
18.82000 17.51743597
18.82500 17.52079036
18.83000 17.52414446
18.83500 17.52749826
18.84000 17.53085178
18.84500 17.53420501
18.85000 17.53755795
18.85500 17.54091060
18.86000 17.54426297
18.86500 17.54761504
18.87000 17.55096682
18.87500 17.55431831
18.88000 17.55766952
18.88500 17.56102043
18.89000 17.56437106
18.89500 17.56772140
18.90000 17.57107145
18.90500 17.57442121
18.91000 17.57777068
18.91500 17.58111986
18.92000 17.58446876
18.92500 17.58781737
18.93000 17.59116568
18.93500 17.59451372
18.94000 17.59786146
18.94500 17.60120892
18.95000 17.60455608
18.95500 17.60790296
18.96000 17.61124956
18.96500 17.61459586
18.97000 17.61794188
18.97500 17.62128761
18.98000 17.62463306
18.98500 17.62797821
18.99000 17.63132308
18.99500 17.63466767
19.00000 17.63801196
19.00500 17.64135598
19.01000 17.64469970
19.01500 17.64804314
19.02000 17.65138629
19.02500 17.65472915
19.03000 17.65807173
19.03500 17.66141402
19.04000 17.66475603
19.04500 17.66809775
19.05000 17.67143919
19.05500 17.67478034
19.06000 17.67812120
19.06500 17.68146178
19.07000 17.68480208
19.07500 17.68814209
19.08000 17.69148181
19.08500 17.69482125
19.09000 17.69816040
19.09500 17.70149927
19.10000 17.70483785
19.10500 17.70817615
19.11000 17.71151417
19.11500 17.71485190
19.12000 17.71818935
19.12500 17.72152651
19.13000 17.72486339
19.13500 17.72819998
19.14000 17.73153629
19.14500 17.73487232
19.15000 17.73820806
19.15500 17.74154352
19.16000 17.74487869
19.16500 17.74821358
19.17000 17.75154819
19.17500 17.75488252
19.18000 17.75821656
19.18500 17.76155032
19.19000 17.76488379
19.19500 17.76821699
19.20000 17.77154990
19.20500 17.77488253
19.21000 17.77821487
19.21500 17.78154693
19.22000 17.78487871
19.22500 17.78821021
19.23000 17.79154143
19.23500 17.79487236
19.24000 17.79820301
19.24500 17.80153338
19.25000 17.80486347
19.25500 17.80819327
19.26000 17.81152280
19.26500 17.81485204
19.27000 17.81818100
19.27500 17.82150968
19.28000 17.82483808
19.28500 17.82816620
19.29000 17.83149404
19.29500 17.83482159
19.30000 17.83814887
19.30500 17.84147586
19.31000 17.84480258
19.31500 17.84812901
19.32000 17.85145516
19.32500 17.85478103
19.33000 17.85810662
19.33500 17.86143194
19.34000 17.86475697
19.34500 17.86808172
19.35000 17.87140619
19.35500 17.87473038
19.36000 17.87805429
19.36500 17.88137793
19.37000 17.88470128
19.37500 17.88802435
19.38000 17.89134715
19.38500 17.89466966
19.39000 17.89799190
19.39500 17.90131385
19.40000 17.90463553
19.40500 17.90795693
19.41000 17.91127805
19.41500 17.91459889
19.42000 17.91791945
19.42500 17.92123974
19.43000 17.92455974
19.43500 17.92787947
19.44000 17.93119892
19.44500 17.93451809
19.45000 17.93783698
19.45500 17.94115560
19.46000 17.94447393
19.46500 17.94779199
19.47000 17.95110977
19.47500 17.95442728
19.48000 17.95774450
19.48500 17.96106145
19.49000 17.96437813
19.49500 17.96769452
19.50000 17.97101064
19.50500 17.97432648
19.51000 17.97764204
19.51500 17.98095733
19.52000 17.98427234
19.52500 17.98758707
19.53000 17.99090153
19.53500 17.99421571
19.54000 17.99752961
19.54500 18.00084324
19.55000 18.00415659
19.55500 18.00746967
19.56000 18.01078247
19.56500 18.01409499
19.57000 18.01740724
19.57500 18.02071921
19.58000 18.02403091
19.58500 18.02734233
19.59000 18.03065347
19.59500 18.03396434
19.60000 18.03727494
19.60500 18.04058526
19.61000 18.04389530
19.61500 18.04720507
19.62000 18.05051457
19.62500 18.05382379
19.63000 18.05713273
19.63500 18.06044140
19.64000 18.06374980
19.64500 18.06705792
19.65000 18.07036577
19.65500 18.07367334
19.66000 18.07698064
19.66500 18.08028766
19.67000 18.08359441
19.67500 18.08690089
19.68000 18.09020709
19.68500 18.09351302
19.69000 18.09681868
19.69500 18.10012406
19.70000 18.10342917
19.70500 18.10673401
19.71000 18.11003857
19.71500 18.11334286
19.72000 18.11664687
19.72500 18.11995062
19.73000 18.12325409
19.73500 18.12655728
19.74000 18.12986021
19.74500 18.13316286
19.75000 18.13646524
19.75500 18.13976735
19.76000 18.14306918
19.76500 18.14637074
19.77000 18.14967203
19.77500 18.15297305
19.78000 18.15627380
19.78500 18.15957427
19.79000 18.16287447
19.79500 18.16617440
19.80000 18.16947406
19.80500 18.17277345
19.81000 18.17607256
19.81500 18.17937141
19.82000 18.18266998
19.82500 18.18596828
19.83000 18.18926632
19.83500 18.19256408
19.84000 18.19586156
19.84500 18.19915878
19.85000 18.20245573
19.85500 18.20575241
19.86000 18.20904881
19.86500 18.21234495
19.87000 18.21564081
19.87500 18.21893641
19.88000 18.22223173
19.88500 18.22552679
19.89000 18.22882157
19.89500 18.23211609
19.90000 18.23541033
19.90500 18.23870431
19.91000 18.24199801
19.91500 18.24529145
19.92000 18.24858462
19.92500 18.25187751
19.93000 18.25517014
19.93500 18.25846250
19.94000 18.26175459
19.94500 18.26504641
19.95000 18.26833796
19.95500 18.27162924
19.96000 18.27492025
19.96500 18.27821100
19.97000 18.28150148
19.97500 18.28479168
19.98000 18.28808162
19.98500 18.29137129
19.99000 18.29466070
19.99500 18.29794983
20.00000 18.30123870
20.00500 18.30452729
20.01000 18.30781562
20.01500 18.31110369
20.02000 18.31439148
20.02500 18.31767901
20.03000 18.32096627
20.03500 18.32425326
20.04000 18.32753999
20.04500 18.33082644
20.05000 18.33411263
20.05500 18.33739856
20.06000 18.34068421
20.06500 18.34396960
20.07000 18.34725472
20.07500 18.35053958
20.08000 18.35382417
20.08500 18.35710849
20.09000 18.36039254
20.09500 18.36367633
20.10000 18.36695986
20.10500 18.37024311
20.11000 18.37352610
20.11500 18.37680883
20.12000 18.38009129
20.12500 18.38337348
20.13000 18.38665540
20.13500 18.38993706
20.14000 18.39321846
20.14500 18.39649959
20.15000 18.39978045
20.15500 18.40306105
20.16000 18.40634139
20.16500 18.40962145
20.17000 18.41290126
20.17500 18.41618079
20.18000 18.41946007
20.18500 18.42273907
20.19000 18.42601782
20.19500 18.42929630
20.20000 18.43257451
20.20500 18.43585246
20.21000 18.43913014
20.21500 18.44240756
20.22000 18.44568472
20.22500 18.44896161
20.23000 18.45223824
20.23500 18.45551460
20.24000 18.45879070
20.24500 18.46206654
20.25000 18.46534211
