0.25000 -0.81586143
0.25500 -0.81078364
0.26000 -0.80060928
0.26500 -0.79038097
0.27000 -0.78011394
0.27500 -0.76985440
0.28000 -0.75963230
0.28500 -0.74947500
0.29000 -0.73940465
0.29500 -0.72943974
0.30000 -0.71959539
0.30500 -0.70988390
0.31000 -0.70031512
0.31500 -0.69089687
0.32000 -0.68163514
0.32500 -0.67253439
0.33000 -0.66359785
0.33500 -0.65482757
0.34000 -0.64622467
0.34500 -0.63778951
0.35000 -0.62952174
0.35500 -0.62142045
0.36000 -0.61348425
0.36500 -0.60571138
0.37000 -0.59809969
0.37500 -0.59064680
0.38000 -0.58335011
0.38500 -0.57620685
0.39000 -0.56921412
0.39500 -0.56236887
0.40000 -0.55566803
0.40500 -0.54910844
0.41000 -0.54268692
0.41500 -0.53640027
0.42000 -0.53024528
0.42500 -0.52421881
0.43000 -0.51831770
0.43500 -0.51253880
0.44000 -0.50687905
0.44500 -0.50133541
0.45000 -0.49590489
0.45500 -0.49058456
0.46000 -0.48537153
0.46500 -0.48026302
0.47000 -0.47525627
0.47500 -0.47034860
0.48000 -0.46553741
0.48500 -0.46082012
0.49000 -0.45619426
0.49500 -0.45165741
0.50000 -0.44720720
0.50500 -0.44284135
0.51000 -0.43855763
0.51500 -0.43435388
0.52000 -0.43022799
0.52500 -0.42617793
0.53000 -0.42220170
0.53500 -0.41829738
0.54000 -0.41446312
0.54500 -0.41069708
0.55000 -0.40699752
0.55500 -0.40336272
0.56000 -0.39979104
0.56500 -0.39628086
0.57000 -0.39283063
0.57500 -0.38943883
0.58000 -0.38610400
0.58500 -0.38282473
0.59000 -0.37959962
0.59500 -0.37642734
0.60000 -0.37330661
0.60500 -0.37023614
0.61000 -0.36721474
0.61500 -0.36424121
0.62000 -0.36131441
0.62500 -0.35843322
0.63000 -0.35559655
0.63500 -0.35280338
0.64000 -0.35005266
0.64500 -0.34734342
0.65000 -0.34467470
0.65500 -0.34204556
0.66000 -0.33945511
0.66500 -0.33690246
0.67000 -0.33438676
0.67500 -0.33190719
0.68000 -0.32946295
0.68500 -0.32705324
0.69000 -0.32467732
0.69500 -0.32233444
0.70000 -0.32002390
0.70500 -0.31774499
0.71000 -0.31549705
0.71500 -0.31327940
0.72000 -0.31109141
0.72500 -0.30893247
0.73000 -0.30680197
0.73500 -0.30469931
0.74000 -0.30262393
0.74500 -0.30057528
0.75000 -0.29855280
0.75500 -0.29655598
0.76000 -0.29458430
0.76500 -0.29263726
0.77000 -0.29071437
0.77500 -0.28881517
0.78000 -0.28693919
0.78500 -0.28508599
0.79000 -0.28325512
0.79500 -0.28144616
0.80000 -0.27965870
0.80500 -0.27789234
0.81000 -0.27614667
0.81500 -0.27442131
0.82000 -0.27271589
0.82500 -0.27103005
0.83000 -0.26936343
0.83500 -0.26771567
0.84000 -0.26608645
0.84500 -0.26447543
0.85000 -0.26288229
0.85500 -0.26130672
0.86000 -0.25974840
0.86500 -0.25820705
0.87000 -0.25668235
0.87500 -0.25517404
0.88000 -0.25368183
0.88500 -0.25220545
0.89000 -0.25074463
0.89500 -0.24929911
0.90000 -0.24786864
0.90500 -0.24645297
0.91000 -0.24505186
0.91500 -0.24366507
0.92000 -0.24229237
0.92500 -0.24093354
0.93000 -0.23958834
0.93500 -0.23825657
0.94000 -0.23693801
0.94500 -0.23563246
0.95000 -0.23433971
0.95500 -0.23305957
0.96000 -0.23179184
0.96500 -0.23053632
0.97000 -0.22929285
0.97500 -0.22806122
0.98000 -0.22684127
0.98500 -0.22563283
0.99000 -0.22443571
0.99500 -0.22324975
1.00000 -0.22207480
1.00500 -0.22091068
1.01000 -0.21975725
1.01500 -0.21861435
1.02000 -0.21748182
1.02500 -0.21635952
1.03000 -0.21524731
1.03500 -0.21414504
1.04000 -0.21305257
1.04500 -0.21196977
1.05000 -0.21089651
1.05500 -0.20983264
1.06000 -0.20877805
1.06500 -0.20773261
1.07000 -0.20669619
1.07500 -0.20566868
1.08000 -0.20464995
1.08500 -0.20363988
1.09000 -0.20263837
1.09500 -0.20164530
1.10000 -0.20066055
1.10500 -0.19968403
1.11000 -0.19871562
1.11500 -0.19775522
1.12000 -0.19680273
1.12500 -0.19585804
1.13000 -0.19492106
1.13500 -0.19399169
1.14000 -0.19306984
1.14500 -0.19215540
1.15000 -0.19124830
1.15500 -0.19034844
1.16000 -0.18945572
1.16500 -0.18857007
1.17000 -0.18769139
1.17500 -0.18681960
1.18000 -0.18595462
1.18500 -0.18509637
1.19000 -0.18424477
1.19500 -0.18339974
1.20000 -0.18256120
1.20500 -0.18172907
1.21000 -0.18090328
1.21500 -0.18008376
1.22000 -0.17927043
1.22500 -0.17846322
1.23000 -0.17766206
1.23500 -0.17686689
1.24000 -0.17607763
1.24500 -0.17529422
1.25000 -0.17451660
1.25500 -0.17374469
1.26000 -0.17297843
1.26500 -0.17221777
1.27000 -0.17146263
1.27500 -0.17071296
1.28000 -0.16996871
1.28500 -0.16922980
1.29000 -0.16849618
1.29500 -0.16776780
1.30000 -0.16704460
1.30500 -0.16632652
1.31000 -0.16561350
1.31500 -0.16490551
1.32000 -0.16420247
1.32500 -0.16350434
1.33000 -0.16281108
1.33500 -0.16212262
1.34000 -0.16143891
1.34500 -0.16075992
1.35000 -0.16008558
1.35500 -0.15941586
1.36000 -0.15875070
1.36500 -0.15809006
1.37000 -0.15743390
1.37500 -0.15678216
1.38000 -0.15613480
1.38500 -0.15549179
1.39000 -0.15485307
1.39500 -0.15421860
1.40000 -0.15358835
1.40500 -0.15296226
1.41000 -0.15234031
1.41500 -0.15172244
1.42000 -0.15110862
1.42500 -0.15049882
1.43000 -0.14989298
1.43500 -0.14929108
1.44000 -0.14869307
1.44500 -0.14809892
1.45000 -0.14750859
1.45500 -0.14692205
1.46000 -0.14633925
1.46500 -0.14576018
1.47000 -0.14518478
1.47500 -0.14461302
1.48000 -0.14404488
1.48500 -0.14348031
1.49000 -0.14291929
1.49500 -0.14236178
1.50000 -0.14180776
1.50500 -0.14125718
1.51000 -0.14071001
1.51500 -0.14016624
1.52000 -0.13962582
1.52500 -0.13908872
1.53000 -0.13855492
1.53500 -0.13802439
1.54000 -0.13749709
1.54500 -0.13697300
1.55000 -0.13645209
1.55500 -0.13593433
1.56000 -0.13541970
1.56500 -0.13490816
1.57000 -0.13439969
1.57500 -0.13389426
1.58000 -0.13339186
1.58500 -0.13289244
1.59000 -0.13239599
1.59500 -0.13190247
1.60000 -0.13141187
1.60500 -0.13092416
1.61000 -0.13043932
1.61500 -0.12995731
1.62000 -0.12947812
1.62500 -0.12900173
1.63000 -0.12852810
1.63500 -0.12805722
1.64000 -0.12758906
1.64500 -0.12712361
1.65000 -0.12666083
1.65500 -0.12620071
1.66000 -0.12574322
1.66500 -0.12528835
1.67000 -0.12483606
1.67500 -0.12438635
1.68000 -0.12393919
1.68500 -0.12349455
1.69000 -0.12305242
1.69500 -0.12261278
1.70000 -0.12217561
1.70500 -0.12174089
1.71000 -0.12130859
1.71500 -0.12087871
1.72000 -0.12045121
1.72500 -0.12002609
1.73000 -0.11960331
1.73500 -0.11918287
1.74000 -0.11876475
1.74500 -0.11834893
1.75000 -0.11793538
1.75500 -0.11752410
1.76000 -0.11711506
1.76500 -0.11670824
1.77000 -0.11630364
1.77500 -0.11590123
1.78000 -0.11550099
1.78500 -0.11510291
1.79000 -0.11470698
1.79500 -0.11431317
1.80000 -0.11392147
1.80500 -0.11353187
1.81000 -0.11314435
1.81500 -0.11275888
1.82000 -0.11237547
1.82500 -0.11199408
1.83000 -0.11161472
1.83500 -0.11123735
1.84000 -0.11086197
1.84500 -0.11048856
1.85000 -0.11011711
1.85500 -0.10974761
1.86000 -0.10938003
1.86500 -0.10901437
1.87000 -0.10865060
1.87500 -0.10828873
1.88000 -0.10792872
1.88500 -0.10757058
1.89000 -0.10721428
1.89500 -0.10685981
1.90000 -0.10650717
1.90500 -0.10615633
1.91000 -0.10580728
1.91500 -0.10546001
1.92000 -0.10511451
1.92500 -0.10477077
1.93000 -0.10442876
1.93500 -0.10408849
1.94000 -0.10374994
1.94500 -0.10341309
1.95000 -0.10307793
1.95500 -0.10274446
1.96000 -0.10241266
1.96500 -0.10208252
1.97000 -0.10175402
1.97500 -0.10142716
1.98000 -0.10110192
1.98500 -0.10077830
1.99000 -0.10045627
1.99500 -0.10013584
2.00000 -0.09981699
2.00500 -0.09949971
2.01000 -0.09918398
2.01500 -0.09886981
2.02000 -0.09855717
2.02500 -0.09824605
2.03000 -0.09793646
2.03500 -0.09762836
2.04000 -0.09732177
2.04500 -0.09701666
2.05000 -0.09671303
2.05500 -0.09641086
2.06000 -0.09611015
2.06500 -0.09581088
2.07000 -0.09551305
2.07500 -0.09521665
2.08000 -0.09492167
2.08500 -0.09462809
2.09000 -0.09433591
2.09500 -0.09404513
2.10000 -0.09375572
2.10500 -0.09346769
2.11000 -0.09318101
2.11500 -0.09289570
2.12000 -0.09261172
2.12500 -0.09232909
2.13000 -0.09204778
2.13500 -0.09176779
2.14000 -0.09148910
2.14500 -0.09121173
2.15000 -0.09093564
2.15500 -0.09066084
2.16000 -0.09038732
2.16500 -0.09011506
2.17000 -0.08984407
2.17500 -0.08957433
2.18000 -0.08930583
2.18500 -0.08903858
2.19000 -0.08877255
2.19500 -0.08850774
2.20000 -0.08824414
2.20500 -0.08798175
2.21000 -0.08772056
2.21500 -0.08746056
2.22000 -0.08720174
2.22500 -0.08694410
2.23000 -0.08668763
2.23500 -0.08643231
2.24000 -0.08617816
2.24500 -0.08592515
2.25000 -0.08567328
2.25500 -0.08542254
2.26000 -0.08517293
2.26500 -0.08492443
2.27000 -0.08467705
2.27500 -0.08443077
2.28000 -0.08418560
2.28500 -0.08394151
2.29000 -0.08369851
2.29500 -0.08345659
2.30000 -0.08321574
2.30500 -0.08297595
2.31000 -0.08273723
2.31500 -0.08249955
2.32000 -0.08226293
2.32500 -0.08202734
2.33000 -0.08179279
2.33500 -0.08155926
2.34000 -0.08132676
2.34500 -0.08109527
2.35000 -0.08086479
2.35500 -0.08063531
2.36000 -0.08040683
2.36500 -0.08017934
2.37000 -0.07995284
2.37500 -0.07972732
2.38000 -0.07950277
2.38500 -0.07927919
2.39000 -0.07905657
2.39500 -0.07883491
2.40000 -0.07861420
2.40500 -0.07839444
2.41000 -0.07817561
2.41500 -0.07795773
2.42000 -0.07774077
2.42500 -0.07752473
2.43000 -0.07730961
2.43500 -0.07709541
2.44000 -0.07688211
2.44500 -0.07666972
2.45000 -0.07645822
2.45500 -0.07624762
2.46000 -0.07603790
2.46500 -0.07582907
2.47000 -0.07562111
2.47500 -0.07541403
2.48000 -0.07520781
2.48500 -0.07500245
2.49000 -0.07479796
2.49500 -0.07459431
2.50000 -0.07439151
2.50500 -0.07418956
2.51000 -0.07398844
2.51500 -0.07378816
2.52000 -0.07358870
2.52500 -0.07339007
2.53000 -0.07319226
2.53500 -0.07299526
2.54000 -0.07279908
2.54500 -0.07260370
2.55000 -0.07240912
2.55500 -0.07221534
2.56000 -0.07202235
2.56500 -0.07183015
2.57000 -0.07163873
2.57500 -0.07144809
2.58000 -0.07125823
2.58500 -0.07106914
2.59000 -0.07088081
2.59500 -0.07069325
2.60000 -0.07050644
2.60500 -0.07032039
2.61000 -0.07013509
2.61500 -0.06995054
2.62000 -0.06976672
2.62500 -0.06958365
2.63000 -0.06940131
2.63500 -0.06921970
2.64000 -0.06903881
2.64500 -0.06885865
2.65000 -0.06867920
2.65500 -0.06850047
2.66000 -0.06832245
2.66500 -0.06814513
2.67000 -0.06796852
2.67500 -0.06779261
2.68000 -0.06761739
2.68500 -0.06744286
2.69000 -0.06726903
2.69500 -0.06709587
2.70000 -0.06692340
2.70500 -0.06675160
2.71000 -0.06658048
2.71500 -0.06641003
2.72000 -0.06624024
2.72500 -0.06607112
2.73000 -0.06590265
2.73500 -0.06573484
2.74000 -0.06556769
2.74500 -0.06540118
2.75000 -0.06523532
2.75500 -0.06507010
2.76000 -0.06490552
2.76500 -0.06474158
2.77000 -0.06457826
2.77500 -0.06441558
2.78000 -0.06425352
2.78500 -0.06409209
2.79000 -0.06393127
2.79500 -0.06377107
2.80000 -0.06361148
2.80500 -0.06345250
2.81000 -0.06329413
2.81500 -0.06313637
2.82000 -0.06297920
2.82500 -0.06282263
2.83000 -0.06266665
2.83500 -0.06251127
2.84000 -0.06235647
2.84500 -0.06220226
2.85000 -0.06204863
2.85500 -0.06189558
2.86000 -0.06174311
2.86500 -0.06159121
2.87000 -0.06143988
2.87500 -0.06128912
2.88000 -0.06113892
2.88500 -0.06098929
2.89000 -0.06084022
2.89500 -0.06069170
2.90000 -0.06054373
2.90500 -0.06039632
2.91000 -0.06024945
2.91500 -0.06010313
2.92000 -0.05995735
2.92500 -0.05981211
2.93000 -0.05966741
2.93500 -0.05952324
2.94000 -0.05937961
2.94500 -0.05923650
2.95000 -0.05909392
2.95500 -0.05895186
2.96000 -0.05881033
2.96500 -0.05866931
2.97000 -0.05852882
2.97500 -0.05838883
2.98000 -0.05824936
2.98500 -0.05811039
2.99000 -0.05797193
2.99500 -0.05783398
3.00000 -0.05769652
3.00500 -0.05755957
3.01000 -0.05742311
3.01500 -0.05728715
3.02000 -0.05715167
3.02500 -0.05701669
3.03000 -0.05688220
3.03500 -0.05674818
3.04000 -0.05661465
3.04500 -0.05648160
3.05000 -0.05634903
3.05500 -0.05621694
3.06000 -0.05608531
3.06500 -0.05595416
3.07000 -0.05582347
3.07500 -0.05569326
3.08000 -0.05556350
3.08500 -0.05543421
3.09000 -0.05530538
3.09500 -0.05517700
3.10000 -0.05504908
3.10500 -0.05492161
3.11000 -0.05479460
3.11500 -0.05466803
3.12000 -0.05454191
3.12500 -0.05441623
3.13000 -0.05429100
3.13500 -0.05416620
3.14000 -0.05404185
3.14500 -0.05391793
3.15000 -0.05379445
3.15500 -0.05367139
3.16000 -0.05354877
3.16500 -0.05342658
3.17000 -0.05330481
3.17500 -0.05318347
3.18000 -0.05306254
3.18500 -0.05294204
3.19000 -0.05282196
3.19500 -0.05270229
3.20000 -0.05258304
3.20500 -0.05246420
3.21000 -0.05234577
3.21500 -0.05222775
3.22000 -0.05211013
3.22500 -0.05199293
3.23000 -0.05187612
3.23500 -0.05175971
3.24000 -0.05164371
3.24500 -0.05152810
3.25000 -0.05141289
3.25500 -0.05129807
3.26000 -0.05118364
3.26500 -0.05106961
3.27000 -0.05095596
3.27500 -0.05084270
3.28000 -0.05072982
3.28500 -0.05061733
3.29000 -0.05050522
3.29500 -0.05039349
3.30000 -0.05028213
3.30500 -0.05017116
3.31000 -0.05006055
3.31500 -0.04995033
3.32000 -0.04984047
3.32500 -0.04973098
3.33000 -0.04962186
3.33500 -0.04951310
3.34000 -0.04940471
3.34500 -0.04929669
3.35000 -0.04918902
3.35500 -0.04908172
3.36000 -0.04897477
3.36500 -0.04886818
3.37000 -0.04876194
3.37500 -0.04865606
3.38000 -0.04855053
3.38500 -0.04844535
3.39000 -0.04834052
3.39500 -0.04823603
3.40000 -0.04813190
3.40500 -0.04802810
3.41000 -0.04792465
3.41500 -0.04782154
3.42000 -0.04771877
3.42500 -0.04761633
3.43000 -0.04751424
3.43500 -0.04741248
3.44000 -0.04731105
3.44500 -0.04720995
3.45000 -0.04710919
3.45500 -0.04700875
3.46000 -0.04690865
3.46500 -0.04680887
3.47000 -0.04670941
3.47500 -0.04661028
3.48000 -0.04651147
3.48500 -0.04641298
3.49000 -0.04631481
3.49500 -0.04621696
3.50000 -0.04611942
3.50500 -0.04602220
3.51000 -0.04592529
3.51500 -0.04582870
3.52000 -0.04573242
3.52500 -0.04563645
3.53000 -0.04554078
3.53500 -0.04544543
3.54000 -0.04535038
3.54500 -0.04525563
3.55000 -0.04516119
3.55500 -0.04506705
3.56000 -0.04497321
3.56500 -0.04487967
3.57000 -0.04478643
3.57500 -0.04469348
3.58000 -0.04460083
3.58500 -0.04450848
3.59000 -0.04441641
3.59500 -0.04432464
3.60000 -0.04423317
3.60500 -0.04414198
3.61000 -0.04405107
3.61500 -0.04396046
3.62000 -0.04387013
3.62500 -0.04378009
3.63000 -0.04369032
3.63500 -0.04360085
3.64000 -0.04351165
3.64500 -0.04342273
3.65000 -0.04333409
3.65500 -0.04324573
3.66000 -0.04315765
3.66500 -0.04306984
3.67000 -0.04298230
3.67500 -0.04289504
3.68000 -0.04280805
3.68500 -0.04272132
3.69000 -0.04263487
3.69500 -0.04254869
3.70000 -0.04246278
3.70500 -0.04237713
3.71000 -0.04229174
3.71500 -0.04220662
3.72000 -0.04212177
3.72500 -0.04203717
3.73000 -0.04195284
3.73500 -0.04186876
3.74000 -0.04178494
3.74500 -0.04170139
3.75000 -0.04161808
3.75500 -0.04153504
3.76000 -0.04145225
3.76500 -0.04136971
3.77000 -0.04128742
3.77500 -0.04120538
3.78000 -0.04112360
3.78500 -0.04104206
3.79000 -0.04096078
3.79500 -0.04087974
3.80000 -0.04079894
3.80500 -0.04071839
3.81000 -0.04063809
3.81500 -0.04055803
3.82000 -0.04047821
3.82500 -0.04039863
3.83000 -0.04031929
3.83500 -0.04024020
3.84000 -0.04016134
3.84500 -0.04008271
3.85000 -0.04000433
3.85500 -0.03992618
3.86000 -0.03984826
3.86500 -0.03977058
3.87000 -0.03969313
3.87500 -0.03961592
3.88000 -0.03953893
3.88500 -0.03946217
3.89000 -0.03938565
3.89500 -0.03930935
3.90000 -0.03923327
3.90500 -0.03915743
3.91000 -0.03908181
3.91500 -0.03900641
3.92000 -0.03893124
3.92500 -0.03885629
3.93000 -0.03878156
3.93500 -0.03870706
3.94000 -0.03863277
3.94500 -0.03855870
3.95000 -0.03848485
3.95500 -0.03841122
3.96000 -0.03833781
3.96500 -0.03826461
3.97000 -0.03819162
3.97500 -0.03811886
3.98000 -0.03804630
3.98500 -0.03797395
3.99000 -0.03790182
3.99500 -0.03782990
4.00000 -0.03775819
4.00500 -0.03768669
4.01000 -0.03761539
4.01500 -0.03754431
4.02000 -0.03747343
4.02500 -0.03740275
4.03000 -0.03733228
4.03500 -0.03726202
4.04000 -0.03719196
4.04500 -0.03712210
4.05000 -0.03705245
4.05500 -0.03698299
4.06000 -0.03691374
4.06500 -0.03684468
4.07000 -0.03677583
4.07500 -0.03670717
4.08000 -0.03663871
4.08500 -0.03657044
4.09000 -0.03650238
4.09500 -0.03643450
4.10000 -0.03636682
4.10500 -0.03629934
4.11000 -0.03623205
4.11500 -0.03616495
4.12000 -0.03609804
4.12500 -0.03603132
4.13000 -0.03596479
4.13500 -0.03589846
4.14000 -0.03583231
4.14500 -0.03576634
4.15000 -0.03570057
4.15500 -0.03563498
4.16000 -0.03556958
4.16500 -0.03550436
4.17000 -0.03543933
4.17500 -0.03537448
4.18000 -0.03530981
4.18500 -0.03524532
4.19000 -0.03518102
4.19500 -0.03511690
4.20000 -0.03505295
4.20500 -0.03498919
4.21000 -0.03492561
4.21500 -0.03486220
4.22000 -0.03479897
4.22500 -0.03473592
4.23000 -0.03467304
4.23500 -0.03461034
4.24000 -0.03454782
4.24500 -0.03448547
4.25000 -0.03442329
4.25500 -0.03436128
4.26000 -0.03429945
4.26500 -0.03423779
4.27000 -0.03417630
4.27500 -0.03411498
4.28000 -0.03405383
4.28500 -0.03399285
4.29000 -0.03393204
4.29500 -0.03387139
4.30000 -0.03381092
4.30500 -0.03375061
4.31000 -0.03369046
4.31500 -0.03363048
4.32000 -0.03357067
4.32500 -0.03351102
4.33000 -0.03345153
4.33500 -0.03339221
4.34000 -0.03333304
4.34500 -0.03327405
4.35000 -0.03321521
4.35500 -0.03315653
4.36000 -0.03309801
4.36500 -0.03303965
4.37000 -0.03298145
4.37500 -0.03292341
4.38000 -0.03286553
4.38500 -0.03280780
4.39000 -0.03275023
4.39500 -0.03269282
4.40000 -0.03263556
4.40500 -0.03257846
4.41000 -0.03252151
4.41500 -0.03246471
4.42000 -0.03240807
4.42500 -0.03235158
4.43000 -0.03229524
4.43500 -0.03223905
4.44000 -0.03218302
4.44500 -0.03212713
4.45000 -0.03207140
4.45500 -0.03201581
4.46000 -0.03196038
4.46500 -0.03190509
4.47000 -0.03184995
4.47500 -0.03179495
4.48000 -0.03174011
4.48500 -0.03168541
4.49000 -0.03163085
4.49500 -0.03157644
4.50000 -0.03152218
4.50500 -0.03146806
4.51000 -0.03141408
4.51500 -0.03136025
4.52000 -0.03130656
4.52500 -0.03125301
4.53000 -0.03119960
4.53500 -0.03114633
4.54000 -0.03109321
4.54500 -0.03104022
4.55000 -0.03098737
4.55500 -0.03093467
4.56000 -0.03088210
4.56500 -0.03082967
4.57000 -0.03077737
4.57500 -0.03072522
4.58000 -0.03067320
4.58500 -0.03062132
4.59000 -0.03056957
4.59500 -0.03051796
4.60000 -0.03046648
4.60500 -0.03041514
4.61000 -0.03036393
4.61500 -0.03031285
4.62000 -0.03026191
4.62500 -0.03021110
4.63000 -0.03016042
4.63500 -0.03010987
4.64000 -0.03005946
4.64500 -0.03000917
4.65000 -0.02995902
4.65500 -0.02990899
4.66000 -0.02985910
4.66500 -0.02980933
4.67000 -0.02975969
4.67500 -0.02971018
4.68000 -0.02966080
4.68500 -0.02961154
4.69000 -0.02956241
4.69500 -0.02951341
4.70000 -0.02946453
4.70500 -0.02941578
4.71000 -0.02936715
4.71500 -0.02931865
4.72000 -0.02927027
4.72500 -0.02922201
4.73000 -0.02917388
4.73500 -0.02912587
4.74000 -0.02907798
4.74500 -0.02903022
4.75000 -0.02898257
4.75500 -0.02893505
4.76000 -0.02888765
4.76500 -0.02884037
4.77000 -0.02879320
4.77500 -0.02874616
4.78000 -0.02869924
4.78500 -0.02865243
4.79000 -0.02860575
4.79500 -0.02855918
4.80000 -0.02851272
4.80500 -0.02846639
4.81000 -0.02842017
4.81500 -0.02837407
4.82000 -0.02832808
4.82500 -0.02828221
4.83000 -0.02823646
4.83500 -0.02819082
4.84000 -0.02814529
4.84500 -0.02809988
4.85000 -0.02805458
4.85500 -0.02800940
4.86000 -0.02796432
4.86500 -0.02791936
4.87000 -0.02787451
4.87500 -0.02782978
4.88000 -0.02778515
4.88500 -0.02774064
4.89000 -0.02769623
4.89500 -0.02765194
4.90000 -0.02760775
4.90500 -0.02756368
4.91000 -0.02751971
4.91500 -0.02747586
4.92000 -0.02743211
4.92500 -0.02738847
4.93000 -0.02734493
4.93500 -0.02730151
4.94000 -0.02725819
4.94500 -0.02721498
4.95000 -0.02717187
4.95500 -0.02712887
4.96000 -0.02708598
4.96500 -0.02704319
4.97000 -0.02700050
4.97500 -0.02695792
4.98000 -0.02691545
4.98500 -0.02687307
4.99000 -0.02683080
4.99500 -0.02678864
5.00000 -0.02674657
5.00500 -0.02670461
5.01000 -0.02666276
5.01500 -0.02662100
5.02000 -0.02657934
5.02500 -0.02653779
5.03000 -0.02649634
5.03500 -0.02645498
5.04000 -0.02641373
5.04500 -0.02637258
5.05000 -0.02633152
5.05500 -0.02629057
5.06000 -0.02624971
5.06500 -0.02620896
5.07000 -0.02616830
5.07500 -0.02612774
5.08000 -0.02608727
5.08500 -0.02604691
5.09000 -0.02600664
5.09500 -0.02596646
5.10000 -0.02592639
5.10500 -0.02588641
5.11000 -0.02584652
5.11500 -0.02580673
5.12000 -0.02576704
5.12500 -0.02572744
5.13000 -0.02568793
5.13500 -0.02564852
5.14000 -0.02560921
5.14500 -0.02556998
5.15000 -0.02553085
5.15500 -0.02549181
5.16000 -0.02545287
5.16500 -0.02541402
5.17000 -0.02537526
5.17500 -0.02533659
5.18000 -0.02529801
5.18500 -0.02525952
5.19000 -0.02522113
5.19500 -0.02518282
5.20000 -0.02514461
5.20500 -0.02510649
5.21000 -0.02506845
5.21500 -0.02503051
5.22000 -0.02499265
5.22500 -0.02495488
5.23000 -0.02491721
5.23500 -0.02487962
5.24000 -0.02484211
5.24500 -0.02480470
5.25000 -0.02476737
5.25500 -0.02473013
5.26000 -0.02469298
5.26500 -0.02465592
5.27000 -0.02461894
5.27500 -0.02458204
5.28000 -0.02454524
5.28500 -0.02450851
5.29000 -0.02447188
5.29500 -0.02443533
5.30000 -0.02439886
5.30500 -0.02436248
5.31000 -0.02432618
5.31500 -0.02428997
5.32000 -0.02425384
5.32500 -0.02421779
5.33000 -0.02418183
5.33500 -0.02414595
5.34000 -0.02411015
5.34500 -0.02407443
5.35000 -0.02403880
5.35500 -0.02400325
5.36000 -0.02396778
5.36500 -0.02393239
5.37000 -0.02389709
5.37500 -0.02386186
5.38000 -0.02382671
5.38500 -0.02379165
5.39000 -0.02375666
5.39500 -0.02372176
5.40000 -0.02368693
5.40500 -0.02365219
5.41000 -0.02361752
5.41500 -0.02358294
5.42000 -0.02354843
5.42500 -0.02351400
5.43000 -0.02347964
5.43500 -0.02344537
5.44000 -0.02341117
5.44500 -0.02337706
5.45000 -0.02334301
5.45500 -0.02330905
5.46000 -0.02327516
5.46500 -0.02324135
5.47000 -0.02320762
5.47500 -0.02317396
5.48000 -0.02314037
5.48500 -0.02310687
5.49000 -0.02307344
5.49500 -0.02304008
5.50000 -0.02300680
5.50500 -0.02297359
5.51000 -0.02294046
5.51500 -0.02290740
5.52000 -0.02287442
5.52500 -0.02284151
5.53000 -0.02280867
5.53500 -0.02277591
5.54000 -0.02274322
5.54500 -0.02271060
5.55000 -0.02267805
5.55500 -0.02264558
5.56000 -0.02261318
5.56500 -0.02258085
5.57000 -0.02254860
5.57500 -0.02251641
5.58000 -0.02248430
5.58500 -0.02245226
5.59000 -0.02242029
5.59500 -0.02238839
5.60000 -0.02235656
5.60500 -0.02232480
5.61000 -0.02229311
5.61500 -0.02226149
5.62000 -0.02222995
5.62500 -0.02219847
5.63000 -0.02216706
5.63500 -0.02213571
5.64000 -0.02210444
5.64500 -0.02207324
5.65000 -0.02204210
5.65500 -0.02201104
5.66000 -0.02198004
5.66500 -0.02194911
5.67000 -0.02191824
5.67500 -0.02188745
5.68000 -0.02185672
5.68500 -0.02182606
5.69000 -0.02179547
5.69500 -0.02176494
5.70000 -0.02173448
5.70500 -0.02170408
5.71000 -0.02167375
5.71500 -0.02164349
5.72000 -0.02161329
5.72500 -0.02158316
5.73000 -0.02155309
5.73500 -0.02152309
5.74000 -0.02149316
5.74500 -0.02146329
5.75000 -0.02143348
5.75500 -0.02140374
5.76000 -0.02137406
5.76500 -0.02134444
5.77000 -0.02131489
5.77500 -0.02128541
5.78000 -0.02125598
5.78500 -0.02122662
5.79000 -0.02119732
5.79500 -0.02116809
5.80000 -0.02113892
5.80500 -0.02110981
5.81000 -0.02108076
5.81500 -0.02105178
5.82000 -0.02102286
5.82500 -0.02099400
5.83000 -0.02096520
5.83500 -0.02093646
5.84000 -0.02090778
5.84500 -0.02087917
5.85000 -0.02085061
5.85500 -0.02082212
5.86000 -0.02079369
5.86500 -0.02076531
5.87000 -0.02073700
5.87500 -0.02070875
5.88000 -0.02068056
5.88500 -0.02065242
5.89000 -0.02062435
5.89500 -0.02059634
5.90000 -0.02056838
5.90500 -0.02054048
5.91000 -0.02051265
5.91500 -0.02048487
5.92000 -0.02045715
5.92500 -0.02042949
5.93000 -0.02040189
5.93500 -0.02037434
5.94000 -0.02034685
5.94500 -0.02031942
5.95000 -0.02029205
5.95500 -0.02026474
5.96000 -0.02023748
5.96500 -0.02021028
5.97000 -0.02018313
5.97500 -0.02015605
5.98000 -0.02012902
5.98500 -0.02010204
5.99000 -0.02007512
5.99500 -0.02004826
6.00000 -0.02002146
6.00500 -0.01999471
6.01000 -0.01996801
6.01500 -0.01994137
6.02000 -0.01991479
6.02500 -0.01988826
6.03000 -0.01986179
6.03500 -0.01983537
6.04000 -0.01980900
6.04500 -0.01978269
6.05000 -0.01975644
6.05500 -0.01973024
6.06000 -0.01970409
6.06500 -0.01967800
6.07000 -0.01965196
6.07500 -0.01962597
6.08000 -0.01960004
6.08500 -0.01957416
6.09000 -0.01954834
6.09500 -0.01952256
6.10000 -0.01949684
6.10500 -0.01947118
6.11000 -0.01944556
6.11500 -0.01942000
6.12000 -0.01939449
6.12500 -0.01936903
6.13000 -0.01934362
6.13500 -0.01931827
6.14000 -0.01929297
6.14500 -0.01926772
6.15000 -0.01924252
6.15500 -0.01921737
6.16000 -0.01919227
6.16500 -0.01916723
6.17000 -0.01914223
6.17500 -0.01911729
6.18000 -0.01909239
6.18500 -0.01906755
6.19000 -0.01904276
6.19500 -0.01901801
6.20000 -0.01899332
6.20500 -0.01896868
6.21000 -0.01894408
6.21500 -0.01891954
6.22000 -0.01889505
6.22500 -0.01887060
6.23000 -0.01884620
6.23500 -0.01882186
6.24000 -0.01879756
6.24500 -0.01877331
6.25000 -0.01874911
6.25500 -0.01872496
6.26000 -0.01870085
6.26500 -0.01867680
6.27000 -0.01865279
6.27500 -0.01862883
6.28000 -0.01860492
6.28500 -0.01858106
6.29000 -0.01855724
6.29500 -0.01853347
6.30000 -0.01850975
6.30500 -0.01848608
6.31000 -0.01846245
6.31500 -0.01843887
6.32000 -0.01841534
6.32500 -0.01839185
6.33000 -0.01836841
6.33500 -0.01834502
6.34000 -0.01832167
6.34500 -0.01829837
6.35000 -0.01827512
6.35500 -0.01825191
6.36000 -0.01822875
6.36500 -0.01820563
6.37000 -0.01818256
6.37500 -0.01815953
6.38000 -0.01813655
6.38500 -0.01811362
6.39000 -0.01809073
6.39500 -0.01806788
6.40000 -0.01804508
6.40500 -0.01802233
6.41000 -0.01799962
6.41500 -0.01797695
6.42000 -0.01795433
6.42500 -0.01793175
6.43000 -0.01790922
6.43500 -0.01788673
6.44000 -0.01786428
6.44500 -0.01784188
6.45000 -0.01781952
6.45500 -0.01779721
6.46000 -0.01777494
6.46500 -0.01775271
6.47000 -0.01773052
6.47500 -0.01770838
6.48000 -0.01768628
6.48500 -0.01766423
6.49000 -0.01764221
6.49500 -0.01762024
6.50000 -0.01759832
6.50500 -0.01757643
6.51000 -0.01755459
6.51500 -0.01753279
6.52000 -0.01751103
6.52500 -0.01748931
6.53000 -0.01746764
6.53500 -0.01744601
6.54000 -0.01742441
6.54500 -0.01740287
6.55000 -0.01738136
6.55500 -0.01735989
6.56000 -0.01733846
6.56500 -0.01731708
6.57000 -0.01729574
6.57500 -0.01727443
6.58000 -0.01725317
6.58500 -0.01723195
6.59000 -0.01721077
6.59500 -0.01718963
6.60000 -0.01716853
6.60500 -0.01714747
6.61000 -0.01712645
6.61500 -0.01710547
6.62000 -0.01708453
6.62500 -0.01706363
6.63000 -0.01704277
6.63500 -0.01702195
6.64000 -0.01700117
6.64500 -0.01698043
6.65000 -0.01695973
6.65500 -0.01693907
6.66000 -0.01691845
6.66500 -0.01689786
6.67000 -0.01687732
6.67500 -0.01685681
6.68000 -0.01683634
6.68500 -0.01681591
6.69000 -0.01679552
6.69500 -0.01677517
6.70000 -0.01675486
6.70500 -0.01673458
6.71000 -0.01671434
6.71500 -0.01669415
6.72000 -0.01667398
6.72500 -0.01665386
6.73000 -0.01663377
6.73500 -0.01661373
6.74000 -0.01659372
6.74500 -0.01657374
6.75000 -0.01655381
6.75500 -0.01653391
6.76000 -0.01651405
6.76500 -0.01649422
6.77000 -0.01647444
6.77500 -0.01645469
6.78000 -0.01643497
6.78500 -0.01641530
6.79000 -0.01639566
6.79500 -0.01637605
6.80000 -0.01635648
6.80500 -0.01633695
6.81000 -0.01631746
6.81500 -0.01629800
6.82000 -0.01627858
6.82500 -0.01625919
6.83000 -0.01623984
6.83500 -0.01622053
6.84000 -0.01620125
6.84500 -0.01618200
6.85000 -0.01616280
6.85500 -0.01614362
6.86000 -0.01612449
6.86500 -0.01610538
6.87000 -0.01608632
6.87500 -0.01606729
6.88000 -0.01604829
6.88500 -0.01602933
6.89000 -0.01601040
6.89500 -0.01599151
6.90000 -0.01597265
6.90500 -0.01595383
6.91000 -0.01593504
6.91500 -0.01591629
6.92000 -0.01589757
6.92500 -0.01587888
6.93000 -0.01586023
6.93500 -0.01584161
6.94000 -0.01582303
6.94500 -0.01580448
6.95000 -0.01578596
6.95500 -0.01576748
6.96000 -0.01574903
6.96500 -0.01573062
6.97000 -0.01571224
6.97500 -0.01569389
6.98000 -0.01567557
6.98500 -0.01565729
6.99000 -0.01563904
6.99500 -0.01562083
7.00000 -0.01560264
7.00500 -0.01558449
7.01000 -0.01556638
7.01500 -0.01554829
7.02000 -0.01553024
7.02500 -0.01551222
7.03000 -0.01549424
7.03500 -0.01547628
7.04000 -0.01545836
7.04500 -0.01544047
7.05000 -0.01542261
7.05500 -0.01540479
7.06000 -0.01538700
7.06500 -0.01536923
7.07000 -0.01535150
7.07500 -0.01533381
7.08000 -0.01531614
7.08500 -0.01529851
7.09000 -0.01528090
7.09500 -0.01526333
7.10000 -0.01524579
7.10500 -0.01522828
7.11000 -0.01521081
7.11500 -0.01519336
7.12000 -0.01517594
7.12500 -0.01515856
7.13000 -0.01514121
7.13500 -0.01512388
7.14000 -0.01510659
7.14500 -0.01508933
7.15000 -0.01507210
7.15500 -0.01505490
7.16000 -0.01503773
7.16500 -0.01502059
7.17000 -0.01500349
7.17500 -0.01498641
7.18000 -0.01496936
7.18500 -0.01495234
7.19000 -0.01493535
7.19500 -0.01491839
7.20000 -0.01490147
7.20500 -0.01488457
7.21000 -0.01486770
7.21500 -0.01485086
7.22000 -0.01483405
7.22500 -0.01481727
7.23000 -0.01480052
7.23500 -0.01478380
7.24000 -0.01476711
7.24500 -0.01475045
7.25000 -0.01473381
7.25500 -0.01471721
7.26000 -0.01470064
7.26500 -0.01468409
7.27000 -0.01466757
7.27500 -0.01465109
7.28000 -0.01463463
7.28500 -0.01461820
7.29000 -0.01460179
7.29500 -0.01458542
7.30000 -0.01456908
7.30500 -0.01455276
7.31000 -0.01453647
7.31500 -0.01452021
7.32000 -0.01450398
7.32500 -0.01448778
7.33000 -0.01447160
7.33500 -0.01445545
7.34000 -0.01443933
7.34500 -0.01442324
7.35000 -0.01440718
7.35500 -0.01439114
7.36000 -0.01437514
7.36500 -0.01435915
7.37000 -0.01434320
7.37500 -0.01432728
7.38000 -0.01431138
7.38500 -0.01429551
7.39000 -0.01427967
7.39500 -0.01426385
7.40000 -0.01424806
7.40500 -0.01423230
7.41000 -0.01421656
7.41500 -0.01420086
7.42000 -0.01418518
7.42500 -0.01416952
7.43000 -0.01415390
7.43500 -0.01413829
7.44000 -0.01412272
7.44500 -0.01410717
7.45000 -0.01409165
7.45500 -0.01407616
7.46000 -0.01406069
7.46500 -0.01404525
7.47000 -0.01402984
7.47500 -0.01401445
7.48000 -0.01399909
7.48500 -0.01398375
7.49000 -0.01396844
7.49500 -0.01395316
7.50000 -0.01393790
7.50500 -0.01392267
7.51000 -0.01390746
7.51500 -0.01389228
7.52000 -0.01387712
7.52500 -0.01386199
7.53000 -0.01384689
7.53500 -0.01383181
7.54000 -0.01381676
7.54500 -0.01380173
7.55000 -0.01378673
7.55500 -0.01377175
7.56000 -0.01375680
7.56500 -0.01374188
7.57000 -0.01372698
7.57500 -0.01371210
7.58000 -0.01369725
7.58500 -0.01368242
7.59000 -0.01366762
7.59500 -0.01365285
7.60000 -0.01363809
7.60500 -0.01362337
7.61000 -0.01360867
7.61500 -0.01359399
7.62000 -0.01357934
7.62500 -0.01356471
7.63000 -0.01355010
7.63500 -0.01353552
7.64000 -0.01352097
7.64500 -0.01350644
7.65000 -0.01349193
7.65500 -0.01347745
7.66000 -0.01346299
7.66500 -0.01344855
7.67000 -0.01343414
7.67500 -0.01341976
7.68000 -0.01340540
7.68500 -0.01339106
7.69000 -0.01337674
7.69500 -0.01336245
7.70000 -0.01334818
7.70500 -0.01333394
7.71000 -0.01331972
7.71500 -0.01330552
7.72000 -0.01329135
7.72500 -0.01327720
7.73000 -0.01326307
7.73500 -0.01324897
7.74000 -0.01323489
7.74500 -0.01322083
7.75000 -0.01320680
7.75500 -0.01319279
7.76000 -0.01317880
7.76500 -0.01316484
7.77000 -0.01315089
7.77500 -0.01313698
7.78000 -0.01312308
7.78500 -0.01310921
7.79000 -0.01309536
7.79500 -0.01308153
7.80000 -0.01306772
7.80500 -0.01305394
7.81000 -0.01304018
7.81500 -0.01302645
7.82000 -0.01301273
7.82500 -0.01299904
7.83000 -0.01298537
7.83500 -0.01297172
7.84000 -0.01295809
7.84500 -0.01294449
7.85000 -0.01293091
7.85500 -0.01291735
7.86000 -0.01290381
7.86500 -0.01289030
7.87000 -0.01287681
7.87500 -0.01286333
7.88000 -0.01284988
7.88500 -0.01283646
7.89000 -0.01282305
7.89500 -0.01280967
7.90000 -0.01279630
7.90500 -0.01278296
7.91000 -0.01276964
7.91500 -0.01275635
7.92000 -0.01274307
7.92500 -0.01272982
7.93000 -0.01271658
7.93500 -0.01270337
7.94000 -0.01269018
7.94500 -0.01267701
7.95000 -0.01266386
7.95500 -0.01265073
7.96000 -0.01263763
7.96500 -0.01262454
7.97000 -0.01261148
7.97500 -0.01259843
7.98000 -0.01258541
7.98500 -0.01257241
7.99000 -0.01255943
7.99500 -0.01254647
8.00000 -0.01253353
8.00500 -0.01252061
8.01000 -0.01250771
8.01500 -0.01249484
8.02000 -0.01248198
8.02500 -0.01246914
8.03000 -0.01245633
8.03500 -0.01244353
8.04000 -0.01243076
8.04500 -0.01241800
8.05000 -0.01240527
8.05500 -0.01239256
8.06000 -0.01237986
8.06500 -0.01236719
8.07000 -0.01235453
8.07500 -0.01234190
8.08000 -0.01232929
8.08500 -0.01231669
8.09000 -0.01230412
8.09500 -0.01229157
8.10000 -0.01227903
8.10500 -0.01226652
8.11000 -0.01225402
8.11500 -0.01224155
8.12000 -0.01222910
8.12500 -0.01221666
8.13000 -0.01220424
8.13500 -0.01219185
8.14000 -0.01217947
8.14500 -0.01216711
8.15000 -0.01215478
8.15500 -0.01214246
8.16000 -0.01213016
8.16500 -0.01211788
8.17000 -0.01210562
8.17500 -0.01209338
8.18000 -0.01208116
8.18500 -0.01206895
8.19000 -0.01205677
8.19500 -0.01204461
8.20000 -0.01203246
8.20500 -0.01202033
8.21000 -0.01200823
8.21500 -0.01199614
8.22000 -0.01198407
8.22500 -0.01197202
8.23000 -0.01195998
8.23500 -0.01194797
8.24000 -0.01193598
8.24500 -0.01192400
8.25000 -0.01191204
8.25500 -0.01190010
8.26000 -0.01188818
8.26500 -0.01187628
8.27000 -0.01186440
8.27500 -0.01185253
8.28000 -0.01184068
8.28500 -0.01182886
8.29000 -0.01181705
8.29500 -0.01180525
8.30000 -0.01179348
8.30500 -0.01178173
8.31000 -0.01176999
8.31500 -0.01175827
8.32000 -0.01174657
8.32500 -0.01173489
8.33000 -0.01172322
8.33500 -0.01171157
8.34000 -0.01169994
8.34500 -0.01168833
8.35000 -0.01167674
8.35500 -0.01166516
8.36000 -0.01165361
8.36500 -0.01164207
8.37000 -0.01163054
8.37500 -0.01161904
8.38000 -0.01160755
8.38500 -0.01159608
8.39000 -0.01158463
8.39500 -0.01157320
8.40000 -0.01156178
8.40500 -0.01155038
8.41000 -0.01153900
8.41500 -0.01152764
8.42000 -0.01151629
8.42500 -0.01150496
8.43000 -0.01149365
8.43500 -0.01148235
8.44000 -0.01147107
8.44500 -0.01145981
8.45000 -0.01144857
8.45500 -0.01143734
8.46000 -0.01142613
8.46500 -0.01141494
8.47000 -0.01140376
8.47500 -0.01139260
8.48000 -0.01138146
8.48500 -0.01137034
8.49000 -0.01135923
8.49500 -0.01134814
8.50000 -0.01133706
8.50500 -0.01132601
8.51000 -0.01131496
8.51500 -0.01130394
8.52000 -0.01129293
8.52500 -0.01128194
8.53000 -0.01127097
8.53500 -0.01126001
8.54000 -0.01124907
8.54500 -0.01123814
8.55000 -0.01122723
8.55500 -0.01121634
8.56000 -0.01120547
8.56500 -0.01119461
8.57000 -0.01118376
8.57500 -0.01117294
8.58000 -0.01116212
8.58500 -0.01115133
8.59000 -0.01114055
8.59500 -0.01112979
8.60000 -0.01111904
8.60500 -0.01110831
8.61000 -0.01109760
8.61500 -0.01108690
8.62000 -0.01107622
8.62500 -0.01106555
8.63000 -0.01105490
8.63500 -0.01104427
8.64000 -0.01103365
8.64500 -0.01102305
8.65000 -0.01101246
8.65500 -0.01100189
8.66000 -0.01099134
8.66500 -0.01098080
8.67000 -0.01097027
8.67500 -0.01095976
8.68000 -0.01094927
8.68500 -0.01093879
8.69000 -0.01092833
8.69500 -0.01091789
8.70000 -0.01090746
8.70500 -0.01089704
8.71000 -0.01088664
8.71500 -0.01087626
8.72000 -0.01086589
8.72500 -0.01085553
8.73000 -0.01084520
8.73500 -0.01083487
8.74000 -0.01082457
8.74500 -0.01081427
8.75000 -0.01080399
8.75500 -0.01079373
8.76000 -0.01078349
8.76500 -0.01077325
8.77000 -0.01076304
8.77500 -0.01075283
8.78000 -0.01074265
8.78500 -0.01073247
8.79000 -0.01072232
8.79500 -0.01071217
8.80000 -0.01070205
8.80500 -0.01069193
8.81000 -0.01068184
8.81500 -0.01067175
8.82000 -0.01066168
8.82500 -0.01065163
8.83000 -0.01064159
8.83500 -0.01063157
8.84000 -0.01062156
8.84500 -0.01061156
8.85000 -0.01060158
8.85500 -0.01059162
8.86000 -0.01058166
8.86500 -0.01057173
8.87000 -0.01056181
8.87500 -0.01055190
8.88000 -0.01054200
8.88500 -0.01053212
8.89000 -0.01052226
8.89500 -0.01051241
8.90000 -0.01050257
8.90500 -0.01049275
8.91000 -0.01048294
8.91500 -0.01047315
8.92000 -0.01046337
8.92500 -0.01045360
8.93000 -0.01044385
8.93500 -0.01043412
8.94000 -0.01042439
8.94500 -0.01041468
8.95000 -0.01040499
8.95500 -0.01039531
8.96000 -0.01038564
8.96500 -0.01037599
8.97000 -0.01036635
8.97500 -0.01035672
8.98000 -0.01034711
8.98500 -0.01033751
8.99000 -0.01032793
8.99500 -0.01031836
9.00000 -0.01030880
9.00500 -0.01029926
9.01000 -0.01028973
9.01500 -0.01028022
9.02000 -0.01027072
9.02500 -0.01026123
9.03000 -0.01025175
9.03500 -0.01024229
9.04000 -0.01023285
9.04500 -0.01022341
9.05000 -0.01021399
9.05500 -0.01020459
9.06000 -0.01019519
9.06500 -0.01018581
9.07000 -0.01017645
9.07500 -0.01016709
9.08000 -0.01015775
9.08500 -0.01014843
9.09000 -0.01013911
9.09500 -0.01012981
9.10000 -0.01012052
9.10500 -0.01011125
9.11000 -0.01010199
9.11500 -0.01009274
9.12000 -0.01008351
9.12500 -0.01007429
9.13000 -0.01006508
9.13500 -0.01005588
9.14000 -0.01004670
9.14500 -0.01003753
9.15000 -0.01002838
9.15500 -0.01001923
9.16000 -0.01001010
9.16500 -0.01000099
9.17000 -0.00999188
9.17500 -0.00998279
9.18000 -0.00997371
9.18500 -0.00996465
9.19000 -0.00995559
9.19500 -0.00994655
9.20000 -0.00993753
9.20500 -0.00992851
9.21000 -0.00991951
9.21500 -0.00991052
9.22000 -0.00990154
9.22500 -0.00989258
9.23000 -0.00988363
9.23500 -0.00987469
9.24000 -0.00986576
9.24500 -0.00985685
9.25000 -0.00984794
9.25500 -0.00983905
9.26000 -0.00983018
9.26500 -0.00982131
9.27000 -0.00981246
9.27500 -0.00980362
9.28000 -0.00979479
9.28500 -0.00978598
9.29000 -0.00977718
9.29500 -0.00976839
9.30000 -0.00975961
9.30500 -0.00975084
9.31000 -0.00974209
9.31500 -0.00973335
9.32000 -0.00972462
9.32500 -0.00971590
9.33000 -0.00970720
9.33500 -0.00969850
9.34000 -0.00968982
9.34500 -0.00968115
9.35000 -0.00967250
9.35500 -0.00966385
9.36000 -0.00965522
9.36500 -0.00964660
9.37000 -0.00963799
9.37500 -0.00962939
9.38000 -0.00962081
9.38500 -0.00961223
9.39000 -0.00960367
9.39500 -0.00959512
9.40000 -0.00958659
9.40500 -0.00957806
9.41000 -0.00956955
9.41500 -0.00956104
9.42000 -0.00955255
9.42500 -0.00954407
9.43000 -0.00953561
9.43500 -0.00952715
9.44000 -0.00951871
9.44500 -0.00951027
9.45000 -0.00950185
9.45500 -0.00949344
9.46000 -0.00948505
9.46500 -0.00947666
9.47000 -0.00946829
9.47500 -0.00945992
9.48000 -0.00945157
9.48500 -0.00944323
9.49000 -0.00943490
9.49500 -0.00942658
9.50000 -0.00941828
9.50500 -0.00940998
9.51000 -0.00940170
9.51500 -0.00939343
9.52000 -0.00938517
9.52500 -0.00937692
9.53000 -0.00936868
9.53500 -0.00936045
9.54000 -0.00935224
9.54500 -0.00934403
9.55000 -0.00933584
9.55500 -0.00932766
9.56000 -0.00931948
9.56500 -0.00931132
9.57000 -0.00930318
9.57500 -0.00929504
9.58000 -0.00928691
9.58500 -0.00927879
9.59000 -0.00927069
9.59500 -0.00926260
9.60000 -0.00925451
9.60500 -0.00924644
9.61000 -0.00923838
9.61500 -0.00923033
9.62000 -0.00922229
9.62500 -0.00921426
9.63000 -0.00920625
9.63500 -0.00919824
9.64000 -0.00919024
9.64500 -0.00918226
9.65000 -0.00917428
9.65500 -0.00916632
9.66000 -0.00915837
9.66500 -0.00915043
9.67000 -0.00914249
9.67500 -0.00913457
9.68000 -0.00912666
9.68500 -0.00911876
9.69000 -0.00911087
9.69500 -0.00910300
9.70000 -0.00909513
9.70500 -0.00908727
9.71000 -0.00907943
9.71500 -0.00907159
9.72000 -0.00906376
9.72500 -0.00905595
9.73000 -0.00904814
9.73500 -0.00904035
9.74000 -0.00903257
9.74500 -0.00902479
9.75000 -0.00901703
9.75500 -0.00900928
9.76000 -0.00900154
9.76500 -0.00899380
9.77000 -0.00898608
9.77500 -0.00897837
9.78000 -0.00897067
9.78500 -0.00896298
9.79000 -0.00895530
9.79500 -0.00894763
9.80000 -0.00893997
9.80500 -0.00893232
9.81000 -0.00892468
9.81500 -0.00891705
9.82000 -0.00890943
9.82500 -0.00890182
9.83000 -0.00889422
9.83500 -0.00888663
9.84000 -0.00887905
9.84500 -0.00887149
9.85000 -0.00886393
9.85500 -0.00885638
9.86000 -0.00884884
9.86500 -0.00884131
9.87000 -0.00883379
9.87500 -0.00882628
9.88000 -0.00881878
9.88500 -0.00881129
9.89000 -0.00880381
9.89500 -0.00879635
9.90000 -0.00878889
9.90500 -0.00878144
9.91000 -0.00877400
9.91500 -0.00876657
9.92000 -0.00875915
9.92500 -0.00875173
9.93000 -0.00874433
9.93500 -0.00873694
9.94000 -0.00872956
9.94500 -0.00872219
9.95000 -0.00871483
9.95500 -0.00870748
9.96000 -0.00870013
9.96500 -0.00869280
9.97000 -0.00868548
9.97500 -0.00867816
9.98000 -0.00867086
9.98500 -0.00866356
9.99000 -0.00865628
9.99500 -0.00864900
10.00000 -0.00864174
10.00500 -0.00863448
10.01000 -0.00862723
10.01500 -0.00861999
10.02000 -0.00861277
10.02500 -0.00860555
10.03000 -0.00859834
10.03500 -0.00859114
10.04000 -0.00858395
10.04500 -0.00857676
10.05000 -0.00856959
10.05500 -0.00856243
10.06000 -0.00855528
10.06500 -0.00854813
10.07000 -0.00854100
10.07500 -0.00853387
10.08000 -0.00852676
10.08500 -0.00851965
10.09000 -0.00851255
10.09500 -0.00850546
10.10000 -0.00849838
10.10500 -0.00849131
10.11000 -0.00848425
10.11500 -0.00847720
10.12000 -0.00847016
10.12500 -0.00846312
10.13000 -0.00845610
10.13500 -0.00844908
10.14000 -0.00844208
10.14500 -0.00843508
10.15000 -0.00842809
10.15500 -0.00842111
10.16000 -0.00841414
10.16500 -0.00840718
10.17000 -0.00840023
10.17500 -0.00839328
10.18000 -0.00838635
10.18500 -0.00837942
10.19000 -0.00837250
10.19500 -0.00836560
10.20000 -0.00835870
10.20500 -0.00835181
10.21000 -0.00834493
10.21500 -0.00833805
10.22000 -0.00833119
10.22500 -0.00832433
10.23000 -0.00831749
10.23500 -0.00831065
10.24000 -0.00830382
10.24500 -0.00829700
10.25000 -0.00829019
10.25500 -0.00828339
10.26000 -0.00827659
10.26500 -0.00826981
10.27000 -0.00826303
10.27500 -0.00825626
10.28000 -0.00824951
10.28500 -0.00824276
10.29000 -0.00823601
10.29500 -0.00822928
10.30000 -0.00822255
10.30500 -0.00821584
10.31000 -0.00820913
10.31500 -0.00820243
10.32000 -0.00819574
10.32500 -0.00818906
10.33000 -0.00818239
10.33500 -0.00817572
10.34000 -0.00816906
10.34500 -0.00816241
10.35000 -0.00815578
10.35500 -0.00814914
10.36000 -0.00814252
10.36500 -0.00813591
10.37000 -0.00812930
10.37500 -0.00812270
10.38000 -0.00811611
10.38500 -0.00810953
10.39000 -0.00810296
10.39500 -0.00809639
10.40000 -0.00808984
10.40500 -0.00808329
10.41000 -0.00807675
10.41500 -0.00807022
10.42000 -0.00806369
10.42500 -0.00805718
10.43000 -0.00805067
10.43500 -0.00804417
10.44000 -0.00803768
10.44500 -0.00803120
10.45000 -0.00802473
10.45500 -0.00801826
10.46000 -0.00801180
10.46500 -0.00800535
10.47000 -0.00799891
10.47500 -0.00799248
10.48000 -0.00798605
10.48500 -0.00797963
10.49000 -0.00797322
10.49500 -0.00796682
10.50000 -0.00796043
10.50500 -0.00795404
10.51000 -0.00794767
10.51500 -0.00794130
10.52000 -0.00793493
10.52500 -0.00792858
10.53000 -0.00792224
10.53500 -0.00791590
10.54000 -0.00790957
10.54500 -0.00790325
10.55000 -0.00789693
10.55500 -0.00789063
10.56000 -0.00788433
10.56500 -0.00787804
10.57000 -0.00787175
10.57500 -0.00786548
10.58000 -0.00785921
10.58500 -0.00785295
10.59000 -0.00784670
10.59500 -0.00784046
10.60000 -0.00783422
10.60500 -0.00782799
10.61000 -0.00782177
10.61500 -0.00781556
10.62000 -0.00780935
10.62500 -0.00780316
10.63000 -0.00779697
10.63500 -0.00779079
10.64000 -0.00778461
10.64500 -0.00777844
10.65000 -0.00777229
10.65500 -0.00776613
10.66000 -0.00775999
10.66500 -0.00775385
10.67000 -0.00774772
10.67500 -0.00774160
10.68000 -0.00773549
10.68500 -0.00772938
10.69000 -0.00772328
10.69500 -0.00771719
10.70000 -0.00771111
10.70500 -0.00770503
10.71000 -0.00769897
10.71500 -0.00769290
10.72000 -0.00768685
10.72500 -0.00768080
10.73000 -0.00767477
10.73500 -0.00766873
10.74000 -0.00766271
10.74500 -0.00765669
10.75000 -0.00765068
10.75500 -0.00764468
10.76000 -0.00763869
10.76500 -0.00763270
10.77000 -0.00762672
10.77500 -0.00762075
10.78000 -0.00761478
10.78500 -0.00760882
10.79000 -0.00760287
10.79500 -0.00759693
10.80000 -0.00759099
10.80500 -0.00758507
10.81000 -0.00757914
10.81500 -0.00757323
10.82000 -0.00756732
10.82500 -0.00756142
10.83000 -0.00755553
10.83500 -0.00754964
10.84000 -0.00754377
10.84500 -0.00753789
10.85000 -0.00753203
10.85500 -0.00752617
10.86000 -0.00752032
10.86500 -0.00751448
10.87000 -0.00750864
10.87500 -0.00750282
10.88000 -0.00749699
10.88500 -0.00749118
10.89000 -0.00748537
10.89500 -0.00747957
10.90000 -0.00747378
10.90500 -0.00746799
10.91000 -0.00746221
10.91500 -0.00745644
10.92000 -0.00745067
10.92500 -0.00744492
10.93000 -0.00743916
10.93500 -0.00743342
10.94000 -0.00742768
10.94500 -0.00742195
10.95000 -0.00741623
10.95500 -0.00741051
10.96000 -0.00740480
10.96500 -0.00739910
10.97000 -0.00739340
10.97500 -0.00738771
10.98000 -0.00738203
10.98500 -0.00737635
10.99000 -0.00737069
10.99500 -0.00736502
11.00000 -0.00735937
11.00500 -0.00735372
11.01000 -0.00734808
11.01500 -0.00734244
11.02000 -0.00733682
11.02500 -0.00733119
11.03000 -0.00732558
11.03500 -0.00731997
11.04000 -0.00731437
11.04500 -0.00730878
11.05000 -0.00730319
11.05500 -0.00729761
11.06000 -0.00729203
11.06500 -0.00728647
11.07000 -0.00728090
11.07500 -0.00727535
11.08000 -0.00726980
11.08500 -0.00726426
11.09000 -0.00725873
11.09500 -0.00725320
11.10000 -0.00724768
11.10500 -0.00724216
11.11000 -0.00723665
11.11500 -0.00723115
11.12000 -0.00722566
11.12500 -0.00722017
11.13000 -0.00721469
11.13500 -0.00720921
11.14000 -0.00720374
11.14500 -0.00719828
11.15000 -0.00719282
11.15500 -0.00718737
11.16000 -0.00718193
11.16500 -0.00717649
11.17000 -0.00717106
11.17500 -0.00716564
11.18000 -0.00716022
11.18500 -0.00715481
11.19000 -0.00714941
11.19500 -0.00714401
11.20000 -0.00713862
11.20500 -0.00713323
11.21000 -0.00712785
11.21500 -0.00712248
11.22000 -0.00711711
11.22500 -0.00711175
11.23000 -0.00710640
11.23500 -0.00710105
11.24000 -0.00709571
11.24500 -0.00709038
11.25000 -0.00708505
11.25500 -0.00707973
11.26000 -0.00707441
11.26500 -0.00706910
11.27000 -0.00706380
11.27500 -0.00705850
11.28000 -0.00705321
11.28500 -0.00704793
11.29000 -0.00704265
11.29500 -0.00703738
11.30000 -0.00703211
11.30500 -0.00702685
11.31000 -0.00702160
11.31500 -0.00701635
11.32000 -0.00701111
11.32500 -0.00700587
11.33000 -0.00700064
11.33500 -0.00699542
11.34000 -0.00699020
11.34500 -0.00698499
11.35000 -0.00697979
11.35500 -0.00697459
11.36000 -0.00696940
11.36500 -0.00696421
11.37000 -0.00695903
11.37500 -0.00695386
11.38000 -0.00694869
11.38500 -0.00694352
11.39000 -0.00693837
11.39500 -0.00693322
11.40000 -0.00692807
11.40500 -0.00692294
11.41000 -0.00691780
11.41500 -0.00691268
11.42000 -0.00690756
11.42500 -0.00690244
11.43000 -0.00689733
11.43500 -0.00689223
11.44000 -0.00688713
11.44500 -0.00688204
11.45000 -0.00687696
11.45500 -0.00687188
11.46000 -0.00686681
11.46500 -0.00686174
11.47000 -0.00685668
11.47500 -0.00685162
11.48000 -0.00684657
11.48500 -0.00684153
11.49000 -0.00683649
11.49500 -0.00683146
11.50000 -0.00682643
11.50500 -0.00682141
11.51000 -0.00681640
11.51500 -0.00681139
11.52000 -0.00680639
11.52500 -0.00680139
11.53000 -0.00679640
11.53500 -0.00679141
11.54000 -0.00678643
11.54500 -0.00678146
11.55000 -0.00677649
11.55500 -0.00677153
11.56000 -0.00676657
11.56500 -0.00676162
11.57000 -0.00675667
11.57500 -0.00675173
11.58000 -0.00674680
11.58500 -0.00674187
11.59000 -0.00673695
11.59500 -0.00673203
11.60000 -0.00672712
11.60500 -0.00672221
11.61000 -0.00671731
11.61500 -0.00671242
11.62000 -0.00670753
11.62500 -0.00670264
11.63000 -0.00669776
11.63500 -0.00669289
11.64000 -0.00668803
11.64500 -0.00668316
11.65000 -0.00667831
11.65500 -0.00667346
11.66000 -0.00666861
11.66500 -0.00666377
11.67000 -0.00665894
11.67500 -0.00665411
11.68000 -0.00664929
11.68500 -0.00664447
11.69000 -0.00663966
11.69500 -0.00663485
11.70000 -0.00663005
11.70500 -0.00662526
11.71000 -0.00662047
11.71500 -0.00661568
11.72000 -0.00661091
11.72500 -0.00660613
11.73000 -0.00660136
11.73500 -0.00659660
11.74000 -0.00659184
11.74500 -0.00658709
11.75000 -0.00658235
11.75500 -0.00657761
11.76000 -0.00657287
11.76500 -0.00656814
11.77000 -0.00656341
11.77500 -0.00655869
11.78000 -0.00655398
11.78500 -0.00654927
11.79000 -0.00654457
11.79500 -0.00653987
11.80000 -0.00653518
11.80500 -0.00653049
11.81000 -0.00652581
11.81500 -0.00652113
11.82000 -0.00651646
11.82500 -0.00651179
11.83000 -0.00650713
11.83500 -0.00650247
11.84000 -0.00649782
11.84500 -0.00649318
11.85000 -0.00648854
11.85500 -0.00648390
11.86000 -0.00647927
11.86500 -0.00647465
11.87000 -0.00647003
11.87500 -0.00646541
11.88000 -0.00646081
11.88500 -0.00645620
11.89000 -0.00645160
11.89500 -0.00644701
11.90000 -0.00644242
11.90500 -0.00643784
11.91000 -0.00643326
11.91500 -0.00642869
11.92000 -0.00642412
11.92500 -0.00641956
11.93000 -0.00641500
11.93500 -0.00641045
11.94000 -0.00640590
11.94500 -0.00640136
11.95000 -0.00639682
11.95500 -0.00639229
11.96000 -0.00638776
11.96500 -0.00638324
11.97000 -0.00637872
11.97500 -0.00637421
11.98000 -0.00636970
11.98500 -0.00636520
11.99000 -0.00636070
11.99500 -0.00635621
12.00000 -0.00635172
12.00500 -0.00634724
12.01000 -0.00634276
12.01500 -0.00633829
12.02000 -0.00633382
12.02500 -0.00632936
12.03000 -0.00632491
12.03500 -0.00632045
12.04000 -0.00631601
12.04500 -0.00631156
12.05000 -0.00630713
12.05500 -0.00630269
12.06000 -0.00629827
12.06500 -0.00629384
12.07000 -0.00628943
12.07500 -0.00628501
12.08000 -0.00628061
12.08500 -0.00627620
12.09000 -0.00627180
12.09500 -0.00626741
12.10000 -0.00626302
12.10500 -0.00625864
12.11000 -0.00625426
12.11500 -0.00624989
12.12000 -0.00624552
12.12500 -0.00624115
12.13000 -0.00623679
12.13500 -0.00623244
12.14000 -0.00622809
12.14500 -0.00622374
12.15000 -0.00621940
12.15500 -0.00621507
12.16000 -0.00621074
12.16500 -0.00620641
12.17000 -0.00620209
12.17500 -0.00619777
12.18000 -0.00619346
12.18500 -0.00618915
12.19000 -0.00618485
12.19500 -0.00618055
12.20000 -0.00617626
12.20500 -0.00617197
12.21000 -0.00616769
12.21500 -0.00616341
12.22000 -0.00615914
12.22500 -0.00615487
12.23000 -0.00615060
12.23500 -0.00614634
12.24000 -0.00614209
12.24500 -0.00613784
12.25000 -0.00613359
12.25500 -0.00612935
12.26000 -0.00612511
12.26500 -0.00612088
12.27000 -0.00611665
12.27500 -0.00611243
12.28000 -0.00610821
12.28500 -0.00610400
12.29000 -0.00609979
12.29500 -0.00609558
12.30000 -0.00609138
12.30500 -0.00608719
12.31000 -0.00608300
12.31500 -0.00607881
12.32000 -0.00607463
12.32500 -0.00607045
12.33000 -0.00606628
12.33500 -0.00606211
12.34000 -0.00605795
12.34500 -0.00605379
12.35000 -0.00604964
12.35500 -0.00604549
12.36000 -0.00604134
12.36500 -0.00603720
12.37000 -0.00603306
12.37500 -0.00602893
12.38000 -0.00602480
12.38500 -0.00602068
12.39000 -0.00601656
12.39500 -0.00601245
12.40000 -0.00600834
12.40500 -0.00600423
12.41000 -0.00600013
12.41500 -0.00599604
12.42000 -0.00599194
12.42500 -0.00598786
12.43000 -0.00598377
12.43500 -0.00597969
12.44000 -0.00597562
12.44500 -0.00597155
12.45000 -0.00596748
12.45500 -0.00596342
12.46000 -0.00595937
12.46500 -0.00595531
12.47000 -0.00595127
12.47500 -0.00594722
12.48000 -0.00594318
12.48500 -0.00593915
12.49000 -0.00593512
12.49500 -0.00593109
12.50000 -0.00592707
12.50500 -0.00592305
12.51000 -0.00591904
12.51500 -0.00591503
12.52000 -0.00591102
12.52500 -0.00590702
12.53000 -0.00590303
12.53500 -0.00589903
12.54000 -0.00589505
12.54500 -0.00589106
12.55000 -0.00588708
12.55500 -0.00588311
12.56000 -0.00587914
12.56500 -0.00587517
12.57000 -0.00587121
12.57500 -0.00586725
12.58000 -0.00586330
12.58500 -0.00585935
12.59000 -0.00585540
12.59500 -0.00585146
12.60000 -0.00584753
12.60500 -0.00584359
12.61000 -0.00583966
12.61500 -0.00583574
12.62000 -0.00583182
12.62500 -0.00582790
12.63000 -0.00582399
12.63500 -0.00582009
12.64000 -0.00581618
12.64500 -0.00581228
12.65000 -0.00580839
12.65500 -0.00580450
12.66000 -0.00580061
12.66500 -0.00579673
12.67000 -0.00579285
12.67500 -0.00578897
12.68000 -0.00578510
12.68500 -0.00578124
12.69000 -0.00577737
12.69500 -0.00577352
12.70000 -0.00576966
12.70500 -0.00576581
12.71000 -0.00576197
12.71500 -0.00575812
12.72000 -0.00575429
12.72500 -0.00575045
12.73000 -0.00574662
12.73500 -0.00574280
12.74000 -0.00573898
12.74500 -0.00573516
12.75000 -0.00573135
12.75500 -0.00572754
12.76000 -0.00572373
12.76500 -0.00571993
12.77000 -0.00571613
12.77500 -0.00571234
12.78000 -0.00570855
12.78500 -0.00570476
12.79000 -0.00570098
12.79500 -0.00569720
12.80000 -0.00569343
12.80500 -0.00568966
12.81000 -0.00568590
12.81500 -0.00568213
12.82000 -0.00567838
12.82500 -0.00567462
12.83000 -0.00567087
12.83500 -0.00566713
12.84000 -0.00566338
12.84500 -0.00565965
12.85000 -0.00565591
12.85500 -0.00565218
12.86000 -0.00564846
12.86500 -0.00564473
12.87000 -0.00564101
12.87500 -0.00563730
12.88000 -0.00563359
12.88500 -0.00562988
12.89000 -0.00562618
12.89500 -0.00562248
12.90000 -0.00561878
12.90500 -0.00561509
12.91000 -0.00561141
12.91500 -0.00560772
12.92000 -0.00560404
12.92500 -0.00560037
12.93000 -0.00559669
12.93500 -0.00559303
12.94000 -0.00558936
12.94500 -0.00558570
12.95000 -0.00558204
12.95500 -0.00557839
12.96000 -0.00557474
12.96500 -0.00557110
12.97000 -0.00556745
12.97500 -0.00556382
12.98000 -0.00556018
12.98500 -0.00555655
12.99000 -0.00555292
12.99500 -0.00554930
13.00000 -0.00554568
13.00500 -0.00554207
13.01000 -0.00553845
13.01500 -0.00553485
13.02000 -0.00553124
13.02500 -0.00552764
13.03000 -0.00552405
13.03500 -0.00552045
13.04000 -0.00551686
13.04500 -0.00551328
13.05000 -0.00550970
13.05500 -0.00550612
13.06000 -0.00550254
13.06500 -0.00549897
13.07000 -0.00549540
13.07500 -0.00549184
13.08000 -0.00548828
13.08500 -0.00548473
13.09000 -0.00548117
13.09500 -0.00547762
13.10000 -0.00547408
13.10500 -0.00547054
13.11000 -0.00546700
13.11500 -0.00546347
13.12000 -0.00545994
13.12500 -0.00545641
13.13000 -0.00545288
13.13500 -0.00544937
13.14000 -0.00544585
13.14500 -0.00544234
13.15000 -0.00543883
13.15500 -0.00543532
13.16000 -0.00543182
13.16500 -0.00542832
13.17000 -0.00542483
13.17500 -0.00542134
13.18000 -0.00541785
13.18500 -0.00541437
13.19000 -0.00541089
13.19500 -0.00540741
13.20000 -0.00540394
13.20500 -0.00540047
13.21000 -0.00539700
13.21500 -0.00539354
13.22000 -0.00539008
13.22500 -0.00538662
13.23000 -0.00538317
13.23500 -0.00537972
13.24000 -0.00537628
13.24500 -0.00537284
13.25000 -0.00536940
13.25500 -0.00536597
13.26000 -0.00536253
13.26500 -0.00535911
13.27000 -0.00535568
13.27500 -0.00535226
13.28000 -0.00534885
13.28500 -0.00534543
13.29000 -0.00534202
13.29500 -0.00533862
13.30000 -0.00533521
13.30500 -0.00533181
13.31000 -0.00532842
13.31500 -0.00532502
13.32000 -0.00532164
13.32500 -0.00531825
13.33000 -0.00531487
13.33500 -0.00531149
13.34000 -0.00530811
13.34500 -0.00530474
13.35000 -0.00530137
13.35500 -0.00529801
13.36000 -0.00529465
13.36500 -0.00529129
13.37000 -0.00528793
13.37500 -0.00528458
13.38000 -0.00528123
13.38500 -0.00527789
13.39000 -0.00527454
13.39500 -0.00527121
13.40000 -0.00526787
13.40500 -0.00526454
13.41000 -0.00526121
13.41500 -0.00525789
13.42000 -0.00525457
13.42500 -0.00525125
13.43000 -0.00524793
13.43500 -0.00524462
13.44000 -0.00524131
13.44500 -0.00523801
13.45000 -0.00523471
13.45500 -0.00523141
13.46000 -0.00522812
13.46500 -0.00522482
13.47000 -0.00522154
13.47500 -0.00521825
13.48000 -0.00521497
13.48500 -0.00521169
13.49000 -0.00520842
13.49500 -0.00520514
13.50000 -0.00520188
13.50500 -0.00519861
13.51000 -0.00519535
13.51500 -0.00519209
13.52000 -0.00518883
13.52500 -0.00518558
13.53000 -0.00518233
13.53500 -0.00517909
13.54000 -0.00517585
13.54500 -0.00517261
13.55000 -0.00516937
13.55500 -0.00516614
13.56000 -0.00516291
13.56500 -0.00515968
13.57000 -0.00515646
13.57500 -0.00515324
13.58000 -0.00515002
13.58500 -0.00514681
13.59000 -0.00514360
13.59500 -0.00514039
13.60000 -0.00513719
13.60500 -0.00513399
13.61000 -0.00513079
13.61500 -0.00512760
13.62000 -0.00512440
13.62500 -0.00512122
13.63000 -0.00511803
13.63500 -0.00511485
13.64000 -0.00511167
13.64500 -0.00510850
13.65000 -0.00510532
13.65500 -0.00510216
13.66000 -0.00509899
13.66500 -0.00509583
13.67000 -0.00509267
13.67500 -0.00508951
13.68000 -0.00508636
13.68500 -0.00508321
13.69000 -0.00508006
13.69500 -0.00507692
13.70000 -0.00507378
13.70500 -0.00507064
13.71000 -0.00506750
13.71500 -0.00506437
13.72000 -0.00506124
13.72500 -0.00505812
13.73000 -0.00505500
13.73500 -0.00505188
13.74000 -0.00504876
13.74500 -0.00504565
13.75000 -0.00504254
13.75500 -0.00503943
13.76000 -0.00503633
13.76500 -0.00503322
13.77000 -0.00503013
13.77500 -0.00502703
13.78000 -0.00502394
13.78500 -0.00502085
13.79000 -0.00501777
13.79500 -0.00501468
13.80000 -0.00501160
13.80500 -0.00500853
13.81000 -0.00500545
13.81500 -0.00500238
13.82000 -0.00499932
13.82500 -0.00499625
13.83000 -0.00499319
13.83500 -0.00499013
13.84000 -0.00498708
13.84500 -0.00498402
13.85000 -0.00498097
13.85500 -0.00497793
13.86000 -0.00497488
13.86500 -0.00497184
13.87000 -0.00496880
13.87500 -0.00496577
13.88000 -0.00496274
13.88500 -0.00495971
13.89000 -0.00495668
13.89500 -0.00495366
13.90000 -0.00495064
13.90500 -0.00494762
13.91000 -0.00494461
13.91500 -0.00494160
13.92000 -0.00493859
13.92500 -0.00493559
13.93000 -0.00493258
13.93500 -0.00492958
13.94000 -0.00492659
13.94500 -0.00492359
13.95000 -0.00492060
13.95500 -0.00491761
13.96000 -0.00491463
13.96500 -0.00491165
13.97000 -0.00490867
13.97500 -0.00490569
13.98000 -0.00490272
13.98500 -0.00489975
13.99000 -0.00489678
13.99500 -0.00489382
14.00000 -0.00489086
14.00500 -0.00488790
14.01000 -0.00488494
14.01500 -0.00488199
14.02000 -0.00487904
14.02500 -0.00487609
14.03000 -0.00487314
14.03500 -0.00487020
14.04000 -0.00486726
14.04500 -0.00486433
14.05000 -0.00486139
14.05500 -0.00485846
14.06000 -0.00485554
14.06500 -0.00485261
14.07000 -0.00484969
14.07500 -0.00484677
14.08000 -0.00484385
14.08500 -0.00484094
14.09000 -0.00483803
14.09500 -0.00483512
14.10000 -0.00483222
14.10500 -0.00482931
14.11000 -0.00482641
14.11500 -0.00482352
14.12000 -0.00482062
14.12500 -0.00481773
14.13000 -0.00481484
14.13500 -0.00481196
14.14000 -0.00480908
14.14500 -0.00480619
14.15000 -0.00480332
14.15500 -0.00480044
14.16000 -0.00479757
14.16500 -0.00479470
14.17000 -0.00479184
14.17500 -0.00478897
14.18000 -0.00478611
14.18500 -0.00478325
14.19000 -0.00478040
14.19500 -0.00477754
14.20000 -0.00477469
14.20500 -0.00477185
14.21000 -0.00476900
14.21500 -0.00476616
14.22000 -0.00476332
14.22500 -0.00476049
14.23000 -0.00475765
14.23500 -0.00475482
14.24000 -0.00475199
14.24500 -0.00474917
14.25000 -0.00474634
14.25500 -0.00474352
14.26000 -0.00474071
14.26500 -0.00473789
14.27000 -0.00473508
14.27500 -0.00473227
14.28000 -0.00472946
14.28500 -0.00472666
14.29000 -0.00472386
14.29500 -0.00472106
14.30000 -0.00471826
14.30500 -0.00471547
14.31000 -0.00471268
14.31500 -0.00470989
14.32000 -0.00470710
14.32500 -0.00470432
14.33000 -0.00470154
14.33500 -0.00469876
14.34000 -0.00469599
14.34500 -0.00469322
14.35000 -0.00469045
14.35500 -0.00468768
14.36000 -0.00468491
14.36500 -0.00468215
14.37000 -0.00467939
14.37500 -0.00467664
14.38000 -0.00467388
14.38500 -0.00467113
14.39000 -0.00466838
14.39500 -0.00466564
14.40000 -0.00466289
14.40500 -0.00466015
14.41000 -0.00465741
14.41500 -0.00465468
14.42000 -0.00465194
14.42500 -0.00464921
14.43000 -0.00464648
14.43500 -0.00464376
14.44000 -0.00464103
14.44500 -0.00463831
14.45000 -0.00463560
14.45500 -0.00463288
14.46000 -0.00463017
14.46500 -0.00462746
14.47000 -0.00462475
14.47500 -0.00462204
14.48000 -0.00461934
14.48500 -0.00461664
14.49000 -0.00461394
14.49500 -0.00461125
14.50000 -0.00460855
14.50500 -0.00460586
14.51000 -0.00460318
14.51500 -0.00460049
14.52000 -0.00459781
14.52500 -0.00459513
14.53000 -0.00459245
14.53500 -0.00458978
14.54000 -0.00458710
14.54500 -0.00458443
14.55000 -0.00458177
14.55500 -0.00457910
14.56000 -0.00457644
14.56500 -0.00457378
14.57000 -0.00457112
14.57500 -0.00456847
14.58000 -0.00456581
14.58500 -0.00456316
14.59000 -0.00456052
14.59500 -0.00455787
14.60000 -0.00455523
14.60500 -0.00455259
14.61000 -0.00454995
14.61500 -0.00454731
14.62000 -0.00454468
14.62500 -0.00454205
14.63000 -0.00453942
14.63500 -0.00453680
14.64000 -0.00453417
14.64500 -0.00453155
14.65000 -0.00452893
14.65500 -0.00452632
14.66000 -0.00452370
14.66500 -0.00452109
14.67000 -0.00451848
14.67500 -0.00451588
14.68000 -0.00451327
14.68500 -0.00451067
14.69000 -0.00450807
14.69500 -0.00450548
14.70000 -0.00450288
14.70500 -0.00450029
14.71000 -0.00449770
14.71500 -0.00449511
14.72000 -0.00449253
14.72500 -0.00448995
14.73000 -0.00448737
14.73500 -0.00448479
14.74000 -0.00448221
14.74500 -0.00447964
14.75000 -0.00447707
14.75500 -0.00447450
14.76000 -0.00447194
14.76500 -0.00446937
14.77000 -0.00446681
14.77500 -0.00446426
14.78000 -0.00446170
14.78500 -0.00445914
14.79000 -0.00445659
14.79500 -0.00445404
14.80000 -0.00445150
14.80500 -0.00444895
14.81000 -0.00444641
14.81500 -0.00444387
14.82000 -0.00444133
14.82500 -0.00443880
14.83000 -0.00443627
14.83500 -0.00443373
14.84000 -0.00443121
14.84500 -0.00442868
14.85000 -0.00442616
14.85500 -0.00442364
14.86000 -0.00442112
14.86500 -0.00441860
14.87000 -0.00441609
14.87500 -0.00441357
14.88000 -0.00441106
14.88500 -0.00440856
14.89000 -0.00440605
14.89500 -0.00440355
14.90000 -0.00440105
14.90500 -0.00439855
14.91000 -0.00439605
14.91500 -0.00439356
14.92000 -0.00439107
14.92500 -0.00438858
14.93000 -0.00438609
14.93500 -0.00438361
14.94000 -0.00438112
14.94500 -0.00437864
14.95000 -0.00437617
14.95500 -0.00437369
14.96000 -0.00437122
14.96500 -0.00436875
14.97000 -0.00436628
14.97500 -0.00436381
14.98000 -0.00436135
14.98500 -0.00435888
14.99000 -0.00435642
14.99500 -0.00435397
15.00000 -0.00435151
15.00500 -0.00434906
15.01000 -0.00434661
15.01500 -0.00434416
15.02000 -0.00434171
15.02500 -0.00433927
15.03000 -0.00433682
15.03500 -0.00433438
15.04000 -0.00433195
15.04500 -0.00432951
15.05000 -0.00432708
15.05500 -0.00432465
15.06000 -0.00432222
15.06500 -0.00431979
15.07000 -0.00431737
15.07500 -0.00431494
15.08000 -0.00431252
15.08500 -0.00431010
15.09000 -0.00430769
15.09500 -0.00430527
15.10000 -0.00430286
15.10500 -0.00430045
15.11000 -0.00429805
15.11500 -0.00429564
15.12000 -0.00429324
15.12500 -0.00429084
15.13000 -0.00428844
15.13500 -0.00428604
15.14000 -0.00428365
15.14500 -0.00428126
15.15000 -0.00427887
15.15500 -0.00427648
15.16000 -0.00427409
15.16500 -0.00427171
15.17000 -0.00426933
15.17500 -0.00426695
15.18000 -0.00426457
15.18500 -0.00426220
15.19000 -0.00425982
15.19500 -0.00425745
15.20000 -0.00425508
15.20500 -0.00425272
15.21000 -0.00425035
15.21500 -0.00424799
15.22000 -0.00424563
15.22500 -0.00424327
15.23000 -0.00424092
15.23500 -0.00423856
15.24000 -0.00423621
15.24500 -0.00423386
15.25000 -0.00423151
15.25500 -0.00422917
15.26000 -0.00422683
15.26500 -0.00422448
15.27000 -0.00422215
15.27500 -0.00421981
15.28000 -0.00421747
15.28500 -0.00421514
15.29000 -0.00421281
15.29500 -0.00421048
15.30000 -0.00420815
15.30500 -0.00420583
15.31000 -0.00420351
15.31500 -0.00420119
15.32000 -0.00419887
15.32500 -0.00419655
15.33000 -0.00419424
15.33500 -0.00419192
15.34000 -0.00418961
15.34500 -0.00418731
15.35000 -0.00418500
15.35500 -0.00418270
15.36000 -0.00418039
15.36500 -0.00417809
15.37000 -0.00417580
15.37500 -0.00417350
15.38000 -0.00417121
15.38500 -0.00416891
15.39000 -0.00416662
15.39500 -0.00416434
15.40000 -0.00416205
15.40500 -0.00415977
15.41000 -0.00415749
15.41500 -0.00415521
15.42000 -0.00415293
15.42500 -0.00415065
15.43000 -0.00414838
15.43500 -0.00414611
15.44000 -0.00414384
15.44500 -0.00414157
15.45000 -0.00413930
15.45500 -0.00413704
15.46000 -0.00413478
15.46500 -0.00413252
15.47000 -0.00413026
15.47500 -0.00412800
15.48000 -0.00412575
15.48500 -0.00412350
15.49000 -0.00412125
15.49500 -0.00411900
15.50000 -0.00411676
15.50500 -0.00411451
15.51000 -0.00411227
15.51500 -0.00411003
15.52000 -0.00410779
15.52500 -0.00410556
15.53000 -0.00410332
15.53500 -0.00410109
15.54000 -0.00409886
15.54500 -0.00409663
15.55000 -0.00409440
15.55500 -0.00409218
15.56000 -0.00408996
15.56500 -0.00408774
15.57000 -0.00408552
15.57500 -0.00408330
15.58000 -0.00408109
15.58500 -0.00407887
15.59000 -0.00407666
15.59500 -0.00407445
15.60000 -0.00407225
15.60500 -0.00407004
15.61000 -0.00406784
15.61500 -0.00406564
15.62000 -0.00406344
15.62500 -0.00406124
15.63000 -0.00405905
15.63500 -0.00405685
15.64000 -0.00405466
15.64500 -0.00405247
15.65000 -0.00405028
15.65500 -0.00404810
15.66000 -0.00404591
15.66500 -0.00404373
15.67000 -0.00404155
15.67500 -0.00403937
15.68000 -0.00403720
15.68500 -0.00403502
15.69000 -0.00403285
15.69500 -0.00403068
15.70000 -0.00402851
15.70500 -0.00402634
15.71000 -0.00402418
15.71500 -0.00402202
15.72000 -0.00401985
15.72500 -0.00401769
15.73000 -0.00401554
15.73500 -0.00401338
15.74000 -0.00401123
15.74500 -0.00400908
15.75000 -0.00400693
15.75500 -0.00400478
15.76000 -0.00400263
15.76500 -0.00400049
15.77000 -0.00399834
15.77500 -0.00399620
15.78000 -0.00399406
15.78500 -0.00399193
15.79000 -0.00398979
15.79500 -0.00398766
15.80000 -0.00398553
15.80500 -0.00398340
15.81000 -0.00398127
15.81500 -0.00397914
15.82000 -0.00397702
15.82500 -0.00397489
15.83000 -0.00397277
15.83500 -0.00397065
15.84000 -0.00396854
15.84500 -0.00396642
15.85000 -0.00396431
15.85500 -0.00396220
15.86000 -0.00396009
15.86500 -0.00395798
15.87000 -0.00395587
15.87500 -0.00395377
15.88000 -0.00395167
15.88500 -0.00394957
15.89000 -0.00394747
15.89500 -0.00394537
15.90000 -0.00394327
15.90500 -0.00394118
15.91000 -0.00393909
15.91500 -0.00393700
15.92000 -0.00393491
15.92500 -0.00393282
15.93000 -0.00393074
15.93500 -0.00392866
15.94000 -0.00392658
15.94500 -0.00392450
15.95000 -0.00392242
15.95500 -0.00392034
15.96000 -0.00391827
15.96500 -0.00391620
15.97000 -0.00391413
15.97500 -0.00391206
15.98000 -0.00390999
15.98500 -0.00390792
15.99000 -0.00390586
15.99500 -0.00390380
16.00000 -0.00390174
16.00500 -0.00389968
16.01000 -0.00389763
16.01500 -0.00389557
16.02000 -0.00389352
16.02500 -0.00389147
16.03000 -0.00388942
16.03500 -0.00388737
16.04000 -0.00388532
16.04500 -0.00388328
16.05000 -0.00388124
16.05500 -0.00387920
16.06000 -0.00387716
16.06500 -0.00387512
16.07000 -0.00387308
16.07500 -0.00387105
16.08000 -0.00386902
16.08500 -0.00386699
16.09000 -0.00386496
16.09500 -0.00386293
16.10000 -0.00386091
16.10500 -0.00385888
16.11000 -0.00385686
16.11500 -0.00385484
16.12000 -0.00385282
16.12500 -0.00385081
16.13000 -0.00384879
16.13500 -0.00384678
16.14000 -0.00384477
16.14500 -0.00384276
16.15000 -0.00384075
16.15500 -0.00383874
16.16000 -0.00383674
16.16500 -0.00383473
16.17000 -0.00383273
16.17500 -0.00383073
16.18000 -0.00382873
16.18500 -0.00382674
16.19000 -0.00382474
16.19500 -0.00382275
16.20000 -0.00382076
16.20500 -0.00381877
16.21000 -0.00381678
16.21500 -0.00381479
16.22000 -0.00381281
16.22500 -0.00381083
16.23000 -0.00380884
16.23500 -0.00380686
16.24000 -0.00380489
16.24500 -0.00380291
16.25000 -0.00380093
16.25500 -0.00379896
16.26000 -0.00379699
16.26500 -0.00379502
16.27000 -0.00379305
16.27500 -0.00379109
16.28000 -0.00378912
16.28500 -0.00378716
16.29000 -0.00378520
16.29500 -0.00378324
16.30000 -0.00378128
16.30500 -0.00377932
16.31000 -0.00377737
16.31500 -0.00377541
16.32000 -0.00377346
16.32500 -0.00377151
16.33000 -0.00376956
16.33500 -0.00376761
16.34000 -0.00376567
16.34500 -0.00376373
16.35000 -0.00376178
16.35500 -0.00375984
16.36000 -0.00375790
16.36500 -0.00375597
16.37000 -0.00375403
16.37500 -0.00375210
16.38000 -0.00375016
16.38500 -0.00374823
16.39000 -0.00374630
16.39500 -0.00374438
16.40000 -0.00374245
16.40500 -0.00374053
16.41000 -0.00373860
16.41500 -0.00373668
16.42000 -0.00373476
16.42500 -0.00373285
16.43000 -0.00373093
16.43500 -0.00372901
16.44000 -0.00372710
16.44500 -0.00372519
16.45000 -0.00372328
16.45500 -0.00372137
16.46000 -0.00371946
16.46500 -0.00371756
16.47000 -0.00371565
16.47500 -0.00371375
16.48000 -0.00371185
16.48500 -0.00370995
16.49000 -0.00370805
16.49500 -0.00370616
16.50000 -0.00370426
16.50500 -0.00370237
16.51000 -0.00370048
16.51500 -0.00369859
16.52000 -0.00369670
16.52500 -0.00369482
16.53000 -0.00369293
16.53500 -0.00369105
16.54000 -0.00368916
16.54500 -0.00368728
16.55000 -0.00368541
16.55500 -0.00368353
16.56000 -0.00368165
16.56500 -0.00367978
16.57000 -0.00367791
16.57500 -0.00367603
16.58000 -0.00367416
16.58500 -0.00367230
16.59000 -0.00367043
16.59500 -0.00366856
16.60000 -0.00366670
16.60500 -0.00366484
16.61000 -0.00366298
16.61500 -0.00366112
16.62000 -0.00365926
16.62500 -0.00365741
16.63000 -0.00365555
16.63500 -0.00365370
16.64000 -0.00365185
16.64500 -0.00365000
16.65000 -0.00364815
16.65500 -0.00364630
16.66000 -0.00364446
16.66500 -0.00364261
16.67000 -0.00364077
16.67500 -0.00363893
16.68000 -0.00363709
16.68500 -0.00363525
16.69000 -0.00363342
16.69500 -0.00363158
16.70000 -0.00362975
16.70500 -0.00362792
16.71000 -0.00362609
16.71500 -0.00362426
16.72000 -0.00362243
16.72500 -0.00362060
16.73000 -0.00361878
16.73500 -0.00361696
16.74000 -0.00361514
16.74500 -0.00361332
16.75000 -0.00361150
16.75500 -0.00360968
16.76000 -0.00360787
16.76500 -0.00360605
16.77000 -0.00360424
16.77500 -0.00360243
16.78000 -0.00360062
16.78500 -0.00359881
16.79000 -0.00359700
16.79500 -0.00359520
16.80000 -0.00359339
16.80500 -0.00359159
16.81000 -0.00358979
16.81500 -0.00358799
16.82000 -0.00358619
16.82500 -0.00358440
16.83000 -0.00358260
16.83500 -0.00358081
16.84000 -0.00357902
16.84500 -0.00357723
16.85000 -0.00357544
16.85500 -0.00357365
16.86000 -0.00357186
16.86500 -0.00357008
16.87000 -0.00356829
16.87500 -0.00356651
16.88000 -0.00356473
16.88500 -0.00356295
16.89000 -0.00356117
16.89500 -0.00355940
16.90000 -0.00355762
16.90500 -0.00355585
16.91000 -0.00355408
16.91500 -0.00355231
16.92000 -0.00355054
16.92500 -0.00354877
16.93000 -0.00354700
16.93500 -0.00354524
16.94000 -0.00354347
16.94500 -0.00354171
16.95000 -0.00353995
16.95500 -0.00353819
16.96000 -0.00353643
16.96500 -0.00353468
16.97000 -0.00353292
16.97500 -0.00353117
16.98000 -0.00352942
16.98500 -0.00352767
16.99000 -0.00352592
16.99500 -0.00352417
17.00000 -0.00352242
17.00500 -0.00352068
17.01000 -0.00351893
17.01500 -0.00351719
17.02000 -0.00351545
17.02500 -0.00351371
17.03000 -0.00351197
17.03500 -0.00351023
17.04000 -0.00350850
17.04500 -0.00350677
17.05000 -0.00350503
17.05500 -0.00350330
17.06000 -0.00350157
17.06500 -0.00349984
17.07000 -0.00349812
17.07500 -0.00349639
17.08000 -0.00349466
17.08500 -0.00349294
17.09000 -0.00349122
17.09500 -0.00348950
17.10000 -0.00348778
17.10500 -0.00348606
17.11000 -0.00348435
17.11500 -0.00348263
17.12000 -0.00348092
17.12500 -0.00347921
17.13000 -0.00347749
17.13500 -0.00347579
17.14000 -0.00347408
17.14500 -0.00347237
17.15000 -0.00347067
17.15500 -0.00346896
17.16000 -0.00346726
17.16500 -0.00346556
17.17000 -0.00346386
17.17500 -0.00346216
17.18000 -0.00346046
17.18500 -0.00345876
17.19000 -0.00345707
17.19500 -0.00345538
17.20000 -0.00345368
17.20500 -0.00345199
17.21000 -0.00345030
17.21500 -0.00344862
17.22000 -0.00344693
17.22500 -0.00344525
17.23000 -0.00344356
17.23500 -0.00344188
17.24000 -0.00344020
17.24500 -0.00343852
17.25000 -0.00343684
17.25500 -0.00343516
17.26000 -0.00343348
17.26500 -0.00343181
17.27000 -0.00343014
17.27500 -0.00342846
17.28000 -0.00342679
17.28500 -0.00342512
17.29000 -0.00342346
17.29500 -0.00342179
17.30000 -0.00342012
17.30500 -0.00341846
17.31000 -0.00341680
17.31500 -0.00341514
17.32000 -0.00341347
17.32500 -0.00341182
17.33000 -0.00341016
17.33500 -0.00340850
17.34000 -0.00340685
17.34500 -0.00340519
17.35000 -0.00340354
17.35500 -0.00340189
17.36000 -0.00340024
17.36500 -0.00339859
17.37000 -0.00339694
17.37500 -0.00339530
17.38000 -0.00339365
17.38500 -0.00339201
17.39000 -0.00339037
17.39500 -0.00338873
17.40000 -0.00338709
17.40500 -0.00338545
17.41000 -0.00338381
17.41500 -0.00338217
17.42000 -0.00338054
17.42500 -0.00337891
17.43000 -0.00337727
17.43500 -0.00337564
17.44000 -0.00337401
17.44500 -0.00337239
17.45000 -0.00337076
17.45500 -0.00336913
17.46000 -0.00336751
17.46500 -0.00336589
17.47000 -0.00336426
17.47500 -0.00336264
17.48000 -0.00336102
17.48500 -0.00335941
17.49000 -0.00335779
17.49500 -0.00335617
17.50000 -0.00335456
17.50500 -0.00335295
17.51000 -0.00335133
17.51500 -0.00334972
17.52000 -0.00334811
17.52500 -0.00334651
17.53000 -0.00334490
17.53500 -0.00334329
17.54000 -0.00334169
17.54500 -0.00334009
17.55000 -0.00333849
17.55500 -0.00333688
17.56000 -0.00333529
17.56500 -0.00333369
17.57000 -0.00333209
17.57500 -0.00333049
17.58000 -0.00332890
17.58500 -0.00332731
17.59000 -0.00332571
17.59500 -0.00332412
17.60000 -0.00332253
17.60500 -0.00332095
17.61000 -0.00331936
17.61500 -0.00331777
17.62000 -0.00331619
17.62500 -0.00331461
17.63000 -0.00331302
17.63500 -0.00331144
17.64000 -0.00330986
17.64500 -0.00330828
17.65000 -0.00330671
17.65500 -0.00330513
17.66000 -0.00330356
17.66500 -0.00330198
17.67000 -0.00330041
17.67500 -0.00329884
17.68000 -0.00329727
17.68500 -0.00329570
17.69000 -0.00329413
17.69500 -0.00329256
17.70000 -0.00329100
17.70500 -0.00328944
17.71000 -0.00328787
17.71500 -0.00328631
17.72000 -0.00328475
17.72500 -0.00328319
17.73000 -0.00328163
17.73500 -0.00328008
17.74000 -0.00327852
17.74500 -0.00327697
17.75000 -0.00327541
17.75500 -0.00327386
17.76000 -0.00327231
17.76500 -0.00327076
17.77000 -0.00326921
17.77500 -0.00326766
17.78000 -0.00326612
17.78500 -0.00326457
17.79000 -0.00326303
17.79500 -0.00326149
17.80000 -0.00325994
17.80500 -0.00325840
17.81000 -0.00325686
17.81500 -0.00325533
17.82000 -0.00325379
17.82500 -0.00325225
17.83000 -0.00325072
17.83500 -0.00324919
17.84000 -0.00324765
17.84500 -0.00324612
17.85000 -0.00324459
17.85500 -0.00324306
17.86000 -0.00324154
17.86500 -0.00324001
17.87000 -0.00323849
17.87500 -0.00323696
17.88000 -0.00323544
17.88500 -0.00323392
17.89000 -0.00323240
17.89500 -0.00323088
17.90000 -0.00322936
17.90500 -0.00322784
17.91000 -0.00322633
17.91500 -0.00322481
17.92000 -0.00322330
17.92500 -0.00322178
17.93000 -0.00322027
17.93500 -0.00321876
17.94000 -0.00321725
17.94500 -0.00321575
17.95000 -0.00321424
17.95500 -0.00321273
17.96000 -0.00321123
17.96500 -0.00320973
17.97000 -0.00320822
17.97500 -0.00320672
17.98000 -0.00320522
17.98500 -0.00320372
17.99000 -0.00320223
17.99500 -0.00320073
18.00000 -0.00319923
18.00500 -0.00319774
18.01000 -0.00319625
18.01500 -0.00319475
18.02000 -0.00319326
18.02500 -0.00319177
18.03000 -0.00319028
18.03500 -0.00318880
18.04000 -0.00318731
18.04500 -0.00318582
18.05000 -0.00318434
18.05500 -0.00318286
18.06000 -0.00318138
18.06500 -0.00317989
18.07000 -0.00317841
18.07500 -0.00317694
18.08000 -0.00317546
18.08500 -0.00317398
18.09000 -0.00317251
18.09500 -0.00317103
18.10000 -0.00316956
18.10500 -0.00316809
18.11000 -0.00316662
18.11500 -0.00316515
18.12000 -0.00316368
18.12500 -0.00316221
18.13000 -0.00316074
18.13500 -0.00315928
18.14000 -0.00315781
18.14500 -0.00315635
18.15000 -0.00315489
18.15500 -0.00315343
18.16000 -0.00315197
18.16500 -0.00315051
18.17000 -0.00314905
18.17500 -0.00314759
18.18000 -0.00314614
18.18500 -0.00314468
18.19000 -0.00314323
18.19500 -0.00314178
18.20000 -0.00314033
18.20500 -0.00313888
18.21000 -0.00313743
18.21500 -0.00313598
18.22000 -0.00313453
18.22500 -0.00313309
18.23000 -0.00313164
18.23500 -0.00313020
18.24000 -0.00312875
18.24500 -0.00312731
18.25000 -0.00312587
18.25500 -0.00312443
18.26000 -0.00312299
18.26500 -0.00312156
18.27000 -0.00312012
18.27500 -0.00311868
18.28000 -0.00311725
18.28500 -0.00311582
18.29000 -0.00311439
18.29500 -0.00311295
18.30000 -0.00311152
18.30500 -0.00311010
18.31000 -0.00310867
18.31500 -0.00310724
18.32000 -0.00310582
18.32500 -0.00310439
18.33000 -0.00310297
18.33500 -0.00310154
18.34000 -0.00310012
18.34500 -0.00309870
18.35000 -0.00309728
18.35500 -0.00309586
18.36000 -0.00309445
18.36500 -0.00309303
18.37000 -0.00309162
18.37500 -0.00309020
18.38000 -0.00308879
18.38500 -0.00308738
18.39000 -0.00308597
18.39500 -0.00308456
18.40000 -0.00308315
18.40500 -0.00308174
18.41000 -0.00308033
18.41500 -0.00307893
18.42000 -0.00307752
18.42500 -0.00307612
18.43000 -0.00307471
18.43500 -0.00307331
18.44000 -0.00307191
18.44500 -0.00307051
18.45000 -0.00306911
18.45500 -0.00306772
18.46000 -0.00306632
18.46500 -0.00306492
18.47000 -0.00306353
18.47500 -0.00306214
18.48000 -0.00306074
18.48500 -0.00305935
18.49000 -0.00305796
18.49500 -0.00305657
18.50000 -0.00305518
18.50500 -0.00305380
18.51000 -0.00305241
18.51500 -0.00305102
18.52000 -0.00304964
18.52500 -0.00304826
18.53000 -0.00304687
18.53500 -0.00304549
18.54000 -0.00304411
18.54500 -0.00304273
18.55000 -0.00304135
18.55500 -0.00303998
18.56000 -0.00303860
18.56500 -0.00303723
18.57000 -0.00303585
18.57500 -0.00303448
18.58000 -0.00303311
18.58500 -0.00303173
18.59000 -0.00303036
18.59500 -0.00302899
18.60000 -0.00302763
18.60500 -0.00302626
18.61000 -0.00302489
18.61500 -0.00302353
18.62000 -0.00302216
18.62500 -0.00302080
18.63000 -0.00301944
18.63500 -0.00301808
18.64000 -0.00301672
18.64500 -0.00301536
18.65000 -0.00301400
18.65500 -0.00301264
18.66000 -0.00301128
18.66500 -0.00300993
18.67000 -0.00300857
18.67500 -0.00300722
18.68000 -0.00300587
18.68500 -0.00300452
18.69000 -0.00300317
18.69500 -0.00300182
18.70000 -0.00300047
18.70500 -0.00299912
18.71000 -0.00299777
18.71500 -0.00299643
18.72000 -0.00299508
18.72500 -0.00299374
18.73000 -0.00299240
18.73500 -0.00299106
18.74000 -0.00298971
18.74500 -0.00298837
18.75000 -0.00298704
18.75500 -0.00298570
18.76000 -0.00298436
18.76500 -0.00298302
18.77000 -0.00298169
18.77500 -0.00298036
18.78000 -0.00297902
18.78500 -0.00297769
18.79000 -0.00297636
18.79500 -0.00297503
18.80000 -0.00297370
18.80500 -0.00297237
18.81000 -0.00297104
18.81500 -0.00296972
18.82000 -0.00296839
18.82500 -0.00296707
18.83000 -0.00296574
18.83500 -0.00296442
18.84000 -0.00296310
18.84500 -0.00296178
18.85000 -0.00296046
18.85500 -0.00295914
18.86000 -0.00295782
18.86500 -0.00295651
18.87000 -0.00295519
18.87500 -0.00295388
18.88000 -0.00295256
18.88500 -0.00295125
18.89000 -0.00294994
18.89500 -0.00294862
18.90000 -0.00294731
18.90500 -0.00294600
18.91000 -0.00294470
18.91500 -0.00294339
18.92000 -0.00294208
18.92500 -0.00294078
18.93000 -0.00293947
18.93500 -0.00293817
18.94000 -0.00293687
18.94500 -0.00293556
18.95000 -0.00293426
18.95500 -0.00293296
18.96000 -0.00293166
18.96500 -0.00293036
18.97000 -0.00292907
18.97500 -0.00292777
18.98000 -0.00292648
18.98500 -0.00292518
18.99000 -0.00292389
18.99500 -0.00292259
19.00000 -0.00292130
19.00500 -0.00292001
19.01000 -0.00291872
19.01500 -0.00291743
19.02000 -0.00291615
19.02500 -0.00291486
19.03000 -0.00291357
19.03500 -0.00291229
19.04000 -0.00291100
19.04500 -0.00290972
19.05000 -0.00290844
19.05500 -0.00290715
19.06000 -0.00290587
19.06500 -0.00290459
19.07000 -0.00290331
19.07500 -0.00290204
19.08000 -0.00290076
19.08500 -0.00289948
19.09000 -0.00289821
19.09500 -0.00289693
19.10000 -0.00289566
19.10500 -0.00289439
19.11000 -0.00289312
19.11500 -0.00289184
19.12000 -0.00289057
19.12500 -0.00288931
19.13000 -0.00288804
19.13500 -0.00288677
19.14000 -0.00288550
19.14500 -0.00288424
19.15000 -0.00288297
19.15500 -0.00288171
19.16000 -0.00288045
19.16500 -0.00287919
19.17000 -0.00287792
19.17500 -0.00287666
19.18000 -0.00287541
19.18500 -0.00287415
19.19000 -0.00287289
19.19500 -0.00287163
19.20000 -0.00287038
19.20500 -0.00286912
19.21000 -0.00286787
19.21500 -0.00286662
19.22000 -0.00286536
19.22500 -0.00286411
19.23000 -0.00286286
19.23500 -0.00286161
19.24000 -0.00286036
19.24500 -0.00285912
19.25000 -0.00285787
19.25500 -0.00285662
19.26000 -0.00285538
19.26500 -0.00285413
19.27000 -0.00285289
19.27500 -0.00285165
19.28000 -0.00285041
19.28500 -0.00284916
19.29000 -0.00284792
19.29500 -0.00284669
19.30000 -0.00284545
19.30500 -0.00284421
19.31000 -0.00284297
19.31500 -0.00284174
19.32000 -0.00284050
19.32500 -0.00283927
19.33000 -0.00283804
19.33500 -0.00283680
19.34000 -0.00283557
19.34500 -0.00283434
19.35000 -0.00283311
19.35500 -0.00283188
19.36000 -0.00283066
19.36500 -0.00282943
19.37000 -0.00282820
19.37500 -0.00282698
19.38000 -0.00282575
19.38500 -0.00282453
19.39000 -0.00282331
19.39500 -0.00282209
19.40000 -0.00282086
19.40500 -0.00281964
19.41000 -0.00281843
19.41500 -0.00281721
19.42000 -0.00281599
19.42500 -0.00281477
19.43000 -0.00281356
19.43500 -0.00281234
19.44000 -0.00281113
19.44500 -0.00280991
19.45000 -0.00280870
19.45500 -0.00280749
19.46000 -0.00280628
19.46500 -0.00280507
19.47000 -0.00280386
19.47500 -0.00280265
19.48000 -0.00280144
19.48500 -0.00280024
19.49000 -0.00279903
19.49500 -0.00279783
19.50000 -0.00279662
19.50500 -0.00279542
19.51000 -0.00279422
19.51500 -0.00279301
19.52000 -0.00279181
19.52500 -0.00279061
19.53000 -0.00278941
19.53500 -0.00278822
19.54000 -0.00278702
19.54500 -0.00278582
19.55000 -0.00278463
19.55500 -0.00278343
19.56000 -0.00278224
19.56500 -0.00278104
19.57000 -0.00277985
19.57500 -0.00277866
19.58000 -0.00277747
19.58500 -0.00277628
19.59000 -0.00277509
19.59500 -0.00277390
19.60000 -0.00277271
19.60500 -0.00277152
19.61000 -0.00277034
19.61500 -0.00276915
19.62000 -0.00276797
19.62500 -0.00276679
19.63000 -0.00276560
19.63500 -0.00276442
19.64000 -0.00276324
19.64500 -0.00276206
19.65000 -0.00276088
19.65500 -0.00275970
19.66000 -0.00275852
19.66500 -0.00275735
19.67000 -0.00275617
19.67500 -0.00275499
19.68000 -0.00275382
19.68500 -0.00275265
19.69000 -0.00275147
19.69500 -0.00275030
19.70000 -0.00274913
19.70500 -0.00274796
19.71000 -0.00274679
19.71500 -0.00274562
19.72000 -0.00274445
19.72500 -0.00274328
19.73000 -0.00274212
19.73500 -0.00274095
19.74000 -0.00273979
19.74500 -0.00273862
19.75000 -0.00273746
19.75500 -0.00273630
19.76000 -0.00273513
19.76500 -0.00273397
19.77000 -0.00273281
19.77500 -0.00273165
19.78000 -0.00273049
19.78500 -0.00272934
19.79000 -0.00272818
19.79500 -0.00272702
19.80000 -0.00272587
19.80500 -0.00272471
19.81000 -0.00272356
19.81500 -0.00272240
19.82000 -0.00272125
19.82500 -0.00272010
19.83000 -0.00271895
19.83500 -0.00271780
19.84000 -0.00271665
19.84500 -0.00271550
19.85000 -0.00271435
19.85500 -0.00271321
19.86000 -0.00271206
19.86500 -0.00271092
19.87000 -0.00270977
19.87500 -0.00270863
19.88000 -0.00270748
19.88500 -0.00270634
19.89000 -0.00270520
19.89500 -0.00270406
19.90000 -0.00270292
19.90500 -0.00270178
19.91000 -0.00270064
19.91500 -0.00269950
19.92000 -0.00269837
19.92500 -0.00269723
19.93000 -0.00269610
19.93500 -0.00269496
19.94000 -0.00269383
19.94500 -0.00269269
19.95000 -0.00269156
19.95500 -0.00269043
19.96000 -0.00268930
19.96500 -0.00268817
19.97000 -0.00268704
19.97500 -0.00268591
19.98000 -0.00268478
19.98500 -0.00268366
19.99000 -0.00268253
19.99500 -0.00268141
20.00000 -0.00268028
20.00500 -0.00267916
20.01000 -0.00267803
20.01500 -0.00267691
20.02000 -0.00267579
20.02500 -0.00267467
20.03000 -0.00267355
20.03500 -0.00267243
20.04000 -0.00267131
20.04500 -0.00267019
20.05000 -0.00266908
20.05500 -0.00266796
20.06000 -0.00266684
20.06500 -0.00266573
20.07000 -0.00266461
20.07500 -0.00266350
20.08000 -0.00266239
20.08500 -0.00266128
20.09000 -0.00266017
20.09500 -0.00265906
20.10000 -0.00265795
20.10500 -0.00265684
20.11000 -0.00265573
20.11500 -0.00265462
20.12000 -0.00265351
20.12500 -0.00265241
20.13000 -0.00265130
20.13500 -0.00265020
20.14000 -0.00264910
20.14500 -0.00264799
20.15000 -0.00264689
20.15500 -0.00264579
20.16000 -0.00264469
20.16500 -0.00264359
20.17000 -0.00264249
20.17500 -0.00264139
20.18000 -0.00264029
20.18500 -0.00263919
20.19000 -0.00263810
20.19500 -0.00263700
20.20000 -0.00263591
20.20500 -0.00263481
20.21000 -0.00263372
20.21500 -0.00263263
20.22000 -0.00263154
20.22500 -0.00263044
20.23000 -0.00262935
20.23500 -0.00262826
20.24000 -0.00262717
20.24500 -0.00262609
20.25000 -0.00262554
