0.25000 0.81113918
0.25500 0.80705988
0.26000 0.80303135
0.26500 0.79905378
0.27000 0.79512754
0.27500 0.79125264
0.28000 0.78742899
0.28500 0.78365632
0.29000 0.77993424
0.29500 0.77626227
0.30000 0.77263985
0.30500 0.76906632
0.31000 0.76554101
0.31500 0.76206317
0.32000 0.75863204
0.32500 0.75524682
0.33000 0.75190669
0.33500 0.74861084
0.34000 0.74535842
0.34500 0.74214859
0.35000 0.73898052
0.35500 0.73585338
0.36000 0.73276632
0.36500 0.72971853
0.37000 0.72670920
0.37500 0.72373754
0.38000 0.72080274
0.38500 0.71790403
0.39000 0.71504067
0.39500 0.71221189
0.40000 0.70941698
0.40500 0.70665521
0.41000 0.70392590
0.41500 0.70122834
0.42000 0.69856189
0.42500 0.69592589
0.43000 0.69331970
0.43500 0.69074271
0.44000 0.68819432
0.44500 0.68567392
0.45000 0.68318096
0.45500 0.68071487
0.46000 0.67827512
0.46500 0.67586116
0.47000 0.67347249
0.47500 0.67110860
0.48000 0.66876900
0.48500 0.66645322
0.49000 0.66416080
0.49500 0.66189128
0.50000 0.65964423
0.50500 0.65741921
0.51000 0.65521581
0.51500 0.65303363
0.52000 0.65087227
0.52500 0.64873135
0.53000 0.64661049
0.53500 0.64450933
0.54000 0.64242752
0.54500 0.64036470
0.55000 0.63832055
0.55500 0.63629473
0.56000 0.63428692
0.56500 0.63229682
0.57000 0.63032411
0.57500 0.62836851
0.58000 0.62642972
0.58500 0.62450747
0.59000 0.62260148
0.59500 0.62071148
0.60000 0.61883720
0.60500 0.61697841
0.61000 0.61513484
0.61500 0.61330626
0.62000 0.61149243
0.62500 0.60969312
0.63000 0.60790810
0.63500 0.60613715
0.64000 0.60438006
0.64500 0.60263663
0.65000 0.60090663
0.65500 0.59918988
0.66000 0.59748617
0.66500 0.59579533
0.67000 0.59411715
0.67500 0.59245146
0.68000 0.59079808
0.68500 0.58915683
0.69000 0.58752755
0.69500 0.58591006
0.70000 0.58430420
0.70500 0.58270982
0.71000 0.58112675
0.71500 0.57955485
0.72000 0.57799396
0.72500 0.57644393
0.73000 0.57490463
0.73500 0.57337591
0.74000 0.57185764
0.74500 0.57034967
0.75000 0.56885189
0.75500 0.56736415
0.76000 0.56588633
0.76500 0.56441830
0.77000 0.56295995
0.77500 0.56151116
0.78000 0.56007180
0.78500 0.55864177
0.79000 0.55722094
0.79500 0.55580922
0.80000 0.55440648
0.80500 0.55301263
0.81000 0.55162756
0.81500 0.55025116
0.82000 0.54888335
0.82500 0.54752400
0.83000 0.54617304
0.83500 0.54483037
0.84000 0.54349589
0.84500 0.54216951
0.85000 0.54085113
0.85500 0.53954068
0.86000 0.53823807
0.86500 0.53694320
0.87000 0.53565600
0.87500 0.53437638
0.88000 0.53310426
0.88500 0.53183956
0.89000 0.53058220
0.89500 0.52933211
0.90000 0.52808921
0.90500 0.52685342
0.91000 0.52562468
0.91500 0.52440291
0.92000 0.52318803
0.92500 0.52197998
0.93000 0.52077869
0.93500 0.51958410
0.94000 0.51839613
0.94500 0.51721472
0.95000 0.51603980
0.95500 0.51487132
0.96000 0.51370921
0.96500 0.51255340
0.97000 0.51140384
0.97500 0.51026047
0.98000 0.50912323
0.98500 0.50799206
0.99000 0.50686690
0.99500 0.50574770
1.00000 0.50463441
1.00500 0.50352696
1.01000 0.50242530
1.01500 0.50132938
1.02000 0.50023916
1.02500 0.49915457
1.03000 0.49807556
1.03500 0.49700209
1.04000 0.49593411
1.04500 0.49487157
1.05000 0.49381441
1.05500 0.49276260
1.06000 0.49171609
1.06500 0.49067482
1.07000 0.48963876
1.07500 0.48860786
1.08000 0.48758207
1.08500 0.48656136
1.09000 0.48554567
1.09500 0.48453498
1.10000 0.48352922
1.10500 0.48252837
1.11000 0.48153238
1.11500 0.48054121
1.12000 0.47955483
1.12500 0.47857319
1.13000 0.47759625
1.13500 0.47662398
1.14000 0.47565633
1.14500 0.47469328
1.15000 0.47373478
1.15500 0.47278080
1.16000 0.47183129
1.16500 0.47088624
1.17000 0.46994559
1.17500 0.46900932
1.18000 0.46807740
1.18500 0.46714978
1.19000 0.46622643
1.19500 0.46530733
1.20000 0.46439244
1.20500 0.46348172
1.21000 0.46257515
1.21500 0.46167269
1.22000 0.46077431
1.22500 0.45987998
1.23000 0.45898968
1.23500 0.45810336
1.24000 0.45722101
1.24500 0.45634258
1.25000 0.45546806
1.25500 0.45459742
1.26000 0.45373062
1.26500 0.45286763
1.27000 0.45200844
1.27500 0.45115301
1.28000 0.45030131
1.28500 0.44945332
1.29000 0.44860901
1.29500 0.44776836
1.30000 0.44693133
1.30500 0.44609791
1.31000 0.44526807
1.31500 0.44444178
1.32000 0.44361901
1.32500 0.44279975
1.33000 0.44198397
1.33500 0.44117164
1.34000 0.44036274
1.34500 0.43955725
1.35000 0.43875515
1.35500 0.43795640
1.36000 0.43716099
1.36500 0.43636889
1.37000 0.43558009
1.37500 0.43479455
1.38000 0.43401226
1.38500 0.43323320
1.39000 0.43245735
1.39500 0.43168467
1.40000 0.43091516
1.40500 0.43014879
1.41000 0.42938554
1.41500 0.42862539
1.42000 0.42786831
1.42500 0.42711430
1.43000 0.42636333
1.43500 0.42561537
1.44000 0.42487041
1.44500 0.42412844
1.45000 0.42338943
1.45500 0.42265335
1.46000 0.42192020
1.46500 0.42118996
1.47000 0.42046260
1.47500 0.41973811
1.48000 0.41901647
1.48500 0.41829766
1.49000 0.41758167
1.49500 0.41686847
1.50000 0.41615805
1.50500 0.41545039
1.51000 0.41474548
1.51500 0.41404329
1.52000 0.41334382
1.52500 0.41264704
1.53000 0.41195293
1.53500 0.41126149
1.54000 0.41057269
1.54500 0.40988652
1.55000 0.40920296
1.55500 0.40852199
1.56000 0.40784361
1.56500 0.40716780
1.57000 0.40649453
1.57500 0.40582380
1.58000 0.40515559
1.58500 0.40448988
1.59000 0.40382666
1.59500 0.40316592
1.60000 0.40250764
1.60500 0.40185180
1.61000 0.40119840
1.61500 0.40054741
1.62000 0.39989883
1.62500 0.39925263
1.63000 0.39860881
1.63500 0.39796735
1.64000 0.39732824
1.64500 0.39669146
1.65000 0.39605700
1.65500 0.39542485
1.66000 0.39479499
1.66500 0.39416742
1.67000 0.39354211
1.67500 0.39291906
1.68000 0.39229825
1.68500 0.39167966
1.69000 0.39106330
1.69500 0.39044914
1.70000 0.38983717
1.70500 0.38922738
1.71000 0.38861976
1.71500 0.38801430
1.72000 0.38741098
1.72500 0.38680979
1.73000 0.38621072
1.73500 0.38561375
1.74000 0.38501889
1.74500 0.38442611
1.75000 0.38383540
1.75500 0.38324675
1.76000 0.38266016
1.76500 0.38207560
1.77000 0.38149307
1.77500 0.38091256
1.78000 0.38033406
1.78500 0.37975755
1.79000 0.37918303
1.79500 0.37861049
1.80000 0.37803990
1.80500 0.37747127
1.81000 0.37690458
1.81500 0.37633983
1.82000 0.37577699
1.82500 0.37521607
1.83000 0.37465705
1.83500 0.37409993
1.84000 0.37354468
1.84500 0.37299131
1.85000 0.37243979
1.85500 0.37189013
1.86000 0.37134232
1.86500 0.37079633
1.87000 0.37025217
1.87500 0.36970983
1.88000 0.36916929
1.88500 0.36863054
1.89000 0.36809358
1.89500 0.36755840
1.90000 0.36702498
1.90500 0.36649333
1.91000 0.36596342
1.91500 0.36543525
1.92000 0.36490882
1.92500 0.36438411
1.93000 0.36386111
1.93500 0.36333982
1.94000 0.36282023
1.94500 0.36230232
1.95000 0.36178610
1.95500 0.36127154
1.96000 0.36075865
1.96500 0.36024742
1.97000 0.35973783
1.97500 0.35922988
1.98000 0.35872355
1.98500 0.35821886
1.99000 0.35771577
1.99500 0.35721429
2.00000 0.35671441
2.00500 0.35621612
2.01000 0.35571942
2.01500 0.35522428
2.02000 0.35473072
2.02500 0.35423871
2.03000 0.35374826
2.03500 0.35325935
2.04000 0.35277197
2.04500 0.35228613
2.05000 0.35180181
2.05500 0.35131900
2.06000 0.35083770
2.06500 0.35035790
2.07000 0.34987959
2.07500 0.34940277
2.08000 0.34892742
2.08500 0.34845355
2.09000 0.34798114
2.09500 0.34751019
2.10000 0.34704069
2.10500 0.34657263
2.11000 0.34610601
2.11500 0.34564082
2.12000 0.34517706
2.12500 0.34471471
2.13000 0.34425377
2.13500 0.34379423
2.14000 0.34333609
2.14500 0.34287934
2.15000 0.34242397
2.15500 0.34196998
2.16000 0.34151736
2.16500 0.34106611
2.17000 0.34061621
2.17500 0.34016767
2.18000 0.33972047
2.18500 0.33927461
2.19000 0.33883008
2.19500 0.33838688
2.20000 0.33794501
2.20500 0.33750444
2.21000 0.33706519
2.21500 0.33662724
2.22000 0.33619058
2.22500 0.33575522
2.23000 0.33532114
2.23500 0.33488834
2.24000 0.33445682
2.24500 0.33402656
2.25000 0.33359757
2.25500 0.33316983
2.26000 0.33274334
2.26500 0.33231810
2.27000 0.33189410
2.27500 0.33147133
2.28000 0.33104979
2.28500 0.33062947
2.29000 0.33021037
2.29500 0.32979249
2.30000 0.32937581
2.30500 0.32896033
2.31000 0.32854605
2.31500 0.32813296
2.32000 0.32772105
2.32500 0.32731033
2.33000 0.32690078
2.33500 0.32649240
2.34000 0.32608519
2.34500 0.32567913
2.35000 0.32527424
2.35500 0.32487049
2.36000 0.32446788
2.36500 0.32406642
2.37000 0.32366609
2.37500 0.32326689
2.38000 0.32286882
2.38500 0.32247186
2.39000 0.32207602
2.39500 0.32168130
2.40000 0.32128767
2.40500 0.32089515
2.41000 0.32050373
2.41500 0.32011340
2.42000 0.31972415
2.42500 0.31933599
2.43000 0.31894891
2.43500 0.31856289
2.44000 0.31817795
2.44500 0.31779407
2.45000 0.31741125
2.45500 0.31702949
2.46000 0.31664878
2.46500 0.31626911
2.47000 0.31589049
2.47500 0.31551290
2.48000 0.31513635
2.48500 0.31476082
2.49000 0.31438632
2.49500 0.31401284
2.50000 0.31364038
2.50500 0.31326893
2.51000 0.31289848
2.51500 0.31252904
2.52000 0.31216060
2.52500 0.31179316
2.53000 0.31142670
2.53500 0.31106123
2.54000 0.31069675
2.54500 0.31033324
2.55000 0.30997071
2.55500 0.30960915
2.56000 0.30924856
2.56500 0.30888893
2.57000 0.30853026
2.57500 0.30817254
2.58000 0.30781578
2.58500 0.30745996
2.59000 0.30710508
2.59500 0.30675115
2.60000 0.30639815
2.60500 0.30604609
2.61000 0.30569495
2.61500 0.30534474
2.62000 0.30499544
2.62500 0.30464707
2.63000 0.30429961
2.63500 0.30395305
2.64000 0.30360741
2.64500 0.30326267
2.65000 0.30291882
2.65500 0.30257587
2.66000 0.30223382
2.66500 0.30189265
2.67000 0.30155237
2.67500 0.30121297
2.68000 0.30087444
2.68500 0.30053679
2.69000 0.30020001
2.69500 0.29986410
2.70000 0.29952905
2.70500 0.29919487
2.71000 0.29886154
2.71500 0.29852906
2.72000 0.29819744
2.72500 0.29786666
2.73000 0.29753673
2.73500 0.29720763
2.74000 0.29687938
2.74500 0.29655196
2.75000 0.29622537
2.75500 0.29589960
2.76000 0.29557466
2.76500 0.29525055
2.77000 0.29492725
2.77500 0.29460477
2.78000 0.29428309
2.78500 0.29396223
2.79000 0.29364217
2.79500 0.29332292
2.80000 0.29300446
2.80500 0.29268680
2.81000 0.29236994
2.81500 0.29205386
2.82000 0.29173857
2.82500 0.29142407
2.83000 0.29111035
2.83500 0.29079740
2.84000 0.29048523
2.84500 0.29017384
2.85000 0.28986321
2.85500 0.28955335
2.86000 0.28924426
2.86500 0.28893592
2.87000 0.28862834
2.87500 0.28832152
2.88000 0.28801545
2.88500 0.28771013
2.89000 0.28740556
2.89500 0.28710173
2.90000 0.28679864
2.90500 0.28649629
2.91000 0.28619468
2.91500 0.28589380
2.92000 0.28559365
2.92500 0.28529423
2.93000 0.28499553
2.93500 0.28469755
2.94000 0.28440029
2.94500 0.28410375
2.95000 0.28380793
2.95500 0.28351282
2.96000 0.28321841
2.96500 0.28292471
2.97000 0.28263172
2.97500 0.28233942
2.98000 0.28204783
2.98500 0.28175693
2.99000 0.28146673
2.99500 0.28117721
3.00000 0.28088839
3.00500 0.28060025
3.01000 0.28031279
3.01500 0.28002602
3.02000 0.27973992
3.02500 0.27945450
3.03000 0.27916975
3.03500 0.27888568
3.04000 0.27860227
3.04500 0.27831953
3.05000 0.27803745
3.05500 0.27775604
3.06000 0.27747528
3.06500 0.27719519
3.07000 0.27691574
3.07500 0.27663695
3.08000 0.27635881
3.08500 0.27608132
3.09000 0.27580447
3.09500 0.27552826
3.10000 0.27525270
3.10500 0.27497777
3.11000 0.27470348
3.11500 0.27442983
3.12000 0.27415680
3.12500 0.27388441
3.13000 0.27361264
3.13500 0.27334150
3.14000 0.27307098
3.14500 0.27280108
3.15000 0.27253180
3.15500 0.27226313
3.16000 0.27199508
3.16500 0.27172765
3.17000 0.27146082
3.17500 0.27119460
3.18000 0.27092898
3.18500 0.27066397
3.19000 0.27039956
3.19500 0.27013575
3.20000 0.26987254
3.20500 0.26960992
3.21000 0.26934790
3.21500 0.26908647
3.22000 0.26882562
3.22500 0.26856536
3.23000 0.26830569
3.23500 0.26804660
3.24000 0.26778809
3.24500 0.26753017
3.25000 0.26727281
3.25500 0.26701604
3.26000 0.26675983
3.26500 0.26650420
3.27000 0.26624914
3.27500 0.26599464
3.28000 0.26574071
3.28500 0.26548734
3.29000 0.26523454
3.29500 0.26498229
3.30000 0.26473060
3.30500 0.26447947
3.31000 0.26422889
3.31500 0.26397886
3.32000 0.26372939
3.32500 0.26348046
3.33000 0.26323208
3.33500 0.26298424
3.34000 0.26273695
3.34500 0.26249019
3.35000 0.26224398
3.35500 0.26199830
3.36000 0.26175316
3.36500 0.26150855
3.37000 0.26126448
3.37500 0.26102094
3.38000 0.26077792
3.38500 0.26053543
3.39000 0.26029347
3.39500 0.26005203
3.40000 0.25981111
3.40500 0.25957071
3.41000 0.25933082
3.41500 0.25909146
3.42000 0.25885261
3.42500 0.25861427
3.43000 0.25837645
3.43500 0.25813913
3.44000 0.25790232
3.44500 0.25766602
3.45000 0.25743022
3.45500 0.25719493
3.46000 0.25696013
3.46500 0.25672584
3.47000 0.25649205
3.47500 0.25625875
3.48000 0.25602594
3.48500 0.25579363
3.49000 0.25556181
3.49500 0.25533048
3.50000 0.25509964
3.50500 0.25486929
3.51000 0.25463942
3.51500 0.25441004
3.52000 0.25418113
3.52500 0.25395271
3.53000 0.25372477
3.53500 0.25349730
3.54000 0.25327032
3.54500 0.25304380
3.55000 0.25281776
3.55500 0.25259219
3.56000 0.25236709
3.56500 0.25214246
3.57000 0.25191829
3.57500 0.25169459
3.58000 0.25147136
3.58500 0.25124858
3.59000 0.25102627
3.59500 0.25080442
3.60000 0.25058303
3.60500 0.25036209
3.61000 0.25014161
3.61500 0.24992158
3.62000 0.24970200
3.62500 0.24948288
3.63000 0.24926420
3.63500 0.24904597
3.64000 0.24882819
3.64500 0.24861086
3.65000 0.24839397
3.65500 0.24817752
3.66000 0.24796151
3.66500 0.24774594
3.67000 0.24753081
3.67500 0.24731612
3.68000 0.24710186
3.68500 0.24688804
3.69000 0.24667465
3.69500 0.24646169
3.70000 0.24624916
3.70500 0.24603706
3.71000 0.24582539
3.71500 0.24561414
3.72000 0.24540332
3.72500 0.24519292
3.73000 0.24498295
3.73500 0.24477340
3.74000 0.24456426
3.74500 0.24435555
3.75000 0.24414725
3.75500 0.24393937
3.76000 0.24373190
3.76500 0.24352484
3.77000 0.24331820
3.77500 0.24311197
3.78000 0.24290615
3.78500 0.24270073
3.79000 0.24249573
3.79500 0.24229113
3.80000 0.24208693
3.80500 0.24188314
3.81000 0.24167974
3.81500 0.24147675
3.82000 0.24127416
3.82500 0.24107197
3.83000 0.24087018
3.83500 0.24066878
3.84000 0.24046778
3.84500 0.24026717
3.85000 0.24006695
3.85500 0.23986712
3.86000 0.23966769
3.86500 0.23946864
3.87000 0.23926998
3.87500 0.23907171
3.88000 0.23887382
3.88500 0.23867632
3.89000 0.23847920
3.89500 0.23828246
3.90000 0.23808611
3.90500 0.23789013
3.91000 0.23769453
3.91500 0.23749931
3.92000 0.23730447
3.92500 0.23711000
3.93000 0.23691591
3.93500 0.23672218
3.94000 0.23652884
3.94500 0.23633586
3.95000 0.23614325
3.95500 0.23595101
3.96000 0.23575914
3.96500 0.23556763
3.97000 0.23537649
3.97500 0.23518571
3.98000 0.23499530
3.98500 0.23480525
3.99000 0.23461556
3.99500 0.23442623
4.00000 0.23423726
4.00500 0.23404865
4.01000 0.23386040
4.01500 0.23367250
4.02000 0.23348495
4.02500 0.23329776
4.03000 0.23311093
4.03500 0.23292444
4.04000 0.23273831
4.04500 0.23255252
4.05000 0.23236708
4.05500 0.23218200
4.06000 0.23199725
4.06500 0.23181286
4.07000 0.23162881
4.07500 0.23144510
4.08000 0.23126174
4.08500 0.23107871
4.09000 0.23089603
4.09500 0.23071369
4.10000 0.23053169
4.10500 0.23035002
4.11000 0.23016869
4.11500 0.22998770
4.12000 0.22980704
4.12500 0.22962672
4.13000 0.22944673
4.13500 0.22926707
4.14000 0.22908775
4.14500 0.22890875
4.15000 0.22873008
4.15500 0.22855174
4.16000 0.22837373
4.16500 0.22819605
4.17000 0.22801869
4.17500 0.22784165
4.18000 0.22766494
4.18500 0.22748856
4.19000 0.22731249
4.19500 0.22713675
4.20000 0.22696132
4.20500 0.22678622
4.21000 0.22661143
4.21500 0.22643696
4.22000 0.22626281
4.22500 0.22608897
4.23000 0.22591545
4.23500 0.22574224
4.24000 0.22556935
4.24500 0.22539676
4.25000 0.22522449
4.25500 0.22505253
4.26000 0.22488088
4.26500 0.22470954
4.27000 0.22453850
4.27500 0.22436777
4.28000 0.22419735
4.28500 0.22402723
4.29000 0.22385742
4.29500 0.22368791
4.30000 0.22351871
4.30500 0.22334980
4.31000 0.22318120
4.31500 0.22301290
4.32000 0.22284490
4.32500 0.22267719
4.33000 0.22250979
4.33500 0.22234268
4.34000 0.22217586
4.34500 0.22200935
4.35000 0.22184312
4.35500 0.22167720
4.36000 0.22151156
4.36500 0.22134621
4.37000 0.22118116
4.37500 0.22101640
4.38000 0.22085193
4.38500 0.22068775
4.39000 0.22052385
4.39500 0.22036024
4.40000 0.22019692
4.40500 0.22003389
4.41000 0.21987114
4.41500 0.21970867
4.42000 0.21954649
4.42500 0.21938459
4.43000 0.21922297
4.43500 0.21906164
4.44000 0.21890058
4.44500 0.21873981
4.45000 0.21857931
4.45500 0.21841909
4.46000 0.21825915
4.46500 0.21809949
4.47000 0.21794010
4.47500 0.21778099
4.48000 0.21762215
4.48500 0.21746359
4.49000 0.21730530
4.49500 0.21714728
4.50000 0.21698954
4.50500 0.21683206
4.51000 0.21667486
4.51500 0.21651792
4.52000 0.21636125
4.52500 0.21620485
4.53000 0.21604872
4.53500 0.21589286
4.54000 0.21573726
4.54500 0.21558193
4.55000 0.21542686
4.55500 0.21527205
4.56000 0.21511751
4.56500 0.21496323
4.57000 0.21480921
4.57500 0.21465546
4.58000 0.21450196
4.58500 0.21434873
4.59000 0.21419575
4.59500 0.21404303
4.60000 0.21389057
4.60500 0.21373836
4.61000 0.21358642
4.61500 0.21343473
4.62000 0.21328329
4.62500 0.21313211
4.63000 0.21298118
4.63500 0.21283050
4.64000 0.21268008
4.64500 0.21252991
4.65000 0.21237999
4.65500 0.21223032
4.66000 0.21208090
4.66500 0.21193173
4.67000 0.21178280
4.67500 0.21163413
4.68000 0.21148570
4.68500 0.21133752
4.69000 0.21118959
4.69500 0.21104190
4.70000 0.21089445
4.70500 0.21074725
4.71000 0.21060030
4.71500 0.21045358
4.72000 0.21030711
4.72500 0.21016088
4.73000 0.21001489
4.73500 0.20986914
4.74000 0.20972363
4.74500 0.20957836
4.75000 0.20943333
4.75500 0.20928853
4.76000 0.20914398
4.76500 0.20899966
4.77000 0.20885557
4.77500 0.20871173
4.78000 0.20856811
4.78500 0.20842473
4.79000 0.20828159
4.79500 0.20813868
4.80000 0.20799600
4.80500 0.20785355
4.81000 0.20771133
4.81500 0.20756935
4.82000 0.20742759
4.82500 0.20728607
4.83000 0.20714477
4.83500 0.20700370
4.84000 0.20686286
4.84500 0.20672225
4.85000 0.20658186
4.85500 0.20644170
4.86000 0.20630177
4.86500 0.20616206
4.87000 0.20602257
4.87500 0.20588331
4.88000 0.20574428
4.88500 0.20560546
4.89000 0.20546687
4.89500 0.20532850
4.90000 0.20519035
4.90500 0.20505242
4.91000 0.20491471
4.91500 0.20477723
4.92000 0.20463996
4.92500 0.20450290
4.93000 0.20436607
4.93500 0.20422946
4.94000 0.20409306
4.94500 0.20395687
4.95000 0.20382091
4.95500 0.20368515
4.96000 0.20354962
4.96500 0.20341429
4.97000 0.20327919
4.97500 0.20314429
4.98000 0.20300961
4.98500 0.20287514
4.99000 0.20274088
4.99500 0.20260683
5.00000 0.20247299
5.00500 0.20233936
5.01000 0.20220594
5.01500 0.20207273
5.02000 0.20193973
5.02500 0.20180694
5.03000 0.20167436
5.03500 0.20154198
5.04000 0.20140981
5.04500 0.20127784
5.05000 0.20114608
5.05500 0.20101452
5.06000 0.20088317
5.06500 0.20075203
5.07000 0.20062108
5.07500 0.20049034
5.08000 0.20035981
5.08500 0.20022947
5.09000 0.20009934
5.09500 0.19996941
5.10000 0.19983967
5.10500 0.19971014
5.11000 0.19958081
5.11500 0.19945168
5.12000 0.19932274
5.12500 0.19919401
5.13000 0.19906547
5.13500 0.19893713
5.14000 0.19880898
5.14500 0.19868103
5.15000 0.19855328
5.15500 0.19842573
5.16000 0.19829836
5.16500 0.19817120
5.17000 0.19804422
5.17500 0.19791744
5.18000 0.19779086
5.18500 0.19766446
5.19000 0.19753826
5.19500 0.19741225
5.20000 0.19728643
5.20500 0.19716081
5.21000 0.19703537
5.21500 0.19691012
5.22000 0.19678506
5.22500 0.19666020
5.23000 0.19653552
5.23500 0.19641102
5.24000 0.19628672
5.24500 0.19616260
5.25000 0.19603867
5.25500 0.19591493
5.26000 0.19579137
5.26500 0.19566800
5.27000 0.19554481
5.27500 0.19542181
5.28000 0.19529899
5.28500 0.19517636
5.29000 0.19505391
5.29500 0.19493164
5.30000 0.19480955
5.30500 0.19468765
5.31000 0.19456593
5.31500 0.19444439
5.32000 0.19432303
5.32500 0.19420185
5.33000 0.19408085
5.33500 0.19396003
5.34000 0.19383939
5.34500 0.19371893
5.35000 0.19359865
5.35500 0.19347854
5.36000 0.19335861
5.36500 0.19323886
5.37000 0.19311929
5.37500 0.19299989
5.38000 0.19288067
5.38500 0.19276163
5.39000 0.19264276
5.39500 0.19252406
5.40000 0.19240554
5.40500 0.19228719
5.41000 0.19216902
5.41500 0.19205102
5.42000 0.19193319
5.42500 0.19181553
5.43000 0.19169805
5.43500 0.19158073
5.44000 0.19146359
5.44500 0.19134662
5.45000 0.19122982
5.45500 0.19111319
5.46000 0.19099673
5.46500 0.19088044
5.47000 0.19076432
5.47500 0.19064836
5.48000 0.19053258
5.48500 0.19041696
5.49000 0.19030151
5.49500 0.19018623
5.50000 0.19007111
5.50500 0.18995616
5.51000 0.18984137
5.51500 0.18972675
5.52000 0.18961230
5.52500 0.18949801
5.53000 0.18938388
5.53500 0.18926992
5.54000 0.18915613
5.54500 0.18904249
5.55000 0.18892902
5.55500 0.18881571
5.56000 0.18870256
5.56500 0.18858958
5.57000 0.18847676
5.57500 0.18836409
5.58000 0.18825159
5.58500 0.18813925
5.59000 0.18802707
5.59500 0.18791505
5.60000 0.18780318
5.60500 0.18769148
5.61000 0.18757994
5.61500 0.18746855
5.62000 0.18735732
5.62500 0.18724625
5.63000 0.18713534
5.63500 0.18702458
5.64000 0.18691398
5.64500 0.18680354
5.65000 0.18669325
5.65500 0.18658311
5.66000 0.18647314
5.66500 0.18636331
5.67000 0.18625365
5.67500 0.18614413
5.68000 0.18603477
5.68500 0.18592556
5.69000 0.18581651
5.69500 0.18570761
5.70000 0.18559886
5.70500 0.18549027
5.71000 0.18538182
5.71500 0.18527353
5.72000 0.18516539
5.72500 0.18505739
5.73000 0.18494955
5.73500 0.18484186
5.74000 0.18473432
5.74500 0.18462693
5.75000 0.18451969
5.75500 0.18441260
5.76000 0.18430565
5.76500 0.18419886
5.77000 0.18409221
5.77500 0.18398571
5.78000 0.18387935
5.78500 0.18377315
5.79000 0.18366709
5.79500 0.18356117
5.80000 0.18345541
5.80500 0.18334979
5.81000 0.18324431
5.81500 0.18313898
5.82000 0.18303379
5.82500 0.18292875
5.83000 0.18282385
5.83500 0.18271910
5.84000 0.18261449
5.84500 0.18251002
5.85000 0.18240570
5.85500 0.18230151
5.86000 0.18219747
5.86500 0.18209358
5.87000 0.18198982
5.87500 0.18188621
5.88000 0.18178273
5.88500 0.18167940
5.89000 0.18157621
5.89500 0.18147316
5.90000 0.18137025
5.90500 0.18126747
5.91000 0.18116484
5.91500 0.18106235
5.92000 0.18095999
5.92500 0.18085778
5.93000 0.18075570
5.93500 0.18065376
5.94000 0.18055195
5.94500 0.18045029
5.95000 0.18034876
5.95500 0.18024737
5.96000 0.18014611
5.96500 0.18004499
5.97000 0.17994401
5.97500 0.17984316
5.98000 0.17974245
5.98500 0.17964187
5.99000 0.17954143
5.99500 0.17944112
6.00000 0.17934095
6.00500 0.17924091
6.01000 0.17914100
6.01500 0.17904123
6.02000 0.17894159
6.02500 0.17884208
6.03000 0.17874270
6.03500 0.17864346
6.04000 0.17854435
6.04500 0.17844537
6.05000 0.17834652
6.05500 0.17824781
6.06000 0.17814922
6.06500 0.17805076
6.07000 0.17795244
6.07500 0.17785425
6.08000 0.17775618
6.08500 0.17765824
6.09000 0.17756044
6.09500 0.17746276
6.10000 0.17736521
6.10500 0.17726779
6.11000 0.17717050
6.11500 0.17707334
6.12000 0.17697630
6.12500 0.17687939
6.13000 0.17678261
6.13500 0.17668596
6.14000 0.17658943
6.14500 0.17649303
6.15000 0.17639675
6.15500 0.17630060
6.16000 0.17620458
6.16500 0.17610868
6.17000 0.17601291
6.17500 0.17591726
6.18000 0.17582173
6.18500 0.17572633
6.19000 0.17563106
6.19500 0.17553590
6.20000 0.17544088
6.20500 0.17534597
6.21000 0.17525119
6.21500 0.17515653
6.22000 0.17506199
6.22500 0.17496758
6.23000 0.17487329
6.23500 0.17477912
6.24000 0.17468507
6.24500 0.17459114
6.25000 0.17449734
6.25500 0.17440365
6.26000 0.17431009
6.26500 0.17421664
6.27000 0.17412332
6.27500 0.17403012
6.28000 0.17393703
6.28500 0.17384407
6.29000 0.17375122
6.29500 0.17365849
6.30000 0.17356589
6.30500 0.17347340
6.31000 0.17338102
6.31500 0.17328877
6.32000 0.17319664
6.32500 0.17310462
6.33000 0.17301272
6.33500 0.17292093
6.34000 0.17282927
6.34500 0.17273772
6.35000 0.17264628
6.35500 0.17255497
6.36000 0.17246376
6.36500 0.17237268
6.37000 0.17228171
6.37500 0.17219085
6.38000 0.17210011
6.38500 0.17200949
6.39000 0.17191898
6.39500 0.17182858
6.40000 0.17173830
6.40500 0.17164813
6.41000 0.17155807
6.41500 0.17146813
6.42000 0.17137830
6.42500 0.17128859
6.43000 0.17119899
6.43500 0.17110950
6.44000 0.17102012
6.44500 0.17093085
6.45000 0.17084170
6.45500 0.17075266
6.46000 0.17066373
6.46500 0.17057491
6.47000 0.17048620
6.47500 0.17039761
6.48000 0.17030912
6.48500 0.17022074
6.49000 0.17013248
6.49500 0.17004432
6.50000 0.16995627
6.50500 0.16986834
6.51000 0.16978051
6.51500 0.16969279
6.52000 0.16960518
6.52500 0.16951768
6.53000 0.16943029
6.53500 0.16934300
6.54000 0.16925583
6.54500 0.16916876
6.55000 0.16908180
6.55500 0.16899495
6.56000 0.16890820
6.56500 0.16882156
6.57000 0.16873503
6.57500 0.16864860
6.58000 0.16856229
6.58500 0.16847607
6.59000 0.16838997
6.59500 0.16830397
6.60000 0.16821807
6.60500 0.16813228
6.61000 0.16804660
6.61500 0.16796102
6.62000 0.16787554
6.62500 0.16779017
6.63000 0.16770490
6.63500 0.16761974
6.64000 0.16753468
6.64500 0.16744973
6.65000 0.16736488
6.65500 0.16728013
6.66000 0.16719549
6.66500 0.16711095
6.67000 0.16702651
6.67500 0.16694218
6.68000 0.16685794
6.68500 0.16677381
6.69000 0.16668978
6.69500 0.16660586
6.70000 0.16652203
6.70500 0.16643831
6.71000 0.16635469
6.71500 0.16627116
6.72000 0.16618774
6.72500 0.16610443
6.73000 0.16602121
6.73500 0.16593809
6.74000 0.16585507
6.74500 0.16577215
6.75000 0.16568933
6.75500 0.16560661
6.76000 0.16552399
6.76500 0.16544147
6.77000 0.16535905
6.77500 0.16527673
6.78000 0.16519450
6.78500 0.16511238
6.79000 0.16503035
6.79500 0.16494842
6.80000 0.16486659
6.80500 0.16478486
6.81000 0.16470322
6.81500 0.16462168
6.82000 0.16454024
6.82500 0.16445890
6.83000 0.16437765
6.83500 0.16429650
6.84000 0.16421544
6.84500 0.16413448
6.85000 0.16405362
6.85500 0.16397286
6.86000 0.16389219
6.86500 0.16381161
6.87000 0.16373113
6.87500 0.16365075
6.88000 0.16357046
6.88500 0.16349027
6.89000 0.16341017
6.89500 0.16333016
6.90000 0.16325025
6.90500 0.16317044
6.91000 0.16309071
6.91500 0.16301109
6.92000 0.16293155
6.92500 0.16285211
6.93000 0.16277276
6.93500 0.16269351
6.94000 0.16261435
6.94500 0.16253528
6.95000 0.16245630
6.95500 0.16237742
6.96000 0.16229863
6.96500 0.16221993
6.97000 0.16214132
6.97500 0.16206280
6.98000 0.16198438
6.98500 0.16190605
6.99000 0.16182781
6.99500 0.16174966
7.00000 0.16167160
7.00500 0.16159363
7.01000 0.16151575
7.01500 0.16143797
7.02000 0.16136027
7.02500 0.16128267
7.03000 0.16120515
7.03500 0.16112772
7.04000 0.16105039
7.04500 0.16097314
7.05000 0.16089598
7.05500 0.16081891
7.06000 0.16074193
7.06500 0.16066504
7.07000 0.16058824
7.07500 0.16051153
7.08000 0.16043490
7.08500 0.16035837
7.09000 0.16028192
7.09500 0.16020556
7.10000 0.16012929
7.10500 0.16005310
7.11000 0.15997700
7.11500 0.15990099
7.12000 0.15982507
7.12500 0.15974923
7.13000 0.15967348
7.13500 0.15959782
7.14000 0.15952224
7.14500 0.15944675
7.15000 0.15937135
7.15500 0.15929603
7.16000 0.15922080
7.16500 0.15914566
7.17000 0.15907060
7.17500 0.15899562
7.18000 0.15892073
7.18500 0.15884593
7.19000 0.15877121
7.19500 0.15869657
7.20000 0.15862202
7.20500 0.15854756
7.21000 0.15847318
7.21500 0.15839888
7.22000 0.15832467
7.22500 0.15825054
7.23000 0.15817650
7.23500 0.15810254
7.24000 0.15802866
7.24500 0.15795487
7.25000 0.15788116
7.25500 0.15780753
7.26000 0.15773398
7.26500 0.15766052
7.27000 0.15758714
7.27500 0.15751385
7.28000 0.15744063
7.28500 0.15736750
7.29000 0.15729445
7.29500 0.15722148
7.30000 0.15714860
7.30500 0.15707579
7.31000 0.15700307
7.31500 0.15693043
7.32000 0.15685787
7.32500 0.15678539
7.33000 0.15671299
7.33500 0.15664067
7.34000 0.15656843
7.34500 0.15649628
7.35000 0.15642420
7.35500 0.15635221
7.36000 0.15628029
7.36500 0.15620845
7.37000 0.15613670
7.37500 0.15606502
7.38000 0.15599343
7.38500 0.15592191
7.39000 0.15585047
7.39500 0.15577911
7.40000 0.15570783
7.40500 0.15563663
7.41000 0.15556551
7.41500 0.15549446
7.42000 0.15542350
7.42500 0.15535261
7.43000 0.15528180
7.43500 0.15521107
7.44000 0.15514042
7.44500 0.15506985
7.45000 0.15499935
7.45500 0.15492893
7.46000 0.15485859
7.46500 0.15478832
7.47000 0.15471814
7.47500 0.15464803
7.48000 0.15457799
7.48500 0.15450803
7.49000 0.15443815
7.49500 0.15436835
7.50000 0.15429862
7.50500 0.15422897
7.51000 0.15415940
7.51500 0.15408990
7.52000 0.15402047
7.52500 0.15395113
7.53000 0.15388185
7.53500 0.15381266
7.54000 0.15374353
7.54500 0.15367449
7.55000 0.15360552
7.55500 0.15353662
7.56000 0.15346780
7.56500 0.15339905
7.57000 0.15333038
7.57500 0.15326178
7.58000 0.15319326
7.58500 0.15312481
7.59000 0.15305644
7.59500 0.15298813
7.60000 0.15291991
7.60500 0.15285175
7.61000 0.15278367
7.61500 0.15271567
7.62000 0.15264773
7.62500 0.15257987
7.63000 0.15251209
7.63500 0.15244437
7.64000 0.15237673
7.64500 0.15230916
7.65000 0.15224167
7.65500 0.15217424
7.66000 0.15210689
7.66500 0.15203961
7.67000 0.15197241
7.67500 0.15190527
7.68000 0.15183821
7.68500 0.15177122
7.69000 0.15170430
7.69500 0.15163745
7.70000 0.15157067
7.70500 0.15150397
7.71000 0.15143734
7.71500 0.15137077
7.72000 0.15130428
7.72500 0.15123786
7.73000 0.15117151
7.73500 0.15110523
7.74000 0.15103902
7.74500 0.15097288
7.75000 0.15090681
7.75500 0.15084081
7.76000 0.15077488
7.76500 0.15070902
7.77000 0.15064323
7.77500 0.15057751
7.78000 0.15051186
7.78500 0.15044628
7.79000 0.15038077
7.79500 0.15031533
7.80000 0.15024996
7.80500 0.15018465
7.81000 0.15011942
7.81500 0.15005425
7.82000 0.14998915
7.82500 0.14992412
7.83000 0.14985916
7.83500 0.14979427
7.84000 0.14972945
7.84500 0.14966469
7.85000 0.14960000
7.85500 0.14953538
7.86000 0.14947083
7.86500 0.14940634
7.87000 0.14934192
7.87500 0.14927757
7.88000 0.14921329
7.88500 0.14914907
7.89000 0.14908493
7.89500 0.14902084
7.90000 0.14895683
7.90500 0.14889288
7.91000 0.14882900
7.91500 0.14876518
7.92000 0.14870144
7.92500 0.14863775
7.93000 0.14857414
7.93500 0.14851059
7.94000 0.14844710
7.94500 0.14838369
7.95000 0.14832033
7.95500 0.14825705
7.96000 0.14819383
7.96500 0.14813067
7.97000 0.14806758
7.97500 0.14800456
7.98000 0.14794160
7.98500 0.14787870
7.99000 0.14781587
7.99500 0.14775311
8.00000 0.14769041
8.00500 0.14762777
8.01000 0.14756520
8.01500 0.14750270
8.02000 0.14744025
8.02500 0.14737788
8.03000 0.14731556
8.03500 0.14725331
8.04000 0.14719113
8.04500 0.14712900
8.05000 0.14706695
8.05500 0.14700495
8.06000 0.14694302
8.06500 0.14688115
8.07000 0.14681935
8.07500 0.14675761
8.08000 0.14669593
8.08500 0.14663432
8.09000 0.14657276
8.09500 0.14651127
8.10000 0.14644985
8.10500 0.14638848
8.11000 0.14632718
8.11500 0.14626594
8.12000 0.14620477
8.12500 0.14614365
8.13000 0.14608260
8.13500 0.14602161
8.14000 0.14596068
8.14500 0.14589982
8.15000 0.14583901
8.15500 0.14577827
8.16000 0.14571759
8.16500 0.14565697
8.17000 0.14559641
8.17500 0.14553591
8.18000 0.14547547
8.18500 0.14541510
8.19000 0.14535478
8.19500 0.14529453
8.20000 0.14523434
8.20500 0.14517421
8.21000 0.14511413
8.21500 0.14505412
8.22000 0.14499417
8.22500 0.14493428
8.23000 0.14487445
8.23500 0.14481468
8.24000 0.14475497
8.24500 0.14469532
8.25000 0.14463573
8.25500 0.14457620
8.26000 0.14451673
8.26500 0.14445732
8.27000 0.14439797
8.27500 0.14433868
8.28000 0.14427944
8.28500 0.14422027
8.29000 0.14416116
8.29500 0.14410210
8.30000 0.14404310
8.30500 0.14398417
8.31000 0.14392529
8.31500 0.14386647
8.32000 0.14380770
8.32500 0.14374900
8.33000 0.14369035
8.33500 0.14363177
8.34000 0.14357324
8.34500 0.14351477
8.35000 0.14345636
8.35500 0.14339800
8.36000 0.14333970
8.36500 0.14328146
8.37000 0.14322328
8.37500 0.14316516
8.38000 0.14310709
8.38500 0.14304908
8.39000 0.14299113
8.39500 0.14293324
8.40000 0.14287540
8.40500 0.14281762
8.41000 0.14275990
8.41500 0.14270223
8.42000 0.14264462
8.42500 0.14258707
8.43000 0.14252957
8.43500 0.14247213
8.44000 0.14241475
8.44500 0.14235742
8.45000 0.14230015
8.45500 0.14224293
8.46000 0.14218578
8.46500 0.14212867
8.47000 0.14207163
8.47500 0.14201463
8.48000 0.14195770
8.48500 0.14190082
8.49000 0.14184400
8.49500 0.14178723
8.50000 0.14173051
8.50500 0.14167386
8.51000 0.14161725
8.51500 0.14156071
8.52000 0.14150422
8.52500 0.14144778
8.53000 0.14139140
8.53500 0.14133507
8.54000 0.14127880
8.54500 0.14122258
8.55000 0.14116641
8.55500 0.14111031
8.56000 0.14105425
8.56500 0.14099825
8.57000 0.14094231
8.57500 0.14088641
8.58000 0.14083058
8.58500 0.14077479
8.59000 0.14071906
8.59500 0.14066339
8.60000 0.14060776
8.60500 0.14055220
8.61000 0.14049668
8.61500 0.14044122
8.62000 0.14038581
8.62500 0.14033046
8.63000 0.14027516
8.63500 0.14021991
8.64000 0.14016471
8.64500 0.14010957
8.65000 0.14005448
8.65500 0.13999945
8.66000 0.13994446
8.66500 0.13988953
8.67000 0.13983466
8.67500 0.13977983
8.68000 0.13972506
8.68500 0.13967034
8.69000 0.13961567
8.69500 0.13956106
8.70000 0.13950649
8.70500 0.13945198
8.71000 0.13939752
8.71500 0.13934311
8.72000 0.13928876
8.72500 0.13923446
8.73000 0.13918020
8.73500 0.13912600
8.74000 0.13907186
8.74500 0.13901776
8.75000 0.13896371
8.75500 0.13890972
8.76000 0.13885578
8.76500 0.13880188
8.77000 0.13874804
8.77500 0.13869425
8.78000 0.13864051
8.78500 0.13858683
8.79000 0.13853319
8.79500 0.13847960
8.80000 0.13842607
8.80500 0.13837258
8.81000 0.13831915
8.81500 0.13826576
8.82000 0.13821243
8.82500 0.13815915
8.83000 0.13810591
8.83500 0.13805273
8.84000 0.13799960
8.84500 0.13794652
8.85000 0.13789348
8.85500 0.13784050
8.86000 0.13778757
8.86500 0.13773468
8.87000 0.13768185
8.87500 0.13762907
8.88000 0.13757633
8.88500 0.13752365
8.89000 0.13747101
8.89500 0.13741842
8.90000 0.13736589
8.90500 0.13731340
8.91000 0.13726096
8.91500 0.13720857
8.92000 0.13715623
8.92500 0.13710393
8.93000 0.13705169
8.93500 0.13699950
8.94000 0.13694735
8.94500 0.13689525
8.95000 0.13684320
8.95500 0.13679120
8.96000 0.13673925
8.96500 0.13668735
8.97000 0.13663549
8.97500 0.13658368
8.98000 0.13653192
8.98500 0.13648021
8.99000 0.13642855
8.99500 0.13637693
9.00000 0.13632536
9.00500 0.13627384
9.01000 0.13622237
9.01500 0.13617095
9.02000 0.13611957
9.02500 0.13606824
9.03000 0.13601696
9.03500 0.13596572
9.04000 0.13591453
9.04500 0.13586339
9.05000 0.13581230
9.05500 0.13576125
9.06000 0.13571025
9.06500 0.13565930
9.07000 0.13560840
9.07500 0.13555754
9.08000 0.13550672
9.08500 0.13545596
9.09000 0.13540524
9.09500 0.13535457
9.10000 0.13530394
9.10500 0.13525336
9.11000 0.13520283
9.11500 0.13515234
9.12000 0.13510190
9.12500 0.13505151
9.13000 0.13500116
9.13500 0.13495086
9.14000 0.13490060
9.14500 0.13485039
9.15000 0.13480023
9.15500 0.13475011
9.16000 0.13470003
9.16500 0.13465001
9.17000 0.13460002
9.17500 0.13455009
9.18000 0.13450020
9.18500 0.13445035
9.19000 0.13440055
9.19500 0.13435079
9.20000 0.13430108
9.20500 0.13425142
9.21000 0.13420180
9.21500 0.13415222
9.22000 0.13410269
9.22500 0.13405321
9.23000 0.13400377
9.23500 0.13395437
9.24000 0.13390502
9.24500 0.13385571
9.25000 0.13380645
9.25500 0.13375723
9.26000 0.13370806
9.26500 0.13365893
9.27000 0.13360985
9.27500 0.13356081
9.28000 0.13351181
9.28500 0.13346286
9.29000 0.13341395
9.29500 0.13336509
9.30000 0.13331627
9.30500 0.13326749
9.31000 0.13321876
9.31500 0.13317007
9.32000 0.13312143
9.32500 0.13307283
9.33000 0.13302427
9.33500 0.13297575
9.34000 0.13292728
9.34500 0.13287885
9.35000 0.13283047
9.35500 0.13278213
9.36000 0.13273383
9.36500 0.13268558
9.37000 0.13263737
9.37500 0.13258920
9.38000 0.13254107
9.38500 0.13249299
9.39000 0.13244495
9.39500 0.13239695
9.40000 0.13234900
9.40500 0.13230109
9.41000 0.13225322
9.41500 0.13220539
9.42000 0.13215761
9.42500 0.13210987
9.43000 0.13206217
9.43500 0.13201451
9.44000 0.13196690
9.44500 0.13191932
9.45000 0.13187179
9.45500 0.13182430
9.46000 0.13177686
9.46500 0.13172945
9.47000 0.13168209
9.47500 0.13163477
9.48000 0.13158749
9.48500 0.13154026
9.49000 0.13149306
9.49500 0.13144591
9.50000 0.13139879
9.50500 0.13135172
9.51000 0.13130469
9.51500 0.13125771
9.52000 0.13121076
9.52500 0.13116386
9.53000 0.13111699
9.53500 0.13107017
9.54000 0.13102339
9.54500 0.13097665
9.55000 0.13092995
9.55500 0.13088329
9.56000 0.13083667
9.56500 0.13079009
9.57000 0.13074356
9.57500 0.13069706
9.58000 0.13065061
9.58500 0.13060419
9.59000 0.13055782
9.59500 0.13051148
9.60000 0.13046519
9.60500 0.13041894
9.61000 0.13037273
9.61500 0.13032656
9.62000 0.13028042
9.62500 0.13023433
9.63000 0.13018828
9.63500 0.13014227
9.64000 0.13009630
9.64500 0.13005037
9.65000 0.13000448
9.65500 0.12995863
9.66000 0.12991281
9.66500 0.12986704
9.67000 0.12982131
9.67500 0.12977562
9.68000 0.12972996
9.68500 0.12968435
9.69000 0.12963878
9.69500 0.12959324
9.70000 0.12954775
9.70500 0.12950229
9.71000 0.12945687
9.71500 0.12941150
9.72000 0.12936616
9.72500 0.12932086
9.73000 0.12927560
9.73500 0.12923038
9.74000 0.12918519
9.74500 0.12914005
9.75000 0.12909495
9.75500 0.12904988
9.76000 0.12900485
9.76500 0.12895987
9.77000 0.12891492
9.77500 0.12887000
9.78000 0.12882513
9.78500 0.12878030
9.79000 0.12873550
9.79500 0.12869074
9.80000 0.12864603
9.80500 0.12860135
9.81000 0.12855670
9.81500 0.12851210
9.82000 0.12846753
9.82500 0.12842300
9.83000 0.12837851
9.83500 0.12833406
9.84000 0.12828965
9.84500 0.12824527
9.85000 0.12820093
9.85500 0.12815663
9.86000 0.12811237
9.86500 0.12806814
9.87000 0.12802396
9.87500 0.12797981
9.88000 0.12793569
9.88500 0.12789162
9.89000 0.12784758
9.89500 0.12780358
9.90000 0.12775962
9.90500 0.12771569
9.91000 0.12767180
9.91500 0.12762795
9.92000 0.12758414
9.92500 0.12754036
9.93000 0.12749662
9.93500 0.12745292
9.94000 0.12740925
9.94500 0.12736562
9.95000 0.12732203
9.95500 0.12727847
9.96000 0.12723495
9.96500 0.12719147
9.97000 0.12714803
9.97500 0.12710462
9.98000 0.12706124
9.98500 0.12701791
9.99000 0.12697461
9.99500 0.12693134
10.00000 0.12688812
10.00500 0.12684493
10.01000 0.12680177
10.01500 0.12675866
10.02000 0.12671557
10.02500 0.12667253
10.03000 0.12662952
10.03500 0.12658654
10.04000 0.12654361
10.04500 0.12650070
10.05000 0.12645784
10.05500 0.12641501
10.06000 0.12637221
10.06500 0.12632946
10.07000 0.12628673
10.07500 0.12624405
10.08000 0.12620139
10.08500 0.12615878
10.09000 0.12611620
10.09500 0.12607365
10.10000 0.12603114
10.10500 0.12598867
10.11000 0.12594623
10.11500 0.12590383
10.12000 0.12586146
10.12500 0.12581913
10.13000 0.12577683
10.13500 0.12573456
10.14000 0.12569234
10.14500 0.12565014
10.15000 0.12560799
10.15500 0.12556586
10.16000 0.12552377
10.16500 0.12548172
10.17000 0.12543970
10.17500 0.12539772
10.18000 0.12535577
10.18500 0.12531386
10.19000 0.12527198
10.19500 0.12523013
10.20000 0.12518832
10.20500 0.12514654
10.21000 0.12510480
10.21500 0.12506309
10.22000 0.12502142
10.22500 0.12497978
10.23000 0.12493818
10.23500 0.12489661
10.24000 0.12485507
10.24500 0.12481357
10.25000 0.12477210
10.25500 0.12473067
10.26000 0.12468927
10.26500 0.12464790
10.27000 0.12460657
10.27500 0.12456527
10.28000 0.12452401
10.28500 0.12448278
10.29000 0.12444158
10.29500 0.12440042
10.30000 0.12435929
10.30500 0.12431819
10.31000 0.12427713
10.31500 0.12423610
10.32000 0.12419510
10.32500 0.12415414
10.33000 0.12411321
10.33500 0.12407232
10.34000 0.12403146
10.34500 0.12399063
10.35000 0.12394983
10.35500 0.12390907
10.36000 0.12386834
10.36500 0.12382764
10.37000 0.12378698
10.37500 0.12374635
10.38000 0.12370575
10.38500 0.12366519
10.39000 0.12362466
10.39500 0.12358416
10.40000 0.12354369
10.40500 0.12350326
10.41000 0.12346286
10.41500 0.12342249
10.42000 0.12338216
10.42500 0.12334186
10.43000 0.12330159
10.43500 0.12326135
10.44000 0.12322115
10.44500 0.12318097
10.45000 0.12314083
10.45500 0.12310073
10.46000 0.12306065
10.46500 0.12302061
10.47000 0.12298060
10.47500 0.12294062
10.48000 0.12290067
10.48500 0.12286076
10.49000 0.12282088
10.49500 0.12278103
10.50000 0.12274121
10.50500 0.12270142
10.51000 0.12266167
10.51500 0.12262195
10.52000 0.12258226
10.52500 0.12254260
10.53000 0.12250297
10.53500 0.12246337
10.54000 0.12242381
10.54500 0.12238428
10.55000 0.12234478
10.55500 0.12230531
10.56000 0.12226587
10.56500 0.12222647
10.57000 0.12218709
10.57500 0.12214775
10.58000 0.12210844
10.58500 0.12206916
10.59000 0.12202991
10.59500 0.12199069
10.60000 0.12195150
10.60500 0.12191235
10.61000 0.12187322
10.61500 0.12183413
10.62000 0.12179507
10.62500 0.12175604
10.63000 0.12171704
10.63500 0.12167807
10.64000 0.12163913
10.64500 0.12160022
10.65000 0.12156134
10.65500 0.12152250
10.66000 0.12148368
10.66500 0.12144490
10.67000 0.12140614
10.67500 0.12136742
10.68000 0.12132873
10.68500 0.12129007
10.69000 0.12125143
10.69500 0.12121283
10.70000 0.12117426
10.70500 0.12113572
10.71000 0.12109721
10.71500 0.12105873
10.72000 0.12102028
10.72500 0.12098186
10.73000 0.12094347
10.73500 0.12090512
10.74000 0.12086679
10.74500 0.12082849
10.75000 0.12079022
10.75500 0.12075198
10.76000 0.12071377
10.76500 0.12067559
10.77000 0.12063745
10.77500 0.12059933
10.78000 0.12056124
10.78500 0.12052318
10.79000 0.12048515
10.79500 0.12044715
10.80000 0.12040918
10.80500 0.12037124
10.81000 0.12033333
10.81500 0.12029545
10.82000 0.12025760
10.82500 0.12021978
10.83000 0.12018198
10.83500 0.12014422
10.84000 0.12010649
10.84500 0.12006878
10.85000 0.12003111
10.85500 0.11999346
10.86000 0.11995585
10.86500 0.11991826
10.87000 0.11988070
10.87500 0.11984317
10.88000 0.11980567
10.88500 0.11976820
10.89000 0.11973076
10.89500 0.11969335
10.90000 0.11965597
10.90500 0.11961861
10.91000 0.11958129
10.91500 0.11954399
10.92000 0.11950672
10.92500 0.11946948
10.93000 0.11943227
10.93500 0.11939509
10.94000 0.11935794
10.94500 0.11932081
10.95000 0.11928372
10.95500 0.11924665
10.96000 0.11920961
10.96500 0.11917260
10.97000 0.11913562
10.97500 0.11909867
10.98000 0.11906175
10.98500 0.11902485
10.99000 0.11898798
10.99500 0.11895114
11.00000 0.11891433
11.00500 0.11887755
11.01000 0.11884079
11.01500 0.11880407
11.02000 0.11876737
11.02500 0.11873070
11.03000 0.11869406
11.03500 0.11865744
11.04000 0.11862086
11.04500 0.11858430
11.05000 0.11854777
11.05500 0.11851127
11.06000 0.11847479
11.06500 0.11843835
11.07000 0.11840193
11.07500 0.11836554
11.08000 0.11832918
11.08500 0.11829284
11.09000 0.11825653
11.09500 0.11822025
11.10000 0.11818400
11.10500 0.11814778
11.11000 0.11811158
11.11500 0.11807541
11.12000 0.11803927
11.12500 0.11800315
11.13000 0.11796707
11.13500 0.11793101
11.14000 0.11789498
11.14500 0.11785897
11.15000 0.11782299
11.15500 0.11778704
11.16000 0.11775112
11.16500 0.11771522
11.17000 0.11767935
11.17500 0.11764351
11.18000 0.11760770
11.18500 0.11757191
11.19000 0.11753615
11.19500 0.11750042
11.20000 0.11746471
11.20500 0.11742903
11.21000 0.11739338
11.21500 0.11735775
11.22000 0.11732215
11.22500 0.11728658
11.23000 0.11725103
11.23500 0.11721552
11.24000 0.11718002
11.24500 0.11714456
11.25000 0.11710912
11.25500 0.11707371
11.26000 0.11703832
11.26500 0.11700296
11.27000 0.11696763
11.27500 0.11693233
11.28000 0.11689705
11.28500 0.11686179
11.29000 0.11682657
11.29500 0.11679137
11.30000 0.11675619
11.30500 0.11672105
11.31000 0.11668593
11.31500 0.11665083
11.32000 0.11661576
11.32500 0.11658072
11.33000 0.11654570
11.33500 0.11651071
11.34000 0.11647575
11.34500 0.11644081
11.35000 0.11640590
11.35500 0.11637101
11.36000 0.11633615
11.36500 0.11630132
11.37000 0.11626651
11.37500 0.11623173
11.38000 0.11619697
11.38500 0.11616224
11.39000 0.11612754
11.39500 0.11609286
11.40000 0.11605821
11.40500 0.11602358
11.41000 0.11598898
11.41500 0.11595440
11.42000 0.11591985
11.42500 0.11588532
11.43000 0.11585082
11.43500 0.11581635
11.44000 0.11578190
11.44500 0.11574748
11.45000 0.11571308
11.45500 0.11567871
11.46000 0.11564436
11.46500 0.11561004
11.47000 0.11557575
11.47500 0.11554147
11.48000 0.11550723
11.48500 0.11547301
11.49000 0.11543881
11.49500 0.11540464
11.50000 0.11537050
11.50500 0.11533638
11.51000 0.11530229
11.51500 0.11526822
11.52000 0.11523417
11.52500 0.11520015
11.53000 0.11516616
11.53500 0.11513219
11.54000 0.11509824
11.54500 0.11506432
11.55000 0.11503043
11.55500 0.11499656
11.56000 0.11496271
11.56500 0.11492889
11.57000 0.11489510
11.57500 0.11486133
11.58000 0.11482758
11.58500 0.11479386
11.59000 0.11476016
11.59500 0.11472649
11.60000 0.11469284
11.60500 0.11465922
11.61000 0.11462562
11.61500 0.11459204
11.62000 0.11455849
11.62500 0.11452497
11.63000 0.11449147
11.63500 0.11445799
11.64000 0.11442454
11.64500 0.11439111
11.65000 0.11435771
11.65500 0.11432433
11.66000 0.11429097
11.66500 0.11425764
11.67000 0.11422434
11.67500 0.11419105
11.68000 0.11415779
11.68500 0.11412456
11.69000 0.11409135
11.69500 0.11405816
11.70000 0.11402500
11.70500 0.11399186
11.71000 0.11395875
11.71500 0.11392566
11.72000 0.11389259
11.72500 0.11385955
11.73000 0.11382653
11.73500 0.11379354
11.74000 0.11376056
11.74500 0.11372762
11.75000 0.11369469
11.75500 0.11366179
11.76000 0.11362892
11.76500 0.11359606
11.77000 0.11356324
11.77500 0.11353043
11.78000 0.11349765
11.78500 0.11346489
11.79000 0.11343216
11.79500 0.11339945
11.80000 0.11336676
11.80500 0.11333409
11.81000 0.11330145
11.81500 0.11326884
11.82000 0.11323624
11.82500 0.11320367
11.83000 0.11317112
11.83500 0.11313860
11.84000 0.11310610
11.84500 0.11307362
11.85000 0.11304117
11.85500 0.11300874
11.86000 0.11297633
11.86500 0.11294394
11.87000 0.11291158
11.87500 0.11287924
11.88000 0.11284693
11.88500 0.11281463
11.89000 0.11278237
11.89500 0.11275012
11.90000 0.11271790
11.90500 0.11268569
11.91000 0.11265352
11.91500 0.11262136
11.92000 0.11258923
11.92500 0.11255712
11.93000 0.11252503
11.93500 0.11249297
11.94000 0.11246093
11.94500 0.11242891
11.95000 0.11239692
11.95500 0.11236494
11.96000 0.11233299
11.96500 0.11230107
11.97000 0.11226916
11.97500 0.11223728
11.98000 0.11220542
11.98500 0.11217358
11.99000 0.11214177
11.99500 0.11210997
12.00000 0.11207820
12.00500 0.11204646
12.01000 0.11201473
12.01500 0.11198303
12.02000 0.11195135
12.02500 0.11191969
12.03000 0.11188806
12.03500 0.11185644
12.04000 0.11182485
12.04500 0.11179328
12.05000 0.11176174
12.05500 0.11173021
12.06000 0.11169871
12.06500 0.11166723
12.07000 0.11163577
12.07500 0.11160433
12.08000 0.11157292
12.08500 0.11154153
12.09000 0.11151016
12.09500 0.11147881
12.10000 0.11144748
12.10500 0.11141618
12.11000 0.11138490
12.11500 0.11135364
12.12000 0.11132240
12.12500 0.11129118
12.13000 0.11125999
12.13500 0.11122881
12.14000 0.11119766
12.14500 0.11116653
12.15000 0.11113543
12.15500 0.11110434
12.16000 0.11107327
12.16500 0.11104223
12.17000 0.11101121
12.17500 0.11098021
12.18000 0.11094923
12.18500 0.11091828
12.19000 0.11088734
12.19500 0.11085643
12.20000 0.11082554
12.20500 0.11079467
12.21000 0.11076382
12.21500 0.11073299
12.22000 0.11070218
12.22500 0.11067140
12.23000 0.11064063
12.23500 0.11060989
12.24000 0.11057917
12.24500 0.11054847
12.25000 0.11051779
12.25500 0.11048713
12.26000 0.11045650
12.26500 0.11042588
12.27000 0.11039529
12.27500 0.11036472
12.28000 0.11033417
12.28500 0.11030363
12.29000 0.11027313
12.29500 0.11024264
12.30000 0.11021217
12.30500 0.11018172
12.31000 0.11015130
12.31500 0.11012089
12.32000 0.11009051
12.32500 0.11006015
12.33000 0.11002980
12.33500 0.10999948
12.34000 0.10996918
12.34500 0.10993890
12.35000 0.10990865
12.35500 0.10987841
12.36000 0.10984819
12.36500 0.10981799
12.37000 0.10978782
12.37500 0.10975766
12.38000 0.10972753
12.38500 0.10969742
12.39000 0.10966732
12.39500 0.10963725
12.40000 0.10960720
12.40500 0.10957717
12.41000 0.10954716
12.41500 0.10951717
12.42000 0.10948720
12.42500 0.10945725
12.43000 0.10942732
12.43500 0.10939741
12.44000 0.10936752
12.44500 0.10933765
12.45000 0.10930780
12.45500 0.10927798
12.46000 0.10924817
12.46500 0.10921838
12.47000 0.10918862
12.47500 0.10915887
12.48000 0.10912914
12.48500 0.10909944
12.49000 0.10906975
12.49500 0.10904009
12.50000 0.10901044
12.50500 0.10898082
12.51000 0.10895121
12.51500 0.10892163
12.52000 0.10889206
12.52500 0.10886252
12.53000 0.10883299
12.53500 0.10880349
12.54000 0.10877400
12.54500 0.10874454
12.55000 0.10871509
12.55500 0.10868567
12.56000 0.10865626
12.56500 0.10862687
12.57000 0.10859751
12.57500 0.10856816
12.58000 0.10853884
12.58500 0.10850953
12.59000 0.10848024
12.59500 0.10845097
12.60000 0.10842173
12.60500 0.10839250
12.61000 0.10836329
12.61500 0.10833410
12.62000 0.10830493
12.62500 0.10827578
12.63000 0.10824665
12.63500 0.10821754
12.64000 0.10818845
12.64500 0.10815938
12.65000 0.10813033
12.65500 0.10810130
12.66000 0.10807229
12.66500 0.10804329
12.67000 0.10801432
12.67500 0.10798536
12.68000 0.10795643
12.68500 0.10792751
12.69000 0.10789862
12.69500 0.10786974
12.70000 0.10784088
12.70500 0.10781204
12.71000 0.10778322
12.71500 0.10775442
12.72000 0.10772564
12.72500 0.10769688
12.73000 0.10766814
12.73500 0.10763941
12.74000 0.10761071
12.74500 0.10758202
12.75000 0.10755336
12.75500 0.10752471
12.76000 0.10749608
12.76500 0.10746747
12.77000 0.10743888
12.77500 0.10741031
12.78000 0.10738176
12.78500 0.10735323
12.79000 0.10732471
12.79500 0.10729622
12.80000 0.10726774
12.80500 0.10723928
12.81000 0.10721084
12.81500 0.10718242
12.82000 0.10715402
12.82500 0.10712564
12.83000 0.10709728
12.83500 0.10706893
12.84000 0.10704060
12.84500 0.10701230
12.85000 0.10698401
12.85500 0.10695574
12.86000 0.10692749
12.86500 0.10689925
12.87000 0.10687104
12.87500 0.10684284
12.88000 0.10681467
12.88500 0.10678651
12.89000 0.10675837
12.89500 0.10673025
12.90000 0.10670214
12.90500 0.10667406
12.91000 0.10664599
12.91500 0.10661794
12.92000 0.10658991
12.92500 0.10656190
12.93000 0.10653391
12.93500 0.10650594
12.94000 0.10647798
12.94500 0.10645004
12.95000 0.10642212
12.95500 0.10639422
12.96000 0.10636634
12.96500 0.10633848
12.97000 0.10631063
12.97500 0.10628280
12.98000 0.10625499
12.98500 0.10622720
12.99000 0.10619943
12.99500 0.10617167
13.00000 0.10614393
13.00500 0.10611621
13.01000 0.10608851
13.01500 0.10606083
13.02000 0.10603316
13.02500 0.10600552
13.03000 0.10597789
13.03500 0.10595028
13.04000 0.10592268
13.04500 0.10589511
13.05000 0.10586755
13.05500 0.10584001
13.06000 0.10581249
13.06500 0.10578498
13.07000 0.10575750
13.07500 0.10573003
13.08000 0.10570258
13.08500 0.10567515
13.09000 0.10564773
13.09500 0.10562034
13.10000 0.10559296
13.10500 0.10556559
13.11000 0.10553825
13.11500 0.10551092
13.12000 0.10548362
13.12500 0.10545633
13.13000 0.10542905
13.13500 0.10540180
13.14000 0.10537456
13.14500 0.10534734
13.15000 0.10532014
13.15500 0.10529295
13.16000 0.10526578
13.16500 0.10523863
13.17000 0.10521150
13.17500 0.10518438
13.18000 0.10515729
13.18500 0.10513021
13.19000 0.10510314
13.19500 0.10507610
13.20000 0.10504907
13.20500 0.10502206
13.21000 0.10499506
13.21500 0.10496809
13.22000 0.10494113
13.22500 0.10491419
13.23000 0.10488726
13.23500 0.10486035
13.24000 0.10483346
13.24500 0.10480659
13.25000 0.10477974
13.25500 0.10475290
13.26000 0.10472608
13.26500 0.10469927
13.27000 0.10467249
13.27500 0.10464572
13.28000 0.10461896
13.28500 0.10459223
13.29000 0.10456551
13.29500 0.10453881
13.30000 0.10451212
13.30500 0.10448545
13.31000 0.10445880
13.31500 0.10443217
13.32000 0.10440555
13.32500 0.10437895
13.33000 0.10435237
13.33500 0.10432581
13.34000 0.10429926
13.34500 0.10427272
13.35000 0.10424621
13.35500 0.10421971
13.36000 0.10419323
13.36500 0.10416676
13.37000 0.10414032
13.37500 0.10411388
13.38000 0.10408747
13.38500 0.10406107
13.39000 0.10403469
13.39500 0.10400833
13.40000 0.10398198
13.40500 0.10395565
13.41000 0.10392933
13.41500 0.10390304
13.42000 0.10387675
13.42500 0.10385049
13.43000 0.10382424
13.43500 0.10379801
13.44000 0.10377180
13.44500 0.10374560
13.45000 0.10371942
13.45500 0.10369325
13.46000 0.10366710
13.46500 0.10364097
13.47000 0.10361485
13.47500 0.10358875
13.48000 0.10356267
13.48500 0.10353660
13.49000 0.10351055
13.49500 0.10348452
13.50000 0.10345850
13.50500 0.10343250
13.51000 0.10340652
13.51500 0.10338055
13.52000 0.10335460
13.52500 0.10332866
13.53000 0.10330274
13.53500 0.10327684
13.54000 0.10325095
13.54500 0.10322508
13.55000 0.10319922
13.55500 0.10317338
13.56000 0.10314756
13.56500 0.10312176
13.57000 0.10309596
13.57500 0.10307019
13.58000 0.10304443
13.58500 0.10301869
13.59000 0.10299296
13.59500 0.10296725
13.60000 0.10294156
13.60500 0.10291588
13.61000 0.10289022
13.61500 0.10286457
13.62000 0.10283894
13.62500 0.10281333
13.63000 0.10278773
13.63500 0.10276215
13.64000 0.10273658
13.64500 0.10271103
13.65000 0.10268550
13.65500 0.10265998
13.66000 0.10263448
13.66500 0.10260899
13.67000 0.10258352
13.67500 0.10255806
13.68000 0.10253262
13.68500 0.10250720
13.69000 0.10248179
13.69500 0.10245640
13.70000 0.10243102
13.70500 0.10240566
13.71000 0.10238032
13.71500 0.10235499
13.72000 0.10232967
13.72500 0.10230437
13.73000 0.10227909
13.73500 0.10225382
13.74000 0.10222857
13.74500 0.10220334
13.75000 0.10217812
13.75500 0.10215291
13.76000 0.10212772
13.76500 0.10210255
13.77000 0.10207739
13.77500 0.10205225
13.78000 0.10202712
13.78500 0.10200201
13.79000 0.10197691
13.79500 0.10195183
13.80000 0.10192676
13.80500 0.10190171
13.81000 0.10187668
13.81500 0.10185166
13.82000 0.10182666
13.82500 0.10180167
13.83000 0.10177669
13.83500 0.10175173
13.84000 0.10172679
13.84500 0.10170186
13.85000 0.10167695
13.85500 0.10165205
13.86000 0.10162717
13.86500 0.10160230
13.87000 0.10157745
13.87500 0.10155262
13.88000 0.10152780
13.88500 0.10150299
13.89000 0.10147820
13.89500 0.10145342
13.90000 0.10142866
13.90500 0.10140392
13.91000 0.10137919
13.91500 0.10135447
13.92000 0.10132977
13.92500 0.10130508
13.93000 0.10128041
13.93500 0.10125576
13.94000 0.10123112
13.94500 0.10120649
13.95000 0.10118188
13.95500 0.10115729
13.96000 0.10113271
13.96500 0.10110814
13.97000 0.10108359
13.97500 0.10105905
13.98000 0.10103453
13.98500 0.10101003
13.99000 0.10098554
13.99500 0.10096106
14.00000 0.10093660
14.00500 0.10091215
14.01000 0.10088772
14.01500 0.10086330
14.02000 0.10083890
14.02500 0.10081451
14.03000 0.10079014
14.03500 0.10076578
14.04000 0.10074144
14.04500 0.10071711
14.05000 0.10069279
14.05500 0.10066849
14.06000 0.10064421
14.06500 0.10061994
14.07000 0.10059568
14.07500 0.10057144
14.08000 0.10054721
14.08500 0.10052300
14.09000 0.10049880
14.09500 0.10047462
14.10000 0.10045045
14.10500 0.10042630
14.11000 0.10040216
14.11500 0.10037803
14.12000 0.10035392
14.12500 0.10032983
14.13000 0.10030575
14.13500 0.10028168
14.14000 0.10025763
14.14500 0.10023359
14.15000 0.10020957
14.15500 0.10018556
14.16000 0.10016156
14.16500 0.10013758
14.17000 0.10011361
14.17500 0.10008966
14.18000 0.10006572
14.18500 0.10004180
14.19000 0.10001789
14.19500 0.09999400
14.20000 0.09997012
14.20500 0.09994625
14.21000 0.09992240
14.21500 0.09989856
14.22000 0.09987474
14.22500 0.09985093
14.23000 0.09982713
14.23500 0.09980335
14.24000 0.09977958
14.24500 0.09975583
14.25000 0.09973209
14.25500 0.09970837
14.26000 0.09968466
14.26500 0.09966096
14.27000 0.09963728
14.27500 0.09961361
14.28000 0.09958995
14.28500 0.09956631
14.29000 0.09954269
14.29500 0.09951908
14.30000 0.09949548
14.30500 0.09947189
14.31000 0.09944832
14.31500 0.09942477
14.32000 0.09940122
14.32500 0.09937770
14.33000 0.09935418
14.33500 0.09933068
14.34000 0.09930719
14.34500 0.09928372
14.35000 0.09926026
14.35500 0.09923682
14.36000 0.09921338
14.36500 0.09918997
14.37000 0.09916656
14.37500 0.09914317
14.38000 0.09911980
14.38500 0.09909643
14.39000 0.09907309
14.39500 0.09904975
14.40000 0.09902643
14.40500 0.09900312
14.41000 0.09897983
14.41500 0.09895655
14.42000 0.09893328
14.42500 0.09891003
14.43000 0.09888679
14.43500 0.09886356
14.44000 0.09884035
14.44500 0.09881715
14.45000 0.09879397
14.45500 0.09877080
14.46000 0.09874764
14.46500 0.09872449
14.47000 0.09870136
14.47500 0.09867825
14.48000 0.09865514
14.48500 0.09863205
14.49000 0.09860898
14.49500 0.09858591
14.50000 0.09856286
14.50500 0.09853983
14.51000 0.09851681
14.51500 0.09849380
14.52000 0.09847080
14.52500 0.09844782
14.53000 0.09842485
14.53500 0.09840189
14.54000 0.09837895
14.54500 0.09835602
14.55000 0.09833311
14.55500 0.09831021
14.56000 0.09828732
14.56500 0.09826444
14.57000 0.09824158
14.57500 0.09821873
14.58000 0.09819589
14.58500 0.09817307
14.59000 0.09815026
14.59500 0.09812747
14.60000 0.09810468
14.60500 0.09808191
14.61000 0.09805916
14.61500 0.09803642
14.62000 0.09801369
14.62500 0.09799097
14.63000 0.09796826
14.63500 0.09794557
14.64000 0.09792290
14.64500 0.09790023
14.65000 0.09787758
14.65500 0.09785494
14.66000 0.09783232
14.66500 0.09780971
14.67000 0.09778711
14.67500 0.09776452
14.68000 0.09774195
14.68500 0.09771939
14.69000 0.09769684
14.69500 0.09767431
14.70000 0.09765179
14.70500 0.09762928
14.71000 0.09760678
14.71500 0.09758430
14.72000 0.09756183
14.72500 0.09753938
14.73000 0.09751693
14.73500 0.09749450
14.74000 0.09747209
14.74500 0.09744968
14.75000 0.09742729
14.75500 0.09740491
14.76000 0.09738254
14.76500 0.09736019
14.77000 0.09733785
14.77500 0.09731552
14.78000 0.09729321
14.78500 0.09727091
14.79000 0.09724862
14.79500 0.09722634
14.80000 0.09720408
14.80500 0.09718182
14.81000 0.09715959
14.81500 0.09713736
14.82000 0.09711515
14.82500 0.09709295
14.83000 0.09707076
14.83500 0.09704858
14.84000 0.09702642
14.84500 0.09700427
14.85000 0.09698214
14.85500 0.09696001
14.86000 0.09693790
14.86500 0.09691580
14.87000 0.09689371
14.87500 0.09687164
14.88000 0.09684958
14.88500 0.09682753
14.89000 0.09680549
14.89500 0.09678347
14.90000 0.09676146
14.90500 0.09673946
14.91000 0.09671747
14.91500 0.09669550
14.92000 0.09667354
14.92500 0.09665159
14.93000 0.09662965
14.93500 0.09660773
14.94000 0.09658581
14.94500 0.09656391
14.95000 0.09654203
14.95500 0.09652015
14.96000 0.09649829
14.96500 0.09647644
14.97000 0.09645460
14.97500 0.09643278
14.98000 0.09641096
14.98500 0.09638916
14.99000 0.09636738
14.99500 0.09634560
15.00000 0.09632384
15.00500 0.09630208
15.01000 0.09628035
15.01500 0.09625862
15.02000 0.09623690
15.02500 0.09621520
15.03000 0.09619351
15.03500 0.09617183
15.04000 0.09615017
15.04500 0.09612851
15.05000 0.09610687
15.05500 0.09608524
15.06000 0.09606363
15.06500 0.09604202
15.07000 0.09602043
15.07500 0.09599885
15.08000 0.09597728
15.08500 0.09595572
15.09000 0.09593418
15.09500 0.09591265
15.10000 0.09589112
15.10500 0.09586962
15.11000 0.09584812
15.11500 0.09582664
15.12000 0.09580516
15.12500 0.09578370
15.13000 0.09576226
15.13500 0.09574082
15.14000 0.09571939
15.14500 0.09569798
15.15000 0.09567658
15.15500 0.09565519
15.16000 0.09563382
15.16500 0.09561245
15.17000 0.09559110
15.17500 0.09556976
15.18000 0.09554843
15.18500 0.09552711
15.19000 0.09550581
15.19500 0.09548452
15.20000 0.09546323
15.20500 0.09544196
15.21000 0.09542071
15.21500 0.09539946
15.22000 0.09537823
15.22500 0.09535701
15.23000 0.09533579
15.23500 0.09531460
15.24000 0.09529341
15.24500 0.09527223
15.25000 0.09525107
15.25500 0.09522992
15.26000 0.09520878
15.26500 0.09518765
15.27000 0.09516653
15.27500 0.09514543
15.28000 0.09512434
15.28500 0.09510325
15.29000 0.09508218
15.29500 0.09506113
15.30000 0.09504008
15.30500 0.09501904
15.31000 0.09499802
15.31500 0.09497701
15.32000 0.09495601
15.32500 0.09493502
15.33000 0.09491404
15.33500 0.09489308
15.34000 0.09487212
15.34500 0.09485118
15.35000 0.09483025
15.35500 0.09480933
15.36000 0.09478842
15.36500 0.09476753
15.37000 0.09474664
15.37500 0.09472577
15.38000 0.09470491
15.38500 0.09468406
15.39000 0.09466322
15.39500 0.09464239
15.40000 0.09462158
15.40500 0.09460077
15.41000 0.09457998
15.41500 0.09455920
15.42000 0.09453843
15.42500 0.09451767
15.43000 0.09449692
15.43500 0.09447618
15.44000 0.09445546
15.44500 0.09443475
15.45000 0.09441404
15.45500 0.09439335
15.46000 0.09437267
15.46500 0.09435200
15.47000 0.09433135
15.47500 0.09431070
15.48000 0.09429007
15.48500 0.09426944
15.49000 0.09424883
15.49500 0.09422823
15.50000 0.09420764
15.50500 0.09418706
15.51000 0.09416650
15.51500 0.09414594
15.52000 0.09412540
15.52500 0.09410486
15.53000 0.09408434
15.53500 0.09406383
15.54000 0.09404333
15.54500 0.09402284
15.55000 0.09400236
15.55500 0.09398190
15.56000 0.09396144
15.56500 0.09394100
15.57000 0.09392057
15.57500 0.09390014
15.58000 0.09387973
15.58500 0.09385933
15.59000 0.09383894
15.59500 0.09381857
15.60000 0.09379820
15.60500 0.09377784
15.61000 0.09375750
15.61500 0.09373716
15.62000 0.09371684
15.62500 0.09369653
15.63000 0.09367623
15.63500 0.09365594
15.64000 0.09363566
15.64500 0.09361539
15.65000 0.09359514
15.65500 0.09357489
15.66000 0.09355466
15.66500 0.09353443
15.67000 0.09351422
15.67500 0.09349402
15.68000 0.09347382
15.68500 0.09345364
15.69000 0.09343347
15.69500 0.09341332
15.70000 0.09339317
15.70500 0.09337303
15.71000 0.09335290
15.71500 0.09333279
15.72000 0.09331268
15.72500 0.09329259
15.73000 0.09327251
15.73500 0.09325243
15.74000 0.09323237
15.74500 0.09321232
15.75000 0.09319228
15.75500 0.09317225
15.76000 0.09315223
15.76500 0.09313223
15.77000 0.09311223
15.77500 0.09309224
15.78000 0.09307227
15.78500 0.09305230
15.79000 0.09303235
15.79500 0.09301240
15.80000 0.09299247
15.80500 0.09297255
15.81000 0.09295264
15.81500 0.09293274
15.82000 0.09291285
15.82500 0.09289297
15.83000 0.09287310
15.83500 0.09285324
15.84000 0.09283339
15.84500 0.09281355
15.85000 0.09279373
15.85500 0.09277391
15.86000 0.09275410
15.86500 0.09273431
15.87000 0.09271452
15.87500 0.09269475
15.88000 0.09267499
15.88500 0.09265523
15.89000 0.09263549
15.89500 0.09261576
15.90000 0.09259604
15.90500 0.09257633
15.91000 0.09255663
15.91500 0.09253694
15.92000 0.09251726
15.92500 0.09249759
15.93000 0.09247793
15.93500 0.09245828
15.94000 0.09243864
15.94500 0.09241901
15.95000 0.09239940
15.95500 0.09237979
15.96000 0.09236019
15.96500 0.09234061
15.97000 0.09232103
15.97500 0.09230147
15.98000 0.09228191
15.98500 0.09226237
15.99000 0.09224283
15.99500 0.09222331
16.00000 0.09220379
16.00500 0.09218429
16.01000 0.09216480
16.01500 0.09214531
16.02000 0.09212584
16.02500 0.09210638
16.03000 0.09208693
16.03500 0.09206748
16.04000 0.09204805
16.04500 0.09202863
16.05000 0.09200922
16.05500 0.09198982
16.06000 0.09197043
16.06500 0.09195105
16.07000 0.09193168
16.07500 0.09191232
16.08000 0.09189297
16.08500 0.09187363
16.09000 0.09185430
16.09500 0.09183498
16.10000 0.09181567
16.10500 0.09179637
16.11000 0.09177708
16.11500 0.09175780
16.12000 0.09173853
16.12500 0.09171927
16.13000 0.09170002
16.13500 0.09168078
16.14000 0.09166155
16.14500 0.09164233
16.15000 0.09162313
16.15500 0.09160393
16.16000 0.09158474
16.16500 0.09156556
16.17000 0.09154639
16.17500 0.09152723
16.18000 0.09150808
16.18500 0.09148895
16.19000 0.09146982
16.19500 0.09145070
16.20000 0.09143159
16.20500 0.09141249
16.21000 0.09139340
16.21500 0.09137432
16.22000 0.09135525
16.22500 0.09133619
16.23000 0.09131715
16.23500 0.09129811
16.24000 0.09127908
16.24500 0.09126006
16.25000 0.09124105
16.25500 0.09122205
16.26000 0.09120306
16.26500 0.09118408
16.27000 0.09116511
16.27500 0.09114615
16.28000 0.09112720
16.28500 0.09110826
16.29000 0.09108933
16.29500 0.09107040
16.30000 0.09105149
16.30500 0.09103259
16.31000 0.09101370
16.31500 0.09099482
16.32000 0.09097595
16.32500 0.09095708
16.33000 0.09093823
16.33500 0.09091939
16.34000 0.09090055
16.34500 0.09088173
16.35000 0.09086292
16.35500 0.09084411
16.36000 0.09082532
16.36500 0.09080653
16.37000 0.09078776
16.37500 0.09076899
16.38000 0.09075024
16.38500 0.09073149
16.39000 0.09071276
16.39500 0.09069403
16.40000 0.09067531
16.40500 0.09065660
16.41000 0.09063791
16.41500 0.09061922
16.42000 0.09060054
16.42500 0.09058187
16.43000 0.09056321
16.43500 0.09054456
16.44000 0.09052592
16.44500 0.09050729
16.45000 0.09048867
16.45500 0.09047006
16.46000 0.09045146
16.46500 0.09043286
16.47000 0.09041428
16.47500 0.09039571
16.48000 0.09037714
16.48500 0.09035859
16.49000 0.09034004
16.49500 0.09032151
16.50000 0.09030298
16.50500 0.09028446
16.51000 0.09026596
16.51500 0.09024746
16.52000 0.09022897
16.52500 0.09021049
16.53000 0.09019202
16.53500 0.09017356
16.54000 0.09015511
16.54500 0.09013667
16.55000 0.09011824
16.55500 0.09009982
16.56000 0.09008141
16.56500 0.09006300
16.57000 0.09004461
16.57500 0.09002622
16.58000 0.09000785
16.58500 0.08998948
16.59000 0.08997112
16.59500 0.08995278
16.60000 0.08993444
16.60500 0.08991611
16.61000 0.08989779
16.61500 0.08987948
16.62000 0.08986118
16.62500 0.08984289
16.63000 0.08982460
16.63500 0.08980633
16.64000 0.08978807
16.64500 0.08976981
16.65000 0.08975157
16.65500 0.08973333
16.66000 0.08971510
16.66500 0.08969689
16.67000 0.08967868
16.67500 0.08966048
16.68000 0.08964229
16.68500 0.08962411
16.69000 0.08960594
16.69500 0.08958777
16.70000 0.08956962
16.70500 0.08955148
16.71000 0.08953334
16.71500 0.08951522
16.72000 0.08949710
16.72500 0.08947899
16.73000 0.08946089
16.73500 0.08944280
16.74000 0.08942472
16.74500 0.08940665
16.75000 0.08938859
16.75500 0.08937054
16.76000 0.08935249
16.76500 0.08933446
16.77000 0.08931643
16.77500 0.08929842
16.78000 0.08928041
16.78500 0.08926241
16.79000 0.08924442
16.79500 0.08922644
16.80000 0.08920847
16.80500 0.08919051
16.81000 0.08917255
16.81500 0.08915461
16.82000 0.08913667
16.82500 0.08911875
16.83000 0.08910083
16.83500 0.08908292
16.84000 0.08906502
16.84500 0.08904713
16.85000 0.08902925
16.85500 0.08901138
16.86000 0.08899351
16.86500 0.08897566
16.87000 0.08895781
16.87500 0.08893997
16.88000 0.08892215
16.88500 0.08890433
16.89000 0.08888652
16.89500 0.08886872
16.90000 0.08885092
16.90500 0.08883314
16.91000 0.08881536
16.91500 0.08879760
16.92000 0.08877984
16.92500 0.08876209
16.93000 0.08874435
16.93500 0.08872662
16.94000 0.08870890
16.94500 0.08869119
16.95000 0.08867348
16.95500 0.08865579
16.96000 0.08863810
16.96500 0.08862042
16.97000 0.08860276
16.97500 0.08858509
16.98000 0.08856744
16.98500 0.08854980
16.99000 0.08853217
16.99500 0.08851454
17.00000 0.08849693
17.00500 0.08847932
17.01000 0.08846172
17.01500 0.08844413
17.02000 0.08842655
17.02500 0.08840897
17.03000 0.08839141
17.03500 0.08837385
17.04000 0.08835631
17.04500 0.08833877
17.05000 0.08832124
17.05500 0.08830372
17.06000 0.08828621
17.06500 0.08826870
17.07000 0.08825121
17.07500 0.08823372
17.08000 0.08821624
17.08500 0.08819878
17.09000 0.08818131
17.09500 0.08816386
17.10000 0.08814642
17.10500 0.08812899
17.11000 0.08811156
17.11500 0.08809414
17.12000 0.08807673
17.12500 0.08805933
17.13000 0.08804194
17.13500 0.08802456
17.14000 0.08800718
17.14500 0.08798982
17.15000 0.08797246
17.15500 0.08795511
17.16000 0.08793777
17.16500 0.08792044
17.17000 0.08790311
17.17500 0.08788580
17.18000 0.08786849
17.18500 0.08785119
17.19000 0.08783390
17.19500 0.08781662
17.20000 0.08779935
17.20500 0.08778209
17.21000 0.08776483
17.21500 0.08774758
17.22000 0.08773034
17.22500 0.08771311
17.23000 0.08769589
17.23500 0.08767868
17.24000 0.08766147
17.24500 0.08764428
17.25000 0.08762709
17.25500 0.08760991
17.26000 0.08759274
17.26500 0.08757557
17.27000 0.08755842
17.27500 0.08754127
17.28000 0.08752413
17.28500 0.08750700
17.29000 0.08748988
17.29500 0.08747277
17.30000 0.08745566
17.30500 0.08743857
17.31000 0.08742148
17.31500 0.08740440
17.32000 0.08738733
17.32500 0.08737027
17.33000 0.08735321
17.33500 0.08733616
17.34000 0.08731913
17.34500 0.08730210
17.35000 0.08728507
17.35500 0.08726806
17.36000 0.08725105
17.36500 0.08723406
17.37000 0.08721707
17.37500 0.08720009
17.38000 0.08718312
17.38500 0.08716615
17.39000 0.08714920
17.39500 0.08713225
17.40000 0.08711531
17.40500 0.08709838
17.41000 0.08708145
17.41500 0.08706454
17.42000 0.08704763
17.42500 0.08703073
17.43000 0.08701384
17.43500 0.08699696
17.44000 0.08698009
17.44500 0.08696322
17.45000 0.08694636
17.45500 0.08692951
17.46000 0.08691267
17.46500 0.08689584
17.47000 0.08687901
17.47500 0.08686220
17.48000 0.08684539
17.48500 0.08682859
17.49000 0.08681179
17.49500 0.08679501
17.50000 0.08677823
17.50500 0.08676146
17.51000 0.08674470
17.51500 0.08672795
17.52000 0.08671120
17.52500 0.08669447
17.53000 0.08667774
17.53500 0.08666102
17.54000 0.08664431
17.54500 0.08662760
17.55000 0.08661091
17.55500 0.08659422
17.56000 0.08657754
17.56500 0.08656086
17.57000 0.08654420
17.57500 0.08652754
17.58000 0.08651089
17.58500 0.08649425
17.59000 0.08647762
17.59500 0.08646100
17.60000 0.08644438
17.60500 0.08642777
17.61000 0.08641117
17.61500 0.08639458
17.62000 0.08637799
17.62500 0.08636142
17.63000 0.08634485
17.63500 0.08632829
17.64000 0.08631173
17.64500 0.08629519
17.65000 0.08627865
17.65500 0.08626212
17.66000 0.08624560
17.66500 0.08622908
17.67000 0.08621258
17.67500 0.08619608
17.68000 0.08617959
17.68500 0.08616311
17.69000 0.08614663
17.69500 0.08613017
17.70000 0.08611371
17.70500 0.08609726
17.71000 0.08608081
17.71500 0.08606438
17.72000 0.08604795
17.72500 0.08603153
17.73000 0.08601512
17.73500 0.08599871
17.74000 0.08598232
17.74500 0.08596593
17.75000 0.08594955
17.75500 0.08593317
17.76000 0.08591681
17.76500 0.08590045
17.77000 0.08588410
17.77500 0.08586776
17.78000 0.08585142
17.78500 0.08583510
17.79000 0.08581878
17.79500 0.08580247
17.80000 0.08578616
17.80500 0.08576987
17.81000 0.08575358
17.81500 0.08573730
17.82000 0.08572103
17.82500 0.08570476
17.83000 0.08568850
17.83500 0.08567225
17.84000 0.08565601
17.84500 0.08563978
17.85000 0.08562355
17.85500 0.08560733
17.86000 0.08559112
17.86500 0.08557492
17.87000 0.08555872
17.87500 0.08554253
17.88000 0.08552635
17.88500 0.08551018
17.89000 0.08549401
17.89500 0.08547785
17.90000 0.08546170
17.90500 0.08544556
17.91000 0.08542942
17.91500 0.08541330
17.92000 0.08539718
17.92500 0.08538106
17.93000 0.08536496
17.93500 0.08534886
17.94000 0.08533277
17.94500 0.08531669
17.95000 0.08530061
17.95500 0.08528455
17.96000 0.08526849
17.96500 0.08525243
17.97000 0.08523639
17.97500 0.08522035
17.98000 0.08520432
17.98500 0.08518830
17.99000 0.08517228
17.99500 0.08515628
18.00000 0.08514028
18.00500 0.08512428
18.01000 0.08510830
18.01500 0.08509232
18.02000 0.08507635
18.02500 0.08506039
18.03000 0.08504443
18.03500 0.08502849
18.04000 0.08501255
18.04500 0.08499661
18.05000 0.08498069
18.05500 0.08496477
18.06000 0.08494886
18.06500 0.08493296
18.07000 0.08491706
18.07500 0.08490117
18.08000 0.08488529
18.08500 0.08486942
18.09000 0.08485355
18.09500 0.08483769
18.10000 0.08482184
18.10500 0.08480600
18.11000 0.08479016
18.11500 0.08477433
18.12000 0.08475851
18.12500 0.08474269
18.13000 0.08472689
18.13500 0.08471109
18.14000 0.08469529
18.14500 0.08467951
18.15000 0.08466373
18.15500 0.08464796
18.16000 0.08463220
18.16500 0.08461644
18.17000 0.08460069
18.17500 0.08458495
18.18000 0.08456922
18.18500 0.08455349
18.19000 0.08453777
18.19500 0.08452206
18.20000 0.08450635
18.20500 0.08449065
18.21000 0.08447496
18.21500 0.08445928
18.22000 0.08444360
18.22500 0.08442793
18.23000 0.08441227
18.23500 0.08439662
18.24000 0.08438097
18.24500 0.08436533
18.25000 0.08434970
18.25500 0.08433407
18.26000 0.08431845
18.26500 0.08430284
18.27000 0.08428724
18.27500 0.08427164
18.28000 0.08425605
18.28500 0.08424047
18.29000 0.08422489
18.29500 0.08420932
18.30000 0.08419376
18.30500 0.08417821
18.31000 0.08416266
18.31500 0.08414712
18.32000 0.08413159
18.32500 0.08411606
18.33000 0.08410054
18.33500 0.08408503
18.34000 0.08406953
18.34500 0.08405403
18.35000 0.08403854
18.35500 0.08402306
18.36000 0.08400758
18.36500 0.08399211
18.37000 0.08397665
18.37500 0.08396120
18.38000 0.08394575
18.38500 0.08393031
18.39000 0.08391488
18.39500 0.08389945
18.40000 0.08388403
18.40500 0.08386862
18.41000 0.08385321
18.41500 0.08383782
18.42000 0.08382243
18.42500 0.08380704
18.43000 0.08379166
18.43500 0.08377629
18.44000 0.08376093
18.44500 0.08374557
18.45000 0.08373023
18.45500 0.08371488
18.46000 0.08369955
18.46500 0.08368422
18.47000 0.08366890
18.47500 0.08365359
18.48000 0.08363828
18.48500 0.08362298
18.49000 0.08360768
18.49500 0.08359240
18.50000 0.08357712
18.50500 0.08356185
18.51000 0.08354658
18.51500 0.08353132
18.52000 0.08351607
18.52500 0.08350083
18.53000 0.08348559
18.53500 0.08347036
18.54000 0.08345513
18.54500 0.08343992
18.55000 0.08342471
18.55500 0.08340950
18.56000 0.08339431
18.56500 0.08337912
18.57000 0.08336393
18.57500 0.08334876
18.58000 0.08333359
18.58500 0.08331843
18.59000 0.08330327
18.59500 0.08328812
18.60000 0.08327298
18.60500 0.08325785
18.61000 0.08324272
18.61500 0.08322760
18.62000 0.08321248
18.62500 0.08319738
18.63000 0.08318228
18.63500 0.08316718
18.64000 0.08315210
18.64500 0.08313701
18.65000 0.08312194
18.65500 0.08310687
18.66000 0.08309182
18.66500 0.08307676
18.67000 0.08306172
18.67500 0.08304668
18.68000 0.08303164
18.68500 0.08301662
18.69000 0.08300160
18.69500 0.08298659
18.70000 0.08297158
18.70500 0.08295658
18.71000 0.08294159
18.71500 0.08292660
18.72000 0.08291162
18.72500 0.08289665
18.73000 0.08288169
18.73500 0.08286673
18.74000 0.08285178
18.74500 0.08283683
18.75000 0.08282189
18.75500 0.08280696
18.76000 0.08279204
18.76500 0.08277712
18.77000 0.08276221
18.77500 0.08274730
18.78000 0.08273240
18.78500 0.08271751
18.79000 0.08270263
18.79500 0.08268775
18.80000 0.08267288
18.80500 0.08265801
18.81000 0.08264315
18.81500 0.08262830
18.82000 0.08261345
18.82500 0.08259862
18.83000 0.08258378
18.83500 0.08256896
18.84000 0.08255414
18.84500 0.08253933
18.85000 0.08252452
18.85500 0.08250972
18.86000 0.08249493
18.86500 0.08248014
18.87000 0.08246537
18.87500 0.08245059
18.88000 0.08243583
18.88500 0.08242107
18.89000 0.08240631
18.89500 0.08239157
18.90000 0.08237683
18.90500 0.08236209
18.91000 0.08234737
18.91500 0.08233265
18.92000 0.08231793
18.92500 0.08230323
18.93000 0.08228853
18.93500 0.08227383
18.94000 0.08225914
18.94500 0.08224446
18.95000 0.08222979
18.95500 0.08221512
18.96000 0.08220046
18.96500 0.08218580
18.97000 0.08217116
18.97500 0.08215651
18.98000 0.08214188
18.98500 0.08212725
18.99000 0.08211263
18.99500 0.08209801
19.00000 0.08208340
19.00500 0.08206880
19.01000 0.08205420
19.01500 0.08203961
19.02000 0.08202503
19.02500 0.08201045
19.03000 0.08199588
19.03500 0.08198131
19.04000 0.08196675
19.04500 0.08195220
19.05000 0.08193766
19.05500 0.08192312
19.06000 0.08190859
19.06500 0.08189406
19.07000 0.08187954
19.07500 0.08186503
19.08000 0.08185052
19.08500 0.08183602
19.09000 0.08182152
19.09500 0.08180704
19.10000 0.08179255
19.10500 0.08177808
19.11000 0.08176361
19.11500 0.08174915
19.12000 0.08173469
19.12500 0.08172024
19.13000 0.08170580
19.13500 0.08169136
19.14000 0.08167693
19.14500 0.08166251
19.15000 0.08164809
19.15500 0.08163368
19.16000 0.08161927
19.16500 0.08160487
19.17000 0.08159048
19.17500 0.08157609
19.18000 0.08156171
19.18500 0.08154734
19.19000 0.08153297
19.19500 0.08151861
19.20000 0.08150426
19.20500 0.08148991
19.21000 0.08147556
19.21500 0.08146123
19.22000 0.08144690
19.22500 0.08143257
19.23000 0.08141826
19.23500 0.08140395
19.24000 0.08138964
19.24500 0.08137534
19.25000 0.08136105
19.25500 0.08134676
19.26000 0.08133248
19.26500 0.08131821
19.27000 0.08130394
19.27500 0.08128968
19.28000 0.08127543
19.28500 0.08126118
19.29000 0.08124693
19.29500 0.08123270
19.30000 0.08121847
19.30500 0.08120424
19.31000 0.08119003
19.31500 0.08117581
19.32000 0.08116161
19.32500 0.08114741
19.33000 0.08113322
19.33500 0.08111903
19.34000 0.08110485
19.34500 0.08109067
19.35000 0.08107650
19.35500 0.08106234
19.36000 0.08104819
19.36500 0.08103403
19.37000 0.08101989
19.37500 0.08100575
19.38000 0.08099162
19.38500 0.08097750
19.39000 0.08096338
19.39500 0.08094926
19.40000 0.08093515
19.40500 0.08092105
19.41000 0.08090696
19.41500 0.08089287
19.42000 0.08087879
19.42500 0.08086471
19.43000 0.08085064
19.43500 0.08083657
19.44000 0.08082252
19.44500 0.08080846
19.45000 0.08079442
19.45500 0.08078038
19.46000 0.08076634
19.46500 0.08075231
19.47000 0.08073829
19.47500 0.08072427
19.48000 0.08071026
19.48500 0.08069626
19.49000 0.08068226
19.49500 0.08066827
19.50000 0.08065428
19.50500 0.08064030
19.51000 0.08062633
19.51500 0.08061236
19.52000 0.08059840
19.52500 0.08058444
19.53000 0.08057049
19.53500 0.08055655
19.54000 0.08054261
19.54500 0.08052868
19.55000 0.08051475
19.55500 0.08050083
19.56000 0.08048692
19.56500 0.08047301
19.57000 0.08045911
19.57500 0.08044521
19.58000 0.08043132
19.58500 0.08041744
19.59000 0.08040356
19.59500 0.08038969
19.60000 0.08037582
19.60500 0.08036196
19.61000 0.08034810
19.61500 0.08033426
19.62000 0.08032041
19.62500 0.08030658
19.63000 0.08029274
19.63500 0.08027892
19.64000 0.08026510
19.64500 0.08025129
19.65000 0.08023748
19.65500 0.08022368
19.66000 0.08020988
19.66500 0.08019609
19.67000 0.08018231
19.67500 0.08016853
19.68000 0.08015476
19.68500 0.08014099
19.69000 0.08012723
19.69500 0.08011348
19.70000 0.08009973
19.70500 0.08008599
19.71000 0.08007225
19.71500 0.08005852
19.72000 0.08004479
19.72500 0.08003107
19.73000 0.08001736
19.73500 0.08000365
19.74000 0.07998995
19.74500 0.07997626
19.75000 0.07996257
19.75500 0.07994888
19.76000 0.07993520
19.76500 0.07992153
19.77000 0.07990786
19.77500 0.07989420
19.78000 0.07988055
19.78500 0.07986690
19.79000 0.07985325
19.79500 0.07983962
19.80000 0.07982598
19.80500 0.07981236
19.81000 0.07979874
19.81500 0.07978512
19.82000 0.07977151
19.82500 0.07975791
19.83000 0.07974431
19.83500 0.07973072
19.84000 0.07971713
19.84500 0.07970355
19.85000 0.07968998
19.85500 0.07967641
19.86000 0.07966285
19.86500 0.07964929
19.87000 0.07963574
19.87500 0.07962219
19.88000 0.07960865
19.88500 0.07959512
19.89000 0.07958159
19.89500 0.07956806
19.90000 0.07955455
19.90500 0.07954103
19.91000 0.07952753
19.91500 0.07951403
19.92000 0.07950053
19.92500 0.07948704
19.93000 0.07947356
19.93500 0.07946008
19.94000 0.07944661
19.94500 0.07943315
19.95000 0.07941968
19.95500 0.07940623
19.96000 0.07939278
19.96500 0.07937934
19.97000 0.07936590
19.97500 0.07935247
19.98000 0.07933904
19.98500 0.07932562
19.99000 0.07931220
19.99500 0.07929879
20.00000 0.07928539
20.00500 0.07927199
20.01000 0.07925860
20.01500 0.07924521
20.02000 0.07923183
20.02500 0.07921845
20.03000 0.07920508
20.03500 0.07919172
20.04000 0.07917836
20.04500 0.07916500
20.05000 0.07915166
20.05500 0.07913831
20.06000 0.07912498
20.06500 0.07911164
20.07000 0.07909832
20.07500 0.07908500
20.08000 0.07907168
20.08500 0.07905837
20.09000 0.07904507
20.09500 0.07903177
20.10000 0.07901848
20.10500 0.07900519
20.11000 0.07899191
20.11500 0.07897864
20.12000 0.07896537
20.12500 0.07895210
20.13000 0.07893884
20.13500 0.07892559
20.14000 0.07891234
20.14500 0.07889910
20.15000 0.07888586
20.15500 0.07887263
20.16000 0.07885940
20.16500 0.07884618
20.17000 0.07883297
20.17500 0.07881976
20.18000 0.07880655
20.18500 0.07879335
20.19000 0.07878016
20.19500 0.07876697
20.20000 0.07875379
20.20500 0.07874061
20.21000 0.07872744
20.21500 0.07871428
20.22000 0.07870112
20.22500 0.07868796
20.23000 0.07867481
20.23500 0.07866167
20.24000 0.07864853
20.24500 0.07863540
20.25000 0.07862227
