0.25000 3.04063908
0.25500 3.02467028
0.26000 3.00907309
0.26500 2.99383217
0.27000 2.97893285
0.27500 2.96436136
0.28000 2.95010475
0.28500 2.93615079
0.29000 2.92248794
0.29500 2.90910530
0.30000 2.89599253
0.30500 2.88313987
0.31000 2.87053806
0.31500 2.85817832
0.32000 2.84605228
0.32500 2.83415203
0.33000 2.82247003
0.33500 2.81099908
0.34000 2.79973235
0.34500 2.78866331
0.35000 2.77778575
0.35500 2.76709373
0.36000 2.75658156
0.36500 2.74624382
0.37000 2.73607532
0.37500 2.72607110
0.38000 2.71622638
0.38500 2.70653662
0.39000 2.69699744
0.39500 2.68760464
0.40000 2.67835419
0.40500 2.66924223
0.41000 2.66026505
0.41500 2.65141905
0.42000 2.64270082
0.42500 2.63410703
0.43000 2.62563451
0.43500 2.61728019
0.44000 2.60904110
0.44500 2.60091441
0.45000 2.59289736
0.45500 2.58498730
0.46000 2.57718167
0.46500 2.56947800
0.47000 2.56187389
0.47500 2.55436706
0.48000 2.54695525
0.48500 2.53963632
0.49000 2.53240818
0.49500 2.52526881
0.50000 2.51821626
0.50500 2.51124863
0.51000 2.50436409
0.51500 2.49756086
0.52000 2.49083722
0.52500 2.48419151
0.53000 2.47762210
0.53500 2.47112742
0.54000 2.46470595
0.54500 2.45835621
0.55000 2.45207676
0.55500 2.44586621
0.56000 2.43972321
0.56500 2.43364642
0.57000 2.42763459
0.57500 2.42168645
0.58000 2.41580081
0.58500 2.40997647
0.59000 2.40421231
0.59500 2.39850721
0.60000 2.39286007
0.60500 2.38726984
0.61000 2.38173551
0.61500 2.37625605
0.62000 2.37083051
0.62500 2.36545792
0.63000 2.36013737
0.63500 2.35486794
0.64000 2.34964876
0.64500 2.34447897
0.65000 2.33935772
0.65500 2.33428422
0.66000 2.32925764
0.66500 2.32427723
0.67000 2.31934221
0.67500 2.31445185
0.68000 2.30960542
0.68500 2.30480222
0.69000 2.30004155
0.69500 2.29532273
0.70000 2.29064512
0.70500 2.28600806
0.71000 2.28141092
0.71500 2.27685310
0.72000 2.27233398
0.72500 2.26785297
0.73000 2.26340951
0.73500 2.25900302
0.74000 2.25463296
0.74500 2.25029879
0.75000 2.24599997
0.75500 2.24173600
0.76000 2.23750636
0.76500 2.23331056
0.77000 2.22914811
0.77500 2.22501855
0.78000 2.22092140
0.78500 2.21685621
0.79000 2.21282253
0.79500 2.20881992
0.80000 2.20484797
0.80500 2.20090623
0.81000 2.19699431
0.81500 2.19311181
0.82000 2.18925831
0.82500 2.18543344
0.83000 2.18163681
0.83500 2.17786806
0.84000 2.17412681
0.84500 2.17041270
0.85000 2.16672539
0.85500 2.16306453
0.86000 2.15942977
0.86500 2.15582078
0.87000 2.15223724
0.87500 2.14867882
0.88000 2.14514522
0.88500 2.14163611
0.89000 2.13815120
0.89500 2.13469019
0.90000 2.13125278
0.90500 2.12783869
0.91000 2.12444763
0.91500 2.12107932
0.92000 2.11773350
0.92500 2.11440988
0.93000 2.11110822
0.93500 2.10782825
0.94000 2.10456971
0.94500 2.10133235
0.95000 2.09811593
0.95500 2.09492021
0.96000 2.09174494
0.96500 2.08858989
0.97000 2.08545484
0.97500 2.08233955
0.98000 2.07924381
0.98500 2.07616739
0.99000 2.07311007
0.99500 2.07007165
1.00000 2.06705192
1.00500 2.06405066
1.01000 2.06106769
1.01500 2.05810279
1.02000 2.05515578
1.02500 2.05222646
1.03000 2.04931464
1.03500 2.04642013
1.04000 2.04354276
1.04500 2.04068233
1.05000 2.03783867
1.05500 2.03501160
1.06000 2.03220096
1.06500 2.02940656
1.07000 2.02662825
1.07500 2.02386586
1.08000 2.02111921
1.08500 2.01838817
1.09000 2.01567256
1.09500 2.01297222
1.10000 2.01028701
1.10500 2.00761678
1.11000 2.00496137
1.11500 2.00232064
1.12000 1.99969445
1.12500 1.99708264
1.13000 1.99448508
1.13500 1.99190163
1.14000 1.98933216
1.14500 1.98677652
1.15000 1.98423459
1.15500 1.98170623
1.16000 1.97919132
1.16500 1.97668973
1.17000 1.97420132
1.17500 1.97172598
1.18000 1.96926359
1.18500 1.96681402
1.19000 1.96437715
1.19500 1.96195287
1.20000 1.95954106
1.20500 1.95714160
1.21000 1.95475439
1.21500 1.95237931
1.22000 1.95001625
1.22500 1.94766510
1.23000 1.94532576
1.23500 1.94299812
1.24000 1.94068207
1.24500 1.93837751
1.25000 1.93608435
1.25500 1.93380247
1.26000 1.93153179
1.26500 1.92927219
1.27000 1.92702360
1.27500 1.92478590
1.28000 1.92255901
1.28500 1.92034283
1.29000 1.91813728
1.29500 1.91594225
1.30000 1.91375767
1.30500 1.91158343
1.31000 1.90941946
1.31500 1.90726567
1.32000 1.90512197
1.32500 1.90298828
1.33000 1.90086452
1.33500 1.89875060
1.34000 1.89664644
1.34500 1.89455196
1.35000 1.89246708
1.35500 1.89039172
1.36000 1.88832581
1.36500 1.88626927
1.37000 1.88422202
1.37500 1.88218399
1.38000 1.88015510
1.38500 1.87813529
1.39000 1.87612447
1.39500 1.87412258
1.40000 1.87212955
1.40500 1.87014531
1.41000 1.86816978
1.41500 1.86620290
1.42000 1.86424460
1.42500 1.86229482
1.43000 1.86035349
1.43500 1.85842055
1.44000 1.85649592
1.44500 1.85457955
1.45000 1.85267137
1.45500 1.85077132
1.46000 1.84887934
1.46500 1.84699536
1.47000 1.84511934
1.47500 1.84325120
1.48000 1.84139089
1.48500 1.83953835
1.49000 1.83769352
1.49500 1.83585635
1.50000 1.83402677
1.50500 1.83220474
1.51000 1.83039019
1.51500 1.82858308
1.52000 1.82678335
1.52500 1.82499094
1.53000 1.82320580
1.53500 1.82142788
1.54000 1.81965712
1.54500 1.81789349
1.55000 1.81613691
1.55500 1.81438735
1.56000 1.81264476
1.56500 1.81090908
1.57000 1.80918027
1.57500 1.80745827
1.58000 1.80574304
1.58500 1.80403454
1.59000 1.80233271
1.59500 1.80063751
1.60000 1.79894890
1.60500 1.79726682
1.61000 1.79559124
1.61500 1.79392210
1.62000 1.79225937
1.62500 1.79060300
1.63000 1.78895294
1.63500 1.78730916
1.64000 1.78567161
1.64500 1.78404026
1.65000 1.78241504
1.65500 1.78079594
1.66000 1.77918290
1.66500 1.77757589
1.67000 1.77597486
1.67500 1.77437978
1.68000 1.77279061
1.68500 1.77120731
1.69000 1.76962983
1.69500 1.76805814
1.70000 1.76649221
1.70500 1.76493200
1.71000 1.76337746
1.71500 1.76182856
1.72000 1.76028527
1.72500 1.75874755
1.73000 1.75721537
1.73500 1.75568868
1.74000 1.75416746
1.74500 1.75265166
1.75000 1.75114126
1.75500 1.74963622
1.76000 1.74813651
1.76500 1.74664208
1.77000 1.74515292
1.77500 1.74366899
1.78000 1.74219024
1.78500 1.74071666
1.79000 1.73924822
1.79500 1.73778486
1.80000 1.73632658
1.80500 1.73487333
1.81000 1.73342508
1.81500 1.73198181
1.82000 1.73054349
1.82500 1.72911007
1.83000 1.72768154
1.83500 1.72625787
1.84000 1.72483902
1.84500 1.72342496
1.85000 1.72201567
1.85500 1.72061112
1.86000 1.71921128
1.86500 1.71781613
1.87000 1.71642562
1.87500 1.71503975
1.88000 1.71365847
1.88500 1.71228177
1.89000 1.71090961
1.89500 1.70954197
1.90000 1.70817882
1.90500 1.70682014
1.91000 1.70546590
1.91500 1.70411607
1.92000 1.70277063
1.92500 1.70142956
1.93000 1.70009282
1.93500 1.69876040
1.94000 1.69743227
1.94500 1.69610840
1.95000 1.69478877
1.95500 1.69347336
1.96000 1.69216214
1.96500 1.69085508
1.97000 1.68955218
1.97500 1.68825339
1.98000 1.68695870
1.98500 1.68566809
1.99000 1.68438153
1.99500 1.68309900
2.00000 1.68182048
2.00500 1.68054594
2.01000 1.67927537
2.01500 1.67800874
2.02000 1.67674603
2.02500 1.67548722
2.03000 1.67423228
2.03500 1.67298120
2.04000 1.67173396
2.04500 1.67049052
2.05000 1.66925089
2.05500 1.66801502
2.06000 1.66678291
2.06500 1.66555453
2.07000 1.66432986
2.07500 1.66310888
2.08000 1.66189158
2.08500 1.66067793
2.09000 1.65946791
2.09500 1.65826151
2.10000 1.65705870
2.10500 1.65585947
2.11000 1.65466380
2.11500 1.65347166
2.12000 1.65228305
2.12500 1.65109793
2.13000 1.64991630
2.13500 1.64873814
2.14000 1.64756342
2.14500 1.64639213
2.15000 1.64522425
2.15500 1.64405977
2.16000 1.64289866
2.16500 1.64174091
2.17000 1.64058650
2.17500 1.63943542
2.18000 1.63828765
2.18500 1.63714316
2.19000 1.63600196
2.19500 1.63486400
2.20000 1.63372929
2.20500 1.63259781
2.21000 1.63146953
2.21500 1.63034445
2.22000 1.62922254
2.22500 1.62810379
2.23000 1.62698819
2.23500 1.62587572
2.24000 1.62476636
2.24500 1.62366009
2.25000 1.62255692
2.25500 1.62145680
2.26000 1.62035974
2.26500 1.61926572
2.27000 1.61817472
2.27500 1.61708673
2.28000 1.61600174
2.28500 1.61491972
2.29000 1.61384066
2.29500 1.61276456
2.30000 1.61169139
2.30500 1.61062114
2.31000 1.60955379
2.31500 1.60848935
2.32000 1.60742778
2.32500 1.60636907
2.33000 1.60531322
2.33500 1.60426021
2.34000 1.60321002
2.34500 1.60216264
2.35000 1.60111806
2.35500 1.60007626
2.36000 1.59903724
2.36500 1.59800098
2.37000 1.59696746
2.37500 1.59593667
2.38000 1.59490860
2.38500 1.59388324
2.39000 1.59286058
2.39500 1.59184059
2.40000 1.59082328
2.40500 1.58980862
2.41000 1.58879661
2.41500 1.58778723
2.42000 1.58678048
2.42500 1.58577633
2.43000 1.58477478
2.43500 1.58377581
2.44000 1.58277941
2.44500 1.58178558
2.45000 1.58079430
2.45500 1.57980555
2.46000 1.57881933
2.46500 1.57783563
2.47000 1.57685443
2.47500 1.57587572
2.48000 1.57489949
2.48500 1.57392573
2.49000 1.57295444
2.49500 1.57198559
2.50000 1.57101918
2.50500 1.57005519
2.51000 1.56909362
2.51500 1.56813446
2.52000 1.56717768
2.52500 1.56622330
2.53000 1.56527128
2.53500 1.56432163
2.54000 1.56337433
2.54500 1.56242938
2.55000 1.56148675
2.55500 1.56054645
2.56000 1.55960846
2.56500 1.55867277
2.57000 1.55773937
2.57500 1.55680825
2.58000 1.55587941
2.58500 1.55495282
2.59000 1.55402849
2.59500 1.55310641
2.60000 1.55218655
2.60500 1.55126892
2.61000 1.55035350
2.61500 1.54944029
2.62000 1.54852927
2.62500 1.54762043
2.63000 1.54671378
2.63500 1.54580929
2.64000 1.54490696
2.64500 1.54400678
2.65000 1.54310873
2.65500 1.54221282
2.66000 1.54131903
2.66500 1.54042736
2.67000 1.53953778
2.67500 1.53865031
2.68000 1.53776492
2.68500 1.53688161
2.69000 1.53600037
2.69500 1.53512119
2.70000 1.53424406
2.70500 1.53336897
2.71000 1.53249592
2.71500 1.53162490
2.72000 1.53075590
2.72500 1.52988891
2.73000 1.52902392
2.73500 1.52816092
2.74000 1.52729992
2.74500 1.52644088
2.75000 1.52558382
2.75500 1.52472872
2.76000 1.52387558
2.76500 1.52302438
2.77000 1.52217512
2.77500 1.52132779
2.78000 1.52048238
2.78500 1.51963889
2.79000 1.51879731
2.79500 1.51795763
2.80000 1.51711983
2.80500 1.51628393
2.81000 1.51544990
2.81500 1.51461774
2.82000 1.51378744
2.82500 1.51295900
2.83000 1.51213240
2.83500 1.51130765
2.84000 1.51048473
2.84500 1.50966363
2.85000 1.50884436
2.85500 1.50802689
2.86000 1.50721123
2.86500 1.50639737
2.87000 1.50558530
2.87500 1.50477501
2.88000 1.50396650
2.88500 1.50315976
2.89000 1.50235478
2.89500 1.50155156
2.90000 1.50075009
2.90500 1.49995036
2.91000 1.49915237
2.91500 1.49835611
2.92000 1.49756157
2.92500 1.49676874
2.93000 1.49597763
2.93500 1.49518822
2.94000 1.49440051
2.94500 1.49361448
2.95000 1.49283014
2.95500 1.49204748
2.96000 1.49126649
2.96500 1.49048716
2.97000 1.48970950
2.97500 1.48893348
2.98000 1.48815911
2.98500 1.48738639
2.99000 1.48661529
2.99500 1.48584582
3.00000 1.48507798
3.00500 1.48431175
3.01000 1.48354713
3.01500 1.48278412
3.02000 1.48202270
3.02500 1.48126288
3.03000 1.48050464
3.03500 1.47974798
3.04000 1.47899289
3.04500 1.47823938
3.05000 1.47748743
3.05500 1.47673703
3.06000 1.47598819
3.06500 1.47524089
3.07000 1.47449513
3.07500 1.47375091
3.08000 1.47300822
3.08500 1.47226705
3.09000 1.47152740
3.09500 1.47078926
3.10000 1.47005263
3.10500 1.46931750
3.11000 1.46858386
3.11500 1.46785172
3.12000 1.46712106
3.12500 1.46639189
3.13000 1.46566418
3.13500 1.46493795
3.14000 1.46421318
3.14500 1.46348988
3.15000 1.46276802
3.15500 1.46204762
3.16000 1.46132866
3.16500 1.46061113
3.17000 1.45989504
3.17500 1.45918038
3.18000 1.45846715
3.18500 1.45775533
3.19000 1.45704493
3.19500 1.45633593
3.20000 1.45562834
3.20500 1.45492215
3.21000 1.45421735
3.21500 1.45351394
3.22000 1.45281191
3.22500 1.45211127
3.23000 1.45141200
3.23500 1.45071410
3.24000 1.45001756
3.24500 1.44932239
3.25000 1.44862857
3.25500 1.44793610
3.26000 1.44724498
3.26500 1.44655520
3.27000 1.44586676
3.27500 1.44517965
3.28000 1.44449387
3.28500 1.44380941
3.29000 1.44312627
3.29500 1.44244445
3.30000 1.44176394
3.30500 1.44108473
3.31000 1.44040683
3.31500 1.43973022
3.32000 1.43905491
3.32500 1.43838088
3.33000 1.43770814
3.33500 1.43703668
3.34000 1.43636649
3.34500 1.43569757
3.35000 1.43502992
3.35500 1.43436354
3.36000 1.43369841
3.36500 1.43303454
3.37000 1.43237191
3.37500 1.43171054
3.38000 1.43105040
3.38500 1.43039150
3.39000 1.42973384
3.39500 1.42907741
3.40000 1.42842220
3.40500 1.42776821
3.41000 1.42711544
3.41500 1.42646389
3.42000 1.42581354
3.42500 1.42516440
3.43000 1.42451647
3.43500 1.42386973
3.44000 1.42322418
3.44500 1.42257982
3.45000 1.42193665
3.45500 1.42129466
3.46000 1.42065386
3.46500 1.42001422
3.47000 1.41937576
3.47500 1.41873846
3.48000 1.41810233
3.48500 1.41746735
3.49000 1.41683354
3.49500 1.41620087
3.50000 1.41556936
3.50500 1.41493898
3.51000 1.41430975
3.51500 1.41368166
3.52000 1.41305470
3.52500 1.41242887
3.53000 1.41180417
3.53500 1.41118060
3.54000 1.41055814
3.54500 1.40993679
3.55000 1.40931656
3.55500 1.40869744
3.56000 1.40807943
3.56500 1.40746252
3.57000 1.40684670
3.57500 1.40623198
3.58000 1.40561836
3.58500 1.40500582
3.59000 1.40439437
3.59500 1.40378399
3.60000 1.40317470
3.60500 1.40256648
3.61000 1.40195934
3.61500 1.40135326
3.62000 1.40074825
3.62500 1.40014429
3.63000 1.39954140
3.63500 1.39893956
3.64000 1.39833878
3.64500 1.39773904
3.65000 1.39714035
3.65500 1.39654270
3.66000 1.39594609
3.66500 1.39535051
3.67000 1.39475597
3.67500 1.39416246
3.68000 1.39356997
3.68500 1.39297851
3.69000 1.39238807
3.69500 1.39179865
3.70000 1.39121024
3.70500 1.39062284
3.71000 1.39003644
3.71500 1.38945106
3.72000 1.38886667
3.72500 1.38828329
3.73000 1.38770090
3.73500 1.38711950
3.74000 1.38653909
3.74500 1.38595967
3.75000 1.38538124
3.75500 1.38480378
3.76000 1.38422730
3.76500 1.38365180
3.77000 1.38307727
3.77500 1.38250371
3.78000 1.38193112
3.78500 1.38135949
3.79000 1.38078882
3.79500 1.38021911
3.80000 1.37965036
3.80500 1.37908255
3.81000 1.37851570
3.81500 1.37794979
3.82000 1.37738483
3.82500 1.37682081
3.83000 1.37625773
3.83500 1.37569558
3.84000 1.37513437
3.84500 1.37457408
3.85000 1.37401473
3.85500 1.37345630
3.86000 1.37289879
3.86500 1.37234220
3.87000 1.37178653
3.87500 1.37123177
3.88000 1.37067792
3.88500 1.37012499
3.89000 1.36957296
3.89500 1.36902183
3.90000 1.36847160
3.90500 1.36792228
3.91000 1.36737384
3.91500 1.36682631
3.92000 1.36627966
3.92500 1.36573390
3.93000 1.36518903
3.93500 1.36464504
3.94000 1.36410193
3.94500 1.36355970
3.95000 1.36301835
3.95500 1.36247786
3.96000 1.36193825
3.96500 1.36139951
3.97000 1.36086164
3.97500 1.36032462
3.98000 1.35978847
3.98500 1.35925318
3.99000 1.35871874
3.99500 1.35818516
4.00000 1.35765243
4.00500 1.35712054
4.01000 1.35658951
4.01500 1.35605932
4.02000 1.35552997
4.02500 1.35500146
4.03000 1.35447378
4.03500 1.35394694
4.04000 1.35342094
4.04500 1.35289576
4.05000 1.35237142
4.05500 1.35184790
4.06000 1.35132520
4.06500 1.35080332
4.07000 1.35028226
4.07500 1.34976202
4.08000 1.34924259
4.08500 1.34872398
4.09000 1.34820618
4.09500 1.34768918
4.10000 1.34717299
4.10500 1.34665760
4.11000 1.34614301
4.11500 1.34562922
4.12000 1.34511623
4.12500 1.34460403
4.13000 1.34409263
4.13500 1.34358202
4.14000 1.34307219
4.14500 1.34256315
4.15000 1.34205489
4.15500 1.34154742
4.16000 1.34104073
4.16500 1.34053481
4.17000 1.34002967
4.17500 1.33952530
4.18000 1.33902170
4.18500 1.33851887
4.19000 1.33801681
4.19500 1.33751552
4.20000 1.33701499
4.20500 1.33651521
4.21000 1.33601620
4.21500 1.33551795
4.22000 1.33502045
4.22500 1.33452370
4.23000 1.33402770
4.23500 1.33353246
4.24000 1.33303796
4.24500 1.33254420
4.25000 1.33205119
4.25500 1.33155892
4.26000 1.33106739
4.26500 1.33057659
4.27000 1.33008653
4.27500 1.32959721
4.28000 1.32910861
4.28500 1.32862075
4.29000 1.32813361
4.29500 1.32764720
4.30000 1.32716151
4.30500 1.32667654
4.31000 1.32619230
4.31500 1.32570877
4.32000 1.32522596
4.32500 1.32474386
4.33000 1.32426248
4.33500 1.32378180
4.34000 1.32330184
4.34500 1.32282258
4.35000 1.32234403
4.35500 1.32186618
4.36000 1.32138903
4.36500 1.32091259
4.37000 1.32043684
4.37500 1.31996178
4.38000 1.31948743
4.38500 1.31901376
4.39000 1.31854078
4.39500 1.31806850
4.40000 1.31759690
4.40500 1.31712599
4.41000 1.31665576
4.41500 1.31618621
4.42000 1.31571734
4.42500 1.31524916
4.43000 1.31478165
4.43500 1.31431481
4.44000 1.31384865
4.44500 1.31338316
4.45000 1.31291834
4.45500 1.31245419
4.46000 1.31199070
4.46500 1.31152788
4.47000 1.31106573
4.47500 1.31060423
4.48000 1.31014340
4.48500 1.30968322
4.49000 1.30922370
4.49500 1.30876484
4.50000 1.30830663
4.50500 1.30784907
4.51000 1.30739216
4.51500 1.30693590
4.52000 1.30648029
4.52500 1.30602532
4.53000 1.30557100
4.53500 1.30511732
4.54000 1.30466428
4.54500 1.30421187
4.55000 1.30376011
4.55500 1.30330898
4.56000 1.30285849
4.56500 1.30240863
4.57000 1.30195940
4.57500 1.30151080
4.58000 1.30106283
4.58500 1.30061548
4.59000 1.30016876
4.59500 1.29972267
4.60000 1.29927719
4.60500 1.29883234
4.61000 1.29838810
4.61500 1.29794449
4.62000 1.29750148
4.62500 1.29705910
4.63000 1.29661732
4.63500 1.29617616
4.64000 1.29573561
4.64500 1.29529566
4.65000 1.29485633
4.65500 1.29441760
4.66000 1.29397947
4.66500 1.29354195
4.67000 1.29310502
4.67500 1.29266870
4.68000 1.29223297
4.68500 1.29179785
4.69000 1.29136331
4.69500 1.29092938
4.70000 1.29049603
4.70500 1.29006328
4.71000 1.28963111
4.71500 1.28919954
4.72000 1.28876855
4.72500 1.28833814
4.73000 1.28790832
4.73500 1.28747909
4.74000 1.28705043
4.74500 1.28662236
4.75000 1.28619486
4.75500 1.28576794
4.76000 1.28534160
4.76500 1.28491583
4.77000 1.28449064
4.77500 1.28406601
4.78000 1.28364196
4.78500 1.28321848
4.79000 1.28279556
4.79500 1.28237321
4.80000 1.28195143
4.80500 1.28153021
4.81000 1.28110955
4.81500 1.28068946
4.82000 1.28026992
4.82500 1.27985094
4.83000 1.27943253
4.83500 1.27901466
4.84000 1.27859735
4.84500 1.27818060
4.85000 1.27776439
4.85500 1.27734874
4.86000 1.27693364
4.86500 1.27651909
4.87000 1.27610508
4.87500 1.27569162
4.88000 1.27527870
4.88500 1.27486633
4.89000 1.27445450
4.89500 1.27404321
4.90000 1.27363246
4.90500 1.27322224
4.91000 1.27281257
4.91500 1.27240343
4.92000 1.27199482
4.92500 1.27158675
4.93000 1.27117921
4.93500 1.27077221
4.94000 1.27036573
4.94500 1.26995978
4.95000 1.26955436
4.95500 1.26914946
4.96000 1.26874509
4.96500 1.26834124
4.97000 1.26793792
4.97500 1.26753512
4.98000 1.26713283
4.98500 1.26673107
4.99000 1.26632983
4.99500 1.26592910
5.00000 1.26552888
5.00500 1.26512919
5.01000 1.26473000
5.01500 1.26433133
5.02000 1.26393317
5.02500 1.26353551
5.03000 1.26313837
5.03500 1.26274173
5.04000 1.26234560
5.04500 1.26194998
5.05000 1.26155486
5.05500 1.26116024
5.06000 1.26076613
5.06500 1.26037251
5.07000 1.25997940
5.07500 1.25958678
5.08000 1.25919467
5.08500 1.25880304
5.09000 1.25841192
5.09500 1.25802128
5.10000 1.25763115
5.10500 1.25724150
5.11000 1.25685234
5.11500 1.25646368
5.12000 1.25607550
5.12500 1.25568781
5.13000 1.25530060
5.13500 1.25491389
5.14000 1.25452765
5.14500 1.25414190
5.15000 1.25375664
5.15500 1.25337185
5.16000 1.25298754
5.16500 1.25260372
5.17000 1.25222037
5.17500 1.25183750
5.18000 1.25145510
5.18500 1.25107318
5.19000 1.25069174
5.19500 1.25031077
5.20000 1.24993027
5.20500 1.24955024
5.21000 1.24917068
5.21500 1.24879158
5.22000 1.24841296
5.22500 1.24803481
5.23000 1.24765712
5.23500 1.24727989
5.24000 1.24690313
5.24500 1.24652683
5.25000 1.24615099
5.25500 1.24577562
5.26000 1.24540070
5.26500 1.24502625
5.27000 1.24465225
5.27500 1.24427871
5.28000 1.24390562
5.28500 1.24353299
5.29000 1.24316082
5.29500 1.24278909
5.30000 1.24241782
5.30500 1.24204700
5.31000 1.24167663
5.31500 1.24130671
5.32000 1.24093724
5.32500 1.24056822
5.33000 1.24019964
5.33500 1.23983151
5.34000 1.23946382
5.34500 1.23909657
5.35000 1.23872977
5.35500 1.23836341
5.36000 1.23799749
5.36500 1.23763201
5.37000 1.23726697
5.37500 1.23690237
5.38000 1.23653821
5.38500 1.23617448
5.39000 1.23581118
5.39500 1.23544832
5.40000 1.23508590
5.40500 1.23472391
5.41000 1.23436235
5.41500 1.23400121
5.42000 1.23364051
5.42500 1.23328024
5.43000 1.23292040
5.43500 1.23256098
5.44000 1.23220199
5.44500 1.23184343
5.45000 1.23148529
5.45500 1.23112757
5.46000 1.23077028
5.46500 1.23041341
5.47000 1.23005696
5.47500 1.22970093
5.48000 1.22934532
5.48500 1.22899012
5.49000 1.22863535
5.49500 1.22828099
5.50000 1.22792705
5.50500 1.22757352
5.51000 1.22722041
5.51500 1.22686771
5.52000 1.22651542
5.52500 1.22616355
5.53000 1.22581209
5.53500 1.22546103
5.54000 1.22511039
5.54500 1.22476015
5.55000 1.22441032
5.55500 1.22406090
5.56000 1.22371188
5.56500 1.22336327
5.57000 1.22301506
5.57500 1.22266726
5.58000 1.22231986
5.58500 1.22197286
5.59000 1.22162626
5.59500 1.22128006
5.60000 1.22093426
5.60500 1.22058886
5.61000 1.22024385
5.61500 1.21989925
5.62000 1.21955504
5.62500 1.21921122
5.63000 1.21886780
5.63500 1.21852478
5.64000 1.21818214
5.64500 1.21783990
5.65000 1.21749805
5.65500 1.21715659
5.66000 1.21681552
5.66500 1.21647484
5.67000 1.21613455
5.67500 1.21579465
5.68000 1.21545513
5.68500 1.21511600
5.69000 1.21477725
5.69500 1.21443889
5.70000 1.21410091
5.70500 1.21376331
5.71000 1.21342610
5.71500 1.21308927
5.72000 1.21275282
5.72500 1.21241674
5.73000 1.21208105
5.73500 1.21174574
5.74000 1.21141080
5.74500 1.21107624
5.75000 1.21074206
5.75500 1.21040825
5.76000 1.21007482
5.76500 1.20974176
5.77000 1.20940907
5.77500 1.20907676
5.78000 1.20874482
5.78500 1.20841325
5.79000 1.20808205
5.79500 1.20775121
5.80000 1.20742075
5.80500 1.20709066
5.81000 1.20676093
5.81500 1.20643157
5.82000 1.20610258
5.82500 1.20577395
5.83000 1.20544569
5.83500 1.20511779
5.84000 1.20479025
5.84500 1.20446308
5.85000 1.20413627
5.85500 1.20380981
5.86000 1.20348372
5.86500 1.20315799
5.87000 1.20283262
5.87500 1.20250761
5.88000 1.20218295
5.88500 1.20185865
5.89000 1.20153471
5.89500 1.20121112
5.90000 1.20088789
5.90500 1.20056501
5.91000 1.20024249
5.91500 1.19992032
5.92000 1.19959850
5.92500 1.19927703
5.93000 1.19895591
5.93500 1.19863514
5.94000 1.19831473
5.94500 1.19799466
5.95000 1.19767494
5.95500 1.19735556
5.96000 1.19703654
5.96500 1.19671786
5.97000 1.19639952
5.97500 1.19608153
5.98000 1.19576389
5.98500 1.19544659
5.99000 1.19512963
5.99500 1.19481301
6.00000 1.19449674
6.00500 1.19418080
6.01000 1.19386521
6.01500 1.19354996
6.02000 1.19323504
6.02500 1.19292047
6.03000 1.19260623
6.03500 1.19229233
6.04000 1.19197876
6.04500 1.19166553
6.05000 1.19135264
6.05500 1.19104008
6.06000 1.19072786
6.06500 1.19041596
6.07000 1.19010441
6.07500 1.18979318
6.08000 1.18948228
6.08500 1.18917172
6.09000 1.18886149
6.09500 1.18855158
6.10000 1.18824201
6.10500 1.18793276
6.11000 1.18762384
6.11500 1.18731525
6.12000 1.18700699
6.12500 1.18669905
6.13000 1.18639144
6.13500 1.18608415
6.14000 1.18577718
6.14500 1.18547054
6.15000 1.18516423
6.15500 1.18485823
6.16000 1.18455256
6.16500 1.18424721
6.17000 1.18394218
6.17500 1.18363747
6.18000 1.18333307
6.18500 1.18302900
6.19000 1.18272525
6.19500 1.18242181
6.20000 1.18211869
6.20500 1.18181589
6.21000 1.18151340
6.21500 1.18121123
6.22000 1.18090938
6.22500 1.18060784
6.23000 1.18030661
6.23500 1.18000569
6.24000 1.17970509
6.24500 1.17940480
6.25000 1.17910482
6.25500 1.17880515
6.26000 1.17850580
6.26500 1.17820675
6.27000 1.17790801
6.27500 1.17760958
6.28000 1.17731146
6.28500 1.17701364
6.29000 1.17671614
6.29500 1.17641893
6.30000 1.17612204
6.30500 1.17582545
6.31000 1.17552917
6.31500 1.17523318
6.32000 1.17493751
6.32500 1.17464213
6.33000 1.17434706
6.33500 1.17405229
6.34000 1.17375783
6.34500 1.17346366
6.35000 1.17316979
6.35500 1.17287623
6.36000 1.17258296
6.36500 1.17228999
6.37000 1.17199732
6.37500 1.17170495
6.38000 1.17141288
6.38500 1.17112110
6.39000 1.17082962
6.39500 1.17053843
6.40000 1.17024754
6.40500 1.16995694
6.41000 1.16966664
6.41500 1.16937663
6.42000 1.16908692
6.42500 1.16879749
6.43000 1.16850836
6.43500 1.16821952
6.44000 1.16793097
6.44500 1.16764272
6.45000 1.16735475
6.45500 1.16706707
6.46000 1.16677968
6.46500 1.16649258
6.47000 1.16620576
6.47500 1.16591924
6.48000 1.16563300
6.48500 1.16534705
6.49000 1.16506138
6.49500 1.16477600
6.50000 1.16449090
6.50500 1.16420609
6.51000 1.16392156
6.51500 1.16363732
6.52000 1.16335336
6.52500 1.16306968
6.53000 1.16278628
6.53500 1.16250317
6.54000 1.16222033
6.54500 1.16193778
6.55000 1.16165550
6.55500 1.16137351
6.56000 1.16109179
6.56500 1.16081036
6.57000 1.16052920
6.57500 1.16024832
6.58000 1.15996771
6.58500 1.15968738
6.59000 1.15940733
6.59500 1.15912756
6.60000 1.15884806
6.60500 1.15856883
6.61000 1.15828988
6.61500 1.15801120
6.62000 1.15773280
6.62500 1.15745467
6.63000 1.15717681
6.63500 1.15689922
6.64000 1.15662191
6.64500 1.15634486
6.65000 1.15606809
6.65500 1.15579158
6.66000 1.15551535
6.66500 1.15523938
6.67000 1.15496369
6.67500 1.15468826
6.68000 1.15441310
6.68500 1.15413820
6.69000 1.15386358
6.69500 1.15358922
6.70000 1.15331512
6.70500 1.15304130
6.71000 1.15276773
6.71500 1.15249443
6.72000 1.15222140
6.72500 1.15194863
6.73000 1.15167612
6.73500 1.15140388
6.74000 1.15113189
6.74500 1.15086017
6.75000 1.15058871
6.75500 1.15031752
6.76000 1.15004658
6.76500 1.14977590
6.77000 1.14950548
6.77500 1.14923533
6.78000 1.14896543
6.78500 1.14869579
6.79000 1.14842640
6.79500 1.14815728
6.80000 1.14788841
6.80500 1.14761980
6.81000 1.14735144
6.81500 1.14708334
6.82000 1.14681550
6.82500 1.14654791
6.83000 1.14628058
6.83500 1.14601350
6.84000 1.14574667
6.84500 1.14548010
6.85000 1.14521378
6.85500 1.14494771
6.86000 1.14468189
6.86500 1.14441633
6.87000 1.14415102
6.87500 1.14388596
6.88000 1.14362114
6.88500 1.14335658
6.89000 1.14309227
6.89500 1.14282821
6.90000 1.14256439
6.90500 1.14230083
6.91000 1.14203751
6.91500 1.14177444
6.92000 1.14151162
6.92500 1.14124904
6.93000 1.14098671
6.93500 1.14072463
6.94000 1.14046279
6.94500 1.14020119
6.95000 1.13993984
6.95500 1.13967874
6.96000 1.13941788
6.96500 1.13915726
6.97000 1.13889689
6.97500 1.13863675
6.98000 1.13837686
6.98500 1.13811722
6.99000 1.13785781
6.99500 1.13759865
7.00000 1.13733972
7.00500 1.13708104
7.01000 1.13682259
7.01500 1.13656439
7.02000 1.13630642
7.02500 1.13604870
7.03000 1.13579121
7.03500 1.13553396
7.04000 1.13527695
7.04500 1.13502017
7.05000 1.13476363
7.05500 1.13450733
7.06000 1.13425126
7.06500 1.13399543
7.07000 1.13373984
7.07500 1.13348448
7.08000 1.13322935
7.08500 1.13297446
7.09000 1.13271980
7.09500 1.13246538
7.10000 1.13221119
7.10500 1.13195723
7.11000 1.13170350
7.11500 1.13145001
7.12000 1.13119675
7.12500 1.13094372
7.13000 1.13069091
7.13500 1.13043834
7.14000 1.13018600
7.14500 1.12993389
7.15000 1.12968201
7.15500 1.12943036
7.16000 1.12917894
7.16500 1.12892774
7.17000 1.12867677
7.17500 1.12842603
7.18000 1.12817552
7.18500 1.12792524
7.19000 1.12767518
7.19500 1.12742534
7.20000 1.12717574
7.20500 1.12692635
7.21000 1.12667720
7.21500 1.12642826
7.22000 1.12617956
7.22500 1.12593107
7.23000 1.12568281
7.23500 1.12543477
7.24000 1.12518696
7.24500 1.12493937
7.25000 1.12469200
7.25500 1.12444485
7.26000 1.12419792
7.26500 1.12395122
7.27000 1.12370473
7.27500 1.12345847
7.28000 1.12321242
7.28500 1.12296660
7.29000 1.12272099
7.29500 1.12247561
7.30000 1.12223044
7.30500 1.12198549
7.31000 1.12174076
7.31500 1.12149625
7.32000 1.12125195
7.32500 1.12100787
7.33000 1.12076401
7.33500 1.12052037
7.34000 1.12027694
7.34500 1.12003372
7.35000 1.11979072
7.35500 1.11954794
7.36000 1.11930537
7.36500 1.11906302
7.37000 1.11882088
7.37500 1.11857895
7.38000 1.11833723
7.38500 1.11809573
7.39000 1.11785445
7.39500 1.11761337
7.40000 1.11737251
7.40500 1.11713186
7.41000 1.11689141
7.41500 1.11665119
7.42000 1.11641117
7.42500 1.11617136
7.43000 1.11593176
7.43500 1.11569237
7.44000 1.11545319
7.44500 1.11521422
7.45000 1.11497546
7.45500 1.11473691
7.46000 1.11449856
7.46500 1.11426043
7.47000 1.11402250
7.47500 1.11378478
7.48000 1.11354726
7.48500 1.11330995
7.49000 1.11307285
7.49500 1.11283595
7.50000 1.11259926
7.50500 1.11236278
7.51000 1.11212650
7.51500 1.11189042
7.52000 1.11165455
7.52500 1.11141888
7.53000 1.11118342
7.53500 1.11094816
7.54000 1.11071310
7.54500 1.11047825
7.55000 1.11024359
7.55500 1.11000914
7.56000 1.10977490
7.56500 1.10954085
7.57000 1.10930701
7.57500 1.10907336
7.58000 1.10883992
7.58500 1.10860668
7.59000 1.10837363
7.59500 1.10814079
7.60000 1.10790815
7.60500 1.10767570
7.61000 1.10744346
7.61500 1.10721141
7.62000 1.10697956
7.62500 1.10674791
7.63000 1.10651646
7.63500 1.10628520
7.64000 1.10605414
7.64500 1.10582328
7.65000 1.10559262
7.65500 1.10536215
7.66000 1.10513187
7.66500 1.10490180
7.67000 1.10467192
7.67500 1.10444223
7.68000 1.10421274
7.68500 1.10398344
7.69000 1.10375433
7.69500 1.10352542
7.70000 1.10329671
7.70500 1.10306818
7.71000 1.10283986
7.71500 1.10261172
7.72000 1.10238377
7.72500 1.10215602
7.73000 1.10192846
7.73500 1.10170109
7.74000 1.10147391
7.74500 1.10124693
7.75000 1.10102013
7.75500 1.10079352
7.76000 1.10056711
7.76500 1.10034088
7.77000 1.10011485
7.77500 1.09988900
7.78000 1.09966334
7.78500 1.09943787
7.79000 1.09921259
7.79500 1.09898750
7.80000 1.09876260
7.80500 1.09853788
7.81000 1.09831335
7.81500 1.09808901
7.82000 1.09786485
7.82500 1.09764089
7.83000 1.09741710
7.83500 1.09719351
7.84000 1.09697010
7.84500 1.09674687
7.85000 1.09652383
7.85500 1.09630098
7.86000 1.09607831
7.86500 1.09585582
7.87000 1.09563352
7.87500 1.09541140
7.88000 1.09518947
7.88500 1.09496772
7.89000 1.09474615
7.89500 1.09452476
7.90000 1.09430356
7.90500 1.09408254
7.91000 1.09386170
7.91500 1.09364105
7.92000 1.09342057
7.92500 1.09320028
7.93000 1.09298016
7.93500 1.09276023
7.94000 1.09254048
7.94500 1.09232091
7.95000 1.09210152
7.95500 1.09188231
7.96000 1.09166327
7.96500 1.09144442
7.97000 1.09122574
7.97500 1.09100725
7.98000 1.09078893
7.98500 1.09057079
7.99000 1.09035283
7.99500 1.09013505
8.00000 1.08991744
8.00500 1.08970001
8.01000 1.08948276
8.01500 1.08926568
8.02000 1.08904878
8.02500 1.08883206
8.03000 1.08861551
8.03500 1.08839914
8.04000 1.08818294
8.04500 1.08796692
8.05000 1.08775107
8.05500 1.08753540
8.06000 1.08731990
8.06500 1.08710457
8.07000 1.08688942
8.07500 1.08667445
8.08000 1.08645964
8.08500 1.08624501
8.09000 1.08603055
8.09500 1.08581627
8.10000 1.08560216
8.10500 1.08538821
8.11000 1.08517445
8.11500 1.08496085
8.12000 1.08474742
8.12500 1.08453417
8.13000 1.08432108
8.13500 1.08410817
8.14000 1.08389543
8.14500 1.08368286
8.15000 1.08347045
8.15500 1.08325822
8.16000 1.08304616
8.16500 1.08283426
8.17000 1.08262254
8.17500 1.08241098
8.18000 1.08219959
8.18500 1.08198837
8.19000 1.08177732
8.19500 1.08156644
8.20000 1.08135572
8.20500 1.08114517
8.21000 1.08093479
8.21500 1.08072457
8.22000 1.08051452
8.22500 1.08030464
8.23000 1.08009493
8.23500 1.07988538
8.24000 1.07967599
8.24500 1.07946677
8.25000 1.07925772
8.25500 1.07904883
8.26000 1.07884011
8.26500 1.07863155
8.27000 1.07842315
8.27500 1.07821492
8.28000 1.07800685
8.28500 1.07779895
8.29000 1.07759121
8.29500 1.07738363
8.30000 1.07717622
8.30500 1.07696897
8.31000 1.07676188
8.31500 1.07655495
8.32000 1.07634819
8.32500 1.07614158
8.33000 1.07593514
8.33500 1.07572886
8.34000 1.07552274
8.34500 1.07531679
8.35000 1.07511099
8.35500 1.07490535
8.36000 1.07469988
8.36500 1.07449456
8.37000 1.07428940
8.37500 1.07408441
8.38000 1.07387957
8.38500 1.07367489
8.39000 1.07347037
8.39500 1.07326601
8.40000 1.07306181
8.40500 1.07285777
8.41000 1.07265388
8.41500 1.07245015
8.42000 1.07224658
8.42500 1.07204317
8.43000 1.07183991
8.43500 1.07163682
8.44000 1.07143387
8.44500 1.07123109
8.45000 1.07102846
8.45500 1.07082599
8.46000 1.07062367
8.46500 1.07042151
8.47000 1.07021950
8.47500 1.07001765
8.48000 1.06981596
8.48500 1.06961442
8.49000 1.06941303
8.49500 1.06921180
8.50000 1.06901073
8.50500 1.06880980
8.51000 1.06860904
8.51500 1.06840842
8.52000 1.06820796
8.52500 1.06800765
8.53000 1.06780749
8.53500 1.06760749
8.54000 1.06740764
8.54500 1.06720794
8.55000 1.06700840
8.55500 1.06680900
8.56000 1.06660976
8.56500 1.06641067
8.57000 1.06621173
8.57500 1.06601295
8.58000 1.06581431
8.58500 1.06561582
8.59000 1.06541749
8.59500 1.06521930
8.60000 1.06502127
8.60500 1.06482338
8.61000 1.06462565
8.61500 1.06442806
8.62000 1.06423062
8.62500 1.06403334
8.63000 1.06383620
8.63500 1.06363921
8.64000 1.06344237
8.64500 1.06324568
8.65000 1.06304913
8.65500 1.06285274
8.66000 1.06265649
8.66500 1.06246039
8.67000 1.06226443
8.67500 1.06206863
8.68000 1.06187297
8.68500 1.06167745
8.69000 1.06148209
8.69500 1.06128687
8.70000 1.06109179
8.70500 1.06089687
8.71000 1.06070208
8.71500 1.06050745
8.72000 1.06031296
8.72500 1.06011861
8.73000 1.05992441
8.73500 1.05973036
8.74000 1.05953644
8.74500 1.05934268
8.75000 1.05914906
8.75500 1.05895558
8.76000 1.05876224
8.76500 1.05856905
8.77000 1.05837601
8.77500 1.05818310
8.78000 1.05799034
8.78500 1.05779772
8.79000 1.05760525
8.79500 1.05741292
8.80000 1.05722073
8.80500 1.05702868
8.81000 1.05683678
8.81500 1.05664501
8.82000 1.05645339
8.82500 1.05626191
8.83000 1.05607057
8.83500 1.05587937
8.84000 1.05568831
8.84500 1.05549740
8.85000 1.05530662
8.85500 1.05511599
8.86000 1.05492549
8.86500 1.05473514
8.87000 1.05454492
8.87500 1.05435484
8.88000 1.05416491
8.88500 1.05397511
8.89000 1.05378545
8.89500 1.05359593
8.90000 1.05340655
8.90500 1.05321731
8.91000 1.05302821
8.91500 1.05283924
8.92000 1.05265041
8.92500 1.05246173
8.93000 1.05227317
8.93500 1.05208476
8.94000 1.05189648
8.94500 1.05170834
8.95000 1.05152034
8.95500 1.05133247
8.96000 1.05114474
8.96500 1.05095715
8.97000 1.05076969
8.97500 1.05058237
8.98000 1.05039519
8.98500 1.05020814
8.99000 1.05002123
8.99500 1.04983445
9.00000 1.04964780
9.00500 1.04946130
9.01000 1.04927492
9.01500 1.04908868
9.02000 1.04890258
9.02500 1.04871661
9.03000 1.04853077
9.03500 1.04834507
9.04000 1.04815951
9.04500 1.04797407
9.05000 1.04778877
9.05500 1.04760360
9.06000 1.04741857
9.06500 1.04723367
9.07000 1.04704890
9.07500 1.04686426
9.08000 1.04667976
9.08500 1.04649539
9.09000 1.04631115
9.09500 1.04612705
9.10000 1.04594307
9.10500 1.04575923
9.11000 1.04557551
9.11500 1.04539193
9.12000 1.04520848
9.12500 1.04502517
9.13000 1.04484198
9.13500 1.04465892
9.14000 1.04447599
9.14500 1.04429320
9.15000 1.04411053
9.15500 1.04392800
9.16000 1.04374559
9.16500 1.04356331
9.17000 1.04338116
9.17500 1.04319915
9.18000 1.04301726
9.18500 1.04283550
9.19000 1.04265387
9.19500 1.04247236
9.20000 1.04229099
9.20500 1.04210975
9.21000 1.04192863
9.21500 1.04174764
9.22000 1.04156678
9.22500 1.04138604
9.23000 1.04120544
9.23500 1.04102496
9.24000 1.04084461
9.24500 1.04066438
9.25000 1.04048428
9.25500 1.04030431
9.26000 1.04012447
9.26500 1.03994475
9.27000 1.03976516
9.27500 1.03958569
9.28000 1.03940636
9.28500 1.03922714
9.29000 1.03904805
9.29500 1.03886909
9.30000 1.03869025
9.30500 1.03851154
9.31000 1.03833295
9.31500 1.03815449
9.32000 1.03797616
9.32500 1.03779794
9.33000 1.03761985
9.33500 1.03744189
9.34000 1.03726405
9.34500 1.03708633
9.35000 1.03690874
9.35500 1.03673127
9.36000 1.03655393
9.36500 1.03637671
9.37000 1.03619961
9.37500 1.03602263
9.38000 1.03584578
9.38500 1.03566905
9.39000 1.03549244
9.39500 1.03531596
9.40000 1.03513959
9.40500 1.03496335
9.41000 1.03478723
9.41500 1.03461124
9.42000 1.03443536
9.42500 1.03425961
9.43000 1.03408397
9.43500 1.03390846
9.44000 1.03373307
9.44500 1.03355780
9.45000 1.03338266
9.45500 1.03320763
9.46000 1.03303272
9.46500 1.03285793
9.47000 1.03268327
9.47500 1.03250872
9.48000 1.03233429
9.48500 1.03215999
9.49000 1.03198580
9.49500 1.03181173
9.50000 1.03163778
9.50500 1.03146395
9.51000 1.03129024
9.51500 1.03111665
9.52000 1.03094318
9.52500 1.03076983
9.53000 1.03059659
9.53500 1.03042347
9.54000 1.03025047
9.54500 1.03007759
9.55000 1.02990483
9.55500 1.02973218
9.56000 1.02955965
9.56500 1.02938724
9.57000 1.02921495
9.57500 1.02904277
9.58000 1.02887072
9.58500 1.02869877
9.59000 1.02852695
9.59500 1.02835524
9.60000 1.02818365
9.60500 1.02801217
9.61000 1.02784081
9.61500 1.02766957
9.62000 1.02749844
9.62500 1.02732743
9.63000 1.02715653
9.63500 1.02698575
9.64000 1.02681508
9.64500 1.02664453
9.65000 1.02647410
9.65500 1.02630378
9.66000 1.02613357
9.66500 1.02596348
9.67000 1.02579350
9.67500 1.02562364
9.68000 1.02545389
9.68500 1.02528426
9.69000 1.02511474
9.69500 1.02494533
9.70000 1.02477604
9.70500 1.02460686
9.71000 1.02443780
9.71500 1.02426884
9.72000 1.02410001
9.72500 1.02393128
9.73000 1.02376267
9.73500 1.02359417
9.74000 1.02342578
9.74500 1.02325750
9.75000 1.02308934
9.75500 1.02292129
9.76000 1.02275335
9.76500 1.02258552
9.77000 1.02241781
9.77500 1.02225021
9.78000 1.02208272
9.78500 1.02191534
9.79000 1.02174807
9.79500 1.02158091
9.80000 1.02141386
9.80500 1.02124693
9.81000 1.02108010
9.81500 1.02091339
9.82000 1.02074678
9.82500 1.02058029
9.83000 1.02041391
9.83500 1.02024763
9.84000 1.02008147
9.84500 1.01991542
9.85000 1.01974948
9.85500 1.01958364
9.86000 1.01941792
9.86500 1.01925230
9.87000 1.01908680
9.87500 1.01892140
9.88000 1.01875611
9.88500 1.01859093
9.89000 1.01842586
9.89500 1.01826090
9.90000 1.01809605
9.90500 1.01793130
9.91000 1.01776667
9.91500 1.01760214
9.92000 1.01743772
9.92500 1.01727341
9.93000 1.01710920
9.93500 1.01694510
9.94000 1.01678111
9.94500 1.01661723
9.95000 1.01645345
9.95500 1.01628979
9.96000 1.01612622
9.96500 1.01596277
9.97000 1.01579942
9.97500 1.01563618
9.98000 1.01547305
9.98500 1.01531002
9.99000 1.01514709
9.99500 1.01498428
10.00000 1.01482157
10.00500 1.01465896
10.01000 1.01449646
10.01500 1.01433407
10.02000 1.01417178
10.02500 1.01400960
10.03000 1.01384752
10.03500 1.01368555
10.04000 1.01352368
10.04500 1.01336192
10.05000 1.01320026
10.05500 1.01303871
10.06000 1.01287726
10.06500 1.01271592
10.07000 1.01255468
10.07500 1.01239354
10.08000 1.01223251
10.08500 1.01207158
10.09000 1.01191076
10.09500 1.01175004
10.10000 1.01158942
10.10500 1.01142891
10.11000 1.01126850
10.11500 1.01110819
10.12000 1.01094799
10.12500 1.01078789
10.13000 1.01062789
10.13500 1.01046799
10.14000 1.01030820
10.14500 1.01014851
10.15000 1.00998892
10.15500 1.00982944
10.16000 1.00967005
10.16500 1.00951077
10.17000 1.00935159
10.17500 1.00919251
10.18000 1.00903354
10.18500 1.00887466
10.19000 1.00871589
10.19500 1.00855722
10.20000 1.00839865
10.20500 1.00824018
10.21000 1.00808181
10.21500 1.00792354
10.22000 1.00776538
10.22500 1.00760731
10.23000 1.00744934
10.23500 1.00729148
10.24000 1.00713371
10.24500 1.00697605
10.25000 1.00681848
10.25500 1.00666102
10.26000 1.00650365
10.26500 1.00634639
10.27000 1.00618922
10.27500 1.00603216
10.28000 1.00587519
10.28500 1.00571832
10.29000 1.00556155
10.29500 1.00540488
10.30000 1.00524831
10.30500 1.00509184
10.31000 1.00493547
10.31500 1.00477919
10.32000 1.00462302
10.32500 1.00446694
10.33000 1.00431096
10.33500 1.00415508
10.34000 1.00399930
10.34500 1.00384361
10.35000 1.00368803
10.35500 1.00353254
10.36000 1.00337715
10.36500 1.00322185
10.37000 1.00306665
10.37500 1.00291156
10.38000 1.00275655
10.38500 1.00260165
10.39000 1.00244684
10.39500 1.00229213
10.40000 1.00213751
10.40500 1.00198300
10.41000 1.00182857
10.41500 1.00167425
10.42000 1.00152002
10.42500 1.00136589
10.43000 1.00121185
10.43500 1.00105791
10.44000 1.00090407
10.44500 1.00075032
10.45000 1.00059666
10.45500 1.00044311
10.46000 1.00028965
10.46500 1.00013628
10.47000 0.99998301
10.47500 0.99982983
10.48000 0.99967675
10.48500 0.99952376
10.49000 0.99937087
10.49500 0.99921808
10.50000 0.99906537
10.50500 0.99891277
10.51000 0.99876025
10.51500 0.99860783
10.52000 0.99845551
10.52500 0.99830328
10.53000 0.99815114
10.53500 0.99799910
10.54000 0.99784715
10.54500 0.99769530
10.55000 0.99754354
10.55500 0.99739187
10.56000 0.99724029
10.56500 0.99708881
10.57000 0.99693742
10.57500 0.99678613
10.58000 0.99663493
10.58500 0.99648382
10.59000 0.99633280
10.59500 0.99618188
10.60000 0.99603105
10.60500 0.99588031
10.61000 0.99572966
10.61500 0.99557911
10.62000 0.99542865
10.62500 0.99527828
10.63000 0.99512800
10.63500 0.99497781
10.64000 0.99482772
10.64500 0.99467772
10.65000 0.99452780
10.65500 0.99437798
10.66000 0.99422826
10.66500 0.99407862
10.67000 0.99392907
10.67500 0.99377962
10.68000 0.99363026
10.68500 0.99348098
10.69000 0.99333180
10.69500 0.99318271
10.70000 0.99303371
10.70500 0.99288480
10.71000 0.99273598
10.71500 0.99258725
10.72000 0.99243861
10.72500 0.99229006
10.73000 0.99214160
10.73500 0.99199323
10.74000 0.99184495
10.74500 0.99169676
10.75000 0.99154866
10.75500 0.99140065
10.76000 0.99125273
10.76500 0.99110490
10.77000 0.99095716
10.77500 0.99080950
10.78000 0.99066194
10.78500 0.99051446
10.79000 0.99036708
10.79500 0.99021978
10.80000 0.99007257
10.80500 0.98992545
10.81000 0.98977842
10.81500 0.98963147
10.82000 0.98948462
10.82500 0.98933785
10.83000 0.98919117
10.83500 0.98904458
10.84000 0.98889807
10.84500 0.98875166
10.85000 0.98860533
10.85500 0.98845909
10.86000 0.98831294
10.86500 0.98816687
10.87000 0.98802089
10.87500 0.98787500
10.88000 0.98772920
10.88500 0.98758348
10.89000 0.98743785
10.89500 0.98729231
10.90000 0.98714685
10.90500 0.98700148
10.91000 0.98685620
10.91500 0.98671100
10.92000 0.98656589
10.92500 0.98642087
10.93000 0.98627593
10.93500 0.98613108
10.94000 0.98598632
10.94500 0.98584164
10.95000 0.98569704
10.95500 0.98555253
10.96000 0.98540811
10.96500 0.98526378
10.97000 0.98511953
10.97500 0.98497536
10.98000 0.98483128
10.98500 0.98468728
10.99000 0.98454337
10.99500 0.98439955
11.00000 0.98425581
11.00500 0.98411216
11.01000 0.98396859
11.01500 0.98382510
11.02000 0.98368170
11.02500 0.98353838
11.03000 0.98339515
11.03500 0.98325200
11.04000 0.98310894
11.04500 0.98296596
11.05000 0.98282307
11.05500 0.98268025
11.06000 0.98253753
11.06500 0.98239488
11.07000 0.98225232
11.07500 0.98210985
11.08000 0.98196745
11.08500 0.98182515
11.09000 0.98168292
11.09500 0.98154078
11.10000 0.98139872
11.10500 0.98125674
11.11000 0.98111485
11.11500 0.98097304
11.12000 0.98083131
11.12500 0.98068967
11.13000 0.98054810
11.13500 0.98040663
11.14000 0.98026523
11.14500 0.98012391
11.15000 0.97998268
11.15500 0.97984153
11.16000 0.97970046
11.16500 0.97955948
11.17000 0.97941858
11.17500 0.97927775
11.18000 0.97913701
11.18500 0.97899636
11.19000 0.97885578
11.19500 0.97871528
11.20000 0.97857487
11.20500 0.97843454
11.21000 0.97829429
11.21500 0.97815412
11.22000 0.97801403
11.22500 0.97787402
11.23000 0.97773410
11.23500 0.97759425
11.24000 0.97745449
11.24500 0.97731480
11.25000 0.97717520
11.25500 0.97703568
11.26000 0.97689624
11.26500 0.97675687
11.27000 0.97661759
11.27500 0.97647839
11.28000 0.97633927
11.28500 0.97620023
11.29000 0.97606127
11.29500 0.97592239
11.30000 0.97578359
11.30500 0.97564487
11.31000 0.97550622
11.31500 0.97536766
11.32000 0.97522918
11.32500 0.97509078
11.33000 0.97495245
11.33500 0.97481421
11.34000 0.97467604
11.34500 0.97453795
11.35000 0.97439995
11.35500 0.97426202
11.36000 0.97412417
11.36500 0.97398640
11.37000 0.97384871
11.37500 0.97371109
11.38000 0.97357356
11.38500 0.97343610
11.39000 0.97329872
11.39500 0.97316142
11.40000 0.97302420
11.40500 0.97288706
11.41000 0.97274999
11.41500 0.97261300
11.42000 0.97247610
11.42500 0.97233926
11.43000 0.97220251
11.43500 0.97206583
11.44000 0.97192923
11.44500 0.97179271
11.45000 0.97165627
11.45500 0.97151990
11.46000 0.97138361
11.46500 0.97124740
11.47000 0.97111127
11.47500 0.97097521
11.48000 0.97083923
11.48500 0.97070332
11.49000 0.97056749
11.49500 0.97043174
11.50000 0.97029607
11.50500 0.97016047
11.51000 0.97002495
11.51500 0.96988951
11.52000 0.96975414
11.52500 0.96961885
11.53000 0.96948363
11.53500 0.96934849
11.54000 0.96921343
11.54500 0.96907844
11.55000 0.96894353
11.55500 0.96880869
11.56000 0.96867393
11.56500 0.96853925
11.57000 0.96840464
11.57500 0.96827011
11.58000 0.96813565
11.58500 0.96800127
11.59000 0.96786696
11.59500 0.96773273
11.60000 0.96759857
11.60500 0.96746449
11.61000 0.96733048
11.61500 0.96719655
11.62000 0.96706269
11.62500 0.96692891
11.63000 0.96679520
11.63500 0.96666157
11.64000 0.96652801
11.64500 0.96639452
11.65000 0.96626111
11.65500 0.96612778
11.66000 0.96599452
11.66500 0.96586133
11.67000 0.96572822
11.67500 0.96559518
11.68000 0.96546221
11.68500 0.96532932
11.69000 0.96519650
11.69500 0.96506376
11.70000 0.96493109
11.70500 0.96479849
11.71000 0.96466597
11.71500 0.96453352
11.72000 0.96440114
11.72500 0.96426884
11.73000 0.96413661
11.73500 0.96400445
11.74000 0.96387237
11.74500 0.96374036
11.75000 0.96360842
11.75500 0.96347656
11.76000 0.96334476
11.76500 0.96321304
11.77000 0.96308140
11.77500 0.96294982
11.78000 0.96281832
11.78500 0.96268689
11.79000 0.96255554
11.79500 0.96242425
11.80000 0.96229304
11.80500 0.96216190
11.81000 0.96203083
11.81500 0.96189983
11.82000 0.96176891
11.82500 0.96163806
11.83000 0.96150728
11.83500 0.96137657
11.84000 0.96124593
11.84500 0.96111536
11.85000 0.96098487
11.85500 0.96085445
11.86000 0.96072410
11.86500 0.96059382
11.87000 0.96046361
11.87500 0.96033347
11.88000 0.96020340
11.88500 0.96007341
11.89000 0.95994348
11.89500 0.95981363
11.90000 0.95968385
11.90500 0.95955413
11.91000 0.95942449
11.91500 0.95929492
11.92000 0.95916542
11.92500 0.95903599
11.93000 0.95890663
11.93500 0.95877734
11.94000 0.95864812
11.94500 0.95851898
11.95000 0.95838990
11.95500 0.95826089
11.96000 0.95813195
11.96500 0.95800308
11.97000 0.95787428
11.97500 0.95774555
11.98000 0.95761689
11.98500 0.95748831
11.99000 0.95735979
11.99500 0.95723134
12.00000 0.95710295
12.00500 0.95697464
12.01000 0.95684640
12.01500 0.95671823
12.02000 0.95659012
12.02500 0.95646209
12.03000 0.95633412
12.03500 0.95620623
12.04000 0.95607840
12.04500 0.95595064
12.05000 0.95582295
12.05500 0.95569533
12.06000 0.95556778
12.06500 0.95544029
12.07000 0.95531288
12.07500 0.95518553
12.08000 0.95505825
12.08500 0.95493104
12.09000 0.95480390
12.09500 0.95467682
12.10000 0.95454982
12.10500 0.95442288
12.11000 0.95429601
12.11500 0.95416921
12.12000 0.95404248
12.12500 0.95391581
12.13000 0.95378921
12.13500 0.95366268
12.14000 0.95353622
12.14500 0.95340982
12.15000 0.95328350
12.15500 0.95315723
12.16000 0.95303104
12.16500 0.95290492
12.17000 0.95277886
12.17500 0.95265287
12.18000 0.95252694
12.18500 0.95240108
12.19000 0.95227529
12.19500 0.95214957
12.20000 0.95202391
12.20500 0.95189832
12.21000 0.95177280
12.21500 0.95164734
12.22000 0.95152196
12.22500 0.95139663
12.23000 0.95127138
12.23500 0.95114618
12.24000 0.95102106
12.24500 0.95089600
12.25000 0.95077101
12.25500 0.95064609
12.26000 0.95052123
12.26500 0.95039643
12.27000 0.95027171
12.27500 0.95014705
12.28000 0.95002245
12.28500 0.94989792
12.29000 0.94977346
12.29500 0.94964906
12.30000 0.94952473
12.30500 0.94940046
12.31000 0.94927626
12.31500 0.94915212
12.32000 0.94902805
12.32500 0.94890404
12.33000 0.94878010
12.33500 0.94865623
12.34000 0.94853242
12.34500 0.94840867
12.35000 0.94828499
12.35500 0.94816138
12.36000 0.94803783
12.36500 0.94791434
12.37000 0.94779092
12.37500 0.94766757
12.38000 0.94754428
12.38500 0.94742105
12.39000 0.94729789
12.39500 0.94717479
12.40000 0.94705176
12.40500 0.94692879
12.41000 0.94680588
12.41500 0.94668304
12.42000 0.94656026
12.42500 0.94643755
12.43000 0.94631490
12.43500 0.94619232
12.44000 0.94606980
12.44500 0.94594734
12.45000 0.94582495
12.45500 0.94570262
12.46000 0.94558035
12.46500 0.94545815
12.47000 0.94533601
12.47500 0.94521394
12.48000 0.94509193
12.48500 0.94496998
12.49000 0.94484810
12.49500 0.94472627
12.50000 0.94460452
12.50500 0.94448282
12.51000 0.94436119
12.51500 0.94423962
12.52000 0.94411811
12.52500 0.94399667
12.53000 0.94387529
12.53500 0.94375397
12.54000 0.94363272
12.54500 0.94351153
12.55000 0.94339040
12.55500 0.94326933
12.56000 0.94314833
12.56500 0.94302739
12.57000 0.94290651
12.57500 0.94278569
12.58000 0.94266493
12.58500 0.94254424
12.59000 0.94242361
12.59500 0.94230304
12.60000 0.94218254
12.60500 0.94206209
12.61000 0.94194171
12.61500 0.94182139
12.62000 0.94170113
12.62500 0.94158093
12.63000 0.94146080
12.63500 0.94134073
12.64000 0.94122071
12.64500 0.94110076
12.65000 0.94098088
12.65500 0.94086105
12.66000 0.94074128
12.66500 0.94062158
12.67000 0.94050193
12.67500 0.94038235
12.68000 0.94026283
12.68500 0.94014337
12.69000 0.94002397
12.69500 0.93990463
12.70000 0.93978536
12.70500 0.93966614
12.71000 0.93954698
12.71500 0.93942789
12.72000 0.93930886
12.72500 0.93918988
12.73000 0.93907097
12.73500 0.93895212
12.74000 0.93883333
12.74500 0.93871460
12.75000 0.93859593
12.75500 0.93847731
12.76000 0.93835876
12.76500 0.93824027
12.77000 0.93812184
12.77500 0.93800348
12.78000 0.93788517
12.78500 0.93776692
12.79000 0.93764873
12.79500 0.93753060
12.80000 0.93741253
12.80500 0.93729452
12.81000 0.93717657
12.81500 0.93705868
12.82000 0.93694084
12.82500 0.93682307
12.83000 0.93670536
12.83500 0.93658771
12.84000 0.93647011
12.84500 0.93635258
12.85000 0.93623511
12.85500 0.93611769
12.86000 0.93600033
12.86500 0.93588304
12.87000 0.93576580
12.87500 0.93564862
12.88000 0.93553150
12.88500 0.93541444
12.89000 0.93529744
12.89500 0.93518050
12.90000 0.93506361
12.90500 0.93494678
12.91000 0.93483002
12.91500 0.93471331
12.92000 0.93459666
12.92500 0.93448007
12.93000 0.93436354
12.93500 0.93424706
12.94000 0.93413064
12.94500 0.93401429
12.95000 0.93389799
12.95500 0.93378175
12.96000 0.93366556
12.96500 0.93354944
12.97000 0.93343337
12.97500 0.93331736
12.98000 0.93320141
12.98500 0.93308552
12.99000 0.93296968
12.99500 0.93285390
13.00000 0.93273818
13.00500 0.93262252
13.01000 0.93250692
13.01500 0.93239137
13.02000 0.93227588
13.02500 0.93216045
13.03000 0.93204507
13.03500 0.93192976
13.04000 0.93181450
13.04500 0.93169929
13.05000 0.93158415
13.05500 0.93146906
13.06000 0.93135403
13.06500 0.93123906
13.07000 0.93112414
13.07500 0.93100928
13.08000 0.93089448
13.08500 0.93077973
13.09000 0.93066504
13.09500 0.93055041
13.10000 0.93043583
13.10500 0.93032131
13.11000 0.93020685
13.11500 0.93009244
13.12000 0.92997809
13.12500 0.92986380
13.13000 0.92974956
13.13500 0.92963538
13.14000 0.92952126
13.14500 0.92940719
13.15000 0.92929318
13.15500 0.92917923
13.16000 0.92906533
13.16500 0.92895148
13.17000 0.92883770
13.17500 0.92872397
13.18000 0.92861029
13.18500 0.92849667
13.19000 0.92838311
13.19500 0.92826960
13.20000 0.92815615
13.20500 0.92804275
13.21000 0.92792941
13.21500 0.92781613
13.22000 0.92770290
13.22500 0.92758972
13.23000 0.92747661
13.23500 0.92736354
13.24000 0.92725054
13.24500 0.92713758
13.25000 0.92702469
13.25500 0.92691184
13.26000 0.92679906
13.26500 0.92668633
13.27000 0.92657365
13.27500 0.92646103
13.28000 0.92634846
13.28500 0.92623595
13.29000 0.92612349
13.29500 0.92601109
13.30000 0.92589874
13.30500 0.92578645
13.31000 0.92567421
13.31500 0.92556203
13.32000 0.92544990
13.32500 0.92533783
13.33000 0.92522581
13.33500 0.92511384
13.34000 0.92500193
13.34500 0.92489008
13.35000 0.92477827
13.35500 0.92466653
13.36000 0.92455483
13.36500 0.92444319
13.37000 0.92433161
13.37500 0.92422008
13.38000 0.92410860
13.38500 0.92399718
13.39000 0.92388581
13.39500 0.92377449
13.40000 0.92366323
13.40500 0.92355202
13.41000 0.92344087
13.41500 0.92332977
13.42000 0.92321872
13.42500 0.92310773
13.43000 0.92299679
13.43500 0.92288591
13.44000 0.92277507
13.44500 0.92266429
13.45000 0.92255357
13.45500 0.92244290
13.46000 0.92233228
13.46500 0.92222171
13.47000 0.92211120
13.47500 0.92200074
13.48000 0.92189033
13.48500 0.92177998
13.49000 0.92166968
13.49500 0.92155943
13.50000 0.92144924
13.50500 0.92133910
13.51000 0.92122901
13.51500 0.92111897
13.52000 0.92100899
13.52500 0.92089906
13.53000 0.92078918
13.53500 0.92067936
13.54000 0.92056958
13.54500 0.92045987
13.55000 0.92035020
13.55500 0.92024058
13.56000 0.92013102
13.56500 0.92002151
13.57000 0.91991205
13.57500 0.91980265
13.58000 0.91969329
13.58500 0.91958399
13.59000 0.91947474
13.59500 0.91936554
13.60000 0.91925640
13.60500 0.91914731
13.61000 0.91903827
13.61500 0.91892928
13.62000 0.91882034
13.62500 0.91871145
13.63000 0.91860262
13.63500 0.91849384
13.64000 0.91838511
13.64500 0.91827643
13.65000 0.91816780
13.65500 0.91805923
13.66000 0.91795070
13.66500 0.91784223
13.67000 0.91773381
13.67500 0.91762544
13.68000 0.91751712
13.68500 0.91740885
13.69000 0.91730064
13.69500 0.91719247
13.70000 0.91708436
13.70500 0.91697630
13.71000 0.91686829
13.71500 0.91676032
13.72000 0.91665242
13.72500 0.91654456
13.73000 0.91643675
13.73500 0.91632899
13.74000 0.91622129
13.74500 0.91611363
13.75000 0.91600603
13.75500 0.91589848
13.76000 0.91579097
13.76500 0.91568352
13.77000 0.91557612
13.77500 0.91546877
13.78000 0.91536147
13.78500 0.91525422
13.79000 0.91514702
13.79500 0.91503987
13.80000 0.91493277
13.80500 0.91482572
13.81000 0.91471872
13.81500 0.91461177
13.82000 0.91450487
13.82500 0.91439803
13.83000 0.91429123
13.83500 0.91418448
13.84000 0.91407778
13.84500 0.91397113
13.85000 0.91386454
13.85500 0.91375799
13.86000 0.91365149
13.86500 0.91354504
13.87000 0.91343864
13.87500 0.91333229
13.88000 0.91322599
13.88500 0.91311974
13.89000 0.91301354
13.89500 0.91290739
13.90000 0.91280129
13.90500 0.91269524
13.91000 0.91258923
13.91500 0.91248328
13.92000 0.91237738
13.92500 0.91227152
13.93000 0.91216572
13.93500 0.91205996
13.94000 0.91195425
13.94500 0.91184860
13.95000 0.91174299
13.95500 0.91163743
13.96000 0.91153192
13.96500 0.91142646
13.97000 0.91132104
13.97500 0.91121568
13.98000 0.91111036
13.98500 0.91100510
13.99000 0.91089988
13.99500 0.91079471
14.00000 0.91068959
14.00500 0.91058452
14.01000 0.91047950
14.01500 0.91037452
14.02000 0.91026960
14.02500 0.91016472
14.03000 0.91005989
14.03500 0.90995511
14.04000 0.90985038
14.04500 0.90974569
14.05000 0.90964106
14.05500 0.90953647
14.06000 0.90943193
14.06500 0.90932744
14.07000 0.90922300
14.07500 0.90911860
14.08000 0.90901426
14.08500 0.90890996
14.09000 0.90880571
14.09500 0.90870151
14.10000 0.90859735
14.10500 0.90849324
14.11000 0.90838918
14.11500 0.90828517
14.12000 0.90818121
14.12500 0.90807729
14.13000 0.90797343
14.13500 0.90786961
14.14000 0.90776583
14.14500 0.90766211
14.15000 0.90755843
14.15500 0.90745480
14.16000 0.90735121
14.16500 0.90724768
14.17000 0.90714419
14.17500 0.90704075
14.18000 0.90693736
14.18500 0.90683401
14.19000 0.90673071
14.19500 0.90662746
14.20000 0.90652425
14.20500 0.90642110
14.21000 0.90631798
14.21500 0.90621492
14.22000 0.90611190
14.22500 0.90600893
14.23000 0.90590601
14.23500 0.90580313
14.24000 0.90570030
14.24500 0.90559752
14.25000 0.90549479
14.25500 0.90539210
14.26000 0.90528945
14.26500 0.90518686
14.27000 0.90508431
14.27500 0.90498181
14.28000 0.90487935
14.28500 0.90477694
14.29000 0.90467458
14.29500 0.90457226
14.30000 0.90446999
14.30500 0.90436777
14.31000 0.90426559
14.31500 0.90416346
14.32000 0.90406137
14.32500 0.90395933
14.33000 0.90385734
14.33500 0.90375539
14.34000 0.90365349
14.34500 0.90355164
14.35000 0.90344983
14.35500 0.90334806
14.36000 0.90324635
14.36500 0.90314468
14.37000 0.90304305
14.37500 0.90294147
14.38000 0.90283994
14.38500 0.90273845
14.39000 0.90263701
14.39500 0.90253561
14.40000 0.90243426
14.40500 0.90233295
14.41000 0.90223169
14.41500 0.90213048
14.42000 0.90202931
14.42500 0.90192819
14.43000 0.90182711
14.43500 0.90172608
14.44000 0.90162509
14.44500 0.90152415
14.45000 0.90142325
14.45500 0.90132240
14.46000 0.90122160
14.46500 0.90112083
14.47000 0.90102012
14.47500 0.90091945
14.48000 0.90081882
14.48500 0.90071824
14.49000 0.90061771
14.49500 0.90051722
14.50000 0.90041677
14.50500 0.90031637
14.51000 0.90021601
14.51500 0.90011570
14.52000 0.90001543
14.52500 0.89991521
14.53000 0.89981504
14.53500 0.89971490
14.54000 0.89961482
14.54500 0.89951477
14.55000 0.89941477
14.55500 0.89931482
14.56000 0.89921491
14.56500 0.89911505
14.57000 0.89901523
14.57500 0.89891545
14.58000 0.89881572
14.58500 0.89871603
14.59000 0.89861639
14.59500 0.89851679
14.60000 0.89841723
14.60500 0.89831772
14.61000 0.89821826
14.61500 0.89811883
14.62000 0.89801945
14.62500 0.89792012
14.63000 0.89782083
14.63500 0.89772158
14.64000 0.89762238
14.64500 0.89752322
14.65000 0.89742411
14.65500 0.89732504
14.66000 0.89722601
14.66500 0.89712703
14.67000 0.89702809
14.67500 0.89692919
14.68000 0.89683034
14.68500 0.89673153
14.69000 0.89663277
14.69500 0.89653404
14.70000 0.89643537
14.70500 0.89633673
14.71000 0.89623814
14.71500 0.89613959
14.72000 0.89604109
14.72500 0.89594263
14.73000 0.89584421
14.73500 0.89574584
14.74000 0.89564751
14.74500 0.89554922
14.75000 0.89545098
14.75500 0.89535277
14.76000 0.89525462
14.76500 0.89515650
14.77000 0.89505843
14.77500 0.89496040
14.78000 0.89486241
14.78500 0.89476447
14.79000 0.89466657
14.79500 0.89456871
14.80000 0.89447090
14.80500 0.89437313
14.81000 0.89427540
14.81500 0.89417771
14.82000 0.89408007
14.82500 0.89398247
14.83000 0.89388491
14.83500 0.89378740
14.84000 0.89368992
14.84500 0.89359249
14.85000 0.89349511
14.85500 0.89339776
14.86000 0.89330046
14.86500 0.89320320
14.87000 0.89310598
14.87500 0.89300881
14.88000 0.89291167
14.88500 0.89281458
14.89000 0.89271753
14.89500 0.89262053
14.90000 0.89252356
14.90500 0.89242664
14.91000 0.89232976
14.91500 0.89223292
14.92000 0.89213613
14.92500 0.89203937
14.93000 0.89194266
14.93500 0.89184599
14.94000 0.89174937
14.94500 0.89165278
14.95000 0.89155624
14.95500 0.89145973
14.96000 0.89136327
14.96500 0.89126686
14.97000 0.89117048
14.97500 0.89107414
14.98000 0.89097785
14.98500 0.89088160
14.99000 0.89078539
14.99500 0.89068922
15.00000 0.89059309
15.00500 0.89049701
15.01000 0.89040096
15.01500 0.89030496
15.02000 0.89020900
15.02500 0.89011308
15.03000 0.89001720
15.03500 0.88992137
15.04000 0.88982557
15.04500 0.88972982
15.05000 0.88963410
15.05500 0.88953843
15.06000 0.88944280
15.06500 0.88934721
15.07000 0.88925166
15.07500 0.88915616
15.08000 0.88906069
15.08500 0.88896527
15.09000 0.88886988
15.09500 0.88877454
15.10000 0.88867924
15.10500 0.88858398
15.11000 0.88848875
15.11500 0.88839357
15.12000 0.88829844
15.12500 0.88820334
15.13000 0.88810828
15.13500 0.88801326
15.14000 0.88791829
15.14500 0.88782335
15.15000 0.88772846
15.15500 0.88763360
15.16000 0.88753879
15.16500 0.88744402
15.17000 0.88734929
15.17500 0.88725459
15.18000 0.88715994
15.18500 0.88706533
15.19000 0.88697076
15.19500 0.88687623
15.20000 0.88678174
15.20500 0.88668729
15.21000 0.88659288
15.21500 0.88649851
15.22000 0.88640418
15.22500 0.88630989
15.23000 0.88621564
15.23500 0.88612144
15.24000 0.88602727
15.24500 0.88593314
15.25000 0.88583905
15.25500 0.88574500
15.26000 0.88565099
15.26500 0.88555702
15.27000 0.88546310
15.27500 0.88536921
15.28000 0.88527536
15.28500 0.88518155
15.29000 0.88508778
15.29500 0.88499405
15.30000 0.88490036
15.30500 0.88480671
15.31000 0.88471310
15.31500 0.88461953
15.32000 0.88452600
15.32500 0.88443250
15.33000 0.88433905
15.33500 0.88424564
15.34000 0.88415227
15.34500 0.88405893
15.35000 0.88396564
15.35500 0.88387238
15.36000 0.88377917
15.36500 0.88368599
15.37000 0.88359285
15.37500 0.88349976
15.38000 0.88340670
15.38500 0.88331368
15.39000 0.88322070
15.39500 0.88312776
15.40000 0.88303485
15.40500 0.88294199
15.41000 0.88284917
15.41500 0.88275638
15.42000 0.88266364
15.42500 0.88257093
15.43000 0.88247826
15.43500 0.88238564
15.44000 0.88229305
15.44500 0.88220049
15.45000 0.88210798
15.45500 0.88201551
15.46000 0.88192307
15.46500 0.88183068
15.47000 0.88173832
15.47500 0.88164600
15.48000 0.88155372
15.48500 0.88146148
15.49000 0.88136928
15.49500 0.88127712
15.50000 0.88118499
15.50500 0.88109290
15.51000 0.88100086
15.51500 0.88090885
15.52000 0.88081688
15.52500 0.88072494
15.53000 0.88063305
15.53500 0.88054119
15.54000 0.88044937
15.54500 0.88035759
15.55000 0.88026585
15.55500 0.88017415
15.56000 0.88008249
15.56500 0.87999086
15.57000 0.87989927
15.57500 0.87980772
15.58000 0.87971621
15.58500 0.87962473
15.59000 0.87953330
15.59500 0.87944190
15.60000 0.87935054
15.60500 0.87925922
15.61000 0.87916793
15.61500 0.87907669
15.62000 0.87898548
15.62500 0.87889431
15.63000 0.87880318
15.63500 0.87871208
15.64000 0.87862102
15.64500 0.87853001
15.65000 0.87843902
15.65500 0.87834808
15.66000 0.87825717
15.66500 0.87816630
15.67000 0.87807547
15.67500 0.87798468
15.68000 0.87789392
15.68500 0.87780321
15.69000 0.87771253
15.69500 0.87762188
15.70000 0.87753128
15.70500 0.87744071
15.71000 0.87735018
15.71500 0.87725968
15.72000 0.87716923
15.72500 0.87707881
15.73000 0.87698843
15.73500 0.87689808
15.74000 0.87680777
15.74500 0.87671750
15.75000 0.87662727
15.75500 0.87653707
15.76000 0.87644692
15.76500 0.87635679
15.77000 0.87626671
15.77500 0.87617666
15.78000 0.87608665
15.78500 0.87599668
15.79000 0.87590674
15.79500 0.87581684
15.80000 0.87572698
15.80500 0.87563715
15.81000 0.87554736
15.81500 0.87545761
15.82000 0.87536790
15.82500 0.87527822
15.83000 0.87518858
15.83500 0.87509897
15.84000 0.87500940
15.84500 0.87491987
15.85000 0.87483038
15.85500 0.87474092
15.86000 0.87465149
15.86500 0.87456211
15.87000 0.87447276
15.87500 0.87438345
15.88000 0.87429417
15.88500 0.87420493
15.89000 0.87411573
15.89500 0.87402656
15.90000 0.87393743
15.90500 0.87384834
15.91000 0.87375928
15.91500 0.87367026
15.92000 0.87358128
15.92500 0.87349233
15.93000 0.87340341
15.93500 0.87331454
15.94000 0.87322570
15.94500 0.87313689
15.95000 0.87304813
15.95500 0.87295939
15.96000 0.87287070
15.96500 0.87278204
15.97000 0.87269341
15.97500 0.87260483
15.98000 0.87251628
15.98500 0.87242776
15.99000 0.87233928
15.99500 0.87225084
16.00000 0.87216243
16.00500 0.87207406
16.01000 0.87198572
16.01500 0.87189742
16.02000 0.87180915
16.02500 0.87172092
16.03000 0.87163273
16.03500 0.87154457
16.04000 0.87145645
16.04500 0.87136836
16.05000 0.87128031
16.05500 0.87119230
16.06000 0.87110432
16.06500 0.87101637
16.07000 0.87092847
16.07500 0.87084059
16.08000 0.87075275
16.08500 0.87066495
16.09000 0.87057718
16.09500 0.87048945
16.10000 0.87040176
16.10500 0.87031410
16.11000 0.87022647
16.11500 0.87013888
16.12000 0.87005132
16.12500 0.86996380
16.13000 0.86987632
16.13500 0.86978887
16.14000 0.86970146
16.14500 0.86961408
16.15000 0.86952673
16.15500 0.86943942
16.16000 0.86935215
16.16500 0.86926491
16.17000 0.86917771
16.17500 0.86909054
16.18000 0.86900340
16.18500 0.86891631
16.19000 0.86882924
16.19500 0.86874221
16.20000 0.86865522
16.20500 0.86856826
16.21000 0.86848133
16.21500 0.86839444
16.22000 0.86830759
16.22500 0.86822077
16.23000 0.86813398
16.23500 0.86804723
16.24000 0.86796051
16.24500 0.86787383
16.25000 0.86778719
16.25500 0.86770057
16.26000 0.86761399
16.26500 0.86752745
16.27000 0.86744094
16.27500 0.86735447
16.28000 0.86726803
16.28500 0.86718162
16.29000 0.86709525
16.29500 0.86700891
16.30000 0.86692261
16.30500 0.86683634
16.31000 0.86675011
16.31500 0.86666391
16.32000 0.86657775
16.32500 0.86649161
16.33000 0.86640552
16.33500 0.86631946
16.34000 0.86623343
16.34500 0.86614743
16.35000 0.86606147
16.35500 0.86597555
16.36000 0.86588966
16.36500 0.86580380
16.37000 0.86571797
16.37500 0.86563218
16.38000 0.86554643
16.38500 0.86546071
16.39000 0.86537502
16.39500 0.86528937
16.40000 0.86520375
16.40500 0.86511816
16.41000 0.86503261
16.41500 0.86494709
16.42000 0.86486160
16.42500 0.86477615
16.43000 0.86469074
16.43500 0.86460535
16.44000 0.86452000
16.44500 0.86443469
16.45000 0.86434940
16.45500 0.86426416
16.46000 0.86417894
16.46500 0.86409376
16.47000 0.86400861
16.47500 0.86392350
16.48000 0.86383842
16.48500 0.86375337
16.49000 0.86366836
16.49500 0.86358338
16.50000 0.86349843
16.50500 0.86341351
16.51000 0.86332863
16.51500 0.86324379
16.52000 0.86315897
16.52500 0.86307419
16.53000 0.86298945
16.53500 0.86290473
16.54000 0.86282005
16.54500 0.86273541
16.55000 0.86265079
16.55500 0.86256621
16.56000 0.86248166
16.56500 0.86239715
16.57000 0.86231267
16.57500 0.86222822
16.58000 0.86214380
16.58500 0.86205942
16.59000 0.86197507
16.59500 0.86189076
16.60000 0.86180647
16.60500 0.86172222
16.61000 0.86163801
16.61500 0.86155382
16.62000 0.86146967
16.62500 0.86138555
16.63000 0.86130147
16.63500 0.86121741
16.64000 0.86113339
16.64500 0.86104940
16.65000 0.86096545
16.65500 0.86088153
16.66000 0.86079764
16.66500 0.86071378
16.67000 0.86062996
16.67500 0.86054617
16.68000 0.86046241
16.68500 0.86037868
16.69000 0.86029499
16.69500 0.86021133
16.70000 0.86012770
16.70500 0.86004410
16.71000 0.85996054
16.71500 0.85987701
16.72000 0.85979351
16.72500 0.85971004
16.73000 0.85962661
16.73500 0.85954321
16.74000 0.85945984
16.74500 0.85937650
16.75000 0.85929320
16.75500 0.85920993
16.76000 0.85912669
16.76500 0.85904348
16.77000 0.85896030
16.77500 0.85887716
16.78000 0.85879405
16.78500 0.85871097
16.79000 0.85862792
16.79500 0.85854491
16.80000 0.85846192
16.80500 0.85837897
16.81000 0.85829606
16.81500 0.85821317
16.82000 0.85813031
16.82500 0.85804749
16.83000 0.85796470
16.83500 0.85788194
16.84000 0.85779922
16.84500 0.85771652
16.85000 0.85763386
16.85500 0.85755123
16.86000 0.85746863
16.86500 0.85738606
16.87000 0.85730352
16.87500 0.85722102
16.88000 0.85713855
16.88500 0.85705611
16.89000 0.85697370
16.89500 0.85689132
16.90000 0.85680898
16.90500 0.85672666
16.91000 0.85664438
16.91500 0.85656213
16.92000 0.85647991
16.92500 0.85639772
16.93000 0.85631557
16.93500 0.85623344
16.94000 0.85615135
16.94500 0.85606929
16.95000 0.85598726
16.95500 0.85590526
16.96000 0.85582329
16.96500 0.85574136
16.97000 0.85565945
16.97500 0.85557758
16.98000 0.85549574
16.98500 0.85541392
16.99000 0.85533215
16.99500 0.85525040
17.00000 0.85516868
17.00500 0.85508699
17.01000 0.85500534
17.01500 0.85492372
17.02000 0.85484212
17.02500 0.85476056
17.03000 0.85467903
17.03500 0.85459753
17.04000 0.85451607
17.04500 0.85443463
17.05000 0.85435322
17.05500 0.85427185
17.06000 0.85419051
17.06500 0.85410919
17.07000 0.85402791
17.07500 0.85394666
17.08000 0.85386544
17.08500 0.85378425
17.09000 0.85370309
17.09500 0.85362196
17.10000 0.85354087
17.10500 0.85345980
17.11000 0.85337877
17.11500 0.85329776
17.12000 0.85321679
17.12500 0.85313585
17.13000 0.85305493
17.13500 0.85297405
17.14000 0.85289320
17.14500 0.85281238
17.15000 0.85273159
17.15500 0.85265083
17.16000 0.85257010
17.16500 0.85248941
17.17000 0.85240874
17.17500 0.85232810
17.18000 0.85224750
17.18500 0.85216692
17.19000 0.85208637
17.19500 0.85200586
17.20000 0.85192537
17.20500 0.85184492
17.21000 0.85176450
17.21500 0.85168410
17.22000 0.85160374
17.22500 0.85152341
17.23000 0.85144310
17.23500 0.85136283
17.24000 0.85128259
17.24500 0.85120238
17.25000 0.85112220
17.25500 0.85104204
17.26000 0.85096192
17.26500 0.85088183
17.27000 0.85080177
17.27500 0.85072174
17.28000 0.85064174
17.28500 0.85056177
17.29000 0.85048183
17.29500 0.85040192
17.30000 0.85032204
17.30500 0.85024219
17.31000 0.85016237
17.31500 0.85008257
17.32000 0.85000281
17.32500 0.84992308
17.33000 0.84984338
17.33500 0.84976371
17.34000 0.84968407
17.34500 0.84960446
17.35000 0.84952488
17.35500 0.84944532
17.36000 0.84936580
17.36500 0.84928631
17.37000 0.84920685
17.37500 0.84912741
17.38000 0.84904801
17.38500 0.84896864
17.39000 0.84888929
17.39500 0.84880998
17.40000 0.84873070
17.40500 0.84865144
17.41000 0.84857222
17.41500 0.84849302
17.42000 0.84841385
17.42500 0.84833472
17.43000 0.84825561
17.43500 0.84817653
17.44000 0.84809748
17.44500 0.84801846
17.45000 0.84793947
17.45500 0.84786051
17.46000 0.84778158
17.46500 0.84770268
17.47000 0.84762381
17.47500 0.84754497
17.48000 0.84746615
17.48500 0.84738737
17.49000 0.84730862
17.49500 0.84722989
17.50000 0.84715119
17.50500 0.84707253
17.51000 0.84699389
17.51500 0.84691528
17.52000 0.84683670
17.52500 0.84675815
17.53000 0.84667963
17.53500 0.84660114
17.54000 0.84652267
17.54500 0.84644424
17.55000 0.84636584
17.55500 0.84628746
17.56000 0.84620911
17.56500 0.84613080
17.57000 0.84605251
17.57500 0.84597425
17.58000 0.84589602
17.58500 0.84581781
17.59000 0.84573964
17.59500 0.84566150
17.60000 0.84558338
17.60500 0.84550529
17.61000 0.84542724
17.61500 0.84534921
17.62000 0.84527121
17.62500 0.84519323
17.63000 0.84511529
17.63500 0.84503738
17.64000 0.84495949
17.64500 0.84488164
17.65000 0.84480381
17.65500 0.84472601
17.66000 0.84464824
17.66500 0.84457050
17.67000 0.84449278
17.67500 0.84441510
17.68000 0.84433744
17.68500 0.84425981
17.69000 0.84418221
17.69500 0.84410464
17.70000 0.84402710
17.70500 0.84394959
17.71000 0.84387210
17.71500 0.84379465
17.72000 0.84371722
17.72500 0.84363982
17.73000 0.84356245
17.73500 0.84348510
17.74000 0.84340779
17.74500 0.84333050
17.75000 0.84325324
17.75500 0.84317601
17.76000 0.84309881
17.76500 0.84302164
17.77000 0.84294449
17.77500 0.84286737
17.78000 0.84279029
17.78500 0.84271323
17.79000 0.84263619
17.79500 0.84255919
17.80000 0.84248221
17.80500 0.84240526
17.81000 0.84232834
17.81500 0.84225145
17.82000 0.84217459
17.82500 0.84209775
17.83000 0.84202094
17.83500 0.84194416
17.84000 0.84186741
17.84500 0.84179069
17.85000 0.84171399
17.85500 0.84163732
17.86000 0.84156068
17.86500 0.84148407
17.87000 0.84140749
17.87500 0.84133093
17.88000 0.84125440
17.88500 0.84117790
17.89000 0.84110143
17.89500 0.84102498
17.90000 0.84094857
17.90500 0.84087218
17.91000 0.84079581
17.91500 0.84071948
17.92000 0.84064317
17.92500 0.84056689
17.93000 0.84049064
17.93500 0.84041442
17.94000 0.84033822
17.94500 0.84026205
17.95000 0.84018591
17.95500 0.84010980
17.96000 0.84003371
17.96500 0.83995766
17.97000 0.83988163
17.97500 0.83980562
17.98000 0.83972965
17.98500 0.83965370
17.99000 0.83957778
17.99500 0.83950189
18.00000 0.83942602
18.00500 0.83935018
18.01000 0.83927437
18.01500 0.83919859
18.02000 0.83912283
18.02500 0.83904710
18.03000 0.83897140
18.03500 0.83889573
18.04000 0.83882008
18.04500 0.83874446
18.05000 0.83866887
18.05500 0.83859330
18.06000 0.83851776
18.06500 0.83844225
18.07000 0.83836677
18.07500 0.83829131
18.08000 0.83821588
18.08500 0.83814048
18.09000 0.83806510
18.09500 0.83798976
18.10000 0.83791443
18.10500 0.83783914
18.11000 0.83776387
18.11500 0.83768863
18.12000 0.83761342
18.12500 0.83753824
18.13000 0.83746308
18.13500 0.83738794
18.14000 0.83731284
18.14500 0.83723776
18.15000 0.83716271
18.15500 0.83708769
18.16000 0.83701269
18.16500 0.83693772
18.17000 0.83686277
18.17500 0.83678786
18.18000 0.83671297
18.18500 0.83663810
18.19000 0.83656327
18.19500 0.83648846
18.20000 0.83641367
18.20500 0.83633892
18.21000 0.83626419
18.21500 0.83618949
18.22000 0.83611481
18.22500 0.83604016
18.23000 0.83596554
18.23500 0.83589094
18.24000 0.83581637
18.24500 0.83574183
18.25000 0.83566731
18.25500 0.83559282
18.26000 0.83551836
18.26500 0.83544392
18.27000 0.83536951
18.27500 0.83529513
18.28000 0.83522077
18.28500 0.83514644
18.29000 0.83507213
18.29500 0.83499785
18.30000 0.83492360
18.30500 0.83484938
18.31000 0.83477518
18.31500 0.83470101
18.32000 0.83462686
18.32500 0.83455274
18.33000 0.83447865
18.33500 0.83440458
18.34000 0.83433054
18.34500 0.83425652
18.35000 0.83418253
18.35500 0.83410857
18.36000 0.83403463
18.36500 0.83396072
18.37000 0.83388684
18.37500 0.83381298
18.38000 0.83373915
18.38500 0.83366535
18.39000 0.83359157
18.39500 0.83351781
18.40000 0.83344409
18.40500 0.83337039
18.41000 0.83329671
18.41500 0.83322306
18.42000 0.83314944
18.42500 0.83307584
18.43000 0.83300227
18.43500 0.83292873
18.44000 0.83285521
18.44500 0.83278171
18.45000 0.83270825
18.45500 0.83263481
18.46000 0.83256139
18.46500 0.83248800
18.47000 0.83241464
18.47500 0.83234130
18.48000 0.83226799
18.48500 0.83219470
18.49000 0.83212144
18.49500 0.83204821
18.50000 0.83197500
18.50500 0.83190182
18.51000 0.83182866
18.51500 0.83175553
18.52000 0.83168242
18.52500 0.83160934
18.53000 0.83153629
18.53500 0.83146326
18.54000 0.83139025
18.54500 0.83131728
18.55000 0.83124432
18.55500 0.83117140
18.56000 0.83109850
18.56500 0.83102562
18.57000 0.83095277
18.57500 0.83087995
18.58000 0.83080715
18.58500 0.83073438
18.59000 0.83066163
18.59500 0.83058890
18.60000 0.83051621
18.60500 0.83044354
18.61000 0.83037089
18.61500 0.83029827
18.62000 0.83022567
18.62500 0.83015311
18.63000 0.83008056
18.63500 0.83000804
18.64000 0.82993555
18.64500 0.82986308
18.65000 0.82979064
18.65500 0.82971822
18.66000 0.82964583
18.66500 0.82957346
18.67000 0.82950112
18.67500 0.82942880
18.68000 0.82935651
18.68500 0.82928424
18.69000 0.82921200
18.69500 0.82913978
18.70000 0.82906759
18.70500 0.82899543
18.71000 0.82892328
18.71500 0.82885117
18.72000 0.82877908
18.72500 0.82870701
18.73000 0.82863497
18.73500 0.82856296
18.74000 0.82849097
18.74500 0.82841900
18.75000 0.82834706
18.75500 0.82827514
18.76000 0.82820325
18.76500 0.82813139
18.77000 0.82805955
18.77500 0.82798773
18.78000 0.82791594
18.78500 0.82784417
18.79000 0.82777243
18.79500 0.82770072
18.80000 0.82762902
18.80500 0.82755736
18.81000 0.82748572
18.81500 0.82741410
18.82000 0.82734251
18.82500 0.82727094
18.83000 0.82719940
18.83500 0.82712788
18.84000 0.82705638
18.84500 0.82698492
18.85000 0.82691347
18.85500 0.82684205
18.86000 0.82677066
18.86500 0.82669929
18.87000 0.82662794
18.87500 0.82655662
18.88000 0.82648533
18.88500 0.82641405
18.89000 0.82634281
18.89500 0.82627158
18.90000 0.82620039
18.90500 0.82612921
18.91000 0.82605806
18.91500 0.82598694
18.92000 0.82591584
18.92500 0.82584476
18.93000 0.82577371
18.93500 0.82570269
18.94000 0.82563168
18.94500 0.82556071
18.95000 0.82548975
18.95500 0.82541882
18.96000 0.82534792
18.96500 0.82527704
18.97000 0.82520618
18.97500 0.82513535
18.98000 0.82506454
18.98500 0.82499376
18.99000 0.82492300
18.99500 0.82485227
19.00000 0.82478156
19.00500 0.82471087
19.01000 0.82464021
19.01500 0.82456957
19.02000 0.82449896
19.02500 0.82442837
19.03000 0.82435780
19.03500 0.82428726
19.04000 0.82421675
19.04500 0.82414625
19.05000 0.82407579
19.05500 0.82400534
19.06000 0.82393492
19.06500 0.82386452
19.07000 0.82379415
19.07500 0.82372380
19.08000 0.82365348
19.08500 0.82358318
19.09000 0.82351290
19.09500 0.82344265
19.10000 0.82337242
19.10500 0.82330222
19.11000 0.82323204
19.11500 0.82316188
19.12000 0.82309175
19.12500 0.82302164
19.13000 0.82295155
19.13500 0.82288149
19.14000 0.82281146
19.14500 0.82274144
19.15000 0.82267145
19.15500 0.82260149
19.16000 0.82253155
19.16500 0.82246163
19.17000 0.82239173
19.17500 0.82232186
19.18000 0.82225202
19.18500 0.82218219
19.19000 0.82211239
19.19500 0.82204262
19.20000 0.82197286
19.20500 0.82190314
19.21000 0.82183343
19.21500 0.82176375
19.22000 0.82169409
19.22500 0.82162446
19.23000 0.82155485
19.23500 0.82148526
19.24000 0.82141570
19.24500 0.82134616
19.25000 0.82127664
19.25500 0.82120715
19.26000 0.82113768
19.26500 0.82106823
19.27000 0.82099881
19.27500 0.82092941
19.28000 0.82086004
19.28500 0.82079069
19.29000 0.82072136
19.29500 0.82065205
19.30000 0.82058277
19.30500 0.82051351
19.31000 0.82044428
19.31500 0.82037507
19.32000 0.82030588
19.32500 0.82023671
19.33000 0.82016757
19.33500 0.82009845
19.34000 0.82002936
19.34500 0.81996029
19.35000 0.81989124
19.35500 0.81982221
19.36000 0.81975321
19.36500 0.81968423
19.37000 0.81961528
19.37500 0.81954634
19.38000 0.81947744
19.38500 0.81940855
19.39000 0.81933969
19.39500 0.81927085
19.40000 0.81920203
19.40500 0.81913324
19.41000 0.81906447
19.41500 0.81899572
19.42000 0.81892700
19.42500 0.81885829
19.43000 0.81878962
19.43500 0.81872096
19.44000 0.81865233
19.44500 0.81858372
19.45000 0.81851513
19.45500 0.81844657
19.46000 0.81837803
19.46500 0.81830951
19.47000 0.81824102
19.47500 0.81817255
19.48000 0.81810410
19.48500 0.81803567
19.49000 0.81796727
19.49500 0.81789889
19.50000 0.81783053
19.50500 0.81776220
19.51000 0.81769389
19.51500 0.81762560
19.52000 0.81755733
19.52500 0.81748909
19.53000 0.81742087
19.53500 0.81735267
19.54000 0.81728450
19.54500 0.81721635
19.55000 0.81714822
19.55500 0.81708011
19.56000 0.81701203
19.56500 0.81694397
19.57000 0.81687593
19.57500 0.81680791
19.58000 0.81673992
19.58500 0.81667195
19.59000 0.81660400
19.59500 0.81653608
19.60000 0.81646817
19.60500 0.81640029
19.61000 0.81633244
19.61500 0.81626460
19.62000 0.81619679
19.62500 0.81612900
19.63000 0.81606123
19.63500 0.81599349
19.64000 0.81592577
19.64500 0.81585807
19.65000 0.81579039
19.65500 0.81572273
19.66000 0.81565510
19.66500 0.81558749
19.67000 0.81551990
19.67500 0.81545234
19.68000 0.81538479
19.68500 0.81531727
19.69000 0.81524978
19.69500 0.81518230
19.70000 0.81511485
19.70500 0.81504741
19.71000 0.81498001
19.71500 0.81491262
19.72000 0.81484525
19.72500 0.81477791
19.73000 0.81471059
19.73500 0.81464329
19.74000 0.81457602
19.74500 0.81450877
19.75000 0.81444154
19.75500 0.81437433
19.76000 0.81430714
19.76500 0.81423998
19.77000 0.81417283
19.77500 0.81410571
19.78000 0.81403862
19.78500 0.81397154
19.79000 0.81390449
19.79500 0.81383745
19.80000 0.81377044
19.80500 0.81370346
19.81000 0.81363649
19.81500 0.81356955
19.82000 0.81350263
19.82500 0.81343573
19.83000 0.81336885
19.83500 0.81330199
19.84000 0.81323516
19.84500 0.81316835
19.85000 0.81310156
19.85500 0.81303479
19.86000 0.81296805
19.86500 0.81290132
19.87000 0.81283462
19.87500 0.81276794
19.88000 0.81270128
19.88500 0.81263464
19.89000 0.81256803
19.89500 0.81250144
19.90000 0.81243487
19.90500 0.81236832
19.91000 0.81230179
19.91500 0.81223528
19.92000 0.81216880
19.92500 0.81210234
19.93000 0.81203590
19.93500 0.81196948
19.94000 0.81190308
19.94500 0.81183671
19.95000 0.81177036
19.95500 0.81170402
19.96000 0.81163771
19.96500 0.81157143
19.97000 0.81150516
19.97500 0.81143891
19.98000 0.81137269
19.98500 0.81130649
19.99000 0.81124031
19.99500 0.81117415
20.00000 0.81110801
20.00500 0.81104190
20.01000 0.81097580
20.01500 0.81090973
20.02000 0.81084368
20.02500 0.81077765
20.03000 0.81071164
20.03500 0.81064566
20.04000 0.81057969
20.04500 0.81051375
20.05000 0.81044783
20.05500 0.81038193
20.06000 0.81031605
20.06500 0.81025019
20.07000 0.81018435
20.07500 0.81011854
20.08000 0.81005275
20.08500 0.80998697
20.09000 0.80992122
20.09500 0.80985549
20.10000 0.80978979
20.10500 0.80972410
20.11000 0.80965843
20.11500 0.80959279
20.12000 0.80952717
20.12500 0.80946156
20.13000 0.80939598
20.13500 0.80933043
20.14000 0.80926489
20.14500 0.80919937
20.15000 0.80913388
20.15500 0.80906840
20.16000 0.80900295
20.16500 0.80893752
20.17000 0.80887211
20.17500 0.80880672
20.18000 0.80874135
20.18500 0.80867600
20.19000 0.80861067
20.19500 0.80854537
20.20000 0.80848009
20.20500 0.80841482
20.21000 0.80834958
20.21500 0.80828436
20.22000 0.80821916
20.22500 0.80815398
20.23000 0.80808882
20.23500 0.80802369
20.24000 0.80795857
20.24500 0.80789348
20.25000 0.80782840
