0.25000 0.39256947
0.25500 0.39464205
0.26000 0.39668763
0.26500 0.39870708
0.27000 0.40070124
0.27500 0.40267091
0.28000 0.40461684
0.28500 0.40653977
0.29000 0.40844038
0.29500 0.41031931
0.30000 0.41217719
0.30500 0.41401462
0.31000 0.41583217
0.31500 0.41763037
0.32000 0.41940975
0.32500 0.42117080
0.33000 0.42291399
0.33500 0.42463980
0.34000 0.42634864
0.34500 0.42804094
0.35000 0.42971711
0.35500 0.43137754
0.36000 0.43302259
0.36500 0.43465262
0.37000 0.43626799
0.37500 0.43786902
0.38000 0.43945603
0.38500 0.44102935
0.39000 0.44258925
0.39500 0.44413604
0.40000 0.44566999
0.40500 0.44719136
0.41000 0.44870043
0.41500 0.45019744
0.42000 0.45168264
0.42500 0.45315625
0.43000 0.45461852
0.43500 0.45606966
0.44000 0.45750988
0.44500 0.45893939
0.45000 0.46035840
0.45500 0.46176709
0.46000 0.46316567
0.46500 0.46455431
0.47000 0.46593319
0.47500 0.46730249
0.48000 0.46866237
0.48500 0.47001299
0.49000 0.47135453
0.49500 0.47268713
0.50000 0.47401095
0.50500 0.47532612
0.51000 0.47663280
0.51500 0.47793113
0.52000 0.47922123
0.52500 0.48050324
0.53000 0.48177730
0.53500 0.48304351
0.54000 0.48430202
0.54500 0.48555293
0.55000 0.48679637
0.55500 0.48803245
0.56000 0.48926127
0.56500 0.49048295
0.57000 0.49169759
0.57500 0.49290529
0.58000 0.49410617
0.58500 0.49530030
0.59000 0.49648780
0.59500 0.49766875
0.60000 0.49884324
0.60500 0.50001137
0.61000 0.50117323
0.61500 0.50232889
0.62000 0.50347845
0.62500 0.50462199
0.63000 0.50575958
0.63500 0.50689130
0.64000 0.50801724
0.64500 0.50913746
0.65000 0.51025205
0.65500 0.51136107
0.66000 0.51246459
0.66500 0.51356269
0.67000 0.51465543
0.67500 0.51574288
0.68000 0.51682511
0.68500 0.51790217
0.69000 0.51897414
0.69500 0.52004106
0.70000 0.52110301
0.70500 0.52216005
0.71000 0.52321222
0.71500 0.52425959
0.72000 0.52530222
0.72500 0.52634015
0.73000 0.52737345
0.73500 0.52840216
0.74000 0.52942634
0.74500 0.53044604
0.75000 0.53146130
0.75500 0.53247219
0.76000 0.53347874
0.76500 0.53448101
0.77000 0.53547903
0.77500 0.53647286
0.78000 0.53746255
0.78500 0.53844813
0.79000 0.53942965
0.79500 0.54040715
0.80000 0.54138067
0.80500 0.54235026
0.81000 0.54331596
0.81500 0.54427780
0.82000 0.54523583
0.82500 0.54619008
0.83000 0.54714060
0.83500 0.54808741
0.84000 0.54903057
0.84500 0.54997009
0.85000 0.55090603
0.85500 0.55183840
0.86000 0.55276726
0.86500 0.55369263
0.87000 0.55461454
0.87500 0.55553304
0.88000 0.55644814
0.88500 0.55735989
0.89000 0.55826832
0.89500 0.55917345
0.90000 0.56007531
0.90500 0.56097395
0.91000 0.56186938
0.91500 0.56276164
0.92000 0.56365075
0.92500 0.56453674
0.93000 0.56541965
0.93500 0.56629950
0.94000 0.56717631
0.94500 0.56805011
0.95000 0.56892093
0.95500 0.56978880
0.96000 0.57065374
0.96500 0.57151578
0.97000 0.57237493
0.97500 0.57323123
0.98000 0.57408471
0.98500 0.57493537
0.99000 0.57578326
0.99500 0.57662839
1.00000 0.57747078
1.00500 0.57831045
1.01000 0.57914744
1.01500 0.57998176
1.02000 0.58081343
1.02500 0.58164247
1.03000 0.58246891
1.03500 0.58329277
1.04000 0.58411407
1.04500 0.58493282
1.05000 0.58574905
1.05500 0.58656279
1.06000 0.58737403
1.06500 0.58818282
1.07000 0.58898916
1.07500 0.58979308
1.08000 0.59059459
1.08500 0.59139371
1.09000 0.59219047
1.09500 0.59298487
1.10000 0.59377694
1.10500 0.59456669
1.11000 0.59535415
1.11500 0.59613932
1.12000 0.59692223
1.12500 0.59770289
1.13000 0.59848132
1.13500 0.59925754
1.14000 0.60003156
1.14500 0.60080339
1.15000 0.60157306
1.15500 0.60234058
1.16000 0.60310596
1.16500 0.60386922
1.17000 0.60463037
1.17500 0.60538943
1.18000 0.60614642
1.18500 0.60690135
1.19000 0.60765422
1.19500 0.60840507
1.20000 0.60915390
1.20500 0.60990072
1.21000 0.61064555
1.21500 0.61138841
1.22000 0.61212930
1.22500 0.61286823
1.23000 0.61360524
1.23500 0.61434031
1.24000 0.61507348
1.24500 0.61580475
1.25000 0.61653413
1.25500 0.61726163
1.26000 0.61798728
1.26500 0.61871108
1.27000 0.61943303
1.27500 0.62015317
1.28000 0.62087149
1.28500 0.62158801
1.29000 0.62230273
1.29500 0.62301568
1.30000 0.62372687
1.30500 0.62443629
1.31000 0.62514398
1.31500 0.62584992
1.32000 0.62655415
1.32500 0.62725666
1.33000 0.62795747
1.33500 0.62865659
1.34000 0.62935403
1.34500 0.63004980
1.35000 0.63074390
1.35500 0.63143636
1.36000 0.63212718
1.36500 0.63281637
1.37000 0.63350394
1.37500 0.63418990
1.38000 0.63487426
1.38500 0.63555702
1.39000 0.63623821
1.39500 0.63691782
1.40000 0.63759587
1.40500 0.63827237
1.41000 0.63894732
1.41500 0.63962074
1.42000 0.64029263
1.42500 0.64096300
1.43000 0.64163186
1.43500 0.64229922
1.44000 0.64296509
1.44500 0.64362948
1.45000 0.64429240
1.45500 0.64495384
1.46000 0.64561383
1.46500 0.64627237
1.47000 0.64692947
1.47500 0.64758513
1.48000 0.64823937
1.48500 0.64889219
1.49000 0.64954360
1.49500 0.65019361
1.50000 0.65084223
1.50500 0.65148946
1.51000 0.65213531
1.51500 0.65277979
1.52000 0.65342290
1.52500 0.65406466
1.53000 0.65470507
1.53500 0.65534413
1.54000 0.65598186
1.54500 0.65661827
1.55000 0.65725335
1.55500 0.65788712
1.56000 0.65851958
1.56500 0.65915075
1.57000 0.65978062
1.57500 0.66040920
1.58000 0.66103651
1.58500 0.66166254
1.59000 0.66228730
1.59500 0.66291081
1.60000 0.66353306
1.60500 0.66415407
1.61000 0.66477383
1.61500 0.66539237
1.62000 0.66600967
1.62500 0.66662575
1.63000 0.66724062
1.63500 0.66785428
1.64000 0.66846673
1.64500 0.66907799
1.65000 0.66968806
1.65500 0.67029694
1.66000 0.67090464
1.66500 0.67151117
1.67000 0.67211654
1.67500 0.67272074
1.68000 0.67332378
1.68500 0.67392567
1.69000 0.67452642
1.69500 0.67512603
1.70000 0.67572450
1.70500 0.67632185
1.71000 0.67691807
1.71500 0.67751318
1.72000 0.67810717
1.72500 0.67870006
1.73000 0.67929185
1.73500 0.67988254
1.74000 0.68047213
1.74500 0.68106065
1.75000 0.68164808
1.75500 0.68223443
1.76000 0.68281972
1.76500 0.68340394
1.77000 0.68398709
1.77500 0.68456919
1.78000 0.68515025
1.78500 0.68573025
1.79000 0.68630921
1.79500 0.68688714
1.80000 0.68746403
1.80500 0.68803990
1.81000 0.68861475
1.81500 0.68918857
1.82000 0.68976139
1.82500 0.69033319
1.83000 0.69090399
1.83500 0.69147379
1.84000 0.69204260
1.84500 0.69261041
1.85000 0.69317724
1.85500 0.69374309
1.86000 0.69430796
1.86500 0.69487185
1.87000 0.69543478
1.87500 0.69599674
1.88000 0.69655774
1.88500 0.69711779
1.89000 0.69767688
1.89500 0.69823502
1.90000 0.69879222
1.90500 0.69934848
1.91000 0.69990381
1.91500 0.70045820
1.92000 0.70101166
1.92500 0.70156420
1.93000 0.70211582
1.93500 0.70266653
1.94000 0.70321632
1.94500 0.70376520
1.95000 0.70431318
1.95500 0.70486026
1.96000 0.70540644
1.96500 0.70595173
1.97000 0.70649613
1.97500 0.70703964
1.98000 0.70758227
1.98500 0.70812402
1.99000 0.70866490
1.99500 0.70920491
2.00000 0.70974405
2.00500 0.71028232
2.01000 0.71081973
2.01500 0.71135629
2.02000 0.71189199
2.02500 0.71242685
2.03000 0.71296085
2.03500 0.71349401
2.04000 0.71402634
2.04500 0.71455782
2.05000 0.71508848
2.05500 0.71561830
2.06000 0.71614730
2.06500 0.71667547
2.07000 0.71720282
2.07500 0.71772936
2.08000 0.71825508
2.08500 0.71877999
2.09000 0.71930410
2.09500 0.71982740
2.10000 0.72034990
2.10500 0.72087160
2.11000 0.72139251
2.11500 0.72191263
2.12000 0.72243196
2.12500 0.72295050
2.13000 0.72346826
2.13500 0.72398524
2.14000 0.72450144
2.14500 0.72501687
2.15000 0.72553153
2.15500 0.72604543
2.16000 0.72655855
2.16500 0.72707092
2.17000 0.72758253
2.17500 0.72809338
2.18000 0.72860347
2.18500 0.72911282
2.19000 0.72962142
2.19500 0.73012928
2.20000 0.73063639
2.20500 0.73114276
2.21000 0.73164840
2.21500 0.73215330
2.22000 0.73265748
2.22500 0.73316092
2.23000 0.73366364
2.23500 0.73416563
2.24000 0.73466691
2.24500 0.73516746
2.25000 0.73566731
2.25500 0.73616643
2.26000 0.73666485
2.26500 0.73716256
2.27000 0.73765957
2.27500 0.73815588
2.28000 0.73865148
2.28500 0.73914639
2.29000 0.73964060
2.29500 0.74013412
2.30000 0.74062695
2.30500 0.74111909
2.31000 0.74161055
2.31500 0.74210132
2.32000 0.74259142
2.32500 0.74308084
2.33000 0.74356958
2.33500 0.74405765
2.34000 0.74454504
2.34500 0.74503177
2.35000 0.74551784
2.35500 0.74600324
2.36000 0.74648798
2.36500 0.74697206
2.37000 0.74745548
2.37500 0.74793825
2.38000 0.74842036
2.38500 0.74890183
2.39000 0.74938265
2.39500 0.74986282
2.40000 0.75034235
2.40500 0.75082123
2.41000 0.75129948
2.41500 0.75177709
2.42000 0.75225407
2.42500 0.75273041
2.43000 0.75320613
2.43500 0.75368121
2.44000 0.75415567
2.44500 0.75462951
2.45000 0.75510272
2.45500 0.75557531
2.46000 0.75604729
2.46500 0.75651865
2.47000 0.75698939
2.47500 0.75745953
2.48000 0.75792905
2.48500 0.75839796
2.49000 0.75886627
2.49500 0.75933398
2.50000 0.75980108
2.50500 0.76026759
2.51000 0.76073349
2.51500 0.76119880
2.52000 0.76166352
2.52500 0.76212764
2.53000 0.76259118
2.53500 0.76305412
2.54000 0.76351648
2.54500 0.76397826
2.55000 0.76443945
2.55500 0.76490006
2.56000 0.76536009
2.56500 0.76581955
2.57000 0.76627843
2.57500 0.76673673
2.58000 0.76719447
2.58500 0.76765163
2.59000 0.76810823
2.59500 0.76856426
2.60000 0.76901972
2.60500 0.76947463
2.61000 0.76992897
2.61500 0.77038275
2.62000 0.77083598
2.62500 0.77128865
2.63000 0.77174076
2.63500 0.77219233
2.64000 0.77264334
2.64500 0.77309381
2.65000 0.77354372
2.65500 0.77399309
2.66000 0.77444192
2.66500 0.77489021
2.67000 0.77533795
2.67500 0.77578516
2.68000 0.77623183
2.68500 0.77667796
2.69000 0.77712356
2.69500 0.77756863
2.70000 0.77801316
2.70500 0.77845717
2.71000 0.77890065
2.71500 0.77934360
2.72000 0.77978603
2.72500 0.78022794
2.73000 0.78066933
2.73500 0.78111019
2.74000 0.78155054
2.74500 0.78199037
2.75000 0.78242969
2.75500 0.78286849
2.76000 0.78330678
2.76500 0.78374456
2.77000 0.78418183
2.77500 0.78461859
2.78000 0.78505485
2.78500 0.78549060
2.79000 0.78592585
2.79500 0.78636060
2.80000 0.78679485
2.80500 0.78722860
2.81000 0.78766185
2.81500 0.78809461
2.82000 0.78852687
2.82500 0.78895864
2.83000 0.78938992
2.83500 0.78982071
2.84000 0.79025100
2.84500 0.79068082
2.85000 0.79111014
2.85500 0.79153898
2.86000 0.79196734
2.86500 0.79239522
2.87000 0.79282261
2.87500 0.79324953
2.88000 0.79367597
2.88500 0.79410193
2.89000 0.79452742
2.89500 0.79495244
2.90000 0.79537698
2.90500 0.79580105
2.91000 0.79622465
2.91500 0.79664778
2.92000 0.79707045
2.92500 0.79749265
2.93000 0.79791439
2.93500 0.79833566
2.94000 0.79875647
2.94500 0.79917682
2.95000 0.79959671
2.95500 0.80001615
2.96000 0.80043512
2.96500 0.80085364
2.97000 0.80127171
2.97500 0.80168932
2.98000 0.80210648
2.98500 0.80252319
2.99000 0.80293946
2.99500 0.80335527
3.00000 0.80377064
3.00500 0.80418556
3.01000 0.80460003
3.01500 0.80501407
3.02000 0.80542766
3.02500 0.80584081
3.03000 0.80625352
3.03500 0.80666579
3.04000 0.80707763
3.04500 0.80748902
3.05000 0.80789999
3.05500 0.80831052
3.06000 0.80872061
3.06500 0.80913028
3.07000 0.80953951
3.07500 0.80994832
3.08000 0.81035670
3.08500 0.81076465
3.09000 0.81117217
3.09500 0.81157927
3.10000 0.81198595
3.10500 0.81239220
3.11000 0.81279803
3.11500 0.81320344
3.12000 0.81360844
3.12500 0.81401301
3.13000 0.81441717
3.13500 0.81482091
3.14000 0.81522424
3.14500 0.81562715
3.15000 0.81602965
3.15500 0.81643174
3.16000 0.81683341
3.16500 0.81723468
3.17000 0.81763554
3.17500 0.81803599
3.18000 0.81843604
3.18500 0.81883568
3.19000 0.81923491
3.19500 0.81963375
3.20000 0.82003218
3.20500 0.82043020
3.21000 0.82082783
3.21500 0.82122506
3.22000 0.82162189
3.22500 0.82201833
3.23000 0.82241436
3.23500 0.82281001
3.24000 0.82320525
3.24500 0.82360011
3.25000 0.82399457
3.25500 0.82438864
3.26000 0.82478232
3.26500 0.82517561
3.27000 0.82556852
3.27500 0.82596103
3.28000 0.82635316
3.28500 0.82674490
3.29000 0.82713626
3.29500 0.82752724
3.30000 0.82791783
3.30500 0.82830804
3.31000 0.82869787
3.31500 0.82908732
3.32000 0.82947639
3.32500 0.82986509
3.33000 0.83025340
3.33500 0.83064134
3.34000 0.83102891
3.34500 0.83141610
3.35000 0.83180291
3.35500 0.83218936
3.36000 0.83257543
3.36500 0.83296113
3.37000 0.83334647
3.37500 0.83373143
3.38000 0.83411603
3.38500 0.83450025
3.39000 0.83488412
3.39500 0.83526761
3.40000 0.83565074
3.40500 0.83603351
3.41000 0.83641592
3.41500 0.83679796
3.42000 0.83717964
3.42500 0.83756097
3.43000 0.83794193
3.43500 0.83832253
3.44000 0.83870278
3.44500 0.83908267
3.45000 0.83946220
3.45500 0.83984138
3.46000 0.84022020
3.46500 0.84059868
3.47000 0.84097679
3.47500 0.84135456
3.48000 0.84173197
3.48500 0.84210904
3.49000 0.84248576
3.49500 0.84286212
3.50000 0.84323814
3.50500 0.84361381
3.51000 0.84398914
3.51500 0.84436412
3.52000 0.84473876
3.52500 0.84511305
3.53000 0.84548700
3.53500 0.84586061
3.54000 0.84623387
3.54500 0.84660680
3.55000 0.84697938
3.55500 0.84735163
3.56000 0.84772354
3.56500 0.84809511
3.57000 0.84846634
3.57500 0.84883724
3.58000 0.84920780
3.58500 0.84957803
3.59000 0.84994792
3.59500 0.85031748
3.60000 0.85068671
3.60500 0.85105561
3.61000 0.85142418
3.61500 0.85179241
3.62000 0.85216032
3.62500 0.85252790
3.63000 0.85289515
3.63500 0.85326207
3.64000 0.85362867
3.64500 0.85399494
3.65000 0.85436089
3.65500 0.85472651
3.66000 0.85509181
3.66500 0.85545679
3.67000 0.85582145
3.67500 0.85618578
3.68000 0.85654979
3.68500 0.85691349
3.69000 0.85727686
3.69500 0.85763992
3.70000 0.85800265
3.70500 0.85836507
3.71000 0.85872718
3.71500 0.85908897
3.72000 0.85945044
3.72500 0.85981160
3.73000 0.86017244
3.73500 0.86053298
3.74000 0.86089320
3.74500 0.86125311
3.75000 0.86161270
3.75500 0.86197199
3.76000 0.86233097
3.76500 0.86268964
3.77000 0.86304800
3.77500 0.86340605
3.78000 0.86376380
3.78500 0.86412124
3.79000 0.86447837
3.79500 0.86483520
3.80000 0.86519173
3.80500 0.86554795
3.81000 0.86590387
3.81500 0.86625948
3.82000 0.86661479
3.82500 0.86696981
3.83000 0.86732452
3.83500 0.86767893
3.84000 0.86803305
3.84500 0.86838686
3.85000 0.86874038
3.85500 0.86909360
3.86000 0.86944652
3.86500 0.86979915
3.87000 0.87015148
3.87500 0.87050351
3.88000 0.87085525
3.88500 0.87120670
3.89000 0.87155786
3.89500 0.87190872
3.90000 0.87225929
3.90500 0.87260957
3.91000 0.87295956
3.91500 0.87330926
3.92000 0.87365867
3.92500 0.87400779
3.93000 0.87435663
3.93500 0.87470517
3.94000 0.87505343
3.94500 0.87540140
3.95000 0.87574909
3.95500 0.87609649
3.96000 0.87644361
3.96500 0.87679044
3.97000 0.87713699
3.97500 0.87748325
3.98000 0.87782924
3.98500 0.87817494
3.99000 0.87852036
3.99500 0.87886550
4.00000 0.87921036
4.00500 0.87955494
4.01000 0.87989924
4.01500 0.88024326
4.02000 0.88058701
4.02500 0.88093047
4.03000 0.88127366
4.03500 0.88161658
4.04000 0.88195922
4.04500 0.88230158
4.05000 0.88264367
4.05500 0.88298549
4.06000 0.88332703
4.06500 0.88366830
4.07000 0.88400930
4.07500 0.88435002
4.08000 0.88469048
4.08500 0.88503066
4.09000 0.88537057
4.09500 0.88571022
4.10000 0.88604959
4.10500 0.88638870
4.11000 0.88672753
4.11500 0.88706610
4.12000 0.88740441
4.12500 0.88774245
4.13000 0.88808022
4.13500 0.88841772
4.14000 0.88875496
4.14500 0.88909194
4.15000 0.88942865
4.15500 0.88976510
4.16000 0.89010129
4.16500 0.89043721
4.17000 0.89077287
4.17500 0.89110827
4.18000 0.89144341
4.18500 0.89177829
4.19000 0.89211291
4.19500 0.89244727
4.20000 0.89278137
4.20500 0.89311522
4.21000 0.89344880
4.21500 0.89378213
4.22000 0.89411520
4.22500 0.89444801
4.23000 0.89478057
4.23500 0.89511288
4.24000 0.89544493
4.24500 0.89577672
4.25000 0.89610826
4.25500 0.89643955
4.26000 0.89677058
4.26500 0.89710136
4.27000 0.89743189
4.27500 0.89776217
4.28000 0.89809220
4.28500 0.89842197
4.29000 0.89875150
4.29500 0.89908078
4.30000 0.89940980
4.30500 0.89973858
4.31000 0.90006711
4.31500 0.90039540
4.32000 0.90072343
4.32500 0.90105122
4.33000 0.90137876
4.33500 0.90170606
4.34000 0.90203311
4.34500 0.90235991
4.35000 0.90268648
4.35500 0.90301279
4.36000 0.90333887
4.36500 0.90366470
4.37000 0.90399029
4.37500 0.90431563
4.38000 0.90464073
4.38500 0.90496560
4.39000 0.90529022
4.39500 0.90561460
4.40000 0.90593874
4.40500 0.90626264
4.41000 0.90658630
4.41500 0.90690972
4.42000 0.90723291
4.42500 0.90755585
4.43000 0.90787856
4.43500 0.90820104
4.44000 0.90852327
4.44500 0.90884527
4.45000 0.90916704
4.45500 0.90948856
4.46000 0.90980986
4.46500 0.91013092
4.47000 0.91045174
4.47500 0.91077233
4.48000 0.91109269
4.48500 0.91141282
4.49000 0.91173271
4.49500 0.91205237
4.50000 0.91237180
4.50500 0.91269100
4.51000 0.91300997
4.51500 0.91332870
4.52000 0.91364721
4.52500 0.91396549
4.53000 0.91428354
4.53500 0.91460136
4.54000 0.91491895
4.54500 0.91523632
4.55000 0.91555345
4.55500 0.91587036
4.56000 0.91618705
4.56500 0.91650350
4.57000 0.91681974
4.57500 0.91713574
4.58000 0.91745152
4.58500 0.91776708
4.59000 0.91808241
4.59500 0.91839752
4.60000 0.91871240
4.60500 0.91902707
4.61000 0.91934151
4.61500 0.91965572
4.62000 0.91996972
4.62500 0.92028349
4.63000 0.92059704
4.63500 0.92091037
4.64000 0.92122349
4.64500 0.92153638
4.65000 0.92184905
4.65500 0.92216150
4.66000 0.92247373
4.66500 0.92278575
4.67000 0.92309755
4.67500 0.92340913
4.68000 0.92372049
4.68500 0.92403163
4.69000 0.92434256
4.69500 0.92465327
4.70000 0.92496377
4.70500 0.92527405
4.71000 0.92558412
4.71500 0.92589397
4.72000 0.92620360
4.72500 0.92651303
4.73000 0.92682224
4.73500 0.92713123
4.74000 0.92744002
4.74500 0.92774859
4.75000 0.92805695
4.75500 0.92836509
4.76000 0.92867303
4.76500 0.92898075
4.77000 0.92928826
4.77500 0.92959557
4.78000 0.92990266
4.78500 0.93020954
4.79000 0.93051622
4.79500 0.93082268
4.80000 0.93112894
4.80500 0.93143499
4.81000 0.93174083
4.81500 0.93204646
4.82000 0.93235188
4.82500 0.93265710
4.83000 0.93296211
4.83500 0.93326692
4.84000 0.93357152
4.84500 0.93387591
4.85000 0.93418010
4.85500 0.93448409
4.86000 0.93478787
4.86500 0.93509144
4.87000 0.93539481
4.87500 0.93569798
4.88000 0.93600095
4.88500 0.93630371
4.89000 0.93660627
4.89500 0.93690863
4.90000 0.93721078
4.90500 0.93751274
4.91000 0.93781449
4.91500 0.93811605
4.92000 0.93841740
4.92500 0.93871855
4.93000 0.93901950
4.93500 0.93932026
4.94000 0.93962081
4.94500 0.93992116
4.95000 0.94022132
4.95500 0.94052128
4.96000 0.94082104
4.96500 0.94112060
4.97000 0.94141997
4.97500 0.94171913
4.98000 0.94201811
4.98500 0.94231688
4.99000 0.94261546
4.99500 0.94291385
5.00000 0.94321203
5.00500 0.94351003
5.01000 0.94380783
5.01500 0.94410543
5.02000 0.94440284
5.02500 0.94470006
5.03000 0.94499708
5.03500 0.94529391
5.04000 0.94559055
5.04500 0.94588699
5.05000 0.94618325
5.05500 0.94647931
5.06000 0.94677518
5.06500 0.94707085
5.07000 0.94736634
5.07500 0.94766164
5.08000 0.94795674
5.08500 0.94825166
5.09000 0.94854638
5.09500 0.94884092
5.10000 0.94913527
5.10500 0.94942943
5.11000 0.94972340
5.11500 0.95001718
5.12000 0.95031077
5.12500 0.95060418
5.13000 0.95089739
5.13500 0.95119043
5.14000 0.95148327
5.14500 0.95177593
5.15000 0.95206840
5.15500 0.95236068
5.16000 0.95265278
5.16500 0.95294470
5.17000 0.95323643
5.17500 0.95352797
5.18000 0.95381933
5.18500 0.95411051
5.19000 0.95440150
5.19500 0.95469231
5.20000 0.95498294
5.20500 0.95527338
5.21000 0.95556364
5.21500 0.95585371
5.22000 0.95614361
5.22500 0.95643332
5.23000 0.95672285
5.23500 0.95701220
5.24000 0.95730137
5.24500 0.95759036
5.25000 0.95787916
5.25500 0.95816779
5.26000 0.95845624
5.26500 0.95874450
5.27000 0.95903259
5.27500 0.95932050
5.28000 0.95960823
5.28500 0.95989578
5.29000 0.96018315
5.29500 0.96047035
5.30000 0.96075737
5.30500 0.96104420
5.31000 0.96133087
5.31500 0.96161735
5.32000 0.96190366
5.32500 0.96218979
5.33000 0.96247575
5.33500 0.96276153
5.34000 0.96304713
5.34500 0.96333256
5.35000 0.96361781
5.35500 0.96390289
5.36000 0.96418780
5.36500 0.96447253
5.37000 0.96475708
5.37500 0.96504146
5.38000 0.96532567
5.38500 0.96560971
5.39000 0.96589357
5.39500 0.96617726
5.40000 0.96646077
5.40500 0.96674412
5.41000 0.96702729
5.41500 0.96731029
5.42000 0.96759312
5.42500 0.96787578
5.43000 0.96815826
5.43500 0.96844058
5.44000 0.96872273
5.44500 0.96900470
5.45000 0.96928651
5.45500 0.96956814
5.46000 0.96984961
5.46500 0.97013090
5.47000 0.97041203
5.47500 0.97069299
5.48000 0.97097378
5.48500 0.97125441
5.49000 0.97153486
5.49500 0.97181515
5.50000 0.97209527
5.50500 0.97237522
5.51000 0.97265500
5.51500 0.97293462
5.52000 0.97321407
5.52500 0.97349336
5.53000 0.97377248
5.53500 0.97405143
5.54000 0.97433022
5.54500 0.97460884
5.55000 0.97488730
5.55500 0.97516559
5.56000 0.97544372
5.56500 0.97572169
5.57000 0.97599949
5.57500 0.97627712
5.58000 0.97655460
5.58500 0.97683191
5.59000 0.97710905
5.59500 0.97738603
5.60000 0.97766285
5.60500 0.97793951
5.61000 0.97821601
5.61500 0.97849234
5.62000 0.97876851
5.62500 0.97904452
5.63000 0.97932037
5.63500 0.97959606
5.64000 0.97987159
5.64500 0.98014696
5.65000 0.98042216
5.65500 0.98069721
5.66000 0.98097210
5.66500 0.98124682
5.67000 0.98152139
5.67500 0.98179580
5.68000 0.98207005
5.68500 0.98234414
5.69000 0.98261807
5.69500 0.98289184
5.70000 0.98316546
5.70500 0.98343891
5.71000 0.98371221
5.71500 0.98398536
5.72000 0.98425834
5.72500 0.98453117
5.73000 0.98480384
5.73500 0.98507635
5.74000 0.98534871
5.74500 0.98562092
5.75000 0.98589296
5.75500 0.98616485
5.76000 0.98643659
5.76500 0.98670817
5.77000 0.98697959
5.77500 0.98725086
5.78000 0.98752198
5.78500 0.98779294
5.79000 0.98806375
5.79500 0.98833440
5.80000 0.98860490
5.80500 0.98887525
5.81000 0.98914544
5.81500 0.98941548
5.82000 0.98968537
5.82500 0.98995510
5.83000 0.99022468
5.83500 0.99049411
5.84000 0.99076339
5.84500 0.99103251
5.85000 0.99130149
5.85500 0.99157031
5.86000 0.99183898
5.86500 0.99210750
5.87000 0.99237587
5.87500 0.99264409
5.88000 0.99291216
5.88500 0.99318008
5.89000 0.99344785
5.89500 0.99371547
5.90000 0.99398294
5.90500 0.99425026
5.91000 0.99451743
5.91500 0.99478445
5.92000 0.99505133
5.92500 0.99531805
5.93000 0.99558463
5.93500 0.99585106
5.94000 0.99611734
5.94500 0.99638347
5.95000 0.99664946
5.95500 0.99691529
5.96000 0.99718098
5.96500 0.99744653
5.97000 0.99771193
5.97500 0.99797718
5.98000 0.99824228
5.98500 0.99850724
5.99000 0.99877205
5.99500 0.99903672
6.00000 0.99930124
6.00500 0.99956562
6.01000 0.99982985
6.01500 1.00009394
6.02000 1.00035788
6.02500 1.00062167
6.03000 1.00088533
6.03500 1.00114884
6.04000 1.00141220
6.04500 1.00167542
6.05000 1.00193850
6.05500 1.00220143
6.06000 1.00246422
6.06500 1.00272687
6.07000 1.00298937
6.07500 1.00325174
6.08000 1.00351396
6.08500 1.00377603
6.09000 1.00403797
6.09500 1.00429976
6.10000 1.00456142
6.10500 1.00482293
6.11000 1.00508430
6.11500 1.00534552
6.12000 1.00560661
6.12500 1.00586756
6.13000 1.00612836
6.13500 1.00638903
6.14000 1.00664955
6.14500 1.00690994
6.15000 1.00717019
6.15500 1.00743029
6.16000 1.00769026
6.16500 1.00795009
6.17000 1.00820977
6.17500 1.00846932
6.18000 1.00872873
6.18500 1.00898801
6.19000 1.00924714
6.19500 1.00950614
6.20000 1.00976499
6.20500 1.01002371
6.21000 1.01028229
6.21500 1.01054074
6.22000 1.01079905
6.22500 1.01105722
6.23000 1.01131525
6.23500 1.01157315
6.24000 1.01183091
6.24500 1.01208853
6.25000 1.01234602
6.25500 1.01260337
6.26000 1.01286059
6.26500 1.01311767
6.27000 1.01337461
6.27500 1.01363142
6.28000 1.01388810
6.28500 1.01414464
6.29000 1.01440104
6.29500 1.01465731
6.30000 1.01491345
6.30500 1.01516945
6.31000 1.01542532
6.31500 1.01568105
6.32000 1.01593665
6.32500 1.01619211
6.33000 1.01644745
6.33500 1.01670265
6.34000 1.01695771
6.34500 1.01721265
6.35000 1.01746745
6.35500 1.01772211
6.36000 1.01797665
6.36500 1.01823105
6.37000 1.01848532
6.37500 1.01873946
6.38000 1.01899347
6.38500 1.01924735
6.39000 1.01950109
6.39500 1.01975471
6.40000 1.02000819
6.40500 1.02026154
6.41000 1.02051476
6.41500 1.02076785
6.42000 1.02102081
6.42500 1.02127364
6.43000 1.02152634
6.43500 1.02177891
6.44000 1.02203135
6.44500 1.02228366
6.45000 1.02253585
6.45500 1.02278790
6.46000 1.02303982
6.46500 1.02329161
6.47000 1.02354328
6.47500 1.02379482
6.48000 1.02404623
6.48500 1.02429751
6.49000 1.02454866
6.49500 1.02479968
6.50000 1.02505058
6.50500 1.02530135
6.51000 1.02555199
6.51500 1.02580250
6.52000 1.02605289
6.52500 1.02630315
6.53000 1.02655328
6.53500 1.02680329
6.54000 1.02705317
6.54500 1.02730292
6.55000 1.02755255
6.55500 1.02780205
6.56000 1.02805143
6.56500 1.02830068
6.57000 1.02854980
6.57500 1.02879880
6.58000 1.02904767
6.58500 1.02929642
6.59000 1.02954504
6.59500 1.02979354
6.60000 1.03004192
6.60500 1.03029017
6.61000 1.03053829
6.61500 1.03078629
6.62000 1.03103417
6.62500 1.03128192
6.63000 1.03152955
6.63500 1.03177706
6.64000 1.03202444
6.64500 1.03227170
6.65000 1.03251883
6.65500 1.03276585
6.66000 1.03301274
6.66500 1.03325951
6.67000 1.03350615
6.67500 1.03375267
6.68000 1.03399907
6.68500 1.03424535
6.69000 1.03449151
6.69500 1.03473754
6.70000 1.03498346
6.70500 1.03522925
6.71000 1.03547492
6.71500 1.03572047
6.72000 1.03596590
6.72500 1.03621120
6.73000 1.03645639
6.73500 1.03670146
6.74000 1.03694640
6.74500 1.03719123
6.75000 1.03743593
6.75500 1.03768052
6.76000 1.03792498
6.76500 1.03816933
6.77000 1.03841355
6.77500 1.03865766
6.78000 1.03890165
6.78500 1.03914551
6.79000 1.03938926
6.79500 1.03963289
6.80000 1.03987641
6.80500 1.04011980
6.81000 1.04036307
6.81500 1.04060623
6.82000 1.04084927
6.82500 1.04109219
6.83000 1.04133499
6.83500 1.04157767
6.84000 1.04182024
6.84500 1.04206269
6.85000 1.04230502
6.85500 1.04254724
6.86000 1.04278934
6.86500 1.04303132
6.87000 1.04327318
6.87500 1.04351493
6.88000 1.04375656
6.88500 1.04399808
6.89000 1.04423947
6.89500 1.04448076
6.90000 1.04472192
6.90500 1.04496298
6.91000 1.04520391
6.91500 1.04544473
6.92000 1.04568544
6.92500 1.04592603
6.93000 1.04616650
6.93500 1.04640686
6.94000 1.04664710
6.94500 1.04688723
6.95000 1.04712725
6.95500 1.04736715
6.96000 1.04760694
6.96500 1.04784661
6.97000 1.04808617
6.97500 1.04832561
6.98000 1.04856494
6.98500 1.04880416
6.99000 1.04904326
6.99500 1.04928226
7.00000 1.04952113
7.00500 1.04975990
7.01000 1.04999855
7.01500 1.05023709
7.02000 1.05047551
7.02500 1.05071383
7.03000 1.05095203
7.03500 1.05119012
7.04000 1.05142809
7.04500 1.05166596
7.05000 1.05190371
7.05500 1.05214135
7.06000 1.05237888
7.06500 1.05261630
7.07000 1.05285360
7.07500 1.05309080
7.08000 1.05332788
7.08500 1.05356485
7.09000 1.05380172
7.09500 1.05403847
7.10000 1.05427511
7.10500 1.05451164
7.11000 1.05474806
7.11500 1.05498437
7.12000 1.05522057
7.12500 1.05545666
7.13000 1.05569264
7.13500 1.05592851
7.14000 1.05616427
7.14500 1.05639992
7.15000 1.05663546
7.15500 1.05687089
7.16000 1.05710622
7.16500 1.05734143
7.17000 1.05757654
7.17500 1.05781153
7.18000 1.05804642
7.18500 1.05828120
7.19000 1.05851587
7.19500 1.05875044
7.20000 1.05898489
7.20500 1.05921924
7.21000 1.05945348
7.21500 1.05968761
7.22000 1.05992163
7.22500 1.06015555
7.23000 1.06038936
7.23500 1.06062306
7.24000 1.06085666
7.24500 1.06109014
7.25000 1.06132352
7.25500 1.06155680
7.26000 1.06178997
7.26500 1.06202303
7.27000 1.06225598
7.27500 1.06248883
7.28000 1.06272157
7.28500 1.06295421
7.29000 1.06318674
7.29500 1.06341917
7.30000 1.06365148
7.30500 1.06388370
7.31000 1.06411581
7.31500 1.06434781
7.32000 1.06457971
7.32500 1.06481150
7.33000 1.06504319
7.33500 1.06527477
7.34000 1.06550625
7.34500 1.06573762
7.35000 1.06596889
7.35500 1.06620005
7.36000 1.06643111
7.36500 1.06666207
7.37000 1.06689292
7.37500 1.06712367
7.38000 1.06735432
7.38500 1.06758486
7.39000 1.06781529
7.39500 1.06804563
7.40000 1.06827586
7.40500 1.06850598
7.41000 1.06873601
7.41500 1.06896593
7.42000 1.06919575
7.42500 1.06942546
7.43000 1.06965508
7.43500 1.06988459
7.44000 1.07011400
7.44500 1.07034330
7.45000 1.07057251
7.45500 1.07080161
7.46000 1.07103061
7.46500 1.07125950
7.47000 1.07148830
7.47500 1.07171700
7.48000 1.07194559
7.48500 1.07217408
7.49000 1.07240247
7.49500 1.07263076
7.50000 1.07285895
7.50500 1.07308703
7.51000 1.07331502
7.51500 1.07354291
7.52000 1.07377069
7.52500 1.07399838
7.53000 1.07422596
7.53500 1.07445344
7.54000 1.07468083
7.54500 1.07490811
7.55000 1.07513529
7.55500 1.07536238
7.56000 1.07558936
7.56500 1.07581625
7.57000 1.07604303
7.57500 1.07626972
7.58000 1.07649630
7.58500 1.07672279
7.59000 1.07694918
7.59500 1.07717547
7.60000 1.07740166
7.60500 1.07762775
7.61000 1.07785374
7.61500 1.07807964
7.62000 1.07830543
7.62500 1.07853113
7.63000 1.07875673
7.63500 1.07898223
7.64000 1.07920763
7.64500 1.07943294
7.65000 1.07965814
7.65500 1.07988325
7.66000 1.08010827
7.66500 1.08033318
7.67000 1.08055800
7.67500 1.08078272
7.68000 1.08100734
7.68500 1.08123187
7.69000 1.08145630
7.69500 1.08168063
7.70000 1.08190486
7.70500 1.08212900
7.71000 1.08235304
7.71500 1.08257699
7.72000 1.08280084
7.72500 1.08302459
7.73000 1.08324825
7.73500 1.08347181
7.74000 1.08369527
7.74500 1.08391864
7.75000 1.08414192
7.75500 1.08436509
7.76000 1.08458818
7.76500 1.08481116
7.77000 1.08503406
7.77500 1.08525685
7.78000 1.08547955
7.78500 1.08570216
7.79000 1.08592467
7.79500 1.08614709
7.80000 1.08636941
7.80500 1.08659164
7.81000 1.08681377
7.81500 1.08703581
7.82000 1.08725775
7.82500 1.08747960
7.83000 1.08770136
7.83500 1.08792302
7.84000 1.08814459
7.84500 1.08836606
7.85000 1.08858744
7.85500 1.08880873
7.86000 1.08902992
7.86500 1.08925102
7.87000 1.08947203
7.87500 1.08969294
7.88000 1.08991376
7.88500 1.09013449
7.89000 1.09035512
7.89500 1.09057567
7.90000 1.09079612
7.90500 1.09101647
7.91000 1.09123674
7.91500 1.09145691
7.92000 1.09167699
7.92500 1.09189697
7.93000 1.09211687
7.93500 1.09233667
7.94000 1.09255638
7.94500 1.09277600
7.95000 1.09299553
7.95500 1.09321496
7.96000 1.09343431
7.96500 1.09365356
7.97000 1.09387272
7.97500 1.09409179
7.98000 1.09431077
7.98500 1.09452966
7.99000 1.09474845
7.99500 1.09496716
8.00000 1.09518577
8.00500 1.09540430
8.01000 1.09562273
8.01500 1.09584107
8.02000 1.09605933
8.02500 1.09627749
8.03000 1.09649556
8.03500 1.09671354
8.04000 1.09693144
8.04500 1.09714924
8.05000 1.09736695
8.05500 1.09758457
8.06000 1.09780211
8.06500 1.09801955
8.07000 1.09823690
8.07500 1.09845417
8.08000 1.09867134
8.08500 1.09888843
8.09000 1.09910542
8.09500 1.09932233
8.10000 1.09953915
8.10500 1.09975588
8.11000 1.09997252
8.11500 1.10018908
8.12000 1.10040554
8.12500 1.10062191
8.13000 1.10083820
8.13500 1.10105440
8.14000 1.10127051
8.14500 1.10148653
8.15000 1.10170247
8.15500 1.10191832
8.16000 1.10213407
8.16500 1.10234975
8.17000 1.10256533
8.17500 1.10278082
8.18000 1.10299623
8.18500 1.10321155
8.19000 1.10342679
8.19500 1.10364193
8.20000 1.10385699
8.20500 1.10407197
8.21000 1.10428685
8.21500 1.10450165
8.22000 1.10471636
8.22500 1.10493099
8.23000 1.10514552
8.23500 1.10535998
8.24000 1.10557434
8.24500 1.10578862
8.25000 1.10600281
8.25500 1.10621692
8.26000 1.10643094
8.26500 1.10664488
8.27000 1.10685872
8.27500 1.10707249
8.28000 1.10728616
8.28500 1.10749976
8.29000 1.10771326
8.29500 1.10792668
8.30000 1.10814002
8.30500 1.10835327
8.31000 1.10856643
8.31500 1.10877951
8.32000 1.10899251
8.32500 1.10920542
8.33000 1.10941824
8.33500 1.10963098
8.34000 1.10984364
8.34500 1.11005621
8.35000 1.11026869
8.35500 1.11048110
8.36000 1.11069341
8.36500 1.11090565
8.37000 1.11111779
8.37500 1.11132986
8.38000 1.11154184
8.38500 1.11175374
8.39000 1.11196555
8.39500 1.11217728
8.40000 1.11238893
8.40500 1.11260049
8.41000 1.11281197
8.41500 1.11302336
8.42000 1.11323467
8.42500 1.11344590
8.43000 1.11365705
8.43500 1.11386811
8.44000 1.11407909
8.44500 1.11428998
8.45000 1.11450080
8.45500 1.11471153
8.46000 1.11492218
8.46500 1.11513274
8.47000 1.11534322
8.47500 1.11555362
8.48000 1.11576394
8.48500 1.11597418
8.49000 1.11618433
8.49500 1.11639440
8.50000 1.11660439
8.50500 1.11681430
8.51000 1.11702413
8.51500 1.11723387
8.52000 1.11744353
8.52500 1.11765311
8.53000 1.11786261
8.53500 1.11807203
8.54000 1.11828136
8.54500 1.11849062
8.55000 1.11869979
8.55500 1.11890888
8.56000 1.11911790
8.56500 1.11932683
8.57000 1.11953568
8.57500 1.11974444
8.58000 1.11995313
8.58500 1.12016174
8.59000 1.12037027
8.59500 1.12057871
8.60000 1.12078708
8.60500 1.12099536
8.61000 1.12120357
8.61500 1.12141169
8.62000 1.12161974
8.62500 1.12182770
8.63000 1.12203559
8.63500 1.12224339
8.64000 1.12245112
8.64500 1.12265876
8.65000 1.12286633
8.65500 1.12307381
8.66000 1.12328122
8.66500 1.12348855
8.67000 1.12369579
8.67500 1.12390296
8.68000 1.12411005
8.68500 1.12431706
8.69000 1.12452399
8.69500 1.12473084
8.70000 1.12493762
8.70500 1.12514431
8.71000 1.12535093
8.71500 1.12555746
8.72000 1.12576392
8.72500 1.12597030
8.73000 1.12617660
8.73500 1.12638283
8.74000 1.12658897
8.74500 1.12679504
8.75000 1.12700103
8.75500 1.12720694
8.76000 1.12741277
8.76500 1.12761852
8.77000 1.12782420
8.77500 1.12802980
8.78000 1.12823532
8.78500 1.12844076
8.79000 1.12864613
8.79500 1.12885142
8.80000 1.12905663
8.80500 1.12926176
8.81000 1.12946682
8.81500 1.12967180
8.82000 1.12987670
8.82500 1.13008153
8.83000 1.13028628
8.83500 1.13049095
8.84000 1.13069554
8.84500 1.13090006
8.85000 1.13110450
8.85500 1.13130887
8.86000 1.13151316
8.86500 1.13171737
8.87000 1.13192151
8.87500 1.13212556
8.88000 1.13232955
8.88500 1.13253345
8.89000 1.13273729
8.89500 1.13294104
8.90000 1.13314472
8.90500 1.13334832
8.91000 1.13355185
8.91500 1.13375530
8.92000 1.13395868
8.92500 1.13416198
8.93000 1.13436520
8.93500 1.13456835
8.94000 1.13477143
8.94500 1.13497443
8.95000 1.13517735
8.95500 1.13538020
8.96000 1.13558297
8.96500 1.13578567
8.97000 1.13598830
8.97500 1.13619084
8.98000 1.13639332
8.98500 1.13659572
8.99000 1.13679804
8.99500 1.13700029
9.00000 1.13720247
9.00500 1.13740457
9.01000 1.13760660
9.01500 1.13780855
9.02000 1.13801043
9.02500 1.13821223
9.03000 1.13841396
9.03500 1.13861562
9.04000 1.13881720
9.04500 1.13901871
9.05000 1.13922014
9.05500 1.13942150
9.06000 1.13962279
9.06500 1.13982400
9.07000 1.14002514
9.07500 1.14022621
9.08000 1.14042720
9.08500 1.14062812
9.09000 1.14082897
9.09500 1.14102974
9.10000 1.14123044
9.10500 1.14143107
9.11000 1.14163162
9.11500 1.14183211
9.12000 1.14203251
9.12500 1.14223285
9.13000 1.14243311
9.13500 1.14263330
9.14000 1.14283342
9.14500 1.14303347
9.15000 1.14323344
9.15500 1.14343334
9.16000 1.14363317
9.16500 1.14383292
9.17000 1.14403261
9.17500 1.14423222
9.18000 1.14443176
9.18500 1.14463122
9.19000 1.14483062
9.19500 1.14502994
9.20000 1.14522920
9.20500 1.14542838
9.21000 1.14562748
9.21500 1.14582652
9.22000 1.14602549
9.22500 1.14622438
9.23000 1.14642320
9.23500 1.14662196
9.24000 1.14682064
9.24500 1.14701924
9.25000 1.14721778
9.25500 1.14741625
9.26000 1.14761464
9.26500 1.14781297
9.27000 1.14801122
9.27500 1.14820941
9.28000 1.14840752
9.28500 1.14860556
9.29000 1.14880353
9.29500 1.14900143
9.30000 1.14919926
9.30500 1.14939702
9.31000 1.14959471
9.31500 1.14979233
9.32000 1.14998988
9.32500 1.15018736
9.33000 1.15038477
9.33500 1.15058210
9.34000 1.15077937
9.34500 1.15097657
9.35000 1.15117370
9.35500 1.15137076
9.36000 1.15156775
9.36500 1.15176467
9.37000 1.15196152
9.37500 1.15215830
9.38000 1.15235501
9.38500 1.15255165
9.39000 1.15274823
9.39500 1.15294473
9.40000 1.15314116
9.40500 1.15333753
9.41000 1.15353382
9.41500 1.15373005
9.42000 1.15392621
9.42500 1.15412230
9.43000 1.15431832
9.43500 1.15451427
9.44000 1.15471015
9.44500 1.15490596
9.45000 1.15510171
9.45500 1.15529739
9.46000 1.15549300
9.46500 1.15568854
9.47000 1.15588401
9.47500 1.15607941
9.48000 1.15627475
9.48500 1.15647001
9.49000 1.15666521
9.49500 1.15686034
9.50000 1.15705540
9.50500 1.15725040
9.51000 1.15744533
9.51500 1.15764019
9.52000 1.15783498
9.52500 1.15802970
9.53000 1.15822436
9.53500 1.15841895
9.54000 1.15861347
9.54500 1.15880792
9.55000 1.15900231
9.55500 1.15919663
9.56000 1.15939088
9.56500 1.15958506
9.57000 1.15977918
9.57500 1.15997323
9.58000 1.16016722
9.58500 1.16036113
9.59000 1.16055498
9.59500 1.16074876
9.60000 1.16094248
9.60500 1.16113613
9.61000 1.16132971
9.61500 1.16152323
9.62000 1.16171668
9.62500 1.16191006
9.63000 1.16210338
9.63500 1.16229663
9.64000 1.16248981
9.64500 1.16268293
9.65000 1.16287598
9.65500 1.16306897
9.66000 1.16326189
9.66500 1.16345474
9.67000 1.16364753
9.67500 1.16384025
9.68000 1.16403290
9.68500 1.16422549
9.69000 1.16441802
9.69500 1.16461048
9.70000 1.16480287
9.70500 1.16499520
9.71000 1.16518746
9.71500 1.16537966
9.72000 1.16557179
9.72500 1.16576385
9.73000 1.16595585
9.73500 1.16614779
9.74000 1.16633966
9.74500 1.16653146
9.75000 1.16672320
9.75500 1.16691488
9.76000 1.16710649
9.76500 1.16729803
9.77000 1.16748951
9.77500 1.16768093
9.78000 1.16787228
9.78500 1.16806357
9.79000 1.16825479
9.79500 1.16844595
9.80000 1.16863704
9.80500 1.16882807
9.81000 1.16901903
9.81500 1.16920993
9.82000 1.16940077
9.82500 1.16959154
9.83000 1.16978225
9.83500 1.16997289
9.84000 1.17016347
9.84500 1.17035398
9.85000 1.17054443
9.85500 1.17073482
9.86000 1.17092515
9.86500 1.17111541
9.87000 1.17130560
9.87500 1.17149573
9.88000 1.17168580
9.88500 1.17187581
9.89000 1.17206575
9.89500 1.17225563
9.90000 1.17244544
9.90500 1.17263520
9.91000 1.17282488
9.91500 1.17301451
9.92000 1.17320407
9.92500 1.17339357
9.93000 1.17358301
9.93500 1.17377238
9.94000 1.17396169
9.94500 1.17415094
9.95000 1.17434012
9.95500 1.17452924
9.96000 1.17471830
9.96500 1.17490730
9.97000 1.17509623
9.97500 1.17528510
9.98000 1.17547391
9.98500 1.17566266
9.99000 1.17585134
9.99500 1.17603996
10.00000 1.17622852
10.00500 1.17641702
10.01000 1.17660545
10.01500 1.17679383
10.02000 1.17698214
10.02500 1.17717039
10.03000 1.17735857
10.03500 1.17754670
10.04000 1.17773476
10.04500 1.17792276
10.05000 1.17811070
10.05500 1.17829858
10.06000 1.17848640
10.06500 1.17867415
10.07000 1.17886184
10.07500 1.17904947
10.08000 1.17923704
10.08500 1.17942455
10.09000 1.17961200
10.09500 1.17979938
10.10000 1.17998671
10.10500 1.18017397
10.11000 1.18036118
10.11500 1.18054832
10.12000 1.18073540
10.12500 1.18092242
10.13000 1.18110937
10.13500 1.18129627
10.14000 1.18148311
10.14500 1.18166988
10.15000 1.18185660
10.15500 1.18204325
10.16000 1.18222985
10.16500 1.18241638
10.17000 1.18260285
10.17500 1.18278927
10.18000 1.18297562
10.18500 1.18316191
10.19000 1.18334814
10.19500 1.18353431
10.20000 1.18372042
10.20500 1.18390647
10.21000 1.18409246
10.21500 1.18427839
10.22000 1.18446426
10.22500 1.18465007
10.23000 1.18483582
10.23500 1.18502151
10.24000 1.18520715
10.24500 1.18539272
10.25000 1.18557823
10.25500 1.18576368
10.26000 1.18594907
10.26500 1.18613440
10.27000 1.18631968
10.27500 1.18650489
10.28000 1.18669004
10.28500 1.18687514
10.29000 1.18706018
10.29500 1.18724515
10.30000 1.18743007
10.30500 1.18761493
10.31000 1.18779972
10.31500 1.18798446
10.32000 1.18816914
10.32500 1.18835377
10.33000 1.18853833
10.33500 1.18872283
10.34000 1.18890728
10.34500 1.18909166
10.35000 1.18927599
10.35500 1.18946026
10.36000 1.18964447
10.36500 1.18982862
10.37000 1.19001272
10.37500 1.19019675
10.38000 1.19038073
10.38500 1.19056464
10.39000 1.19074850
10.39500 1.19093230
10.40000 1.19111605
10.40500 1.19129973
10.41000 1.19148336
10.41500 1.19166693
10.42000 1.19185044
10.42500 1.19203389
10.43000 1.19221728
10.43500 1.19240062
10.44000 1.19258390
10.44500 1.19276712
10.45000 1.19295028
10.45500 1.19313339
10.46000 1.19331643
10.46500 1.19349942
10.47000 1.19368236
10.47500 1.19386523
10.48000 1.19404805
10.48500 1.19423081
10.49000 1.19441351
10.49500 1.19459616
10.50000 1.19477875
10.50500 1.19496128
10.51000 1.19514375
10.51500 1.19532617
10.52000 1.19550852
10.52500 1.19569083
10.53000 1.19587307
10.53500 1.19605526
10.54000 1.19623739
10.54500 1.19641947
10.55000 1.19660148
10.55500 1.19678344
10.56000 1.19696535
10.56500 1.19714719
10.57000 1.19732899
10.57500 1.19751072
10.58000 1.19769240
10.58500 1.19787402
10.59000 1.19805558
10.59500 1.19823709
10.60000 1.19841854
10.60500 1.19859994
10.61000 1.19878128
10.61500 1.19896256
10.62000 1.19914378
10.62500 1.19932496
10.63000 1.19950607
10.63500 1.19968713
10.64000 1.19986813
10.64500 1.20004908
10.65000 1.20022997
10.65500 1.20041080
10.66000 1.20059158
10.66500 1.20077230
10.67000 1.20095297
10.67500 1.20113358
10.68000 1.20131414
10.68500 1.20149464
10.69000 1.20167508
10.69500 1.20185547
10.70000 1.20203580
10.70500 1.20221608
10.71000 1.20239630
10.71500 1.20257647
10.72000 1.20275658
10.72500 1.20293664
10.73000 1.20311664
10.73500 1.20329659
10.74000 1.20347648
10.74500 1.20365632
10.75000 1.20383610
10.75500 1.20401582
10.76000 1.20419549
10.76500 1.20437511
10.77000 1.20455467
10.77500 1.20473418
10.78000 1.20491363
10.78500 1.20509303
10.79000 1.20527237
10.79500 1.20545166
10.80000 1.20563089
10.80500 1.20581007
10.81000 1.20598919
10.81500 1.20616826
10.82000 1.20634728
10.82500 1.20652624
10.83000 1.20670515
10.83500 1.20688400
10.84000 1.20706280
10.84500 1.20724154
10.85000 1.20742023
10.85500 1.20759886
10.86000 1.20777745
10.86500 1.20795597
10.87000 1.20813445
10.87500 1.20831286
10.88000 1.20849123
10.88500 1.20866954
10.89000 1.20884780
10.89500 1.20902600
10.90000 1.20920415
10.90500 1.20938225
10.91000 1.20956029
10.91500 1.20973828
10.92000 1.20991622
10.92500 1.21009410
10.93000 1.21027193
10.93500 1.21044970
10.94000 1.21062742
10.94500 1.21080509
10.95000 1.21098271
10.95500 1.21116027
10.96000 1.21133778
10.96500 1.21151523
10.97000 1.21169263
10.97500 1.21186998
10.98000 1.21204728
10.98500 1.21222452
10.99000 1.21240171
10.99500 1.21257885
11.00000 1.21275593
11.00500 1.21293296
11.01000 1.21310994
11.01500 1.21328687
11.02000 1.21346374
11.02500 1.21364056
11.03000 1.21381733
11.03500 1.21399404
11.04000 1.21417070
11.04500 1.21434731
11.05000 1.21452387
11.05500 1.21470038
11.06000 1.21487683
11.06500 1.21505323
11.07000 1.21522957
11.07500 1.21540587
11.08000 1.21558211
11.08500 1.21575830
11.09000 1.21593444
11.09500 1.21611053
11.10000 1.21628656
11.10500 1.21646254
11.11000 1.21663847
11.11500 1.21681435
11.12000 1.21699018
11.12500 1.21716595
11.13000 1.21734168
11.13500 1.21751735
11.14000 1.21769297
11.14500 1.21786853
11.15000 1.21804405
11.15500 1.21821951
11.16000 1.21839492
11.16500 1.21857028
11.17000 1.21874559
11.17500 1.21892085
11.18000 1.21909606
11.18500 1.21927121
11.19000 1.21944631
11.19500 1.21962137
11.20000 1.21979637
11.20500 1.21997132
11.21000 1.22014621
11.21500 1.22032106
11.22000 1.22049586
11.22500 1.22067060
11.23000 1.22084530
11.23500 1.22101994
11.24000 1.22119453
11.24500 1.22136907
11.25000 1.22154356
11.25500 1.22171800
11.26000 1.22189239
11.26500 1.22206672
11.27000 1.22224101
11.27500 1.22241525
11.28000 1.22258943
11.28500 1.22276356
11.29000 1.22293765
11.29500 1.22311168
11.30000 1.22328566
11.30500 1.22345960
11.31000 1.22363348
11.31500 1.22380731
11.32000 1.22398109
11.32500 1.22415482
11.33000 1.22432850
11.33500 1.22450213
11.34000 1.22467571
11.34500 1.22484924
11.35000 1.22502272
11.35500 1.22519615
11.36000 1.22536953
11.36500 1.22554286
11.37000 1.22571614
11.37500 1.22588936
11.38000 1.22606254
11.38500 1.22623567
11.39000 1.22640875
11.39500 1.22658178
11.40000 1.22675476
11.40500 1.22692769
11.41000 1.22710057
11.41500 1.22727340
11.42000 1.22744619
11.42500 1.22761892
11.43000 1.22779160
11.43500 1.22796423
11.44000 1.22813681
11.44500 1.22830935
11.45000 1.22848183
11.45500 1.22865427
11.46000 1.22882665
11.46500 1.22899899
11.47000 1.22917128
11.47500 1.22934351
11.48000 1.22951570
11.48500 1.22968784
11.49000 1.22985993
11.49500 1.23003197
11.50000 1.23020397
11.50500 1.23037591
11.51000 1.23054780
11.51500 1.23071965
11.52000 1.23089144
11.52500 1.23106319
11.53000 1.23123489
11.53500 1.23140654
11.54000 1.23157814
11.54500 1.23174969
11.55000 1.23192120
11.55500 1.23209265
11.56000 1.23226406
11.56500 1.23243542
11.57000 1.23260673
11.57500 1.23277799
11.58000 1.23294920
11.58500 1.23312036
11.59000 1.23329148
11.59500 1.23346255
11.60000 1.23363357
11.60500 1.23380454
11.61000 1.23397546
11.61500 1.23414633
11.62000 1.23431716
11.62500 1.23448794
11.63000 1.23465867
11.63500 1.23482935
11.64000 1.23499998
11.64500 1.23517057
11.65000 1.23534111
11.65500 1.23551160
11.66000 1.23568204
11.66500 1.23585243
11.67000 1.23602278
11.67500 1.23619308
11.68000 1.23636333
11.68500 1.23653353
11.69000 1.23670369
11.69500 1.23687380
11.70000 1.23704386
11.70500 1.23721387
11.71000 1.23738383
11.71500 1.23755375
11.72000 1.23772362
11.72500 1.23789344
11.73000 1.23806322
11.73500 1.23823295
11.74000 1.23840263
11.74500 1.23857226
11.75000 1.23874185
11.75500 1.23891138
11.76000 1.23908088
11.76500 1.23925032
11.77000 1.23941972
11.77500 1.23958907
11.78000 1.23975837
11.78500 1.23992763
11.79000 1.24009684
11.79500 1.24026600
11.80000 1.24043511
11.80500 1.24060418
11.81000 1.24077320
11.81500 1.24094218
11.82000 1.24111110
11.82500 1.24127999
11.83000 1.24144882
11.83500 1.24161761
11.84000 1.24178635
11.84500 1.24195504
11.85000 1.24212369
11.85500 1.24229229
11.86000 1.24246085
11.86500 1.24262935
11.87000 1.24279782
11.87500 1.24296623
11.88000 1.24313460
11.88500 1.24330292
11.89000 1.24347120
11.89500 1.24363943
11.90000 1.24380761
11.90500 1.24397575
11.91000 1.24414384
11.91500 1.24431189
11.92000 1.24447988
11.92500 1.24464784
11.93000 1.24481574
11.93500 1.24498361
11.94000 1.24515142
11.94500 1.24531919
11.95000 1.24548691
11.95500 1.24565459
11.96000 1.24582222
11.96500 1.24598981
11.97000 1.24615734
11.97500 1.24632484
11.98000 1.24649229
11.98500 1.24665969
11.99000 1.24682705
11.99500 1.24699436
12.00000 1.24716162
12.00500 1.24732884
12.01000 1.24749602
12.01500 1.24766315
12.02000 1.24783023
12.02500 1.24799727
12.03000 1.24816426
12.03500 1.24833121
12.04000 1.24849811
12.04500 1.24866497
12.05000 1.24883178
12.05500 1.24899854
12.06000 1.24916526
12.06500 1.24933194
12.07000 1.24949857
12.07500 1.24966516
12.08000 1.24983170
12.08500 1.24999819
12.09000 1.25016464
12.09500 1.25033105
12.10000 1.25049741
12.10500 1.25066372
12.11000 1.25082999
12.11500 1.25099622
12.12000 1.25116240
12.12500 1.25132853
12.13000 1.25149463
12.13500 1.25166067
12.14000 1.25182667
12.14500 1.25199263
12.15000 1.25215854
12.15500 1.25232441
12.16000 1.25249023
12.16500 1.25265601
12.17000 1.25282175
12.17500 1.25298744
12.18000 1.25315308
12.18500 1.25331868
12.19000 1.25348424
12.19500 1.25364975
12.20000 1.25381522
12.20500 1.25398064
12.21000 1.25414602
12.21500 1.25431136
12.22000 1.25447665
12.22500 1.25464190
12.23000 1.25480710
12.23500 1.25497226
12.24000 1.25513737
12.24500 1.25530244
12.25000 1.25546747
12.25500 1.25563245
12.26000 1.25579739
12.26500 1.25596228
12.27000 1.25612713
12.27500 1.25629194
12.28000 1.25645670
12.28500 1.25662142
12.29000 1.25678609
12.29500 1.25695073
12.30000 1.25711531
12.30500 1.25727986
12.31000 1.25744436
12.31500 1.25760881
12.32000 1.25777323
12.32500 1.25793760
12.33000 1.25810192
12.33500 1.25826621
12.34000 1.25843044
12.34500 1.25859464
12.35000 1.25875879
12.35500 1.25892290
12.36000 1.25908697
12.36500 1.25925099
12.37000 1.25941497
12.37500 1.25957890
12.38000 1.25974279
12.38500 1.25990664
12.39000 1.26007045
12.39500 1.26023421
12.40000 1.26039793
12.40500 1.26056161
12.41000 1.26072524
12.41500 1.26088883
12.42000 1.26105238
12.42500 1.26121588
12.43000 1.26137935
12.43500 1.26154276
12.44000 1.26170614
12.44500 1.26186947
12.45000 1.26203276
12.45500 1.26219601
12.46000 1.26235921
12.46500 1.26252238
12.47000 1.26268549
12.47500 1.26284857
12.48000 1.26301160
12.48500 1.26317460
12.49000 1.26333754
12.49500 1.26350045
12.50000 1.26366331
12.50500 1.26382613
12.51000 1.26398891
12.51500 1.26415165
12.52000 1.26431434
12.52500 1.26447699
12.53000 1.26463960
12.53500 1.26480217
12.54000 1.26496469
12.54500 1.26512717
12.55000 1.26528961
12.55500 1.26545201
12.56000 1.26561437
12.56500 1.26577668
12.57000 1.26593895
12.57500 1.26610118
12.58000 1.26626337
12.58500 1.26642551
12.59000 1.26658761
12.59500 1.26674967
12.60000 1.26691169
12.60500 1.26707367
12.61000 1.26723560
12.61500 1.26739750
12.62000 1.26755935
12.62500 1.26772116
12.63000 1.26788293
12.63500 1.26804465
12.64000 1.26820634
12.64500 1.26836798
12.65000 1.26852958
12.65500 1.26869114
12.66000 1.26885266
12.66500 1.26901413
12.67000 1.26917557
12.67500 1.26933696
12.68000 1.26949831
12.68500 1.26965962
12.69000 1.26982089
12.69500 1.26998211
12.70000 1.27014330
12.70500 1.27030444
12.71000 1.27046555
12.71500 1.27062661
12.72000 1.27078763
12.72500 1.27094861
12.73000 1.27110954
12.73500 1.27127044
12.74000 1.27143130
12.74500 1.27159211
12.75000 1.27175288
12.75500 1.27191361
12.76000 1.27207430
12.76500 1.27223495
12.77000 1.27239556
12.77500 1.27255613
12.78000 1.27271666
12.78500 1.27287714
12.79000 1.27303759
12.79500 1.27319799
12.80000 1.27335836
12.80500 1.27351868
12.81000 1.27367896
12.81500 1.27383920
12.82000 1.27399940
12.82500 1.27415956
12.83000 1.27431968
12.83500 1.27447976
12.84000 1.27463979
12.84500 1.27479979
12.85000 1.27495975
12.85500 1.27511966
12.86000 1.27527954
12.86500 1.27543937
12.87000 1.27559917
12.87500 1.27575892
12.88000 1.27591863
12.88500 1.27607830
12.89000 1.27623794
12.89500 1.27639753
12.90000 1.27655708
12.90500 1.27671659
12.91000 1.27687606
12.91500 1.27703549
12.92000 1.27719489
12.92500 1.27735424
12.93000 1.27751355
12.93500 1.27767282
12.94000 1.27783205
12.94500 1.27799124
12.95000 1.27815039
12.95500 1.27830950
12.96000 1.27846857
12.96500 1.27862760
12.97000 1.27878659
12.97500 1.27894554
12.98000 1.27910445
12.98500 1.27926332
12.99000 1.27942215
12.99500 1.27958094
13.00000 1.27973969
13.00500 1.27989840
13.01000 1.28005707
13.01500 1.28021570
13.02000 1.28037430
13.02500 1.28053285
13.03000 1.28069136
13.03500 1.28084983
13.04000 1.28100827
13.04500 1.28116666
13.05000 1.28132502
13.05500 1.28148333
13.06000 1.28164161
13.06500 1.28179984
13.07000 1.28195804
13.07500 1.28211619
13.08000 1.28227431
13.08500 1.28243239
13.09000 1.28259043
13.09500 1.28274843
13.10000 1.28290639
13.10500 1.28306431
13.11000 1.28322219
13.11500 1.28338004
13.12000 1.28353784
13.12500 1.28369560
13.13000 1.28385333
13.13500 1.28401102
13.14000 1.28416866
13.14500 1.28432627
13.15000 1.28448384
13.15500 1.28464137
13.16000 1.28479886
13.16500 1.28495631
13.17000 1.28511373
13.17500 1.28527110
13.18000 1.28542844
13.18500 1.28558573
13.19000 1.28574299
13.19500 1.28590021
13.20000 1.28605739
13.20500 1.28621453
13.21000 1.28637163
13.21500 1.28652870
13.22000 1.28668572
13.22500 1.28684271
13.23000 1.28699966
13.23500 1.28715657
13.24000 1.28731344
13.24500 1.28747027
13.25000 1.28762706
13.25500 1.28778382
13.26000 1.28794053
13.26500 1.28809721
13.27000 1.28825385
13.27500 1.28841045
13.28000 1.28856702
13.28500 1.28872354
13.29000 1.28888003
13.29500 1.28903648
13.30000 1.28919289
13.30500 1.28934926
13.31000 1.28950559
13.31500 1.28966189
13.32000 1.28981814
13.32500 1.28997436
13.33000 1.29013054
13.33500 1.29028668
13.34000 1.29044279
13.34500 1.29059885
13.35000 1.29075488
13.35500 1.29091087
13.36000 1.29106682
13.36500 1.29122274
13.37000 1.29137862
13.37500 1.29153445
13.38000 1.29169025
13.38500 1.29184602
13.39000 1.29200174
13.39500 1.29215743
13.40000 1.29231308
13.40500 1.29246869
13.41000 1.29262426
13.41500 1.29277980
13.42000 1.29293530
13.42500 1.29309076
13.43000 1.29324618
13.43500 1.29340156
13.44000 1.29355691
13.44500 1.29371222
13.45000 1.29386749
13.45500 1.29402273
13.46000 1.29417793
13.46500 1.29433309
13.47000 1.29448821
13.47500 1.29464329
13.48000 1.29479834
13.48500 1.29495335
13.49000 1.29510832
13.49500 1.29526326
13.50000 1.29541816
13.50500 1.29557302
13.51000 1.29572784
13.51500 1.29588263
13.52000 1.29603737
13.52500 1.29619209
13.53000 1.29634676
13.53500 1.29650140
13.54000 1.29665600
13.54500 1.29681056
13.55000 1.29696509
13.55500 1.29711957
13.56000 1.29727403
13.56500 1.29742844
13.57000 1.29758282
13.57500 1.29773716
13.58000 1.29789146
13.58500 1.29804573
13.59000 1.29819996
13.59500 1.29835415
13.60000 1.29850831
13.60500 1.29866243
13.61000 1.29881651
13.61500 1.29897056
13.62000 1.29912456
13.62500 1.29927854
13.63000 1.29943247
13.63500 1.29958637
13.64000 1.29974023
13.64500 1.29989406
13.65000 1.30004785
13.65500 1.30020160
13.66000 1.30035531
13.66500 1.30050899
13.67000 1.30066263
13.67500 1.30081624
13.68000 1.30096981
13.68500 1.30112334
13.69000 1.30127684
13.69500 1.30143030
13.70000 1.30158372
13.70500 1.30173711
13.71000 1.30189046
13.71500 1.30204377
13.72000 1.30219705
13.72500 1.30235029
13.73000 1.30250350
13.73500 1.30265667
13.74000 1.30280980
13.74500 1.30296290
13.75000 1.30311596
13.75500 1.30326898
13.76000 1.30342197
13.76500 1.30357492
13.77000 1.30372784
13.77500 1.30388072
13.78000 1.30403356
13.78500 1.30418637
13.79000 1.30433914
13.79500 1.30449188
13.80000 1.30464458
13.80500 1.30479724
13.81000 1.30494987
13.81500 1.30510246
13.82000 1.30525501
13.82500 1.30540753
13.83000 1.30556002
13.83500 1.30571247
13.84000 1.30586488
13.84500 1.30601726
13.85000 1.30616960
13.85500 1.30632190
13.86000 1.30647417
13.86500 1.30662641
13.87000 1.30677860
13.87500 1.30693077
13.88000 1.30708289
13.88500 1.30723499
13.89000 1.30738704
13.89500 1.30753906
13.90000 1.30769105
13.90500 1.30784300
13.91000 1.30799491
13.91500 1.30814679
13.92000 1.30829863
13.92500 1.30845044
13.93000 1.30860221
13.93500 1.30875395
13.94000 1.30890565
13.94500 1.30905731
13.95000 1.30920894
13.95500 1.30936054
13.96000 1.30951210
13.96500 1.30966362
13.97000 1.30981511
13.97500 1.30996656
13.98000 1.31011798
13.98500 1.31026937
13.99000 1.31042072
13.99500 1.31057203
14.00000 1.31072331
14.00500 1.31087455
14.01000 1.31102576
14.01500 1.31117693
14.02000 1.31132807
14.02500 1.31147917
14.03000 1.31163024
14.03500 1.31178127
14.04000 1.31193227
14.04500 1.31208323
14.05000 1.31223416
14.05500 1.31238506
14.06000 1.31253591
14.06500 1.31268674
14.07000 1.31283753
14.07500 1.31298828
14.08000 1.31313900
14.08500 1.31328968
14.09000 1.31344033
14.09500 1.31359095
14.10000 1.31374153
14.10500 1.31389207
14.11000 1.31404259
14.11500 1.31419306
14.12000 1.31434350
14.12500 1.31449391
14.13000 1.31464428
14.13500 1.31479462
14.14000 1.31494492
14.14500 1.31509519
14.15000 1.31524543
14.15500 1.31539563
14.16000 1.31554579
14.16500 1.31569592
14.17000 1.31584602
14.17500 1.31599608
14.18000 1.31614611
14.18500 1.31629610
14.19000 1.31644606
14.19500 1.31659599
14.20000 1.31674588
14.20500 1.31689573
14.21000 1.31704556
14.21500 1.31719534
14.22000 1.31734510
14.22500 1.31749482
14.23000 1.31764450
14.23500 1.31779415
14.24000 1.31794377
14.24500 1.31809335
14.25000 1.31824290
14.25500 1.31839242
14.26000 1.31854190
14.26500 1.31869134
14.27000 1.31884075
14.27500 1.31899013
14.28000 1.31913948
14.28500 1.31928879
14.29000 1.31943807
14.29500 1.31958731
14.30000 1.31973652
14.30500 1.31988569
14.31000 1.32003483
14.31500 1.32018394
14.32000 1.32033301
14.32500 1.32048205
14.33000 1.32063106
14.33500 1.32078003
14.34000 1.32092897
14.34500 1.32107787
14.35000 1.32122674
14.35500 1.32137558
14.36000 1.32152439
14.36500 1.32167316
14.37000 1.32182189
14.37500 1.32197059
14.38000 1.32211926
14.38500 1.32226790
14.39000 1.32241650
14.39500 1.32256507
14.40000 1.32271361
14.40500 1.32286211
14.41000 1.32301058
14.41500 1.32315901
14.42000 1.32330741
14.42500 1.32345578
14.43000 1.32360411
14.43500 1.32375241
14.44000 1.32390068
14.44500 1.32404892
14.45000 1.32419712
14.45500 1.32434529
14.46000 1.32449342
14.46500 1.32464152
14.47000 1.32478959
14.47500 1.32493762
14.48000 1.32508563
14.48500 1.32523359
14.49000 1.32538153
14.49500 1.32552943
14.50000 1.32567730
14.50500 1.32582514
14.51000 1.32597294
14.51500 1.32612071
14.52000 1.32626845
14.52500 1.32641615
14.53000 1.32656382
14.53500 1.32671146
14.54000 1.32685906
14.54500 1.32700664
14.55000 1.32715418
14.55500 1.32730168
14.56000 1.32744915
14.56500 1.32759659
14.57000 1.32774400
14.57500 1.32789138
14.58000 1.32803872
14.58500 1.32818603
14.59000 1.32833330
14.59500 1.32848055
14.60000 1.32862776
14.60500 1.32877494
14.61000 1.32892208
14.61500 1.32906919
14.62000 1.32921627
14.62500 1.32936332
14.63000 1.32951034
14.63500 1.32965732
14.64000 1.32980427
14.64500 1.32995118
14.65000 1.33009807
14.65500 1.33024492
14.66000 1.33039174
14.66500 1.33053853
14.67000 1.33068528
14.67500 1.33083200
14.68000 1.33097869
14.68500 1.33112535
14.69000 1.33127197
14.69500 1.33141857
14.70000 1.33156513
14.70500 1.33171165
14.71000 1.33185815
14.71500 1.33200461
14.72000 1.33215104
14.72500 1.33229744
14.73000 1.33244381
14.73500 1.33259014
14.74000 1.33273644
14.74500 1.33288271
14.75000 1.33302895
14.75500 1.33317515
14.76000 1.33332133
14.76500 1.33346747
14.77000 1.33361358
14.77500 1.33375965
14.78000 1.33390570
14.78500 1.33405171
14.79000 1.33419769
14.79500 1.33434364
14.80000 1.33448955
14.80500 1.33463544
14.81000 1.33478129
14.81500 1.33492711
14.82000 1.33507290
14.82500 1.33521866
14.83000 1.33536438
14.83500 1.33551007
14.84000 1.33565574
14.84500 1.33580136
14.85000 1.33594696
14.85500 1.33609253
14.86000 1.33623806
14.86500 1.33638356
14.87000 1.33652903
14.87500 1.33667447
14.88000 1.33681988
14.88500 1.33696525
14.89000 1.33711060
14.89500 1.33725591
14.90000 1.33740119
14.90500 1.33754644
14.91000 1.33769165
14.91500 1.33783684
14.92000 1.33798199
14.92500 1.33812711
14.93000 1.33827220
14.93500 1.33841726
14.94000 1.33856229
14.94500 1.33870729
14.95000 1.33885225
14.95500 1.33899718
14.96000 1.33914209
14.96500 1.33928696
14.97000 1.33943179
14.97500 1.33957660
14.98000 1.33972138
14.98500 1.33986612
14.99000 1.34001084
14.99500 1.34015552
15.00000 1.34030017
15.00500 1.34044479
15.01000 1.34058938
15.01500 1.34073393
15.02000 1.34087846
15.02500 1.34102295
15.03000 1.34116742
15.03500 1.34131185
15.04000 1.34145625
15.04500 1.34160062
15.05000 1.34174496
15.05500 1.34188926
15.06000 1.34203354
15.06500 1.34217779
15.07000 1.34232200
15.07500 1.34246618
15.08000 1.34261034
15.08500 1.34275446
15.09000 1.34289855
15.09500 1.34304261
15.10000 1.34318664
15.10500 1.34333063
15.11000 1.34347460
15.11500 1.34361853
15.12000 1.34376244
15.12500 1.34390631
15.13000 1.34405016
15.13500 1.34419397
15.14000 1.34433775
15.14500 1.34448150
15.15000 1.34462522
15.15500 1.34476891
15.16000 1.34491257
15.16500 1.34505619
15.17000 1.34519979
15.17500 1.34534336
15.18000 1.34548689
15.18500 1.34563040
15.19000 1.34577387
15.19500 1.34591731
15.20000 1.34606073
15.20500 1.34620411
15.21000 1.34634746
15.21500 1.34649078
15.22000 1.34663407
15.22500 1.34677733
15.23000 1.34692056
15.23500 1.34706376
15.24000 1.34720693
15.24500 1.34735007
15.25000 1.34749317
15.25500 1.34763625
15.26000 1.34777930
15.26500 1.34792231
15.27000 1.34806530
15.27500 1.34820825
15.28000 1.34835118
15.28500 1.34849407
15.29000 1.34863694
15.29500 1.34877977
15.30000 1.34892258
15.30500 1.34906535
15.31000 1.34920809
15.31500 1.34935081
15.32000 1.34949349
15.32500 1.34963614
15.33000 1.34977877
15.33500 1.34992136
15.34000 1.35006392
15.34500 1.35020645
15.35000 1.35034895
15.35500 1.35049143
15.36000 1.35063387
15.36500 1.35077628
15.37000 1.35091866
15.37500 1.35106101
15.38000 1.35120333
15.38500 1.35134562
15.39000 1.35148789
15.39500 1.35163012
15.40000 1.35177232
15.40500 1.35191449
15.41000 1.35205663
15.41500 1.35219874
15.42000 1.35234083
15.42500 1.35248288
15.43000 1.35262490
15.43500 1.35276689
15.44000 1.35290885
15.44500 1.35305079
15.45000 1.35319269
15.45500 1.35333456
15.46000 1.35347641
15.46500 1.35361822
15.47000 1.35376000
15.47500 1.35390176
15.48000 1.35404348
15.48500 1.35418518
15.49000 1.35432684
15.49500 1.35446848
15.50000 1.35461008
15.50500 1.35475166
15.51000 1.35489320
15.51500 1.35503472
15.52000 1.35517621
15.52500 1.35531767
15.53000 1.35545909
15.53500 1.35560049
15.54000 1.35574186
15.54500 1.35588320
15.55000 1.35602451
15.55500 1.35616579
15.56000 1.35630704
15.56500 1.35644826
15.57000 1.35658946
15.57500 1.35673062
15.58000 1.35687175
15.58500 1.35701286
15.59000 1.35715393
15.59500 1.35729498
15.60000 1.35743599
15.60500 1.35757698
15.61000 1.35771794
15.61500 1.35785886
15.62000 1.35799976
15.62500 1.35814063
15.63000 1.35828147
15.63500 1.35842228
15.64000 1.35856307
15.64500 1.35870382
15.65000 1.35884454
15.65500 1.35898524
15.66000 1.35912590
15.66500 1.35926654
15.67000 1.35940715
15.67500 1.35954772
15.68000 1.35968827
15.68500 1.35982879
15.69000 1.35996928
15.69500 1.36010974
15.70000 1.36025018
15.70500 1.36039058
15.71000 1.36053095
15.71500 1.36067130
15.72000 1.36081162
15.72500 1.36095190
15.73000 1.36109216
15.73500 1.36123239
15.74000 1.36137259
15.74500 1.36151277
15.75000 1.36165291
15.75500 1.36179302
15.76000 1.36193311
15.76500 1.36207317
15.77000 1.36221319
15.77500 1.36235319
15.78000 1.36249316
15.78500 1.36263311
15.79000 1.36277302
15.79500 1.36291290
15.80000 1.36305276
15.80500 1.36319258
15.81000 1.36333238
15.81500 1.36347215
15.82000 1.36361189
15.82500 1.36375160
15.83000 1.36389129
15.83500 1.36403094
15.84000 1.36417057
15.84500 1.36431017
15.85000 1.36444973
15.85500 1.36458927
15.86000 1.36472879
15.86500 1.36486827
15.87000 1.36500772
15.87500 1.36514715
15.88000 1.36528655
15.88500 1.36542592
15.89000 1.36556526
15.89500 1.36570457
15.90000 1.36584386
15.90500 1.36598311
15.91000 1.36612234
15.91500 1.36626154
15.92000 1.36640071
15.92500 1.36653985
15.93000 1.36667896
15.93500 1.36681805
15.94000 1.36695711
15.94500 1.36709614
15.95000 1.36723514
15.95500 1.36737411
15.96000 1.36751305
15.96500 1.36765197
15.97000 1.36779086
15.97500 1.36792972
15.98000 1.36806855
15.98500 1.36820735
15.99000 1.36834612
15.99500 1.36848487
16.00000 1.36862359
16.00500 1.36876228
16.01000 1.36890094
16.01500 1.36903958
16.02000 1.36917818
16.02500 1.36931676
16.03000 1.36945531
16.03500 1.36959383
16.04000 1.36973233
16.04500 1.36987079
16.05000 1.37000923
16.05500 1.37014764
16.06000 1.37028602
16.06500 1.37042438
16.07000 1.37056271
16.07500 1.37070100
16.08000 1.37083927
16.08500 1.37097752
16.09000 1.37111573
16.09500 1.37125392
16.10000 1.37139208
16.10500 1.37153021
16.11000 1.37166831
16.11500 1.37180639
16.12000 1.37194443
16.12500 1.37208245
16.13000 1.37222045
16.13500 1.37235841
16.14000 1.37249635
16.14500 1.37263426
16.15000 1.37277214
16.15500 1.37290999
16.16000 1.37304782
16.16500 1.37318562
16.17000 1.37332339
16.17500 1.37346113
16.18000 1.37359885
16.18500 1.37373653
16.19000 1.37387419
16.19500 1.37401183
16.20000 1.37414943
16.20500 1.37428701
16.21000 1.37442456
16.21500 1.37456208
16.22000 1.37469958
16.22500 1.37483704
16.23000 1.37497448
16.23500 1.37511190
16.24000 1.37524928
16.24500 1.37538664
16.25000 1.37552397
16.25500 1.37566127
16.26000 1.37579855
16.26500 1.37593580
16.27000 1.37607302
16.27500 1.37621021
16.28000 1.37634737
16.28500 1.37648451
16.29000 1.37662162
16.29500 1.37675871
16.30000 1.37689577
16.30500 1.37703279
16.31000 1.37716980
16.31500 1.37730677
16.32000 1.37744372
16.32500 1.37758064
16.33000 1.37771753
16.33500 1.37785440
16.34000 1.37799124
16.34500 1.37812805
16.35000 1.37826483
16.35500 1.37840159
16.36000 1.37853832
16.36500 1.37867503
16.37000 1.37881170
16.37500 1.37894835
16.38000 1.37908497
16.38500 1.37922157
16.39000 1.37935814
16.39500 1.37949468
16.40000 1.37963119
16.40500 1.37976768
16.41000 1.37990414
16.41500 1.38004057
16.42000 1.38017698
16.42500 1.38031335
16.43000 1.38044971
16.43500 1.38058603
16.44000 1.38072233
16.44500 1.38085860
16.45000 1.38099485
16.45500 1.38113106
16.46000 1.38126725
16.46500 1.38140342
16.47000 1.38153956
16.47500 1.38167567
16.48000 1.38181175
16.48500 1.38194781
16.49000 1.38208384
16.49500 1.38221984
16.50000 1.38235581
16.50500 1.38249176
16.51000 1.38262769
16.51500 1.38276358
16.52000 1.38289945
16.52500 1.38303530
16.53000 1.38317111
16.53500 1.38330690
16.54000 1.38344266
16.54500 1.38357840
16.55000 1.38371411
16.55500 1.38384979
16.56000 1.38398545
16.56500 1.38412108
16.57000 1.38425668
16.57500 1.38439226
16.58000 1.38452781
16.58500 1.38466333
16.59000 1.38479883
16.59500 1.38493430
16.60000 1.38506975
16.60500 1.38520516
16.61000 1.38534055
16.61500 1.38547592
16.62000 1.38561126
16.62500 1.38574657
16.63000 1.38588186
16.63500 1.38601711
16.64000 1.38615235
16.64500 1.38628755
16.65000 1.38642273
16.65500 1.38655789
16.66000 1.38669302
16.66500 1.38682812
16.67000 1.38696319
16.67500 1.38709824
16.68000 1.38723326
16.68500 1.38736826
16.69000 1.38750323
16.69500 1.38763817
16.70000 1.38777309
16.70500 1.38790798
16.71000 1.38804284
16.71500 1.38817768
16.72000 1.38831250
16.72500 1.38844728
16.73000 1.38858204
16.73500 1.38871678
16.74000 1.38885148
16.74500 1.38898617
16.75000 1.38912082
16.75500 1.38925545
16.76000 1.38939005
16.76500 1.38952463
16.77000 1.38965918
16.77500 1.38979371
16.78000 1.38992821
16.78500 1.39006268
16.79000 1.39019713
16.79500 1.39033155
16.80000 1.39046595
16.80500 1.39060032
16.81000 1.39073466
16.81500 1.39086898
16.82000 1.39100327
16.82500 1.39113754
16.83000 1.39127177
16.83500 1.39140599
16.84000 1.39154018
16.84500 1.39167434
16.85000 1.39180848
16.85500 1.39194259
16.86000 1.39207667
16.86500 1.39221073
16.87000 1.39234476
16.87500 1.39247877
16.88000 1.39261275
16.88500 1.39274671
16.89000 1.39288064
16.89500 1.39301454
16.90000 1.39314842
16.90500 1.39328228
16.91000 1.39341610
16.91500 1.39354990
16.92000 1.39368368
16.92500 1.39381743
16.93000 1.39395116
16.93500 1.39408485
16.94000 1.39421853
16.94500 1.39435218
16.95000 1.39448580
16.95500 1.39461939
16.96000 1.39475297
16.96500 1.39488651
16.97000 1.39502003
16.97500 1.39515353
16.98000 1.39528699
16.98500 1.39542044
16.99000 1.39555386
16.99500 1.39568725
17.00000 1.39582062
17.00500 1.39595396
17.01000 1.39608727
17.01500 1.39622056
17.02000 1.39635383
17.02500 1.39648707
17.03000 1.39662028
17.03500 1.39675347
17.04000 1.39688664
17.04500 1.39701977
17.05000 1.39715289
17.05500 1.39728597
17.06000 1.39741904
17.06500 1.39755207
17.07000 1.39768509
17.07500 1.39781807
17.08000 1.39795103
17.08500 1.39808397
17.09000 1.39821688
17.09500 1.39834976
17.10000 1.39848262
17.10500 1.39861546
17.11000 1.39874827
17.11500 1.39888105
17.12000 1.39901381
17.12500 1.39914655
17.13000 1.39927926
17.13500 1.39941194
17.14000 1.39954460
17.14500 1.39967723
17.15000 1.39980984
17.15500 1.39994242
17.16000 1.40007498
17.16500 1.40020752
17.17000 1.40034002
17.17500 1.40047251
17.18000 1.40060496
17.18500 1.40073740
17.19000 1.40086981
17.19500 1.40100219
17.20000 1.40113455
17.20500 1.40126688
17.21000 1.40139919
17.21500 1.40153147
17.22000 1.40166373
17.22500 1.40179596
17.23000 1.40192817
17.23500 1.40206035
17.24000 1.40219251
17.24500 1.40232465
17.25000 1.40245675
17.25500 1.40258884
17.26000 1.40272090
17.26500 1.40285293
17.27000 1.40298494
17.27500 1.40311693
17.28000 1.40324889
17.28500 1.40338082
17.29000 1.40351273
17.29500 1.40364462
17.30000 1.40377648
17.30500 1.40390831
17.31000 1.40404012
17.31500 1.40417191
17.32000 1.40430367
17.32500 1.40443541
17.33000 1.40456712
17.33500 1.40469881
17.34000 1.40483047
17.34500 1.40496211
17.35000 1.40509373
17.35500 1.40522531
17.36000 1.40535688
17.36500 1.40548842
17.37000 1.40561993
17.37500 1.40575142
17.38000 1.40588289
17.38500 1.40601433
17.39000 1.40614575
17.39500 1.40627714
17.40000 1.40640851
17.40500 1.40653985
17.41000 1.40667117
17.41500 1.40680247
17.42000 1.40693374
17.42500 1.40706498
17.43000 1.40719620
17.43500 1.40732740
17.44000 1.40745857
17.44500 1.40758972
17.45000 1.40772084
17.45500 1.40785194
17.46000 1.40798302
17.46500 1.40811407
17.47000 1.40824509
17.47500 1.40837610
17.48000 1.40850707
17.48500 1.40863803
17.49000 1.40876895
17.49500 1.40889986
17.50000 1.40903074
17.50500 1.40916159
17.51000 1.40929243
17.51500 1.40942323
17.52000 1.40955402
17.52500 1.40968477
17.53000 1.40981551
17.53500 1.40994622
17.54000 1.41007690
17.54500 1.41020757
17.55000 1.41033820
17.55500 1.41046882
17.56000 1.41059941
17.56500 1.41072997
17.57000 1.41086051
17.57500 1.41099103
17.58000 1.41112152
17.58500 1.41125199
17.59000 1.41138244
17.59500 1.41151286
17.60000 1.41164325
17.60500 1.41177363
17.61000 1.41190397
17.61500 1.41203430
17.62000 1.41216460
17.62500 1.41229487
17.63000 1.41242513
17.63500 1.41255535
17.64000 1.41268556
17.64500 1.41281574
17.65000 1.41294590
17.65500 1.41307603
17.66000 1.41320614
17.66500 1.41333622
17.67000 1.41346628
17.67500 1.41359632
17.68000 1.41372633
17.68500 1.41385632
17.69000 1.41398628
17.69500 1.41411623
17.70000 1.41424614
17.70500 1.41437604
17.71000 1.41450591
17.71500 1.41463575
17.72000 1.41476557
17.72500 1.41489537
17.73000 1.41502515
17.73500 1.41515490
17.74000 1.41528462
17.74500 1.41541433
17.75000 1.41554401
17.75500 1.41567366
17.76000 1.41580329
17.76500 1.41593290
17.77000 1.41606249
17.77500 1.41619205
17.78000 1.41632158
17.78500 1.41645110
17.79000 1.41658059
17.79500 1.41671005
17.80000 1.41683950
17.80500 1.41696892
17.81000 1.41709831
17.81500 1.41722768
17.82000 1.41735703
17.82500 1.41748636
17.83000 1.41761566
17.83500 1.41774493
17.84000 1.41787419
17.84500 1.41800342
17.85000 1.41813262
17.85500 1.41826181
17.86000 1.41839097
17.86500 1.41852010
17.87000 1.41864922
17.87500 1.41877831
17.88000 1.41890737
17.88500 1.41903641
17.89000 1.41916543
17.89500 1.41929443
17.90000 1.41942340
17.90500 1.41955235
17.91000 1.41968128
17.91500 1.41981018
17.92000 1.41993906
17.92500 1.42006791
17.93000 1.42019674
17.93500 1.42032555
17.94000 1.42045434
17.94500 1.42058310
17.95000 1.42071184
17.95500 1.42084055
17.96000 1.42096924
17.96500 1.42109791
17.97000 1.42122656
17.97500 1.42135518
17.98000 1.42148378
17.98500 1.42161236
17.99000 1.42174091
17.99500 1.42186944
18.00000 1.42199794
18.00500 1.42212643
18.01000 1.42225489
18.01500 1.42238332
18.02000 1.42251174
18.02500 1.42264013
18.03000 1.42276849
18.03500 1.42289684
18.04000 1.42302516
18.04500 1.42315345
18.05000 1.42328173
18.05500 1.42340998
18.06000 1.42353821
18.06500 1.42366641
18.07000 1.42379460
18.07500 1.42392276
18.08000 1.42405089
18.08500 1.42417900
18.09000 1.42430709
18.09500 1.42443516
18.10000 1.42456321
18.10500 1.42469123
18.11000 1.42481922
18.11500 1.42494720
18.12000 1.42507515
18.12500 1.42520308
18.13000 1.42533099
18.13500 1.42545887
18.14000 1.42558673
18.14500 1.42571457
18.15000 1.42584238
18.15500 1.42597017
18.16000 1.42609794
18.16500 1.42622569
18.17000 1.42635341
18.17500 1.42648111
18.18000 1.42660879
18.18500 1.42673644
18.19000 1.42686408
18.19500 1.42699169
18.20000 1.42711927
18.20500 1.42724683
18.21000 1.42737438
18.21500 1.42750189
18.22000 1.42762939
18.22500 1.42775686
18.23000 1.42788431
18.23500 1.42801174
18.24000 1.42813914
18.24500 1.42826652
18.25000 1.42839388
18.25500 1.42852122
18.26000 1.42864853
18.26500 1.42877582
18.27000 1.42890309
18.27500 1.42903034
18.28000 1.42915756
18.28500 1.42928476
18.29000 1.42941194
18.29500 1.42953909
18.30000 1.42966622
18.30500 1.42979333
18.31000 1.42992042
18.31500 1.43004749
18.32000 1.43017453
18.32500 1.43030155
18.33000 1.43042854
18.33500 1.43055552
18.34000 1.43068247
18.34500 1.43080940
18.35000 1.43093631
18.35500 1.43106319
18.36000 1.43119005
18.36500 1.43131689
18.37000 1.43144371
18.37500 1.43157050
18.38000 1.43169728
18.38500 1.43182403
18.39000 1.43195075
18.39500 1.43207746
18.40000 1.43220414
18.40500 1.43233080
18.41000 1.43245744
18.41500 1.43258406
18.42000 1.43271065
18.42500 1.43283722
18.43000 1.43296377
18.43500 1.43309029
18.44000 1.43321680
18.44500 1.43334328
18.45000 1.43346974
18.45500 1.43359618
18.46000 1.43372259
18.46500 1.43384898
18.47000 1.43397535
18.47500 1.43410170
18.48000 1.43422803
18.48500 1.43435433
18.49000 1.43448061
18.49500 1.43460687
18.50000 1.43473311
18.50500 1.43485932
18.51000 1.43498551
18.51500 1.43511168
18.52000 1.43523783
18.52500 1.43536396
18.53000 1.43549006
18.53500 1.43561614
18.54000 1.43574220
18.54500 1.43586824
18.55000 1.43599425
18.55500 1.43612025
18.56000 1.43624622
18.56500 1.43637217
18.57000 1.43649810
18.57500 1.43662400
18.58000 1.43674988
18.58500 1.43687574
18.59000 1.43700158
18.59500 1.43712740
18.60000 1.43725319
18.60500 1.43737897
18.61000 1.43750472
18.61500 1.43763045
18.62000 1.43775615
18.62500 1.43788184
18.63000 1.43800750
18.63500 1.43813314
18.64000 1.43825876
18.64500 1.43838436
18.65000 1.43850993
18.65500 1.43863549
18.66000 1.43876102
18.66500 1.43888653
18.67000 1.43901202
18.67500 1.43913748
18.68000 1.43926293
18.68500 1.43938835
18.69000 1.43951375
18.69500 1.43963913
18.70000 1.43976448
18.70500 1.43988982
18.71000 1.44001513
18.71500 1.44014042
18.72000 1.44026569
18.72500 1.44039094
18.73000 1.44051617
18.73500 1.44064137
18.74000 1.44076655
18.74500 1.44089171
18.75000 1.44101685
18.75500 1.44114197
18.76000 1.44126707
18.76500 1.44139214
18.77000 1.44151719
18.77500 1.44164222
18.78000 1.44176723
18.78500 1.44189222
18.79000 1.44201719
18.79500 1.44214213
18.80000 1.44226705
18.80500 1.44239195
18.81000 1.44251683
18.81500 1.44264169
18.82000 1.44276653
18.82500 1.44289134
18.83000 1.44301613
18.83500 1.44314090
18.84000 1.44326565
18.84500 1.44339038
18.85000 1.44351509
18.85500 1.44363977
18.86000 1.44376444
18.86500 1.44388908
18.87000 1.44401370
18.87500 1.44413830
18.88000 1.44426288
18.88500 1.44438743
18.89000 1.44451197
18.89500 1.44463648
18.90000 1.44476097
18.90500 1.44488544
18.91000 1.44500989
18.91500 1.44513432
18.92000 1.44525872
18.92500 1.44538311
18.93000 1.44550747
18.93500 1.44563181
18.94000 1.44575614
18.94500 1.44588043
18.95000 1.44600471
18.95500 1.44612897
18.96000 1.44625320
18.96500 1.44637742
18.97000 1.44650161
18.97500 1.44662578
18.98000 1.44674993
18.98500 1.44687406
18.99000 1.44699817
18.99500 1.44712225
19.00000 1.44724632
19.00500 1.44737036
19.01000 1.44749438
19.01500 1.44761839
19.02000 1.44774237
19.02500 1.44786632
19.03000 1.44799026
19.03500 1.44811418
19.04000 1.44823807
19.04500 1.44836195
19.05000 1.44848580
19.05500 1.44860963
19.06000 1.44873344
19.06500 1.44885723
19.07000 1.44898100
19.07500 1.44910475
19.08000 1.44922847
19.08500 1.44935218
19.09000 1.44947586
19.09500 1.44959952
19.10000 1.44972316
19.10500 1.44984678
19.11000 1.44997038
19.11500 1.45009396
19.12000 1.45021752
19.12500 1.45034106
19.13000 1.45046457
19.13500 1.45058806
19.14000 1.45071154
19.14500 1.45083499
19.15000 1.45095842
19.15500 1.45108183
19.16000 1.45120522
19.16500 1.45132859
19.17000 1.45145194
19.17500 1.45157526
19.18000 1.45169857
19.18500 1.45182185
19.19000 1.45194512
19.19500 1.45206836
19.20000 1.45219158
19.20500 1.45231478
19.21000 1.45243796
19.21500 1.45256112
19.22000 1.45268426
19.22500 1.45280738
19.23000 1.45293047
19.23500 1.45305355
19.24000 1.45317660
19.24500 1.45329964
19.25000 1.45342265
19.25500 1.45354564
19.26000 1.45366861
19.26500 1.45379157
19.27000 1.45391450
19.27500 1.45403741
19.28000 1.45416029
19.28500 1.45428316
19.29000 1.45440601
19.29500 1.45452883
19.30000 1.45465164
19.30500 1.45477443
19.31000 1.45489719
19.31500 1.45501993
19.32000 1.45514266
19.32500 1.45526536
19.33000 1.45538804
19.33500 1.45551070
19.34000 1.45563334
19.34500 1.45575596
19.35000 1.45587856
19.35500 1.45600114
19.36000 1.45612369
19.36500 1.45624623
19.37000 1.45636875
19.37500 1.45649124
19.38000 1.45661372
19.38500 1.45673617
19.39000 1.45685861
19.39500 1.45698102
19.40000 1.45710341
19.40500 1.45722578
19.41000 1.45734814
19.41500 1.45747047
19.42000 1.45759278
19.42500 1.45771507
19.43000 1.45783734
19.43500 1.45795959
19.44000 1.45808181
19.44500 1.45820402
19.45000 1.45832621
19.45500 1.45844838
19.46000 1.45857052
19.46500 1.45869265
19.47000 1.45881476
19.47500 1.45893684
19.48000 1.45905891
19.48500 1.45918095
19.49000 1.45930298
19.49500 1.45942498
19.50000 1.45954696
19.50500 1.45966893
19.51000 1.45979087
19.51500 1.45991279
19.52000 1.46003469
19.52500 1.46015658
19.53000 1.46027844
19.53500 1.46040028
19.54000 1.46052210
19.54500 1.46064390
19.55000 1.46076568
19.55500 1.46088744
19.56000 1.46100918
19.56500 1.46113090
19.57000 1.46125260
19.57500 1.46137428
19.58000 1.46149593
19.58500 1.46161757
19.59000 1.46173919
19.59500 1.46186079
19.60000 1.46198237
19.60500 1.46210392
19.61000 1.46222546
19.61500 1.46234698
19.62000 1.46246847
19.62500 1.46258995
19.63000 1.46271141
19.63500 1.46283284
19.64000 1.46295426
19.64500 1.46307565
19.65000 1.46319703
19.65500 1.46331839
19.66000 1.46343972
19.66500 1.46356104
19.67000 1.46368233
19.67500 1.46380361
19.68000 1.46392486
19.68500 1.46404610
19.69000 1.46416731
19.69500 1.46428851
19.70000 1.46440968
19.70500 1.46453084
19.71000 1.46465197
19.71500 1.46477309
19.72000 1.46489418
19.72500 1.46501526
19.73000 1.46513631
19.73500 1.46525735
19.74000 1.46537836
19.74500 1.46549936
19.75000 1.46562033
19.75500 1.46574129
19.76000 1.46586222
19.76500 1.46598314
19.77000 1.46610403
19.77500 1.46622491
19.78000 1.46634576
19.78500 1.46646660
19.79000 1.46658741
19.79500 1.46670821
19.80000 1.46682898
19.80500 1.46694974
19.81000 1.46707048
19.81500 1.46719119
19.82000 1.46731189
19.82500 1.46743256
19.83000 1.46755322
19.83500 1.46767386
19.84000 1.46779447
19.84500 1.46791507
19.85000 1.46803565
19.85500 1.46815621
19.86000 1.46827674
19.86500 1.46839726
19.87000 1.46851776
19.87500 1.46863824
19.88000 1.46875870
19.88500 1.46887913
19.89000 1.46899955
19.89500 1.46911995
19.90000 1.46924033
19.90500 1.46936069
19.91000 1.46948103
19.91500 1.46960135
19.92000 1.46972165
19.92500 1.46984193
19.93000 1.46996220
19.93500 1.47008244
19.94000 1.47020266
19.94500 1.47032286
19.95000 1.47044304
19.95500 1.47056321
19.96000 1.47068335
19.96500 1.47080347
19.97000 1.47092358
19.97500 1.47104366
19.98000 1.47116373
19.98500 1.47128377
19.99000 1.47140380
19.99500 1.47152381
20.00000 1.47164379
20.00500 1.47176376
20.01000 1.47188371
20.01500 1.47200364
20.02000 1.47212354
20.02500 1.47224343
20.03000 1.47236330
20.03500 1.47248315
20.04000 1.47260298
20.04500 1.47272279
20.05000 1.47284258
20.05500 1.47296236
20.06000 1.47308211
20.06500 1.47320184
20.07000 1.47332156
20.07500 1.47344125
20.08000 1.47356092
20.08500 1.47368058
20.09000 1.47380022
20.09500 1.47391983
20.10000 1.47403943
20.10500 1.47415901
20.11000 1.47427856
20.11500 1.47439810
20.12000 1.47451762
20.12500 1.47463712
20.13000 1.47475660
20.13500 1.47487606
20.14000 1.47499551
20.14500 1.47511493
20.15000 1.47523433
20.15500 1.47535372
20.16000 1.47547308
20.16500 1.47559243
20.17000 1.47571175
20.17500 1.47583106
20.18000 1.47595035
20.18500 1.47606962
20.19000 1.47618886
20.19500 1.47630809
20.20000 1.47642730
20.20500 1.47654650
20.21000 1.47666567
20.21500 1.47678482
20.22000 1.47690395
20.22500 1.47702307
20.23000 1.47714216
20.23500 1.47726124
20.24000 1.47738029
20.24500 1.47749933
20.25000 1.47761835
