0.25000 0.00000000
0.25500 0.01270307
0.26000 0.02533997
0.26500 0.03791231
0.27000 0.05042152
0.27500 0.06286902
0.28000 0.07525614
0.28500 0.08758418
0.29000 0.09985438
0.29500 0.11206795
0.30000 0.12422602
0.30500 0.13632972
0.31000 0.14838011
0.31500 0.16037822
0.32000 0.17232506
0.32500 0.18422157
0.33000 0.19606870
0.33500 0.20786733
0.34000 0.21961835
0.34500 0.23132259
0.35000 0.24298087
0.35500 0.25459398
0.36000 0.26616267
0.36500 0.27768770
0.37000 0.28916979
0.37500 0.30060962
0.38000 0.31200789
0.38500 0.32336524
0.39000 0.33468233
0.39500 0.34595976
0.40000 0.35719815
0.40500 0.36839808
0.41000 0.37956013
0.41500 0.39068485
0.42000 0.40177279
0.42500 0.41282446
0.43000 0.42384040
0.43500 0.43482109
0.44000 0.44576703
0.44500 0.45667870
0.45000 0.46755656
0.45500 0.47840106
0.46000 0.48921264
0.46500 0.49999175
0.47000 0.51073879
0.47500 0.52145419
0.48000 0.53213834
0.48500 0.54279164
0.49000 0.55341447
0.49500 0.56400721
0.50000 0.57457024
0.50500 0.58510389
0.51000 0.59560854
0.51500 0.60608452
0.52000 0.61653217
0.52500 0.62695182
0.53000 0.63734379
0.53500 0.64770840
0.54000 0.65804596
0.54500 0.66835677
0.55000 0.67864113
0.55500 0.68889934
0.56000 0.69913167
0.56500 0.70933841
0.57000 0.71951983
0.57500 0.72967620
0.58000 0.73980779
0.58500 0.74991485
0.59000 0.75999764
0.59500 0.77005641
0.60000 0.78009141
0.60500 0.79010287
0.61000 0.80009103
0.61500 0.81005613
0.62000 0.81999839
0.62500 0.82991803
0.63000 0.83981527
0.63500 0.84969034
0.64000 0.85954344
0.64500 0.86937478
0.65000 0.87918457
0.65500 0.88897300
0.66000 0.89874029
0.66500 0.90848661
0.67000 0.91821217
0.67500 0.92791715
0.68000 0.93760174
0.68500 0.94726612
0.69000 0.95691046
0.69500 0.96653496
0.70000 0.97613977
0.70500 0.98572508
0.71000 0.99529104
0.71500 1.00483784
0.72000 1.01436562
0.72500 1.02387455
0.73000 1.03336479
0.73500 1.04283650
0.74000 1.05228982
0.74500 1.06172491
0.75000 1.07114193
0.75500 1.08054101
0.76000 1.08992230
0.76500 1.09928595
0.77000 1.10863209
0.77500 1.11796086
0.78000 1.12727240
0.78500 1.13656685
0.79000 1.14584434
0.79500 1.15510499
0.80000 1.16434895
0.80500 1.17357633
0.81000 1.18278726
0.81500 1.19198186
0.82000 1.20116027
0.82500 1.21032259
0.83000 1.21946895
0.83500 1.22859947
0.84000 1.23771425
0.84500 1.24681343
0.85000 1.25589710
0.85500 1.26496538
0.86000 1.27401838
0.86500 1.28305621
0.87000 1.29207898
0.87500 1.30108679
0.88000 1.31007974
0.88500 1.31905795
0.89000 1.32802151
0.89500 1.33697052
0.90000 1.34590508
0.90500 1.35482529
0.91000 1.36373125
0.91500 1.37262305
0.92000 1.38150079
0.92500 1.39036457
0.93000 1.39921446
0.93500 1.40805058
0.94000 1.41687299
0.94500 1.42568181
0.95000 1.43447710
0.95500 1.44325897
0.96000 1.45202750
0.96500 1.46078276
0.97000 1.46952485
0.97500 1.47825385
0.98000 1.48696985
0.98500 1.49567291
0.99000 1.50436313
0.99500 1.51304059
1.00000 1.52170535
1.00500 1.53035751
1.01000 1.53899713
1.01500 1.54762429
1.02000 1.55623907
1.02500 1.56484155
1.03000 1.57343179
1.03500 1.58200987
1.04000 1.59057586
1.04500 1.59912984
1.05000 1.60767187
1.05500 1.61620202
1.06000 1.62472036
1.06500 1.63322697
1.07000 1.64172190
1.07500 1.65020523
1.08000 1.65867703
1.08500 1.66713734
1.09000 1.67558626
1.09500 1.68402382
1.10000 1.69245011
1.10500 1.70086519
1.11000 1.70926911
1.11500 1.71766193
1.12000 1.72604373
1.12500 1.73441455
1.13000 1.74277447
1.13500 1.75112353
1.14000 1.75946180
1.14500 1.76778934
1.15000 1.77610620
1.15500 1.78441244
1.16000 1.79270812
1.16500 1.80099330
1.17000 1.80926802
1.17500 1.81753235
1.18000 1.82578633
1.18500 1.83403003
1.19000 1.84226349
1.19500 1.85048677
1.20000 1.85869993
1.20500 1.86690300
1.21000 1.87509605
1.21500 1.88327913
1.22000 1.89145228
1.22500 1.89961557
1.23000 1.90776902
1.23500 1.91591270
1.24000 1.92404666
1.24500 1.93217094
1.25000 1.94028559
1.25500 1.94839066
1.26000 1.95648619
1.26500 1.96457224
1.27000 1.97264884
1.27500 1.98071605
1.28000 1.98877390
1.28500 1.99682245
1.29000 2.00486174
1.29500 2.01289182
1.30000 2.02091272
1.30500 2.02892449
1.31000 2.03692718
1.31500 2.04492082
1.32000 2.05290546
1.32500 2.06088115
1.33000 2.06884792
1.33500 2.07680581
1.34000 2.08475486
1.34500 2.09269513
1.35000 2.10062664
1.35500 2.10854944
1.36000 2.11646356
1.36500 2.12436905
1.37000 2.13226595
1.37500 2.14015429
1.38000 2.14803411
1.38500 2.15590545
1.39000 2.16376835
1.39500 2.17162285
1.40000 2.17946898
1.40500 2.18730678
1.41000 2.19513628
1.41500 2.20295753
1.42000 2.21077056
1.42500 2.21857540
1.43000 2.22637210
1.43500 2.23416068
1.44000 2.24194118
1.44500 2.24971363
1.45000 2.25747808
1.45500 2.26523455
1.46000 2.27298307
1.46500 2.28072369
1.47000 2.28845644
1.47500 2.29618134
1.48000 2.30389844
1.48500 2.31160775
1.49000 2.31930933
1.49500 2.32700319
1.50000 2.33468937
1.50500 2.34236791
1.51000 2.35003883
1.51500 2.35770216
1.52000 2.36535794
1.52500 2.37300619
1.53000 2.38064696
1.53500 2.38828026
1.54000 2.39590613
1.54500 2.40352459
1.55000 2.41113568
1.55500 2.41873943
1.56000 2.42633587
1.56500 2.43392502
1.57000 2.44150692
1.57500 2.44908158
1.58000 2.45664905
1.58500 2.46420935
1.59000 2.47176251
1.59500 2.47930855
1.60000 2.48684750
1.60500 2.49437940
1.61000 2.50190426
1.61500 2.50942212
1.62000 2.51693299
1.62500 2.52443692
1.63000 2.53193392
1.63500 2.53942403
1.64000 2.54690726
1.64500 2.55438364
1.65000 2.56185321
1.65500 2.56931598
1.66000 2.57677198
1.66500 2.58422123
1.67000 2.59166377
1.67500 2.59909961
1.68000 2.60652879
1.68500 2.61395132
1.69000 2.62136723
1.69500 2.62877654
1.70000 2.63617928
1.70500 2.64357548
1.71000 2.65096515
1.71500 2.65834832
1.72000 2.66572502
1.72500 2.67309526
1.73000 2.68045907
1.73500 2.68781648
1.74000 2.69516751
1.74500 2.70251217
1.75000 2.70985049
1.75500 2.71718250
1.76000 2.72450822
1.76500 2.73182766
1.77000 2.73914086
1.77500 2.74644783
1.78000 2.75374859
1.78500 2.76104317
1.79000 2.76833159
1.79500 2.77561387
1.80000 2.78289003
1.80500 2.79016009
1.81000 2.79742408
1.81500 2.80468201
1.82000 2.81193390
1.82500 2.81917978
1.83000 2.82641967
1.83500 2.83365358
1.84000 2.84088154
1.84500 2.84810356
1.85000 2.85531967
1.85500 2.86252989
1.86000 2.86973424
1.86500 2.87693273
1.87000 2.88412539
1.87500 2.89131223
1.88000 2.89849327
1.88500 2.90566855
1.89000 2.91283806
1.89500 2.92000183
1.90000 2.92715989
1.90500 2.93431224
1.91000 2.94145892
1.91500 2.94859993
1.92000 2.95573529
1.92500 2.96286503
1.93000 2.96998916
1.93500 2.97710770
1.94000 2.98422067
1.94500 2.99132808
1.95000 2.99842996
1.95500 3.00552631
1.96000 3.01261717
1.96500 3.01970254
1.97000 3.02678245
1.97500 3.03385691
1.98000 3.04092593
1.98500 3.04798955
1.99000 3.05504776
1.99500 3.06210059
2.00000 3.06914806
2.00500 3.07619018
2.01000 3.08322697
2.01500 3.09025845
2.02000 3.09728463
2.02500 3.10430553
2.03000 3.11132117
2.03500 3.11833155
2.04000 3.12533671
2.04500 3.13233664
2.05000 3.13933138
2.05500 3.14632093
2.06000 3.15330531
2.06500 3.16028454
2.07000 3.16725863
2.07500 3.17422760
2.08000 3.18119147
2.08500 3.18815024
2.09000 3.19510393
2.09500 3.20205257
2.10000 3.20899616
2.10500 3.21593472
2.11000 3.22286826
2.11500 3.22979680
2.12000 3.23672035
2.12500 3.24363894
2.13000 3.25055256
2.13500 3.25746125
2.14000 3.26436501
2.14500 3.27126385
2.15000 3.27815779
2.15500 3.28504685
2.16000 3.29193104
2.16500 3.29881037
2.17000 3.30568486
2.17500 3.31255452
2.18000 3.31941937
2.18500 3.32627941
2.19000 3.33313467
2.19500 3.33998515
2.20000 3.34683088
2.20500 3.35367186
2.21000 3.36050810
2.21500 3.36733963
2.22000 3.37416645
2.22500 3.38098857
2.23000 3.38780602
2.23500 3.39461880
2.24000 3.40142693
2.24500 3.40823042
2.25000 3.41502928
2.25500 3.42182352
2.26000 3.42861317
2.26500 3.43539822
2.27000 3.44217870
2.27500 3.44895461
2.28000 3.45572598
2.28500 3.46249280
2.29000 3.46925510
2.29500 3.47601289
2.30000 3.48276617
2.30500 3.48951496
2.31000 3.49625928
2.31500 3.50299914
2.32000 3.50973454
2.32500 3.51646549
2.33000 3.52319203
2.33500 3.52991414
2.34000 3.53663185
2.34500 3.54334516
2.35000 3.55005410
2.35500 3.55675866
2.36000 3.56345887
2.36500 3.57015473
2.37000 3.57684626
2.37500 3.58353346
2.38000 3.59021635
2.38500 3.59689494
2.39000 3.60356924
2.39500 3.61023926
2.40000 3.61690501
2.40500 3.62356651
2.41000 3.63022377
2.41500 3.63687679
2.42000 3.64352559
2.42500 3.65017017
2.43000 3.65681056
2.43500 3.66344675
2.44000 3.67007877
2.44500 3.67670662
2.45000 3.68333031
2.45500 3.68994985
2.46000 3.69656526
2.46500 3.70317654
2.47000 3.70978371
2.47500 3.71638677
2.48000 3.72298574
2.48500 3.72958062
2.49000 3.73617143
2.49500 3.74275818
2.50000 3.74934087
2.50500 3.75591952
2.51000 3.76249414
2.51500 3.76906474
2.52000 3.77563132
2.52500 3.78219390
2.53000 3.78875248
2.53500 3.79530709
2.54000 3.80185772
2.54500 3.80840438
2.55000 3.81494710
2.55500 3.82148587
2.56000 3.82802071
2.56500 3.83455162
2.57000 3.84107862
2.57500 3.84760171
2.58000 3.85412091
2.58500 3.86063622
2.59000 3.86714765
2.59500 3.87365522
2.60000 3.88015893
2.60500 3.88665879
2.61000 3.89315481
2.61500 3.89964701
2.62000 3.90613538
2.62500 3.91261994
2.63000 3.91910070
2.63500 3.92557766
2.64000 3.93205084
2.64500 3.93852025
2.65000 3.94498588
2.65500 3.95144777
2.66000 3.95790590
2.66500 3.96436029
2.67000 3.97081096
2.67500 3.97725790
2.68000 3.98370113
2.68500 3.99014065
2.69000 3.99657648
2.69500 4.00300862
2.70000 4.00943709
2.70500 4.01586188
2.71000 4.02228301
2.71500 4.02870049
2.72000 4.03511433
2.72500 4.04152452
2.73000 4.04793110
2.73500 4.05433405
2.74000 4.06073339
2.74500 4.06712913
2.75000 4.07352128
2.75500 4.07990984
2.76000 4.08629482
2.76500 4.09267623
2.77000 4.09905408
2.77500 4.10542838
2.78000 4.11179913
2.78500 4.11816634
2.79000 4.12453003
2.79500 4.13089019
2.80000 4.13724684
2.80500 4.14359999
2.81000 4.14994964
2.81500 4.15629580
2.82000 4.16263847
2.82500 4.16897768
2.83000 4.17531341
2.83500 4.18164569
2.84000 4.18797452
2.84500 4.19429990
2.85000 4.20062185
2.85500 4.20694037
2.86000 4.21325547
2.86500 4.21956716
2.87000 4.22587544
2.87500 4.23218032
2.88000 4.23848181
2.88500 4.24477993
2.89000 4.25107466
2.89500 4.25736603
2.90000 4.26365403
2.90500 4.26993868
2.91000 4.27621999
2.91500 4.28249796
2.92000 4.28877259
2.92500 4.29504390
2.93000 4.30131190
2.93500 4.30757658
2.94000 4.31383796
2.94500 4.32009604
2.95000 4.32635084
2.95500 4.33260235
2.96000 4.33885059
2.96500 4.34509556
2.97000 4.35133727
2.97500 4.35757572
2.98000 4.36381093
2.98500 4.37004290
2.99000 4.37627163
2.99500 4.38249714
3.00000 4.38871943
3.00500 4.39493850
3.01000 4.40115437
3.01500 4.40736704
3.02000 4.41357652
3.02500 4.41978281
3.03000 4.42598592
3.03500 4.43218586
3.04000 4.43838263
3.04500 4.44457624
3.05000 4.45076670
3.05500 4.45695402
3.06000 4.46313819
3.06500 4.46931923
3.07000 4.47549714
3.07500 4.48167193
3.08000 4.48784361
3.08500 4.49401218
3.09000 4.50017765
3.09500 4.50634002
3.10000 4.51249931
3.10500 4.51865551
3.11000 4.52480864
3.11500 4.53095869
3.12000 4.53710569
3.12500 4.54324962
3.13000 4.54939050
3.13500 4.55552834
3.14000 4.56166314
3.14500 4.56779491
3.15000 4.57392365
3.15500 4.58004937
3.16000 4.58617207
3.16500 4.59229177
3.17000 4.59840846
3.17500 4.60452216
3.18000 4.61063287
3.18500 4.61674059
3.19000 4.62284533
3.19500 4.62894710
3.20000 4.63504591
3.20500 4.64114175
3.21000 4.64723464
3.21500 4.65332458
3.22000 4.65941157
3.22500 4.66549563
3.23000 4.67157675
3.23500 4.67765495
3.24000 4.68373023
3.24500 4.68980259
3.25000 4.69587205
3.25500 4.70193860
3.26000 4.70800225
3.26500 4.71406301
3.27000 4.72012088
3.27500 4.72617588
3.28000 4.73222800
3.28500 4.73827724
3.29000 4.74432363
3.29500 4.75036715
3.30000 4.75640782
3.30500 4.76244565
3.31000 4.76848063
3.31500 4.77451278
3.32000 4.78054209
3.32500 4.78656858
3.33000 4.79259224
3.33500 4.79861309
3.34000 4.80463114
3.34500 4.81064637
3.35000 4.81665881
3.35500 4.82266845
3.36000 4.82867531
3.36500 4.83467938
3.37000 4.84068067
3.37500 4.84667919
3.38000 4.85267495
3.38500 4.85866793
3.39000 4.86465817
3.39500 4.87064565
3.40000 4.87663038
3.40500 4.88261237
3.41000 4.88859163
3.41500 4.89456815
3.42000 4.90054194
3.42500 4.90651302
3.43000 4.91248138
3.43500 4.91844702
3.44000 4.92440996
3.44500 4.93037020
3.45000 4.93632774
3.45500 4.94228259
3.46000 4.94823475
3.46500 4.95418423
3.47000 4.96013104
3.47500 4.96607517
3.48000 4.97201664
3.48500 4.97795544
3.49000 4.98389159
3.49500 4.98982508
3.50000 4.99575592
3.50500 5.00168413
3.51000 5.00760969
3.51500 5.01353262
3.52000 5.01945293
3.52500 5.02537060
3.53000 5.03128566
3.53500 5.03719811
3.54000 5.04310794
3.54500 5.04901518
3.55000 5.05491981
3.55500 5.06082184
3.56000 5.06672128
3.56500 5.07261814
3.57000 5.07851242
3.57500 5.08440411
3.58000 5.09029324
3.58500 5.09617980
3.59000 5.10206379
3.59500 5.10794523
3.60000 5.11382411
3.60500 5.11970044
3.61000 5.12557422
3.61500 5.13144547
3.62000 5.13731417
3.62500 5.14318035
3.63000 5.14904400
3.63500 5.15490512
3.64000 5.16076373
3.64500 5.16661982
3.65000 5.17247340
3.65500 5.17832448
3.66000 5.18417305
3.66500 5.19001913
3.67000 5.19586271
3.67500 5.20170381
3.68000 5.20754242
3.68500 5.21337856
3.69000 5.21921222
3.69500 5.22504340
3.70000 5.23087212
3.70500 5.23669838
3.71000 5.24252218
3.71500 5.24834352
3.72000 5.25416242
3.72500 5.25997887
3.73000 5.26579288
3.73500 5.27160445
3.74000 5.27741358
3.74500 5.28322029
3.75000 5.28902457
3.75500 5.29482643
3.76000 5.30062588
3.76500 5.30642291
3.77000 5.31221754
3.77500 5.31800975
3.78000 5.32379957
3.78500 5.32958700
3.79000 5.33537203
3.79500 5.34115467
3.80000 5.34693492
3.80500 5.35271280
3.81000 5.35848830
3.81500 5.36426143
3.82000 5.37003219
3.82500 5.37580058
3.83000 5.38156662
3.83500 5.38733029
3.84000 5.39309162
3.84500 5.39885059
3.85000 5.40460722
3.85500 5.41036151
3.86000 5.41611347
3.86500 5.42186309
3.87000 5.42761038
3.87500 5.43335534
3.88000 5.43909798
3.88500 5.44483831
3.89000 5.45057631
3.89500 5.45631201
3.90000 5.46204541
3.90500 5.46777650
3.91000 5.47350529
3.91500 5.47923178
3.92000 5.48495599
3.92500 5.49067790
3.93000 5.49639753
3.93500 5.50211488
3.94000 5.50782996
3.94500 5.51354276
3.95000 5.51925329
3.95500 5.52496156
3.96000 5.53066756
3.96500 5.53637130
3.97000 5.54207280
3.97500 5.54777203
3.98000 5.55346903
3.98500 5.55916377
3.99000 5.56485628
3.99500 5.57054655
4.00000 5.57623459
4.00500 5.58192039
4.01000 5.58760397
4.01500 5.59328533
4.02000 5.59896447
4.02500 5.60464139
4.03000 5.61031611
4.03500 5.61598861
4.04000 5.62165891
4.04500 5.62732700
4.05000 5.63299290
4.05500 5.63865660
4.06000 5.64431812
4.06500 5.64997744
4.07000 5.65563458
4.07500 5.66128954
4.08000 5.66694232
4.08500 5.67259293
4.09000 5.67824137
4.09500 5.68388764
4.10000 5.68953174
4.10500 5.69517369
4.11000 5.70081348
4.11500 5.70645111
4.12000 5.71208659
4.12500 5.71771993
4.13000 5.72335112
4.13500 5.72898018
4.14000 5.73460709
4.14500 5.74023187
4.15000 5.74585452
4.15500 5.75147505
4.16000 5.75709345
4.16500 5.76270972
4.17000 5.76832389
4.17500 5.77393593
4.18000 5.77954587
4.18500 5.78515370
4.19000 5.79075942
4.19500 5.79636304
4.20000 5.80196456
4.20500 5.80756399
4.21000 5.81316133
4.21500 5.81875658
4.22000 5.82434974
4.22500 5.82994082
4.23000 5.83552982
4.23500 5.84111674
4.24000 5.84670159
4.24500 5.85228438
4.25000 5.85786509
4.25500 5.86344374
4.26000 5.86902034
4.26500 5.87459487
4.27000 5.88016735
4.27500 5.88573778
4.28000 5.89130616
4.28500 5.89687249
4.29000 5.90243679
4.29500 5.90799904
4.30000 5.91355926
4.30500 5.91911744
4.31000 5.92467360
4.31500 5.93022773
4.32000 5.93577983
4.32500 5.94132991
4.33000 5.94687798
4.33500 5.95242403
4.34000 5.95796807
4.34500 5.96351010
4.35000 5.96905012
4.35500 5.97458814
4.36000 5.98012416
4.36500 5.98565819
4.37000 5.99119022
4.37500 5.99672025
4.38000 6.00224830
4.38500 6.00777437
4.39000 6.01329845
4.39500 6.01882055
4.40000 6.02434067
4.40500 6.02985882
4.41000 6.03537500
4.41500 6.04088921
4.42000 6.04640146
4.42500 6.05191174
4.43000 6.05742007
4.43500 6.06292643
4.44000 6.06843084
4.44500 6.07393331
4.45000 6.07943382
4.45500 6.08493239
4.46000 6.09042901
4.46500 6.09592369
4.47000 6.10141644
4.47500 6.10690725
4.48000 6.11239613
4.48500 6.11788309
4.49000 6.12336811
4.49500 6.12885121
4.50000 6.13433239
4.50500 6.13981166
4.51000 6.14528901
4.51500 6.15076444
4.52000 6.15623797
4.52500 6.16170959
4.53000 6.16717930
4.53500 6.17264711
4.54000 6.17811303
4.54500 6.18357704
4.55000 6.18903917
4.55500 6.19449940
4.56000 6.19995774
4.56500 6.20541420
4.57000 6.21086878
4.57500 6.21632147
4.58000 6.22177229
4.58500 6.22722123
4.59000 6.23266830
4.59500 6.23811350
4.60000 6.24355683
4.60500 6.24899830
4.61000 6.25443791
4.61500 6.25987565
4.62000 6.26531154
4.62500 6.27074557
4.63000 6.27617776
4.63500 6.28160809
4.64000 6.28703658
4.64500 6.29246322
4.65000 6.29788802
4.65500 6.30331099
4.66000 6.30873211
4.66500 6.31415140
4.67000 6.31956886
4.67500 6.32498449
4.68000 6.33039830
4.68500 6.33581028
4.69000 6.34122044
4.69500 6.34662878
4.70000 6.35203531
4.70500 6.35744002
4.71000 6.36284292
4.71500 6.36824401
4.72000 6.37364329
4.72500 6.37904077
4.73000 6.38443645
4.73500 6.38983032
4.74000 6.39522241
4.74500 6.40061269
4.75000 6.40600119
4.75500 6.41138789
4.76000 6.41677281
4.76500 6.42215595
4.77000 6.42753730
4.77500 6.43291687
4.78000 6.43829467
4.78500 6.44367069
4.79000 6.44904493
4.79500 6.45441741
4.80000 6.45978812
4.80500 6.46515706
4.81000 6.47052424
4.81500 6.47588966
4.82000 6.48125332
4.82500 6.48661523
4.83000 6.49197538
4.83500 6.49733377
4.84000 6.50269042
4.84500 6.50804533
4.85000 6.51339849
4.85500 6.51874990
4.86000 6.52409958
4.86500 6.52944752
4.87000 6.53479372
4.87500 6.54013819
4.88000 6.54548093
4.88500 6.55082194
4.89000 6.55616123
4.89500 6.56149879
4.90000 6.56683463
4.90500 6.57216875
4.91000 6.57750115
4.91500 6.58283184
4.92000 6.58816081
4.92500 6.59348807
4.93000 6.59881363
4.93500 6.60413748
4.94000 6.60945963
4.94500 6.61478007
4.95000 6.62009882
4.95500 6.62541587
4.96000 6.63073122
4.96500 6.63604488
4.97000 6.64135685
4.97500 6.64666713
4.98000 6.65197573
4.98500 6.65728264
4.99000 6.66258787
4.99500 6.66789142
5.00000 6.67319330
5.00500 6.67849349
5.01000 6.68379202
5.01500 6.68908887
5.02000 6.69438406
5.02500 6.69967757
5.03000 6.70496943
5.03500 6.71025962
5.04000 6.71554815
5.04500 6.72083502
5.05000 6.72612024
5.05500 6.73140380
5.06000 6.73668571
5.06500 6.74196597
5.07000 6.74724458
5.07500 6.75252155
5.08000 6.75779687
5.08500 6.76307055
5.09000 6.76834259
5.09500 6.77361300
5.10000 6.77888177
5.10500 6.78414891
5.11000 6.78941441
5.11500 6.79467829
5.12000 6.79994054
5.12500 6.80520116
5.13000 6.81046016
5.13500 6.81571754
5.14000 6.82097331
5.14500 6.82622745
5.15000 6.83147998
5.15500 6.83673090
5.16000 6.84198020
5.16500 6.84722790
5.17000 6.85247399
5.17500 6.85771848
5.18000 6.86296136
5.18500 6.86820265
5.19000 6.87344233
5.19500 6.87868042
5.20000 6.88391691
5.20500 6.88915181
5.21000 6.89438512
5.21500 6.89961684
5.22000 6.90484697
5.22500 6.91007552
5.23000 6.91530248
5.23500 6.92052787
5.24000 6.92575167
5.24500 6.93097390
5.25000 6.93619455
5.25500 6.94141363
5.26000 6.94663114
5.26500 6.95184707
5.27000 6.95706144
5.27500 6.96227425
5.28000 6.96748549
5.28500 6.97269517
5.29000 6.97790329
5.29500 6.98310985
5.30000 6.98831485
5.30500 6.99351830
5.31000 6.99872020
5.31500 7.00392055
5.32000 7.00911935
5.32500 7.01431660
5.33000 7.01951231
5.33500 7.02470648
5.34000 7.02989910
5.34500 7.03509018
5.35000 7.04027973
5.35500 7.04546774
5.36000 7.05065422
5.36500 7.05583917
5.37000 7.06102258
5.37500 7.06620447
5.38000 7.07138483
5.38500 7.07656367
5.39000 7.08174098
5.39500 7.08691678
5.40000 7.09209105
5.40500 7.09726381
5.41000 7.10243505
5.41500 7.10760478
5.42000 7.11277300
5.42500 7.11793970
5.43000 7.12310490
5.43500 7.12826859
5.44000 7.13343078
5.44500 7.13859146
5.45000 7.14375065
5.45500 7.14890833
5.46000 7.15406452
5.46500 7.15921921
5.47000 7.16437241
5.47500 7.16952411
5.48000 7.17467432
5.48500 7.17982305
5.49000 7.18497029
5.49500 7.19011604
5.50000 7.19526031
5.50500 7.20040310
5.51000 7.20554441
5.51500 7.21068424
5.52000 7.21582259
5.52500 7.22095947
5.53000 7.22609488
5.53500 7.23122881
5.54000 7.23636127
5.54500 7.24149227
5.55000 7.24662180
5.55500 7.25174987
5.56000 7.25687647
5.56500 7.26200161
5.57000 7.26712530
5.57500 7.27224752
5.58000 7.27736829
5.58500 7.28248760
5.59000 7.28760547
5.59500 7.29272188
5.60000 7.29783684
5.60500 7.30295035
5.61000 7.30806242
5.61500 7.31317304
5.62000 7.31828222
5.62500 7.32338996
5.63000 7.32849626
5.63500 7.33360113
5.64000 7.33870455
5.64500 7.34380655
5.65000 7.34890711
5.65500 7.35400623
5.66000 7.35910393
5.66500 7.36420021
5.67000 7.36929505
5.67500 7.37438847
5.68000 7.37948047
5.68500 7.38457104
5.69000 7.38966020
5.69500 7.39474794
5.70000 7.39983426
5.70500 7.40491917
5.71000 7.41000266
5.71500 7.41508474
5.72000 7.42016541
5.72500 7.42524468
5.73000 7.43032253
5.73500 7.43539898
5.74000 7.44047403
5.74500 7.44554768
5.75000 7.45061992
5.75500 7.45569076
5.76000 7.46076021
5.76500 7.46582826
5.77000 7.47089492
5.77500 7.47596019
5.78000 7.48102406
5.78500 7.48608654
5.79000 7.49114764
5.79500 7.49620735
5.80000 7.50126567
5.80500 7.50632261
5.81000 7.51137817
5.81500 7.51643235
5.82000 7.52148515
5.82500 7.52653657
5.83000 7.53158662
5.83500 7.53663529
5.84000 7.54168259
5.84500 7.54672852
5.85000 7.55177308
5.85500 7.55681627
5.86000 7.56185809
5.86500 7.56689855
5.87000 7.57193764
5.87500 7.57697538
5.88000 7.58201175
5.88500 7.58704676
5.89000 7.59208042
5.89500 7.59711272
5.90000 7.60214366
5.90500 7.60717325
5.91000 7.61220149
5.91500 7.61722838
5.92000 7.62225392
5.92500 7.62727811
5.93000 7.63230096
5.93500 7.63732246
5.94000 7.64234262
5.94500 7.64736144
5.95000 7.65237892
5.95500 7.65739506
5.96000 7.66240986
5.96500 7.66742333
5.97000 7.67243546
5.97500 7.67744626
5.98000 7.68245573
5.98500 7.68746387
5.99000 7.69247068
5.99500 7.69747617
6.00000 7.70248032
6.00500 7.70748316
6.01000 7.71248467
6.01500 7.71748486
6.02000 7.72248373
6.02500 7.72748128
6.03000 7.73247752
6.03500 7.73747244
6.04000 7.74246604
6.04500 7.74745834
6.05000 7.75244932
6.05500 7.75743899
6.06000 7.76242735
6.06500 7.76741441
6.07000 7.77240016
6.07500 7.77738460
6.08000 7.78236775
6.08500 7.78734959
6.09000 7.79233013
6.09500 7.79730937
6.10000 7.80228732
6.10500 7.80726396
6.11000 7.81223932
6.11500 7.81721338
6.12000 7.82218615
6.12500 7.82715763
6.13000 7.83212781
6.13500 7.83709672
6.14000 7.84206433
6.14500 7.84703066
6.15000 7.85199570
6.15500 7.85695947
6.16000 7.86192195
6.16500 7.86688315
6.17000 7.87184308
6.17500 7.87680172
6.18000 7.88175910
6.18500 7.88671519
6.19000 7.89167002
6.19500 7.89662357
6.20000 7.90157585
6.20500 7.90652686
6.21000 7.91147661
6.21500 7.91642509
6.22000 7.92137230
6.22500 7.92631825
6.23000 7.93126294
6.23500 7.93620636
6.24000 7.94114853
6.24500 7.94608944
6.25000 7.95102909
6.25500 7.95596748
6.26000 7.96090462
6.26500 7.96584051
6.27000 7.97077515
6.27500 7.97570853
6.28000 7.98064067
6.28500 7.98557155
6.29000 7.99050119
6.29500 7.99542959
6.30000 8.00035674
6.30500 8.00528264
6.31000 8.01020731
6.31500 8.01513073
6.32000 8.02005292
6.32500 8.02497387
6.33000 8.02989358
6.33500 8.03481206
6.34000 8.03972930
6.34500 8.04464531
6.35000 8.04956008
6.35500 8.05447363
6.36000 8.05938595
6.36500 8.06429704
6.37000 8.06920690
6.37500 8.07411554
6.38000 8.07902296
6.38500 8.08392915
6.39000 8.08883412
6.39500 8.09373787
6.40000 8.09864040
6.40500 8.10354171
6.41000 8.10844181
6.41500 8.11334069
6.42000 8.11823835
6.42500 8.12313481
6.43000 8.12803005
6.43500 8.13292408
6.44000 8.13781690
6.44500 8.14270851
6.45000 8.14759892
6.45500 8.15248812
6.46000 8.15737612
6.46500 8.16226291
6.47000 8.16714851
6.47500 8.17203290
6.48000 8.17691609
6.48500 8.18179808
6.49000 8.18667888
6.49500 8.19155848
6.50000 8.19643688
6.50500 8.20131409
6.51000 8.20619011
6.51500 8.21106494
6.52000 8.21593858
6.52500 8.22081103
6.53000 8.22568229
6.53500 8.23055236
6.54000 8.23542125
6.54500 8.24028896
6.55000 8.24515548
6.55500 8.25002082
6.56000 8.25488498
6.56500 8.25974796
6.57000 8.26460976
6.57500 8.26947038
6.58000 8.27432983
6.58500 8.27918811
6.59000 8.28404521
6.59500 8.28890114
6.60000 8.29375589
6.60500 8.29860948
6.61000 8.30346190
6.61500 8.30831315
6.62000 8.31316323
6.62500 8.31801215
6.63000 8.32285990
6.63500 8.32770649
6.64000 8.33255191
6.64500 8.33739618
6.65000 8.34223929
6.65500 8.34708123
6.66000 8.35192202
6.66500 8.35676166
6.67000 8.36160013
6.67500 8.36643746
6.68000 8.37127363
6.68500 8.37610865
6.69000 8.38094251
6.69500 8.38577523
6.70000 8.39060680
6.70500 8.39543722
6.71000 8.40026650
6.71500 8.40509463
6.72000 8.40992161
6.72500 8.41474745
6.73000 8.41957215
6.73500 8.42439571
6.74000 8.42921813
6.74500 8.43403941
6.75000 8.43885956
6.75500 8.44367856
6.76000 8.44849643
6.76500 8.45331317
6.77000 8.45812877
6.77500 8.46294325
6.78000 8.46775659
6.78500 8.47256880
6.79000 8.47737988
6.79500 8.48218983
6.80000 8.48699866
6.80500 8.49180636
6.81000 8.49661293
6.81500 8.50141839
6.82000 8.50622272
6.82500 8.51102593
6.83000 8.51582801
6.83500 8.52062898
6.84000 8.52542883
6.84500 8.53022757
6.85000 8.53502519
6.85500 8.53982169
6.86000 8.54461708
6.86500 8.54941135
6.87000 8.55420452
6.87500 8.55899657
6.88000 8.56378751
6.88500 8.56857735
6.89000 8.57336608
6.89500 8.57815370
6.90000 8.58294021
6.90500 8.58772562
6.91000 8.59250993
6.91500 8.59729313
6.92000 8.60207524
6.92500 8.60685624
6.93000 8.61163614
6.93500 8.61641495
6.94000 8.62119265
6.94500 8.62596926
6.95000 8.63074478
6.95500 8.63551920
6.96000 8.64029253
6.96500 8.64506477
6.97000 8.64983591
6.97500 8.65460597
6.98000 8.65937493
6.98500 8.66414281
6.99000 8.66890960
6.99500 8.67367531
7.00000 8.67843993
7.00500 8.68320346
7.01000 8.68796591
7.01500 8.69272728
7.02000 8.69748757
7.02500 8.70224678
7.03000 8.70700491
7.03500 8.71176196
7.04000 8.71651794
7.04500 8.72127284
7.05000 8.72602666
7.05500 8.73077941
7.06000 8.73553109
7.06500 8.74028169
7.07000 8.74503123
7.07500 8.74977969
7.08000 8.75452708
7.08500 8.75927341
7.09000 8.76401867
7.09500 8.76876286
7.10000 8.77350599
7.10500 8.77824805
7.11000 8.78298905
7.11500 8.78772899
7.12000 8.79246786
7.12500 8.79720568
7.13000 8.80194244
7.13500 8.80667813
7.14000 8.81141277
7.14500 8.81614636
7.15000 8.82087889
7.15500 8.82561036
7.16000 8.83034078
7.16500 8.83507015
7.17000 8.83979846
7.17500 8.84452573
7.18000 8.84925194
7.18500 8.85397711
7.19000 8.85870123
7.19500 8.86342430
7.20000 8.86814632
7.20500 8.87286730
7.21000 8.87758724
7.21500 8.88230613
7.22000 8.88702398
7.22500 8.89174079
7.23000 8.89645656
7.23500 8.90117129
7.24000 8.90588498
7.24500 8.91059763
7.25000 8.91530925
7.25500 8.92001983
7.26000 8.92472938
7.26500 8.92943789
7.27000 8.93414537
7.27500 8.93885182
7.28000 8.94355723
7.28500 8.94826162
7.29000 8.95296498
7.29500 8.95766730
7.30000 8.96236860
7.30500 8.96706888
7.31000 8.97176813
7.31500 8.97646635
7.32000 8.98116355
7.32500 8.98585973
7.33000 8.99055489
7.33500 8.99524902
7.34000 8.99994214
7.34500 9.00463423
7.35000 9.00932531
7.35500 9.01401537
7.36000 9.01870441
7.36500 9.02339244
7.37000 9.02807945
7.37500 9.03276545
7.38000 9.03745044
7.38500 9.04213441
7.39000 9.04681737
7.39500 9.05149933
7.40000 9.05618027
7.40500 9.06086020
7.41000 9.06553913
7.41500 9.07021705
7.42000 9.07489397
7.42500 9.07956988
7.43000 9.08424478
7.43500 9.08891868
7.44000 9.09359158
7.44500 9.09826348
7.45000 9.10293438
7.45500 9.10760428
7.46000 9.11227318
7.46500 9.11694108
7.47000 9.12160798
7.47500 9.12627389
7.48000 9.13093881
7.48500 9.13560272
7.49000 9.14026565
7.49500 9.14492758
7.50000 9.14958852
7.50500 9.15424847
7.51000 9.15890743
7.51500 9.16356540
7.52000 9.16822238
7.52500 9.17287838
7.53000 9.17753338
7.53500 9.18218740
7.54000 9.18684044
7.54500 9.19149249
7.55000 9.19614356
7.55500 9.20079365
7.56000 9.20544275
7.56500 9.21009088
7.57000 9.21473802
7.57500 9.21938418
7.58000 9.22402937
7.58500 9.22867358
7.59000 9.23331681
7.59500 9.23795907
7.60000 9.24260035
7.60500 9.24724066
7.61000 9.25187999
7.61500 9.25651835
7.62000 9.26115574
7.62500 9.26579216
7.63000 9.27042761
7.63500 9.27506209
7.64000 9.27969561
7.64500 9.28432815
7.65000 9.28895973
7.65500 9.29359034
7.66000 9.29821999
7.66500 9.30284867
7.67000 9.30747639
7.67500 9.31210315
7.68000 9.31672895
7.68500 9.32135378
7.69000 9.32597766
7.69500 9.33060057
7.70000 9.33522253
7.70500 9.33984353
7.71000 9.34446357
7.71500 9.34908266
7.72000 9.35370079
7.72500 9.35831797
7.73000 9.36293419
7.73500 9.36754946
7.74000 9.37216378
7.74500 9.37677715
7.75000 9.38138956
7.75500 9.38600103
7.76000 9.39061155
7.76500 9.39522112
7.77000 9.39982974
7.77500 9.40443742
7.78000 9.40904415
7.78500 9.41364994
7.79000 9.41825478
7.79500 9.42285868
7.80000 9.42746164
7.80500 9.43206365
7.81000 9.43666473
7.81500 9.44126486
7.82000 9.44586406
7.82500 9.45046231
7.83000 9.45505963
7.83500 9.45965601
7.84000 9.46425146
7.84500 9.46884597
7.85000 9.47343954
7.85500 9.47803218
7.86000 9.48262389
7.86500 9.48721467
7.87000 9.49180451
7.87500 9.49639343
7.88000 9.50098141
7.88500 9.50556846
7.89000 9.51015459
7.89500 9.51473979
7.90000 9.51932406
7.90500 9.52390740
7.91000 9.52848982
7.91500 9.53307132
7.92000 9.53765189
7.92500 9.54223154
7.93000 9.54681026
7.93500 9.55138806
7.94000 9.55596495
7.94500 9.56054091
7.95000 9.56511595
7.95500 9.56969008
7.96000 9.57426328
7.96500 9.57883557
7.97000 9.58340695
7.97500 9.58797741
7.98000 9.59254695
7.98500 9.59711558
7.99000 9.60168329
7.99500 9.60625010
8.00000 9.61081599
8.00500 9.61538097
8.01000 9.61994504
8.01500 9.62450820
8.02000 9.62907045
8.02500 9.63363179
8.03000 9.63819222
8.03500 9.64275175
8.04000 9.64731038
8.04500 9.65186809
8.05000 9.65642491
8.05500 9.66098081
8.06000 9.66553582
8.06500 9.67008992
8.07000 9.67464313
8.07500 9.67919543
8.08000 9.68374683
8.08500 9.68829733
8.09000 9.69284693
8.09500 9.69739564
8.10000 9.70194345
8.10500 9.70649036
8.11000 9.71103637
8.11500 9.71558149
8.12000 9.72012572
8.12500 9.72466905
8.13000 9.72921149
8.13500 9.73375304
8.14000 9.73829370
8.14500 9.74283346
8.15000 9.74737234
8.15500 9.75191032
8.16000 9.75644742
8.16500 9.76098363
8.17000 9.76551895
8.17500 9.77005338
8.18000 9.77458693
8.18500 9.77911960
8.19000 9.78365138
8.19500 9.78818227
8.20000 9.79271229
8.20500 9.79724142
8.21000 9.80176967
8.21500 9.80629704
8.22000 9.81082353
8.22500 9.81534913
8.23000 9.81987386
8.23500 9.82439772
8.24000 9.82892069
8.24500 9.83344279
8.25000 9.83796401
8.25500 9.84248436
8.26000 9.84700383
8.26500 9.85152243
8.27000 9.85604015
8.27500 9.86055700
8.28000 9.86507298
8.28500 9.86958809
8.29000 9.87410233
8.29500 9.87861570
8.30000 9.88312820
8.30500 9.88763983
8.31000 9.89215059
8.31500 9.89666049
8.32000 9.90116952
8.32500 9.90567768
8.33000 9.91018498
8.33500 9.91469141
8.34000 9.91919698
8.34500 9.92370169
8.35000 9.92820554
8.35500 9.93270852
8.36000 9.93721064
8.36500 9.94171190
8.37000 9.94621231
8.37500 9.95071185
8.38000 9.95521054
8.38500 9.95970836
8.39000 9.96420533
8.39500 9.96870145
8.40000 9.97319670
8.40500 9.97769111
8.41000 9.98218466
8.41500 9.98667735
8.42000 9.99116919
8.42500 9.99566018
8.43000 10.00015032
8.43500 10.00463961
8.44000 10.00912805
8.44500 10.01361563
8.45000 10.01810237
8.45500 10.02258826
8.46000 10.02707330
8.46500 10.03155749
8.47000 10.03604084
8.47500 10.04052334
8.48000 10.04500500
8.48500 10.04948581
8.49000 10.05396578
8.49500 10.05844491
8.50000 10.06292319
8.50500 10.06740063
8.51000 10.07187723
8.51500 10.07635299
8.52000 10.08082791
8.52500 10.08530199
8.53000 10.08977523
8.53500 10.09424763
8.54000 10.09871919
8.54500 10.10318992
8.55000 10.10765981
8.55500 10.11212887
8.56000 10.11659709
8.56500 10.12106448
8.57000 10.12553103
8.57500 10.12999675
8.58000 10.13446164
8.58500 10.13892570
8.59000 10.14338892
8.59500 10.14785132
8.60000 10.15231288
8.60500 10.15677362
8.61000 10.16123353
8.61500 10.16569261
8.62000 10.17015086
8.62500 10.17460828
8.63000 10.17906488
8.63500 10.18352066
8.64000 10.18797561
8.64500 10.19242973
8.65000 10.19688303
8.65500 10.20133551
8.66000 10.20578717
8.66500 10.21023800
8.67000 10.21468801
8.67500 10.21913721
8.68000 10.22358558
8.68500 10.22803313
8.69000 10.23247987
8.69500 10.23692578
8.70000 10.24137088
8.70500 10.24581517
8.71000 10.25025863
8.71500 10.25470128
8.72000 10.25914312
8.72500 10.26358414
8.73000 10.26802435
8.73500 10.27246374
8.74000 10.27690232
8.74500 10.28134009
8.75000 10.28577705
8.75500 10.29021320
8.76000 10.29464854
8.76500 10.29908306
8.77000 10.30351678
8.77500 10.30794969
8.78000 10.31238180
8.78500 10.31681309
8.79000 10.32124358
8.79500 10.32567327
8.80000 10.33010214
8.80500 10.33453022
8.81000 10.33895749
8.81500 10.34338395
8.82000 10.34780962
8.82500 10.35223448
8.83000 10.35665853
8.83500 10.36108179
8.84000 10.36550425
8.84500 10.36992591
8.85000 10.37434676
8.85500 10.37876682
8.86000 10.38318608
8.86500 10.38760454
8.87000 10.39202221
8.87500 10.39643908
8.88000 10.40085515
8.88500 10.40527043
8.89000 10.40968491
8.89500 10.41409860
8.90000 10.41851150
8.90500 10.42292360
8.91000 10.42733491
8.91500 10.43174543
8.92000 10.43615516
8.92500 10.44056409
8.93000 10.44497224
8.93500 10.44937959
8.94000 10.45378616
8.94500 10.45819194
8.95000 10.46259693
8.95500 10.46700114
8.96000 10.47140456
8.96500 10.47580719
8.97000 10.48020903
8.97500 10.48461010
8.98000 10.48901037
8.98500 10.49340987
8.99000 10.49780857
8.99500 10.50220650
9.00000 10.50660365
9.00500 10.51100001
9.01000 10.51539559
9.01500 10.51979040
9.02000 10.52418442
9.02500 10.52857766
9.03000 10.53297013
9.03500 10.53736181
9.04000 10.54175272
9.04500 10.54614285
9.05000 10.55053221
9.05500 10.55492079
9.06000 10.55930859
9.06500 10.56369562
9.07000 10.56808188
9.07500 10.57246736
9.08000 10.57685206
9.08500 10.58123600
9.09000 10.58561916
9.09500 10.59000156
9.10000 10.59438318
9.10500 10.59876403
9.11000 10.60314411
9.11500 10.60752342
9.12000 10.61190196
9.12500 10.61627974
9.13000 10.62065675
9.13500 10.62503299
9.14000 10.62940846
9.14500 10.63378317
9.15000 10.63815711
9.15500 10.64253029
9.16000 10.64690270
9.16500 10.65127435
9.17000 10.65564524
9.17500 10.66001536
9.18000 10.66438472
9.18500 10.66875332
9.19000 10.67312116
9.19500 10.67748824
9.20000 10.68185455
9.20500 10.68622011
9.21000 10.69058491
9.21500 10.69494895
9.22000 10.69931224
9.22500 10.70367476
9.23000 10.70803653
9.23500 10.71239755
9.24000 10.71675780
9.24500 10.72111730
9.25000 10.72547605
9.25500 10.72983404
9.26000 10.73419128
9.26500 10.73854777
9.27000 10.74290351
9.27500 10.74725849
9.28000 10.75161272
9.28500 10.75596620
9.29000 10.76031893
9.29500 10.76467091
9.30000 10.76902214
9.30500 10.77337262
9.31000 10.77772235
9.31500 10.78207133
9.32000 10.78641957
9.32500 10.79076706
9.33000 10.79511381
9.33500 10.79945981
9.34000 10.80380506
9.34500 10.80814957
9.35000 10.81249333
9.35500 10.81683636
9.36000 10.82117863
9.36500 10.82552017
9.37000 10.82986096
9.37500 10.83420102
9.38000 10.83854033
9.38500 10.84287890
9.39000 10.84721673
9.39500 10.85155382
9.40000 10.85589017
9.40500 10.86022578
9.41000 10.86456066
9.41500 10.86889480
9.42000 10.87322820
9.42500 10.87756086
9.43000 10.88189279
9.43500 10.88622398
9.44000 10.89055444
9.44500 10.89488416
9.45000 10.89921315
9.45500 10.90354141
9.46000 10.90786893
9.46500 10.91219572
9.47000 10.91652178
9.47500 10.92084711
9.48000 10.92517171
9.48500 10.92949558
9.49000 10.93381871
9.49500 10.93814112
9.50000 10.94246280
9.50500 10.94678375
9.51000 10.95110397
9.51500 10.95542346
9.52000 10.95974223
9.52500 10.96406027
9.53000 10.96837759
9.53500 10.97269418
9.54000 10.97701004
9.54500 10.98132519
9.55000 10.98563960
9.55500 10.98995330
9.56000 10.99426627
9.56500 10.99857851
9.57000 11.00289004
9.57500 11.00720085
9.58000 11.01151093
9.58500 11.01582029
9.59000 11.02012894
9.59500 11.02443686
9.60000 11.02874406
9.60500 11.03305055
9.61000 11.03735632
9.61500 11.04166137
9.62000 11.04596570
9.62500 11.05026932
9.63000 11.05457222
9.63500 11.05887441
9.64000 11.06317588
9.64500 11.06747663
9.65000 11.07177667
9.65500 11.07607600
9.66000 11.08037462
9.66500 11.08467252
9.67000 11.08896971
9.67500 11.09326619
9.68000 11.09756195
9.68500 11.10185701
9.69000 11.10615135
9.69500 11.11044499
9.70000 11.11473791
9.70500 11.11903013
9.71000 11.12332164
9.71500 11.12761244
9.72000 11.13190254
9.72500 11.13619192
9.73000 11.14048060
9.73500 11.14476858
9.74000 11.14905584
9.74500 11.15334241
9.75000 11.15762827
9.75500 11.16191342
9.76000 11.16619787
9.76500 11.17048162
9.77000 11.17476466
9.77500 11.17904701
9.78000 11.18332865
9.78500 11.18760959
9.79000 11.19188982
9.79500 11.19616936
9.80000 11.20044820
9.80500 11.20472634
9.81000 11.20900378
9.81500 11.21328052
9.82000 11.21755656
9.82500 11.22183191
9.83000 11.22610656
9.83500 11.23038051
9.84000 11.23465376
9.84500 11.23892632
9.85000 11.24319819
9.85500 11.24746936
9.86000 11.25173983
9.86500 11.25600961
9.87000 11.26027870
9.87500 11.26454709
9.88000 11.26881479
9.88500 11.27308180
9.89000 11.27734812
9.89500 11.28161375
9.90000 11.28587868
9.90500 11.29014293
9.91000 11.29440648
9.91500 11.29866935
9.92000 11.30293153
9.92500 11.30719302
9.93000 11.31145382
9.93500 11.31571393
9.94000 11.31997336
9.94500 11.32423210
9.95000 11.32849015
9.95500 11.33274752
9.96000 11.33700420
9.96500 11.34126020
9.97000 11.34551551
9.97500 11.34977014
9.98000 11.35402408
9.98500 11.35827734
9.99000 11.36252992
9.99500 11.36678182
10.00000 11.37103304
10.00500 11.37528357
10.01000 11.37953342
10.01500 11.38378260
10.02000 11.38803109
10.02500 11.39227890
10.03000 11.39652603
10.03500 11.40077249
10.04000 11.40501827
10.04500 11.40926337
10.05000 11.41350779
10.05500 11.41775153
10.06000 11.42199460
10.06500 11.42623699
10.07000 11.43047871
10.07500 11.43471975
10.08000 11.43896012
10.08500 11.44319981
10.09000 11.44743883
10.09500 11.45167717
10.10000 11.45591485
10.10500 11.46015185
10.11000 11.46438817
10.11500 11.46862383
10.12000 11.47285881
10.12500 11.47709313
10.13000 11.48132677
10.13500 11.48555974
10.14000 11.48979205
10.14500 11.49402368
10.15000 11.49825465
10.15500 11.50248494
10.16000 11.50671457
10.16500 11.51094354
10.17000 11.51517183
10.17500 11.51939946
10.18000 11.52362642
10.18500 11.52785272
10.19000 11.53207835
10.19500 11.53630332
10.20000 11.54052762
10.20500 11.54475126
10.21000 11.54897423
10.21500 11.55319655
10.22000 11.55741819
10.22500 11.56163918
10.23000 11.56585951
10.23500 11.57007917
10.24000 11.57429817
10.24500 11.57851651
10.25000 11.58273419
10.25500 11.58695122
10.26000 11.59116758
10.26500 11.59538328
10.27000 11.59959833
10.27500 11.60381271
10.28000 11.60802644
10.28500 11.61223951
10.29000 11.61645193
10.29500 11.62066368
10.30000 11.62487479
10.30500 11.62908523
10.31000 11.63329502
10.31500 11.63750416
10.32000 11.64171264
10.32500 11.64592047
10.33000 11.65012765
10.33500 11.65433417
10.34000 11.65854003
10.34500 11.66274525
10.35000 11.66694982
10.35500 11.67115373
10.36000 11.67535699
10.36500 11.67955960
10.37000 11.68376156
10.37500 11.68796287
10.38000 11.69216353
10.38500 11.69636355
10.39000 11.70056291
10.39500 11.70476162
10.40000 11.70895969
10.40500 11.71315711
10.41000 11.71735389
10.41500 11.72155001
10.42000 11.72574549
10.42500 11.72994033
10.43000 11.73413452
10.43500 11.73832806
10.44000 11.74252096
10.44500 11.74671321
10.45000 11.75090482
10.45500 11.75509579
10.46000 11.75928612
10.46500 11.76347580
10.47000 11.76766484
10.47500 11.77185324
10.48000 11.77604099
10.48500 11.78022811
10.49000 11.78441458
10.49500 11.78860042
10.50000 11.79278561
10.50500 11.79697017
10.51000 11.80115409
10.51500 11.80533736
10.52000 11.80952000
10.52500 11.81370201
10.53000 11.81788337
10.53500 11.82206410
10.54000 11.82624419
10.54500 11.83042364
10.55000 11.83460246
10.55500 11.83878064
10.56000 11.84295819
10.56500 11.84713510
10.57000 11.85131138
10.57500 11.85548703
10.58000 11.85966204
10.58500 11.86383642
10.59000 11.86801016
10.59500 11.87218327
10.60000 11.87635575
10.60500 11.88052760
10.61000 11.88469882
10.61500 11.88886941
10.62000 11.89303937
10.62500 11.89720869
10.63000 11.90137739
10.63500 11.90554546
10.64000 11.90971290
10.64500 11.91387971
10.65000 11.91804589
10.65500 11.92221144
10.66000 11.92637637
10.66500 11.93054067
10.67000 11.93470434
10.67500 11.93886739
10.68000 11.94302981
10.68500 11.94719161
10.69000 11.95135278
10.69500 11.95551333
10.70000 11.95967325
10.70500 11.96383254
10.71000 11.96799122
10.71500 11.97214927
10.72000 11.97630670
10.72500 11.98046350
10.73000 11.98461969
10.73500 11.98877525
10.74000 11.99293019
10.74500 11.99708451
10.75000 12.00123821
10.75500 12.00539129
10.76000 12.00954375
10.76500 12.01369559
10.77000 12.01784681
10.77500 12.02199741
10.78000 12.02614740
10.78500 12.03029676
10.79000 12.03444551
10.79500 12.03859364
10.80000 12.04274116
10.80500 12.04688806
10.81000 12.05103434
10.81500 12.05518000
10.82000 12.05932505
10.82500 12.06346949
10.83000 12.06761331
10.83500 12.07175652
10.84000 12.07589911
10.84500 12.08004109
10.85000 12.08418246
10.85500 12.08832321
10.86000 12.09246335
10.86500 12.09660288
10.87000 12.10074180
10.87500 12.10488011
10.88000 12.10901780
10.88500 12.11315489
10.89000 12.11729136
10.89500 12.12142723
10.90000 12.12556248
10.90500 12.12969713
10.91000 12.13383117
10.91500 12.13796460
10.92000 12.14209742
10.92500 12.14622963
10.93000 12.15036124
10.93500 12.15449224
10.94000 12.15862263
10.94500 12.16275242
10.95000 12.16688160
10.95500 12.17101017
10.96000 12.17513815
10.96500 12.17926551
10.97000 12.18339227
10.97500 12.18751843
10.98000 12.19164398
10.98500 12.19576893
10.99000 12.19989328
10.99500 12.20401702
11.00000 12.20814017
11.00500 12.21226271
11.01000 12.21638464
11.01500 12.22050598
11.02000 12.22462672
11.02500 12.22874685
11.03000 12.23286639
11.03500 12.23698533
11.04000 12.24110366
11.04500 12.24522140
11.05000 12.24933854
11.05500 12.25345508
11.06000 12.25757102
11.06500 12.26168637
11.07000 12.26580111
11.07500 12.26991526
11.08000 12.27402882
11.08500 12.27814178
11.09000 12.28225414
11.09500 12.28636590
11.10000 12.29047707
11.10500 12.29458765
11.11000 12.29869763
11.11500 12.30280702
11.12000 12.30691581
11.12500 12.31102401
11.13000 12.31513162
11.13500 12.31923863
11.14000 12.32334505
11.14500 12.32745088
11.15000 12.33155612
11.15500 12.33566077
11.16000 12.33976482
11.16500 12.34386829
11.17000 12.34797116
11.17500 12.35207344
11.18000 12.35617514
11.18500 12.36027624
11.19000 12.36437676
11.19500 12.36847669
11.20000 12.37257602
11.20500 12.37667478
11.21000 12.38077294
11.21500 12.38487051
11.22000 12.38896750
11.22500 12.39306391
11.23000 12.39715972
11.23500 12.40125495
11.24000 12.40534960
11.24500 12.40944366
11.25000 12.41353713
11.25500 12.41763002
11.26000 12.42172232
11.26500 12.42581405
11.27000 12.42990518
11.27500 12.43399574
11.28000 12.43808571
11.28500 12.44217510
11.29000 12.44626391
11.29500 12.45035213
11.30000 12.45443977
11.30500 12.45852684
11.31000 12.46261332
11.31500 12.46669922
11.32000 12.47078454
11.32500 12.47486928
11.33000 12.47895344
11.33500 12.48303702
11.34000 12.48712002
11.34500 12.49120245
11.35000 12.49528429
11.35500 12.49936556
11.36000 12.50344625
11.36500 12.50752637
11.37000 12.51160590
11.37500 12.51568486
11.38000 12.51976325
11.38500 12.52384105
11.39000 12.52791828
11.39500 12.53199494
11.40000 12.53607102
11.40500 12.54014653
11.41000 12.54422146
11.41500 12.54829582
11.42000 12.55236961
11.42500 12.55644282
11.43000 12.56051546
11.43500 12.56458752
11.44000 12.56865902
11.44500 12.57272994
11.45000 12.57680029
11.45500 12.58087007
11.46000 12.58493927
11.46500 12.58900791
11.47000 12.59307598
11.47500 12.59714347
11.48000 12.60121040
11.48500 12.60527676
11.49000 12.60934255
11.49500 12.61340776
11.50000 12.61747242
11.50500 12.62153650
11.51000 12.62560001
11.51500 12.62966296
11.52000 12.63372534
11.52500 12.63778715
11.53000 12.64184840
11.53500 12.64590908
11.54000 12.64996920
11.54500 12.65402874
11.55000 12.65808773
11.55500 12.66214615
11.56000 12.66620400
11.56500 12.67026129
11.57000 12.67431802
11.57500 12.67837418
11.58000 12.68242978
11.58500 12.68648481
11.59000 12.69053929
11.59500 12.69459320
11.60000 12.69864654
11.60500 12.70269933
11.61000 12.70675156
11.61500 12.71080322
11.62000 12.71485432
11.62500 12.71890486
11.63000 12.72295485
11.63500 12.72700427
11.64000 12.73105313
11.64500 12.73510144
11.65000 12.73914918
11.65500 12.74319637
11.66000 12.74724299
11.66500 12.75128906
11.67000 12.75533457
11.67500 12.75937953
11.68000 12.76342393
11.68500 12.76746777
11.69000 12.77151105
11.69500 12.77555378
11.70000 12.77959595
11.70500 12.78363756
11.71000 12.78767863
11.71500 12.79171913
11.72000 12.79575908
11.72500 12.79979848
11.73000 12.80383732
11.73500 12.80787561
11.74000 12.81191335
11.74500 12.81595053
11.75000 12.81998716
11.75500 12.82402324
11.76000 12.82805876
11.76500 12.83209374
11.77000 12.83612816
11.77500 12.84016203
11.78000 12.84419535
11.78500 12.84822812
11.79000 12.85226033
11.79500 12.85629200
11.80000 12.86032312
11.80500 12.86435369
11.81000 12.86838371
11.81500 12.87241318
11.82000 12.87644210
11.82500 12.88047048
11.83000 12.88449830
11.83500 12.88852558
11.84000 12.89255231
11.84500 12.89657850
11.85000 12.90060413
11.85500 12.90462922
11.86000 12.90865377
11.86500 12.91267777
11.87000 12.91670122
11.87500 12.92072413
11.88000 12.92474649
11.88500 12.92876831
11.89000 12.93278958
11.89500 12.93681031
11.90000 12.94083050
11.90500 12.94485014
11.91000 12.94886924
11.91500 12.95288780
11.92000 12.95690581
11.92500 12.96092328
11.93000 12.96494021
11.93500 12.96895660
11.94000 12.97297245
11.94500 12.97698775
11.95000 12.98100252
11.95500 12.98501674
11.96000 12.98903043
11.96500 12.99304357
11.97000 12.99705617
11.97500 13.00106824
11.98000 13.00507976
11.98500 13.00909075
11.99000 13.01310120
11.99500 13.01711111
12.00000 13.02112048
12.00500 13.02512932
12.01000 13.02913761
12.01500 13.03314537
12.02000 13.03715260
12.02500 13.04115929
12.03000 13.04516544
12.03500 13.04917105
12.04000 13.05317613
12.04500 13.05718068
12.05000 13.06118468
12.05500 13.06518816
12.06000 13.06919110
12.06500 13.07319351
12.07000 13.07719538
12.07500 13.08119672
12.08000 13.08519752
12.08500 13.08919779
12.09000 13.09319753
12.09500 13.09719674
12.10000 13.10119541
12.10500 13.10519356
12.11000 13.10919117
12.11500 13.11318825
12.12000 13.11718480
12.12500 13.12118082
12.13000 13.12517630
12.13500 13.12917126
12.14000 13.13316569
12.14500 13.13715959
12.15000 13.14115296
12.15500 13.14514580
12.16000 13.14913811
12.16500 13.15312989
12.17000 13.15712115
12.17500 13.16111187
12.18000 13.16510207
12.18500 13.16909175
12.19000 13.17308089
12.19500 13.17706951
12.20000 13.18105760
12.20500 13.18504517
12.21000 13.18903220
12.21500 13.19301872
12.22000 13.19700471
12.22500 13.20099017
12.23000 13.20497511
12.23500 13.20895952
12.24000 13.21294341
12.24500 13.21692678
12.25000 13.22090962
12.25500 13.22489194
12.26000 13.22887373
12.26500 13.23285501
12.27000 13.23683576
12.27500 13.24081599
12.28000 13.24479569
12.28500 13.24877487
12.29000 13.25275354
12.29500 13.25673168
12.30000 13.26070930
12.30500 13.26468640
12.31000 13.26866298
12.31500 13.27263904
12.32000 13.27661458
12.32500 13.28058960
12.33000 13.28456410
12.33500 13.28853808
12.34000 13.29251154
12.34500 13.29648448
12.35000 13.30045691
12.35500 13.30442882
12.36000 13.30840021
12.36500 13.31237108
12.37000 13.31634144
12.37500 13.32031128
12.38000 13.32428060
12.38500 13.32824940
12.39000 13.33221769
12.39500 13.33618547
12.40000 13.34015273
12.40500 13.34411947
12.41000 13.34808570
12.41500 13.35205141
12.42000 13.35601661
12.42500 13.35998130
12.43000 13.36394547
12.43500 13.36790913
12.44000 13.37187227
12.44500 13.37583490
12.45000 13.37979702
12.45500 13.38375863
12.46000 13.38771972
12.46500 13.39168030
12.47000 13.39564037
12.47500 13.39959993
12.48000 13.40355898
12.48500 13.40751752
12.49000 13.41147554
12.49500 13.41543306
12.50000 13.41939006
12.50500 13.42334656
12.51000 13.42730254
12.51500 13.43125802
12.52000 13.43521299
12.52500 13.43916745
12.53000 13.44312140
12.53500 13.44707484
12.54000 13.45102777
12.54500 13.45498020
12.55000 13.45893211
12.55500 13.46288352
12.56000 13.46683443
12.56500 13.47078483
12.57000 13.47473472
12.57500 13.47868410
12.58000 13.48263298
12.58500 13.48658135
12.59000 13.49052922
12.59500 13.49447658
12.60000 13.49842344
12.60500 13.50236979
12.61000 13.50631564
12.61500 13.51026099
12.62000 13.51420583
12.62500 13.51815016
12.63000 13.52209400
12.63500 13.52603733
12.64000 13.52998015
12.64500 13.53392248
12.65000 13.53786430
12.65500 13.54180562
12.66000 13.54574644
12.66500 13.54968676
12.67000 13.55362657
12.67500 13.55756589
12.68000 13.56150470
12.68500 13.56544302
12.69000 13.56938083
12.69500 13.57331814
12.70000 13.57725496
12.70500 13.58119127
12.71000 13.58512708
12.71500 13.58906240
12.72000 13.59299722
12.72500 13.59693154
12.73000 13.60086536
12.73500 13.60479868
12.74000 13.60873150
12.74500 13.61266383
12.75000 13.61659566
12.75500 13.62052699
12.76000 13.62445783
12.76500 13.62838817
12.77000 13.63231801
12.77500 13.63624736
12.78000 13.64017621
12.78500 13.64410457
12.79000 13.64803243
12.79500 13.65195980
12.80000 13.65588667
12.80500 13.65981305
12.81000 13.66373893
12.81500 13.66766432
12.82000 13.67158921
12.82500 13.67551362
12.83000 13.67943752
12.83500 13.68336094
12.84000 13.68728386
12.84500 13.69120629
12.85000 13.69512823
12.85500 13.69904968
12.86000 13.70297063
12.86500 13.70689110
12.87000 13.71081107
12.87500 13.71473055
12.88000 13.71864954
12.88500 13.72256804
12.89000 13.72648605
12.89500 13.73040357
12.90000 13.73432060
12.90500 13.73823714
12.91000 13.74215319
12.91500 13.74606876
12.92000 13.74998383
12.92500 13.75389841
12.93000 13.75781251
12.93500 13.76172612
12.94000 13.76563924
12.94500 13.76955188
12.95000 13.77346402
12.95500 13.77737568
12.96000 13.78128685
12.96500 13.78519754
12.97000 13.78910774
12.97500 13.79301745
12.98000 13.79692668
12.98500 13.80083542
12.99000 13.80474368
12.99500 13.80865145
13.00000 13.81255874
13.00500 13.81646554
13.01000 13.82037186
13.01500 13.82427769
13.02000 13.82818304
13.02500 13.83208791
13.03000 13.83599229
13.03500 13.83989619
13.04000 13.84379961
13.04500 13.84770254
13.05000 13.85160499
13.05500 13.85550696
13.06000 13.85940845
13.06500 13.86330946
13.07000 13.86720998
13.07500 13.87111003
13.08000 13.87500959
13.08500 13.87890867
13.09000 13.88280727
13.09500 13.88670539
13.10000 13.89060303
13.10500 13.89450019
13.11000 13.89839687
13.11500 13.90229307
13.12000 13.90618880
13.12500 13.91008404
13.13000 13.91397881
13.13500 13.91787309
13.14000 13.92176690
13.14500 13.92566023
13.15000 13.92955308
13.15500 13.93344546
13.16000 13.93733736
13.16500 13.94122878
13.17000 13.94511972
13.17500 13.94901019
13.18000 13.95290018
13.18500 13.95678970
13.19000 13.96067874
13.19500 13.96456730
13.20000 13.96845539
13.20500 13.97234301
13.21000 13.97623015
13.21500 13.98011681
13.22000 13.98400300
13.22500 13.98788872
13.23000 13.99177396
13.23500 13.99565873
13.24000 13.99954302
13.24500 14.00342684
13.25000 14.00731019
13.25500 14.01119307
13.26000 14.01507547
13.26500 14.01895740
13.27000 14.02283886
13.27500 14.02671985
13.28000 14.03060036
13.28500 14.03448041
13.29000 14.03835998
13.29500 14.04223908
13.30000 14.04611771
13.30500 14.04999587
13.31000 14.05387356
13.31500 14.05775078
13.32000 14.06162753
13.32500 14.06550381
13.33000 14.06937962
13.33500 14.07325497
13.34000 14.07712984
13.34500 14.08100424
13.35000 14.08487818
13.35500 14.08875165
13.36000 14.09262465
13.36500 14.09649718
13.37000 14.10036925
13.37500 14.10424084
13.38000 14.10811197
13.38500 14.11198264
13.39000 14.11585284
13.39500 14.11972257
13.40000 14.12359183
13.40500 14.12746063
13.41000 14.13132896
13.41500 14.13519683
13.42000 14.13906423
13.42500 14.14293117
13.43000 14.14679764
13.43500 14.15066365
13.44000 14.15452919
13.44500 14.15839427
13.45000 14.16225889
13.45500 14.16612304
13.46000 14.16998673
13.46500 14.17384995
13.47000 14.17771271
13.47500 14.18157501
13.48000 14.18543685
13.48500 14.18929822
13.49000 14.19315914
13.49500 14.19701959
13.50000 14.20087957
13.50500 14.20473910
13.51000 14.20859817
13.51500 14.21245677
13.52000 14.21631492
13.52500 14.22017260
13.53000 14.22402982
13.53500 14.22788658
13.54000 14.23174289
13.54500 14.23559873
13.55000 14.23945411
13.55500 14.24330904
13.56000 14.24716350
13.56500 14.25101751
13.57000 14.25487106
13.57500 14.25872415
13.58000 14.26257678
13.58500 14.26642895
13.59000 14.27028067
13.59500 14.27413193
13.60000 14.27798273
13.60500 14.28183307
13.61000 14.28568296
13.61500 14.28953239
13.62000 14.29338136
13.62500 14.29722988
13.63000 14.30107794
13.63500 14.30492555
13.64000 14.30877270
13.64500 14.31261939
13.65000 14.31646563
13.65500 14.32031142
13.66000 14.32415675
13.66500 14.32800162
13.67000 14.33184604
13.67500 14.33569001
13.68000 14.33953353
13.68500 14.34337659
13.69000 14.34721919
13.69500 14.35106135
13.70000 14.35490305
13.70500 14.35874429
13.71000 14.36258509
13.71500 14.36642543
13.72000 14.37026532
13.72500 14.37410476
13.73000 14.37794375
13.73500 14.38178228
13.74000 14.38562037
13.74500 14.38945800
13.75000 14.39329518
13.75500 14.39713192
13.76000 14.40096820
13.76500 14.40480403
13.77000 14.40863941
13.77500 14.41247434
13.78000 14.41630882
13.78500 14.42014286
13.79000 14.42397644
13.79500 14.42780957
13.80000 14.43164226
13.80500 14.43547450
13.81000 14.43930629
13.81500 14.44313763
13.82000 14.44696852
13.82500 14.45079897
13.83000 14.45462896
13.83500 14.45845851
13.84000 14.46228762
13.84500 14.46611627
13.85000 14.46994448
13.85500 14.47377225
13.86000 14.47759957
13.86500 14.48142644
13.87000 14.48525286
13.87500 14.48907884
13.88000 14.49290438
13.88500 14.49672947
13.89000 14.50055411
13.89500 14.50437831
13.90000 14.50820207
13.90500 14.51202538
13.91000 14.51584825
13.91500 14.51967067
13.92000 14.52349265
13.92500 14.52731418
13.93000 14.53113528
13.93500 14.53495593
13.94000 14.53877613
13.94500 14.54259590
13.95000 14.54641522
13.95500 14.55023410
13.96000 14.55405253
13.96500 14.55787053
13.97000 14.56168808
13.97500 14.56550519
13.98000 14.56932187
13.98500 14.57313810
13.99000 14.57695388
13.99500 14.58076923
14.00000 14.58458414
14.00500 14.58839861
14.01000 14.59221264
14.01500 14.59602622
14.02000 14.59983937
14.02500 14.60365208
14.03000 14.60746435
14.03500 14.61127618
14.04000 14.61508757
14.04500 14.61889853
14.05000 14.62270904
14.05500 14.62651912
14.06000 14.63032876
14.06500 14.63413796
14.07000 14.63794672
14.07500 14.64175505
14.08000 14.64556293
14.08500 14.64937039
14.09000 14.65317740
14.09500 14.65698398
14.10000 14.66079012
14.10500 14.66459583
14.11000 14.66840110
14.11500 14.67220593
14.12000 14.67601033
14.12500 14.67981429
14.13000 14.68361782
14.13500 14.68742091
14.14000 14.69122357
14.14500 14.69502579
14.15000 14.69882758
14.15500 14.70262894
14.16000 14.70642986
14.16500 14.71023035
14.17000 14.71403040
14.17500 14.71783002
14.18000 14.72162921
14.18500 14.72542796
14.19000 14.72922628
14.19500 14.73302417
14.20000 14.73682163
14.20500 14.74061865
14.21000 14.74441524
14.21500 14.74821140
14.22000 14.75200713
14.22500 14.75580243
14.23000 14.75959729
14.23500 14.76339173
14.24000 14.76718573
14.24500 14.77097931
14.25000 14.77477245
14.25500 14.77856516
14.26000 14.78235744
14.26500 14.78614930
14.27000 14.78994072
14.27500 14.79373171
14.28000 14.79752228
14.28500 14.80131241
14.29000 14.80510212
14.29500 14.80889140
14.30000 14.81268025
14.30500 14.81646867
14.31000 14.82025666
14.31500 14.82404423
14.32000 14.82783136
14.32500 14.83161807
14.33000 14.83540436
14.33500 14.83919021
14.34000 14.84297564
14.34500 14.84676064
14.35000 14.85054522
14.35500 14.85432936
14.36000 14.85811309
14.36500 14.86189638
14.37000 14.86567925
14.37500 14.86946170
14.38000 14.87324372
14.38500 14.87702531
14.39000 14.88080648
14.39500 14.88458723
14.40000 14.88836755
14.40500 14.89214744
14.41000 14.89592692
14.41500 14.89970596
14.42000 14.90348459
14.42500 14.90726279
14.43000 14.91104056
14.43500 14.91481792
14.44000 14.91859485
14.44500 14.92237135
14.45000 14.92614744
14.45500 14.92992310
14.46000 14.93369834
14.46500 14.93747316
14.47000 14.94124755
14.47500 14.94502152
14.48000 14.94879508
14.48500 14.95256821
14.49000 14.95634092
14.49500 14.96011320
14.50000 14.96388507
14.50500 14.96765652
14.51000 14.97142755
14.51500 14.97519815
14.52000 14.97896834
14.52500 14.98273810
14.53000 14.98650745
14.53500 14.99027638
14.54000 14.99404488
14.54500 14.99781297
14.55000 15.00158064
14.55500 15.00534789
14.56000 15.00911472
14.56500 15.01288114
14.57000 15.01664713
14.57500 15.02041271
14.58000 15.02417787
14.58500 15.02794261
14.59000 15.03170694
14.59500 15.03547084
14.60000 15.03923433
14.60500 15.04299741
14.61000 15.04676006
14.61500 15.05052230
14.62000 15.05428412
14.62500 15.05804553
14.63000 15.06180652
14.63500 15.06556710
14.64000 15.06932726
14.64500 15.07308700
14.65000 15.07684633
14.65500 15.08060525
14.66000 15.08436374
14.66500 15.08812183
14.67000 15.09187950
14.67500 15.09563675
14.68000 15.09939359
14.68500 15.10315002
14.69000 15.10690604
14.69500 15.11066164
14.70000 15.11441682
14.70500 15.11817160
14.71000 15.12192596
14.71500 15.12567990
14.72000 15.12943344
14.72500 15.13318656
14.73000 15.13693927
14.73500 15.14069157
14.74000 15.14444345
14.74500 15.14819493
14.75000 15.15194599
14.75500 15.15569664
14.76000 15.15944688
14.76500 15.16319671
14.77000 15.16694612
14.77500 15.17069513
14.78000 15.17444373
14.78500 15.17819191
14.79000 15.18193969
14.79500 15.18568705
14.80000 15.18943401
14.80500 15.19318056
14.81000 15.19692669
14.81500 15.20067242
14.82000 15.20441774
14.82500 15.20816265
14.83000 15.21190715
14.83500 15.21565124
14.84000 15.21939493
14.84500 15.22313820
14.85000 15.22688107
14.85500 15.23062353
14.86000 15.23436558
14.86500 15.23810723
14.87000 15.24184846
14.87500 15.24558929
14.88000 15.24932972
14.88500 15.25306973
14.89000 15.25680934
14.89500 15.26054855
14.90000 15.26428734
14.90500 15.26802573
14.91000 15.27176372
14.91500 15.27550130
14.92000 15.27923847
14.92500 15.28297524
14.93000 15.28671160
14.93500 15.29044756
14.94000 15.29418312
14.94500 15.29791826
14.95000 15.30165301
14.95500 15.30538735
14.96000 15.30912129
14.96500 15.31285482
14.97000 15.31658795
14.97500 15.32032067
14.98000 15.32405299
14.98500 15.32778491
14.99000 15.33151642
14.99500 15.33524754
15.00000 15.33897824
15.00500 15.34270855
15.01000 15.34643845
15.01500 15.35016796
15.02000 15.35389706
15.02500 15.35762575
15.03000 15.36135405
15.03500 15.36508195
15.04000 15.36880944
15.04500 15.37253653
15.05000 15.37626322
15.05500 15.37998951
15.06000 15.38371540
15.06500 15.38744089
15.07000 15.39116598
15.07500 15.39489067
15.08000 15.39861496
15.08500 15.40233885
15.09000 15.40606234
15.09500 15.40978543
15.10000 15.41350812
15.10500 15.41723041
15.11000 15.42095230
15.11500 15.42467379
15.12000 15.42839489
15.12500 15.43211559
15.13000 15.43583588
15.13500 15.43955578
15.14000 15.44327529
15.14500 15.44699439
15.15000 15.45071310
15.15500 15.45443141
15.16000 15.45814932
15.16500 15.46186684
15.17000 15.46558396
15.17500 15.46930068
15.18000 15.47301700
15.18500 15.47673293
15.19000 15.48044846
15.19500 15.48416360
15.20000 15.48787834
15.20500 15.49159269
15.21000 15.49530664
15.21500 15.49902019
15.22000 15.50273335
15.22500 15.50644611
15.23000 15.51015848
15.23500 15.51387046
15.24000 15.51758203
15.24500 15.52129322
15.25000 15.52500401
15.25500 15.52871441
15.26000 15.53242441
15.26500 15.53613402
15.27000 15.53984324
15.27500 15.54355206
15.28000 15.54726049
15.28500 15.55096853
15.29000 15.55467617
15.29500 15.55838342
15.30000 15.56209028
15.30500 15.56579674
15.31000 15.56950282
15.31500 15.57320850
15.32000 15.57691379
15.32500 15.58061869
15.33000 15.58432319
15.33500 15.58802731
15.34000 15.59173103
15.34500 15.59543437
15.35000 15.59913731
15.35500 15.60283986
15.36000 15.60654202
15.36500 15.61024379
15.37000 15.61394517
15.37500 15.61764616
15.38000 15.62134676
15.38500 15.62504697
15.39000 15.62874679
15.39500 15.63244623
15.40000 15.63614527
15.40500 15.63984392
15.41000 15.64354219
15.41500 15.64724006
15.42000 15.65093755
15.42500 15.65463465
15.43000 15.65833136
15.43500 15.66202768
15.44000 15.66572361
15.44500 15.66941916
15.45000 15.67311432
15.45500 15.67680909
15.46000 15.68050348
15.46500 15.68419747
15.47000 15.68789108
15.47500 15.69158431
15.48000 15.69527714
15.48500 15.69896960
15.49000 15.70266166
15.49500 15.70635334
15.50000 15.71004463
15.50500 15.71373554
15.51000 15.71742606
15.51500 15.72111619
15.52000 15.72480594
15.52500 15.72849531
15.53000 15.73218429
15.53500 15.73587288
15.54000 15.73956109
15.54500 15.74324892
15.55000 15.74693636
15.55500 15.75062341
15.56000 15.75431009
15.56500 15.75799638
15.57000 15.76168228
15.57500 15.76536780
15.58000 15.76905294
15.58500 15.77273770
15.59000 15.77642207
15.59500 15.78010606
15.60000 15.78378967
15.60500 15.78747289
15.61000 15.79115573
15.61500 15.79483819
15.62000 15.79852027
15.62500 15.80220196
15.63000 15.80588327
15.63500 15.80956421
15.64000 15.81324476
15.64500 15.81692492
15.65000 15.82060471
15.65500 15.82428412
15.66000 15.82796314
15.66500 15.83164179
15.67000 15.83532005
15.67500 15.83899794
15.68000 15.84267544
15.68500 15.84635256
15.69000 15.85002931
15.69500 15.85370567
15.70000 15.85738166
15.70500 15.86105726
15.71000 15.86473249
15.71500 15.86840733
15.72000 15.87208180
15.72500 15.87575589
15.73000 15.87942960
15.73500 15.88310293
15.74000 15.88677588
15.74500 15.89044846
15.75000 15.89412065
15.75500 15.89779247
15.76000 15.90146391
15.76500 15.90513498
15.77000 15.90880566
15.77500 15.91247597
15.78000 15.91614591
15.78500 15.91981546
15.79000 15.92348464
15.79500 15.92715344
15.80000 15.93082186
15.80500 15.93448991
15.81000 15.93815759
15.81500 15.94182488
15.82000 15.94549180
15.82500 15.94915835
15.83000 15.95282452
15.83500 15.95649031
15.84000 15.96015573
15.84500 15.96382077
15.85000 15.96748544
15.85500 15.97114973
15.86000 15.97481365
15.86500 15.97847720
15.87000 15.98214037
15.87500 15.98580316
15.88000 15.98946559
15.88500 15.99312763
15.89000 15.99678931
15.89500 16.00045061
15.90000 16.00411154
15.90500 16.00777209
15.91000 16.01143227
15.91500 16.01509208
15.92000 16.01875151
15.92500 16.02241058
15.93000 16.02606927
15.93500 16.02972758
15.94000 16.03338553
15.94500 16.03704310
15.95000 16.04070030
15.95500 16.04435713
15.96000 16.04801359
15.96500 16.05166968
15.97000 16.05532539
15.97500 16.05898074
15.98000 16.06263571
15.98500 16.06629031
15.99000 16.06994455
15.99500 16.07359841
16.00000 16.07725190
16.00500 16.08090502
16.01000 16.08455777
16.01500 16.08821015
16.02000 16.09186216
16.02500 16.09551380
16.03000 16.09916507
16.03500 16.10281597
16.04000 16.10646651
16.04500 16.11011667
16.05000 16.11376647
16.05500 16.11741589
16.06000 16.12106495
16.06500 16.12471364
16.07000 16.12836196
16.07500 16.13200991
16.08000 16.13565750
16.08500 16.13930471
16.09000 16.14295156
16.09500 16.14659804
16.10000 16.15024416
16.10500 16.15388991
16.11000 16.15753529
16.11500 16.16118030
16.12000 16.16482494
16.12500 16.16846922
16.13000 16.17211314
16.13500 16.17575668
16.14000 16.17939986
16.14500 16.18304268
16.15000 16.18668512
16.15500 16.19032721
16.16000 16.19396892
16.16500 16.19761027
16.17000 16.20125126
16.17500 16.20489188
16.18000 16.20853214
16.18500 16.21217203
16.19000 16.21581155
16.19500 16.21945071
16.20000 16.22308951
16.20500 16.22672794
16.21000 16.23036601
16.21500 16.23400372
16.22000 16.23764106
16.22500 16.24127803
16.23000 16.24491465
16.23500 16.24855090
16.24000 16.25218678
16.24500 16.25582230
16.25000 16.25945746
16.25500 16.26309226
16.26000 16.26672670
16.26500 16.27036077
16.27000 16.27399448
16.27500 16.27762782
16.28000 16.28126081
16.28500 16.28489343
16.29000 16.28852569
16.29500 16.29215759
16.30000 16.29578913
16.30500 16.29942031
16.31000 16.30305112
16.31500 16.30668158
16.32000 16.31031167
16.32500 16.31394140
16.33000 16.31757077
16.33500 16.32119978
16.34000 16.32482843
16.34500 16.32845672
16.35000 16.33208465
16.35500 16.33571222
16.36000 16.33933943
16.36500 16.34296628
16.37000 16.34659278
16.37500 16.35021891
16.38000 16.35384468
16.38500 16.35747009
16.39000 16.36109515
16.39500 16.36471984
16.40000 16.36834418
16.40500 16.37196815
16.41000 16.37559177
16.41500 16.37921504
16.42000 16.38283794
16.42500 16.38646048
16.43000 16.39008267
16.43500 16.39370450
16.44000 16.39732597
16.44500 16.40094709
16.45000 16.40456784
16.45500 16.40818824
16.46000 16.41180829
16.46500 16.41542797
16.47000 16.41904730
16.47500 16.42266627
16.48000 16.42628489
16.48500 16.42990315
16.49000 16.43352105
16.49500 16.43713860
16.50000 16.44075579
16.50500 16.44437263
16.51000 16.44798911
16.51500 16.45160523
16.52000 16.45522100
16.52500 16.45883642
16.53000 16.46245148
16.53500 16.46606618
16.54000 16.46968053
16.54500 16.47329453
16.55000 16.47690817
16.55500 16.48052145
16.56000 16.48413438
16.56500 16.48774696
16.57000 16.49135919
16.57500 16.49497106
16.58000 16.49858257
16.58500 16.50219374
16.59000 16.50580455
16.59500 16.50941500
16.60000 16.51302510
16.60500 16.51663485
16.61000 16.52024425
16.61500 16.52385330
16.62000 16.52746199
16.62500 16.53107033
16.63000 16.53467832
16.63500 16.53828595
16.64000 16.54189323
16.64500 16.54550017
16.65000 16.54910675
16.65500 16.55271297
16.66000 16.55631885
16.66500 16.55992437
16.67000 16.56352955
16.67500 16.56713437
16.68000 16.57073884
16.68500 16.57434296
16.69000 16.57794674
16.69500 16.58155016
16.70000 16.58515323
16.70500 16.58875594
16.71000 16.59235831
16.71500 16.59596033
16.72000 16.59956200
16.72500 16.60316332
16.73000 16.60676429
16.73500 16.61036491
16.74000 16.61396519
16.74500 16.61756511
16.75000 16.62116468
16.75500 16.62476391
16.76000 16.62836278
16.76500 16.63196131
16.77000 16.63555949
16.77500 16.63915732
16.78000 16.64275480
16.78500 16.64635194
16.79000 16.64994872
16.79500 16.65354516
16.80000 16.65714125
16.80500 16.66073699
16.81000 16.66433239
16.81500 16.66792744
16.82000 16.67152214
16.82500 16.67511649
16.83000 16.67871050
16.83500 16.68230416
16.84000 16.68589748
16.84500 16.68949045
16.85000 16.69308307
16.85500 16.69667534
16.86000 16.70026727
16.86500 16.70385885
16.87000 16.70745009
16.87500 16.71104098
16.88000 16.71463153
16.88500 16.71822173
16.89000 16.72181159
16.89500 16.72540110
16.90000 16.72899026
16.90500 16.73257908
16.91000 16.73616756
16.91500 16.73975569
16.92000 16.74334348
16.92500 16.74693092
16.93000 16.75051802
16.93500 16.75410477
16.94000 16.75769118
16.94500 16.76127725
16.95000 16.76486297
16.95500 16.76844835
16.96000 16.77203339
16.96500 16.77561808
16.97000 16.77920243
16.97500 16.78278644
16.98000 16.78637010
16.98500 16.78995342
16.99000 16.79353640
16.99500 16.79711904
17.00000 16.80070133
17.00500 16.80428328
17.01000 16.80786489
17.01500 16.81144616
17.02000 16.81502708
17.02500 16.81860767
17.03000 16.82218791
17.03500 16.82576781
17.04000 16.82934737
17.04500 16.83292659
17.05000 16.83650546
17.05500 16.84008400
17.06000 16.84366219
17.06500 16.84724005
17.07000 16.85081756
17.07500 16.85439474
17.08000 16.85797157
17.08500 16.86154806
17.09000 16.86512422
17.09500 16.86870003
17.10000 16.87227550
17.10500 16.87585064
17.11000 16.87942543
17.11500 16.88299989
17.12000 16.88657400
17.12500 16.89014778
17.13000 16.89372122
17.13500 16.89729432
17.14000 16.90086708
17.14500 16.90443950
17.15000 16.90801158
17.15500 16.91158333
17.16000 16.91515473
17.16500 16.91872580
17.17000 16.92229653
17.17500 16.92586692
17.18000 16.92943698
17.18500 16.93300669
17.19000 16.93657607
17.19500 16.94014512
17.20000 16.94371382
17.20500 16.94728219
17.21000 16.95085022
17.21500 16.95441792
17.22000 16.95798527
17.22500 16.96155230
17.23000 16.96511898
17.23500 16.96868533
17.24000 16.97225134
17.24500 16.97581702
17.25000 16.97938236
17.25500 16.98294736
17.26000 16.98651203
17.26500 16.99007636
17.27000 16.99364036
17.27500 16.99720402
17.28000 17.00076735
17.28500 17.00433034
17.29000 17.00789300
17.29500 17.01145532
17.30000 17.01501731
17.30500 17.01857897
17.31000 17.02214029
17.31500 17.02570127
17.32000 17.02926192
17.32500 17.03282224
17.33000 17.03638222
17.33500 17.03994187
17.34000 17.04350118
17.34500 17.04706017
17.35000 17.05061881
17.35500 17.05417713
17.36000 17.05773511
17.36500 17.06129276
17.37000 17.06485007
17.37500 17.06840706
17.38000 17.07196371
17.38500 17.07552003
17.39000 17.07907601
17.39500 17.08263166
17.40000 17.08618699
17.40500 17.08974197
17.41000 17.09329663
17.41500 17.09685096
17.42000 17.10040495
17.42500 17.10395861
17.43000 17.10751194
17.43500 17.11106494
17.44000 17.11461761
17.44500 17.11816995
17.45000 17.12172195
17.45500 17.12527363
17.46000 17.12882497
17.46500 17.13237599
17.47000 17.13592667
17.47500 17.13947702
17.48000 17.14302705
17.48500 17.14657674
17.49000 17.15012610
17.49500 17.15367514
17.50000 17.15722384
17.50500 17.16077221
17.51000 17.16432026
17.51500 17.16786797
17.52000 17.17141536
17.52500 17.17496242
17.53000 17.17850914
17.53500 17.18205554
17.54000 17.18560161
17.54500 17.18914735
17.55000 17.19269277
17.55500 17.19623785
17.56000 17.19978261
17.56500 17.20332704
17.57000 17.20687114
17.57500 17.21041491
17.58000 17.21395836
17.58500 17.21750147
17.59000 17.22104426
17.59500 17.22458672
17.60000 17.22812886
17.60500 17.23167067
17.61000 17.23521215
17.61500 17.23875330
17.62000 17.24229413
17.62500 17.24583463
17.63000 17.24937480
17.63500 17.25291465
17.64000 17.25645417
17.64500 17.25999337
17.65000 17.26353224
17.65500 17.26707078
17.66000 17.27060900
17.66500 17.27414689
17.67000 17.27768445
17.67500 17.28122170
17.68000 17.28475861
17.68500 17.28829520
17.69000 17.29183146
17.69500 17.29536740
17.70000 17.29890302
17.70500 17.30243831
17.71000 17.30597328
17.71500 17.30950792
17.72000 17.31304223
17.72500 17.31657623
17.73000 17.32010989
17.73500 17.32364324
17.74000 17.32717626
17.74500 17.33070895
17.75000 17.33424133
17.75500 17.33777338
17.76000 17.34130510
17.76500 17.34483650
17.77000 17.34836758
17.77500 17.35189834
17.78000 17.35542877
17.78500 17.35895888
17.79000 17.36248867
17.79500 17.36601814
17.80000 17.36954728
17.80500 17.37307610
17.81000 17.37660460
17.81500 17.38013277
17.82000 17.38366063
17.82500 17.38718816
17.83000 17.39071537
17.83500 17.39424226
17.84000 17.39776882
17.84500 17.40129507
17.85000 17.40482099
17.85500 17.40834660
17.86000 17.41187188
17.86500 17.41539684
17.87000 17.41892148
17.87500 17.42244580
17.88000 17.42596980
17.88500 17.42949347
17.89000 17.43301683
17.89500 17.43653987
17.90000 17.44006259
17.90500 17.44358498
17.91000 17.44710706
17.91500 17.45062882
17.92000 17.45415026
17.92500 17.45767137
17.93000 17.46119217
17.93500 17.46471265
17.94000 17.46823281
17.94500 17.47175265
17.95000 17.47527217
17.95500 17.47879138
17.96000 17.48231026
17.96500 17.48582883
17.97000 17.48934708
17.97500 17.49286500
17.98000 17.49638261
17.98500 17.49989991
17.99000 17.50341688
17.99500 17.50693354
18.00000 17.51044988
18.00500 17.51396590
18.01000 17.51748160
18.01500 17.52099699
18.02000 17.52451205
18.02500 17.52802680
18.03000 17.53154124
18.03500 17.53505535
18.04000 17.53856915
18.04500 17.54208264
18.05000 17.54559580
18.05500 17.54910865
18.06000 17.55262119
18.06500 17.55613340
18.07000 17.55964530
18.07500 17.56315689
18.08000 17.56666816
18.08500 17.57017911
18.09000 17.57368975
18.09500 17.57720007
18.10000 17.58071007
18.10500 17.58421976
18.11000 17.58772914
18.11500 17.59123820
18.12000 17.59474694
18.12500 17.59825537
18.13000 17.60176349
18.13500 17.60527129
18.14000 17.60877877
18.14500 17.61228594
18.15000 17.61579280
18.15500 17.61929934
18.16000 17.62280557
18.16500 17.62631148
18.17000 17.62981708
18.17500 17.63332237
18.18000 17.63682734
18.18500 17.64033200
18.19000 17.64383634
18.19500 17.64734037
18.20000 17.65084409
18.20500 17.65434750
18.21000 17.65785059
18.21500 17.66135337
18.22000 17.66485583
18.22500 17.66835799
18.23000 17.67185983
18.23500 17.67536135
18.24000 17.67886257
18.24500 17.68236347
18.25000 17.68586406
18.25500 17.68936434
18.26000 17.69286431
18.26500 17.69636397
18.27000 17.69986331
18.27500 17.70336234
18.28000 17.70686106
18.28500 17.71035947
18.29000 17.71385757
18.29500 17.71735536
18.30000 17.72085283
18.30500 17.72434999
18.31000 17.72784685
18.31500 17.73134339
18.32000 17.73483962
18.32500 17.73833554
18.33000 17.74183116
18.33500 17.74532646
18.34000 17.74882145
18.34500 17.75231613
18.35000 17.75581050
18.35500 17.75930456
18.36000 17.76279831
18.36500 17.76629175
18.37000 17.76978488
18.37500 17.77327771
18.38000 17.77677022
18.38500 17.78026242
18.39000 17.78375432
18.39500 17.78724590
18.40000 17.79073718
18.40500 17.79422815
18.41000 17.79771881
18.41500 17.80120916
18.42000 17.80469920
18.42500 17.80818894
18.43000 17.81167836
18.43500 17.81516748
18.44000 17.81865629
18.44500 17.82214479
18.45000 17.82563298
18.45500 17.82912087
18.46000 17.83260845
18.46500 17.83609572
18.47000 17.83958269
18.47500 17.84306934
18.48000 17.84655569
18.48500 17.85004173
18.49000 17.85352747
18.49500 17.85701290
18.50000 17.86049802
18.50500 17.86398284
18.51000 17.86746734
18.51500 17.87095155
18.52000 17.87443544
18.52500 17.87791903
18.53000 17.88140232
18.53500 17.88488530
18.54000 17.88836797
18.54500 17.89185034
18.55000 17.89533240
18.55500 17.89881415
18.56000 17.90229560
18.56500 17.90577675
18.57000 17.90925759
18.57500 17.91273812
18.58000 17.91621835
18.58500 17.91969827
18.59000 17.92317789
18.59500 17.92665721
18.60000 17.93013622
18.60500 17.93361492
18.61000 17.93709333
18.61500 17.94057142
18.62000 17.94404922
18.62500 17.94752671
18.63000 17.95100389
18.63500 17.95448077
18.64000 17.95795735
18.64500 17.96143362
18.65000 17.96490960
18.65500 17.96838526
18.66000 17.97186063
18.66500 17.97533569
18.67000 17.97881045
18.67500 17.98228490
18.68000 17.98575905
18.68500 17.98923290
18.69000 17.99270645
18.69500 17.99617969
18.70000 17.99965263
18.70500 18.00312527
18.71000 18.00659761
18.71500 18.01006964
18.72000 18.01354138
18.72500 18.01701281
18.73000 18.02048394
18.73500 18.02395476
18.74000 18.02742529
18.74500 18.03089551
18.75000 18.03436544
18.75500 18.03783506
18.76000 18.04130438
18.76500 18.04477340
18.77000 18.04824211
18.77500 18.05171053
18.78000 18.05517865
18.78500 18.05864646
18.79000 18.06211398
18.79500 18.06558119
18.80000 18.06904811
18.80500 18.07251472
18.81000 18.07598104
18.81500 18.07944705
18.82000 18.08291277
18.82500 18.08637818
18.83000 18.08984329
18.83500 18.09330811
18.84000 18.09677262
18.84500 18.10023684
18.85000 18.10370076
18.85500 18.10716438
18.86000 18.11062769
18.86500 18.11409071
18.87000 18.11755343
18.87500 18.12101586
18.88000 18.12447798
18.88500 18.12793980
18.89000 18.13140133
18.89500 18.13486256
18.90000 18.13832349
18.90500 18.14178412
18.91000 18.14524445
18.91500 18.14870448
18.92000 18.15216422
18.92500 18.15562366
18.93000 18.15908280
18.93500 18.16254165
18.94000 18.16600019
18.94500 18.16945844
18.95000 18.17291639
18.95500 18.17637405
18.96000 18.17983141
18.96500 18.18328847
18.97000 18.18674523
18.97500 18.19020170
18.98000 18.19365787
18.98500 18.19711374
18.99000 18.20056932
18.99500 18.20402460
19.00000 18.20747959
19.00500 18.21093428
19.01000 18.21438867
19.01500 18.21784277
19.02000 18.22129657
19.02500 18.22475007
19.03000 18.22820328
19.03500 18.23165620
19.04000 18.23510882
19.04500 18.23856114
19.05000 18.24201317
19.05500 18.24546490
19.06000 18.24891634
19.06500 18.25236748
19.07000 18.25581833
19.07500 18.25926888
19.08000 18.26271914
19.08500 18.26616911
19.09000 18.26961878
19.09500 18.27306815
19.10000 18.27651723
19.10500 18.27996602
19.11000 18.28341451
19.11500 18.28686271
19.12000 18.29031062
19.12500 18.29375823
19.13000 18.29720555
19.13500 18.30065257
19.14000 18.30409930
19.14500 18.30754574
19.15000 18.31099189
19.15500 18.31443774
19.16000 18.31788330
19.16500 18.32132856
19.17000 18.32477354
19.17500 18.32821822
19.18000 18.33166260
19.18500 18.33510670
19.19000 18.33855050
19.19500 18.34199401
19.20000 18.34543723
19.20500 18.34888016
19.21000 18.35232279
19.21500 18.35576513
19.22000 18.35920718
19.22500 18.36264894
19.23000 18.36609041
19.23500 18.36953158
19.24000 18.37297247
19.24500 18.37641306
19.25000 18.37985336
19.25500 18.38329337
19.26000 18.38673309
19.26500 18.39017252
19.27000 18.39361165
19.27500 18.39705050
19.28000 18.40048906
19.28500 18.40392732
19.29000 18.40736530
19.29500 18.41080298
19.30000 18.41424037
19.30500 18.41767748
19.31000 18.42111429
19.31500 18.42455082
19.32000 18.42798705
19.32500 18.43142299
19.33000 18.43485865
19.33500 18.43829401
19.34000 18.44172909
19.34500 18.44516388
19.35000 18.44859837
19.35500 18.45203258
19.36000 18.45546650
19.36500 18.45890013
19.37000 18.46233347
19.37500 18.46576652
19.38000 18.46919929
19.38500 18.47263176
19.39000 18.47606395
19.39500 18.47949584
19.40000 18.48292745
19.40500 18.48635878
19.41000 18.48978981
19.41500 18.49322055
19.42000 18.49665101
19.42500 18.50008118
19.43000 18.50351106
19.43500 18.50694066
19.44000 18.51036996
19.44500 18.51379898
19.45000 18.51722771
19.45500 18.52065616
19.46000 18.52408432
19.46500 18.52751219
19.47000 18.53093977
19.47500 18.53436707
19.48000 18.53779408
19.48500 18.54122080
19.49000 18.54464724
19.49500 18.54807339
19.50000 18.55149925
19.50500 18.55492483
19.51000 18.55835012
19.51500 18.56177512
19.52000 18.56519984
19.52500 18.56862428
19.53000 18.57204842
19.53500 18.57547229
19.54000 18.57889586
19.54500 18.58231915
19.55000 18.58574216
19.55500 18.58916488
19.56000 18.59258731
19.56500 18.59600946
19.57000 18.59943133
19.57500 18.60285290
19.58000 18.60627420
19.58500 18.60969521
19.59000 18.61311593
19.59500 18.61653637
19.60000 18.61995653
19.60500 18.62337640
19.61000 18.62679599
19.61500 18.63021529
19.62000 18.63363431
19.62500 18.63705305
19.63000 18.64047150
19.63500 18.64388967
19.64000 18.64730755
19.64500 18.65072515
19.65000 18.65414247
19.65500 18.65755950
19.66000 18.66097625
19.66500 18.66439272
19.67000 18.66780890
19.67500 18.67122480
19.68000 18.67464042
19.68500 18.67805575
19.69000 18.68147080
19.69500 18.68488557
19.70000 18.68830006
19.70500 18.69171426
19.71000 18.69512818
19.71500 18.69854182
19.72000 18.70195518
19.72500 18.70536825
19.73000 18.70878105
19.73500 18.71219356
19.74000 18.71560579
19.74500 18.71901773
19.75000 18.72242940
19.75500 18.72584078
19.76000 18.72925189
19.76500 18.73266271
19.77000 18.73607325
19.77500 18.73948351
19.78000 18.74289348
19.78500 18.74630318
19.79000 18.74971260
19.79500 18.75312173
19.80000 18.75653058
19.80500 18.75993916
19.81000 18.76334745
19.81500 18.76675546
19.82000 18.77016319
19.82500 18.77357065
19.83000 18.77697782
19.83500 18.78038471
19.84000 18.78379132
19.84500 18.78719765
19.85000 18.79060370
19.85500 18.79400948
19.86000 18.79741497
19.86500 18.80082018
19.87000 18.80422511
19.87500 18.80762977
19.88000 18.81103414
19.88500 18.81443824
19.89000 18.81784206
19.89500 18.82124559
19.90000 18.82464885
19.90500 18.82805183
19.91000 18.83145453
19.91500 18.83485695
19.92000 18.83825910
19.92500 18.84166096
19.93000 18.84506255
19.93500 18.84846386
19.94000 18.85186489
19.94500 18.85526564
19.95000 18.85866612
19.95500 18.86206632
19.96000 18.86546623
19.96500 18.86886588
19.97000 18.87226524
19.97500 18.87566433
19.98000 18.87906313
19.98500 18.88246167
19.99000 18.88585992
19.99500 18.88925790
20.00000 18.89265560
20.00500 18.89605302
20.01000 18.89945016
20.01500 18.90284703
20.02000 18.90624363
20.02500 18.90963994
20.03000 18.91303598
20.03500 18.91643174
20.04000 18.91982723
20.04500 18.92322244
20.05000 18.92661737
20.05500 18.93001203
20.06000 18.93340641
20.06500 18.93680052
20.07000 18.94019435
20.07500 18.94358790
20.08000 18.94698118
20.08500 18.95037419
20.09000 18.95376691
20.09500 18.95715937
20.10000 18.96055154
20.10500 18.96394345
20.11000 18.96733507
20.11500 18.97072642
20.12000 18.97411750
20.12500 18.97750830
20.13000 18.98089883
20.13500 18.98428908
20.14000 18.98767906
20.14500 18.99106877
20.15000 18.99445819
20.15500 18.99784735
20.16000 19.00123623
20.16500 19.00462484
20.17000 19.00801317
20.17500 19.01140123
20.18000 19.01478901
20.18500 19.01817652
20.19000 19.02156376
20.19500 19.02495072
20.20000 19.02833741
20.20500 19.03172383
20.21000 19.03510998
20.21500 19.03849585
20.22000 19.04188144
20.22500 19.04526677
20.23000 19.04865182
20.23500 19.05203660
20.24000 19.05542110
20.24500 19.05880533
20.25000 19.06218929
