1.00000 10.25409593
1.00100 10.24214045
1.00200 10.23020026
1.00300 10.21827545
1.00400 10.20636608
1.00500 10.19447221
1.00600 10.18259391
1.00700 10.17073124
1.00800 10.15888425
1.00900 10.14705302
1.01000 10.13523760
1.01100 10.12343804
1.01200 10.11165440
1.01300 10.09988673
1.01400 10.08813509
1.01500 10.07639953
1.01600 10.06468009
1.01700 10.05297683
1.01800 10.04128980
1.01900 10.02961903
1.02000 10.01796458
1.02100 10.00632649
1.02200 9.99470479
1.02300 9.98309954
1.02400 9.97151078
1.02500 9.95993853
1.02600 9.94838285
1.02700 9.93684376
1.02800 9.92532130
1.02900 9.91381552
1.03000 9.90232643
1.03100 9.89085407
1.03200 9.87939848
1.03300 9.86795969
1.03400 9.85653772
1.03500 9.84513261
1.03600 9.83374437
1.03700 9.82237305
1.03800 9.81101866
1.03900 9.79968122
1.04000 9.78836077
1.04100 9.77705733
1.04200 9.76577091
1.04300 9.75450154
1.04400 9.74324924
1.04500 9.73201403
1.04600 9.72079593
1.04700 9.70959495
1.04800 9.69841112
1.04900 9.68724444
1.05000 9.67609494
1.05100 9.66496263
1.05200 9.65384752
1.05300 9.64274963
1.05400 9.63166896
1.05500 9.62060554
1.05600 9.60955937
1.05700 9.59853046
1.05800 9.58751882
1.05900 9.57652447
1.06000 9.56554740
1.06100 9.55458763
1.06200 9.54364516
1.06300 9.53272001
1.06400 9.52181217
1.06500 9.51092165
1.06600 9.50004845
1.06700 9.48919259
1.06800 9.47835405
1.06900 9.46753286
1.07000 9.45672900
1.07100 9.44594247
1.07200 9.43517329
1.07300 9.42442145
1.07400 9.41368695
1.07500 9.40296979
1.07600 9.39226996
1.07700 9.38158748
1.07800 9.37092233
1.07900 9.36027451
1.08000 9.34964402
1.08100 9.33903085
1.08200 9.32843500
1.08300 9.31785648
1.08400 9.30729526
1.08500 9.29675135
1.08600 9.28622473
1.08700 9.27571542
1.08800 9.26522338
1.08900 9.25474863
1.09000 9.24429115
1.09100 9.23385093
1.09200 9.22342797
1.09300 9.21302225
1.09400 9.20263377
1.09500 9.19226252
1.09600 9.18190848
1.09700 9.17157166
1.09800 9.16125202
1.09900 9.15094957
1.10000 9.14066430
1.10100 9.13039618
1.10200 9.12014522
1.10300 9.10991139
1.10400 9.09969468
1.10500 9.08949509
1.10600 9.07931259
1.10700 9.06914718
1.10800 9.05899883
1.10900 9.04886754
1.11000 9.03875328
1.11100 9.02865606
1.11200 9.01857584
1.11300 9.00851261
1.11400 8.99846637
1.11500 8.98843708
1.11600 8.97842474
1.11700 8.96842933
1.11800 8.95845082
1.11900 8.94848922
1.12000 8.93854449
1.12100 8.92861661
1.12200 8.91870558
1.12300 8.90881137
1.12400 8.89893397
1.12500 8.88907335
1.12600 8.87922950
1.12700 8.86940239
1.12800 8.85959202
1.12900 8.84979835
1.13000 8.84002137
1.13100 8.83026106
1.13200 8.82051739
1.13300 8.81079036
1.13400 8.80107993
1.13500 8.79138609
1.13600 8.78170882
1.13700 8.77204809
1.13800 8.76240388
1.13900 8.75277618
1.14000 8.74316495
1.14100 8.73357019
1.14200 8.72399186
1.14300 8.71442994
1.14400 8.70488442
1.14500 8.69535527
1.14600 8.68584246
1.14700 8.67634598
1.14800 8.66686580
1.14900 8.65740190
1.15000 8.64795425
1.15100 8.63852283
1.15200 8.62910762
1.15300 8.61970860
1.15400 8.61032574
1.15500 8.60095901
1.15600 8.59160840
1.15700 8.58227387
1.15800 8.57295541
1.15900 8.56365299
1.16000 8.55436659
1.16100 8.54509617
1.16200 8.53584173
1.16300 8.52660322
1.16400 8.51738063
1.16500 8.50817394
1.16600 8.49898311
1.16700 8.48980812
1.16800 8.48064895
1.16900 8.47150556
1.17000 8.46237795
1.17100 8.45326607
1.17200 8.44416991
1.17300 8.43508944
1.17400 8.42602463
1.17500 8.41697545
1.17600 8.40794189
1.17700 8.39892391
1.17800 8.38992149
1.17900 8.38093461
1.18000 8.37196323
1.18100 8.36300733
1.18200 8.35406688
1.18300 8.34514187
1.18400 8.33623225
1.18500 8.32733801
1.18600 8.31845911
1.18700 8.30959554
1.18800 8.30074726
1.18900 8.29191425
1.19000 8.28309647
1.19100 8.27429392
1.19200 8.26550655
1.19300 8.25673434
1.19400 8.24797726
1.19500 8.23923529
1.19600 8.23050840
1.19700 8.22179656
1.19800 8.21309975
1.19900 8.20441793
1.20000 8.19575109
1.20100 8.18709919
1.20200 8.17846220
1.20300 8.16984010
1.20400 8.16123287
1.20500 8.15264046
1.20600 8.14406287
1.20700 8.13550005
1.20800 8.12695199
1.20900 8.11841865
1.21000 8.10990001
1.21100 8.10139603
1.21200 8.09290670
1.21300 8.08443198
1.21400 8.07597185
1.21500 8.06752628
1.21600 8.05909524
1.21700 8.05067871
1.21800 8.04227665
1.21900 8.03388904
1.22000 8.02551585
1.22100 8.01715705
1.22200 8.00881262
1.22300 8.00048253
1.22400 7.99216675
1.22500 7.98386525
1.22600 7.97557801
1.22700 7.96730500
1.22800 7.95904619
1.22900 7.95080155
1.23000 7.94257105
1.23100 7.93435467
1.23200 7.92615238
1.23300 7.91796416
1.23400 7.90978996
1.23500 7.90162978
1.23600 7.89348357
1.23700 7.88535132
1.23800 7.87723299
1.23900 7.86912855
1.24000 7.86103799
1.24100 7.85296126
1.24200 7.84489835
1.24300 7.83684923
1.24400 7.82881386
1.24500 7.82079223
1.24600 7.81278430
1.24700 7.80479004
1.24800 7.79680943
1.24900 7.78884245
1.25000 7.78088906
1.25100 7.77294923
1.25200 7.76502294
1.25300 7.75711017
1.25400 7.74921088
1.25500 7.74132504
1.25600 7.73345264
1.25700 7.72559364
1.25800 7.71774801
1.25900 7.70991573
1.26000 7.70209677
1.26100 7.69429111
1.26200 7.68649870
1.26300 7.67871954
1.26400 7.67095359
1.26500 7.66320083
1.26600 7.65546122
1.26700 7.64773475
1.26800 7.64002137
1.26900 7.63232108
1.27000 7.62463383
1.27100 7.61695960
1.27200 7.60929837
1.27300 7.60165011
1.27400 7.59401480
1.27500 7.58639239
1.27600 7.57878288
1.27700 7.57118622
1.27800 7.56360241
1.27900 7.55603140
1.28000 7.54847317
1.28100 7.54092769
1.28200 7.53339495
1.28300 7.52587491
1.28400 7.51836754
1.28500 7.51087282
1.28600 7.50339072
1.28700 7.49592122
1.28800 7.48846429
1.28900 7.48101990
1.29000 7.47358803
1.29100 7.46616865
1.29200 7.45876173
1.29300 7.45136725
1.29400 7.44398518
1.29500 7.43661550
1.29600 7.42925818
1.29700 7.42191320
1.29800 7.41458052
1.29900 7.40726012
1.30000 7.39995198
1.30100 7.39265607
1.30200 7.38537236
1.30300 7.37810083
1.30400 7.37084146
1.30500 7.36359421
1.30600 7.35635906
1.30700 7.34913599
1.30800 7.34192497
1.30900 7.33472597
1.31000 7.32753898
1.31100 7.32036395
1.31200 7.31320087
1.31300 7.30604972
1.31400 7.29891047
1.31500 7.29178308
1.31600 7.28466754
1.31700 7.27756383
1.31800 7.27047191
1.31900 7.26339176
1.32000 7.25632336
1.32100 7.24926668
1.32200 7.24222170
1.32300 7.23518839
1.32400 7.22816672
1.32500 7.22115668
1.32600 7.21415823
1.32700 7.20717136
1.32800 7.20019603
1.32900 7.19323223
1.33000 7.18627992
1.33100 7.17933909
1.33200 7.17240970
1.33300 7.16549174
1.33400 7.15858518
1.33500 7.15169000
1.33600 7.14480617
1.33700 7.13793366
1.33800 7.13107246
1.33900 7.12422254
1.34000 7.11738387
1.34100 7.11055643
1.34200 7.10374020
1.34300 7.09693514
1.34400 7.09014125
1.34500 7.08335849
1.34600 7.07658685
1.34700 7.06982629
1.34800 7.06307679
1.34900 7.05633833
1.35000 7.04961089
1.35100 7.04289444
1.35200 7.03618895
1.35300 7.02949441
1.35400 7.02281080
1.35500 7.01613808
1.35600 7.00947623
1.35700 7.00282524
1.35800 6.99618507
1.35900 6.98955571
1.36000 6.98293713
1.36100 6.97632931
1.36200 6.96973222
1.36300 6.96314584
1.36400 6.95657016
1.36500 6.95000514
1.36600 6.94345076
1.36700 6.93690700
1.36800 6.93037384
1.36900 6.92385126
1.37000 6.91733922
1.37100 6.91083772
1.37200 6.90434672
1.37300 6.89786621
1.37400 6.89139616
1.37500 6.88493655
1.37600 6.87848735
1.37700 6.87204855
1.37800 6.86562012
1.37900 6.85920204
1.38000 6.85279429
1.38100 6.84639684
1.38200 6.84000967
1.38300 6.83363277
1.38400 6.82726611
1.38500 6.82090966
1.38600 6.81456341
1.38700 6.80822733
1.38800 6.80190140
1.38900 6.79558560
1.39000 6.78927991
1.39100 6.78298431
1.39200 6.77669877
1.39300 6.77042327
1.39400 6.76415779
1.39500 6.75790232
1.39600 6.75165682
1.39700 6.74542128
1.39800 6.73919567
1.39900 6.73297998
1.40000 6.72677419
1.40100 6.72057826
1.40200 6.71439218
1.40300 6.70821594
1.40400 6.70204950
1.40500 6.69589285
1.40600 6.68974597
1.40700 6.68360883
1.40800 6.67748142
1.40900 6.67136371
1.41000 6.66525568
1.41100 6.65915732
1.41200 6.65306859
1.41300 6.64698949
1.41400 6.64091999
1.41500 6.63486007
1.41600 6.62880971
1.41700 6.62276889
1.41800 6.61673758
1.41900 6.61071578
1.42000 6.60470345
1.42100 6.59870058
1.42200 6.59270714
1.42300 6.58672313
1.42400 6.58074851
1.42500 6.57478327
1.42600 6.56882738
1.42700 6.56288084
1.42800 6.55694361
1.42900 6.55101567
1.43000 6.54509702
1.43100 6.53918762
1.43200 6.53328746
1.43300 6.52739652
1.43400 6.52151478
1.43500 6.51564222
1.43600 6.50977881
1.43700 6.50392455
1.43800 6.49807941
1.43900 6.49224336
1.44000 6.48641640
1.44100 6.48059851
1.44200 6.47478965
1.44300 6.46898982
1.44400 6.46319899
1.44500 6.45741715
1.44600 6.45164428
1.44700 6.44588035
1.44800 6.44012536
1.44900 6.43437927
1.45000 6.42864207
1.45100 6.42291375
1.45200 6.41719427
1.45300 6.41148364
1.45400 6.40578181
1.45500 6.40008879
1.45600 6.39440454
1.45700 6.38872905
1.45800 6.38306231
1.45900 6.37740428
1.46000 6.37175496
1.46100 6.36611433
1.46200 6.36048236
1.46300 6.35485904
1.46400 6.34924435
1.46500 6.34363828
1.46600 6.33804080
1.46700 6.33245190
1.46800 6.32687155
1.46900 6.32129974
1.47000 6.31573646
1.47100 6.31018168
1.47200 6.30463539
1.47300 6.29909756
1.47400 6.29356819
1.47500 6.28804724
1.47600 6.28253472
1.47700 6.27703059
1.47800 6.27153484
1.47900 6.26604745
1.48000 6.26056840
1.48100 6.25509769
1.48200 6.24963528
1.48300 6.24418116
1.48400 6.23873532
1.48500 6.23329774
1.48600 6.22786839
1.48700 6.22244727
1.48800 6.21703435
1.48900 6.21162963
1.49000 6.20623307
1.49100 6.20084466
1.49200 6.19546440
1.49300 6.19009225
1.49400 6.18472821
1.49500 6.17937225
1.49600 6.17402436
1.49700 6.16868452
1.49800 6.16335272
1.49900 6.15802894
1.50000 6.15271315
1.50100 6.14740536
1.50200 6.14210553
1.50300 6.13681365
1.50400 6.13152971
1.50500 6.12625369
1.50600 6.12098557
1.50700 6.11572534
1.50800 6.11047297
1.50900 6.10522846
1.51000 6.09999179
1.51100 6.09476293
1.51200 6.08954188
1.51300 6.08432862
1.51400 6.07912313
1.51500 6.07392540
1.51600 6.06873540
1.51700 6.06355313
1.51800 6.05837857
1.51900 6.05321170
1.52000 6.04805250
1.52100 6.04290097
1.52200 6.03775708
1.52300 6.03262081
1.52400 6.02749216
1.52500 6.02237111
1.52600 6.01725764
1.52700 6.01215173
1.52800 6.00705337
1.52900 6.00196255
1.53000 5.99687924
1.53100 5.99180344
1.53200 5.98673513
1.53300 5.98167429
1.53400 5.97662090
1.53500 5.97157496
1.53600 5.96653644
1.53700 5.96150534
1.53800 5.95648163
1.53900 5.95146530
1.54000 5.94645634
1.54100 5.94145472
1.54200 5.93646045
1.54300 5.93147349
1.54400 5.92649384
1.54500 5.92152148
1.54600 5.91655639
1.54700 5.91159856
1.54800 5.90664798
1.54900 5.90170464
1.55000 5.89676850
1.55100 5.89183957
1.55200 5.88691783
1.55300 5.88200325
1.55400 5.87709584
1.55500 5.87219556
1.55600 5.86730242
1.55700 5.86241639
1.55800 5.85753746
1.55900 5.85266561
1.56000 5.84780083
1.56100 5.84294311
1.56200 5.83809243
1.56300 5.83324878
1.56400 5.82841214
1.56500 5.82358250
1.56600 5.81875985
1.56700 5.81394416
1.56800 5.80913543
1.56900 5.80433365
1.57000 5.79953879
1.57100 5.79475084
1.57200 5.78996980
1.57300 5.78519564
1.57400 5.78042836
1.57500 5.77566793
1.57600 5.77091434
1.57700 5.76616759
1.57800 5.76142766
1.57900 5.75669452
1.58000 5.75196818
1.58100 5.74724861
1.58200 5.74253581
1.58300 5.73782975
1.58400 5.73313043
1.58500 5.72843783
1.58600 5.72375194
1.58700 5.71907274
1.58800 5.71440022
1.58900 5.70973438
1.59000 5.70507518
1.59100 5.70042263
1.59200 5.69577670
1.59300 5.69113739
1.59400 5.68650467
1.59500 5.68187855
1.59600 5.67725900
1.59700 5.67264601
1.59800 5.66803957
1.59900 5.66343967
1.60000 5.65884629
1.60100 5.65425941
1.60200 5.64967904
1.60300 5.64510514
1.60400 5.64053772
1.60500 5.63597675
1.60600 5.63142223
1.60700 5.62687414
1.60800 5.62233247
1.60900 5.61779720
1.61000 5.61326833
1.61100 5.60874584
1.61200 5.60422972
1.61300 5.59971995
1.61400 5.59521653
1.61500 5.59071943
1.61600 5.58622866
1.61700 5.58174419
1.61800 5.57726601
1.61900 5.57279411
1.62000 5.56832848
1.62100 5.56386910
1.62200 5.55941597
1.62300 5.55496907
1.62400 5.55052839
1.62500 5.54609391
1.62600 5.54166563
1.62700 5.53724353
1.62800 5.53282760
1.62900 5.52841782
1.63000 5.52401419
1.63100 5.51961670
1.63200 5.51522532
1.63300 5.51084006
1.63400 5.50646089
1.63500 5.50208781
1.63600 5.49772080
1.63700 5.49335985
1.63800 5.48900495
1.63900 5.48465609
1.64000 5.48031325
1.64100 5.47597643
1.64200 5.47164561
1.64300 5.46732078
1.64400 5.46300193
1.64500 5.45868904
1.64600 5.45438212
1.64700 5.45008113
1.64800 5.44578608
1.64900 5.44149695
1.65000 5.43721372
1.65100 5.43293640
1.65200 5.42866496
1.65300 5.42439940
1.65400 5.42013969
1.65500 5.41588584
1.65600 5.41163783
1.65700 5.40739565
1.65800 5.40315929
1.65900 5.39892874
1.66000 5.39470398
1.66100 5.39048500
1.66200 5.38627179
1.66300 5.38206435
1.66400 5.37786266
1.66500 5.37366671
1.66600 5.36947648
1.66700 5.36529198
1.66800 5.36111318
1.66900 5.35694007
1.67000 5.35277265
1.67100 5.34861090
1.67200 5.34445481
1.67300 5.34030438
1.67400 5.33615958
1.67500 5.33202042
1.67600 5.32788687
1.67700 5.32375893
1.67800 5.31963659
1.67900 5.31551984
1.68000 5.31140866
1.68100 5.30730304
1.68200 5.30320298
1.68300 5.29910847
1.68400 5.29501948
1.68500 5.29093602
1.68600 5.28685807
1.68700 5.28278563
1.68800 5.27871867
1.68900 5.27465719
1.69000 5.27060119
1.69100 5.26655064
1.69200 5.26250554
1.69300 5.25846588
1.69400 5.25443165
1.69500 5.25040284
1.69600 5.24637943
1.69700 5.24236143
1.69800 5.23834881
1.69900 5.23434156
1.70000 5.23033968
1.70100 5.22634316
1.70200 5.22235199
1.70300 5.21836615
1.70400 5.21438564
1.70500 5.21041044
1.70600 5.20644055
1.70700 5.20247595
1.70800 5.19851664
1.70900 5.19456261
1.71000 5.19061384
1.71100 5.18667033
1.71200 5.18273206
1.71300 5.17879903
1.71400 5.17487122
1.71500 5.17094864
1.71600 5.16703125
1.71700 5.16311907
1.71800 5.15921207
1.71900 5.15531025
1.72000 5.15141359
1.72100 5.14752210
1.72200 5.14363575
1.72300 5.13975454
1.72400 5.13587846
1.72500 5.13200749
1.72600 5.12814164
1.72700 5.12428089
1.72800 5.12042522
1.72900 5.11657464
1.73000 5.11272913
1.73100 5.10888868
1.73200 5.10505328
1.73300 5.10122293
1.73400 5.09739760
1.73500 5.09357731
1.73600 5.08976202
1.73700 5.08595175
1.73800 5.08214646
1.73900 5.07834617
1.74000 5.07455085
1.74100 5.07076050
1.74200 5.06697511
1.74300 5.06319467
1.74400 5.05941917
1.74500 5.05564860
1.74600 5.05188295
1.74700 5.04812222
1.74800 5.04436639
1.74900 5.04061545
1.75000 5.03686940
1.75100 5.03312823
1.75200 5.02939192
1.75300 5.02566048
1.75400 5.02193388
1.75500 5.01821212
1.75600 5.01449520
1.75700 5.01078310
1.75800 5.00707581
1.75900 5.00337333
1.76000 4.99967564
1.76100 4.99598274
1.76200 4.99229462
1.76300 4.98861127
1.76400 4.98493268
1.76500 4.98125884
1.76600 4.97758975
1.76700 4.97392539
1.76800 4.97026575
1.76900 4.96661084
1.77000 4.96296063
1.77100 4.95931512
1.77200 4.95567431
1.77300 4.95203818
1.77400 4.94840672
1.77500 4.94477993
1.77600 4.94115779
1.77700 4.93754030
1.77800 4.93392746
1.77900 4.93031924
1.78000 4.92671565
1.78100 4.92311668
1.78200 4.91952231
1.78300 4.91593254
1.78400 4.91234736
1.78500 4.90876676
1.78600 4.90519073
1.78700 4.90161927
1.78800 4.89805237
1.78900 4.89449001
1.79000 4.89093219
1.79100 4.88737891
1.79200 4.88383015
1.79300 4.88028590
1.79400 4.87674616
1.79500 4.87321092
1.79600 4.86968017
1.79700 4.86615390
1.79800 4.86263211
1.79900 4.85911479
1.80000 4.85560192
1.80100 4.85209350
1.80200 4.84858953
1.80300 4.84508999
1.80400 4.84159488
1.80500 4.83810418
1.80600 4.83461790
1.80700 4.83113602
1.80800 4.82765853
1.80900 4.82418543
1.81000 4.82071671
1.81100 4.81725236
1.81200 4.81379237
1.81300 4.81033674
1.81400 4.80688545
1.81500 4.80343851
1.81600 4.79999590
1.81700 4.79655761
1.81800 4.79312364
1.81900 4.78969397
1.82000 4.78626861
1.82100 4.78284754
1.82200 4.77943076
1.82300 4.77601825
1.82400 4.77261002
1.82500 4.76920605
1.82600 4.76580633
1.82700 4.76241086
1.82800 4.75901963
1.82900 4.75563264
1.83000 4.75224987
1.83100 4.74887131
1.83200 4.74549697
1.83300 4.74212683
1.83400 4.73876088
1.83500 4.73539912
1.83600 4.73204154
1.83700 4.72868814
1.83800 4.72533890
1.83900 4.72199381
1.84000 4.71865288
1.84100 4.71531609
1.84200 4.71198344
1.84300 4.70865492
1.84400 4.70533052
1.84500 4.70201023
1.84600 4.69869405
1.84700 4.69538196
1.84800 4.69207398
1.84900 4.68877007
1.85000 4.68547025
1.85100 4.68217449
1.85200 4.67888280
1.85300 4.67559516
1.85400 4.67231158
1.85500 4.66903204
1.85600 4.66575653
1.85700 4.66248505
1.85800 4.65921759
1.85900 4.65595414
1.86000 4.65269471
1.86100 4.64943927
1.86200 4.64618782
1.86300 4.64294037
1.86400 4.63969689
1.86500 4.63645738
1.86600 4.63322184
1.86700 4.62999025
1.86800 4.62676262
1.86900 4.62353893
1.87000 4.62031918
1.87100 4.61710336
1.87200 4.61389146
1.87300 4.61068348
1.87400 4.60747941
1.87500 4.60427925
1.87600 4.60108298
1.87700 4.59789060
1.87800 4.59470210
1.87900 4.59151748
1.88000 4.58833673
1.88100 4.58515985
1.88200 4.58198682
1.88300 4.57881763
1.88400 4.57565230
1.88500 4.57249079
1.88600 4.56933312
1.88700 4.56617927
1.88800 4.56302924
1.88900 4.55988302
1.89000 4.55674060
1.89100 4.55360197
1.89200 4.55046714
1.89300 4.54733609
1.89400 4.54420882
1.89500 4.54108532
1.89600 4.53796558
1.89700 4.53484960
1.89800 4.53173737
1.89900 4.52862889
1.90000 4.52552414
1.90100 4.52242313
1.90200 4.51932584
1.90300 4.51623227
1.90400 4.51314241
1.90500 4.51005626
1.90600 4.50697381
1.90700 4.50389506
1.90800 4.50081999
1.90900 4.49774860
1.91000 4.49468089
1.91100 4.49161685
1.91200 4.48855646
1.91300 4.48549974
1.91400 4.48244666
1.91500 4.47939723
1.91600 4.47635144
1.91700 4.47330927
1.91800 4.47027073
1.91900 4.46723581
1.92000 4.46420451
1.92100 4.46117681
1.92200 4.45815271
1.92300 4.45513220
1.92400 4.45211528
1.92500 4.44910195
1.92600 4.44609219
1.92700 4.44308600
1.92800 4.44008337
1.92900 4.43708431
1.93000 4.43408879
1.93100 4.43109682
1.93200 4.42810839
1.93300 4.42512350
1.93400 4.42214213
1.93500 4.41916428
1.93600 4.41618995
1.93700 4.41321913
1.93800 4.41025182
1.93900 4.40728800
1.94000 4.40432768
1.94100 4.40137084
1.94200 4.39841748
1.94300 4.39546760
1.94400 4.39252119
1.94500 4.38957824
1.94600 4.38663875
1.94700 4.38370271
1.94800 4.38077011
1.94900 4.37784096
1.95000 4.37491524
1.95100 4.37199295
1.95200 4.36907408
1.95300 4.36615863
1.95400 4.36324659
1.95500 4.36033795
1.95600 4.35743272
1.95700 4.35453088
1.95800 4.35163242
1.95900 4.34873736
1.96000 4.34584566
1.96100 4.34295734
1.96200 4.34007239
1.96300 4.33719080
1.96400 4.33431256
1.96500 4.33143767
1.96600 4.32856613
1.96700 4.32569792
1.96800 4.32283305
1.96900 4.31997150
1.97000 4.31711328
1.97100 4.31425837
1.97200 4.31140677
1.97300 4.30855848
1.97400 4.30571348
1.97500 4.30287178
1.97600 4.30003337
1.97700 4.29719825
1.97800 4.29436640
1.97900 4.29153782
1.98000 4.28871251
1.98100 4.28589047
1.98200 4.28307167
1.98300 4.28025613
1.98400 4.27744384
1.98500 4.27463479
1.98600 4.27182897
1.98700 4.26902638
1.98800 4.26622701
1.98900 4.26343087
1.99000 4.26063793
1.99100 4.25784821
1.99200 4.25506169
1.99300 4.25227837
1.99400 4.24949824
1.99500 4.24672129
1.99600 4.24394753
1.99700 4.24117695
1.99800 4.23840954
1.99900 4.23564530
2.00000 4.23288421
2.00100 4.23012629
2.00200 4.22737151
2.00300 4.22461988
2.00400 4.22187139
2.00500 4.21912604
2.00600 4.21638382
2.00700 4.21364472
2.00800 4.21090875
2.00900 4.20817589
2.01000 4.20544614
2.01100 4.20271949
2.01200 4.19999595
2.01300 4.19727550
2.01400 4.19455814
2.01500 4.19184386
2.01600 4.18913267
2.01700 4.18642455
2.01800 4.18371950
2.01900 4.18101752
2.02000 4.17831860
2.02100 4.17562273
2.02200 4.17292991
2.02300 4.17024014
2.02400 4.16755341
2.02500 4.16486971
2.02600 4.16218905
2.02700 4.15951141
2.02800 4.15683679
2.02900 4.15416519
2.03000 4.15149660
2.03100 4.14883101
2.03200 4.14616843
2.03300 4.14350884
2.03400 4.14085225
2.03500 4.13819864
2.03600 4.13554802
2.03700 4.13290037
2.03800 4.13025569
2.03900 4.12761399
2.04000 4.12497524
2.04100 4.12233946
2.04200 4.11970662
2.04300 4.11707674
2.04400 4.11444980
2.04500 4.11182580
2.04600 4.10920474
2.04700 4.10658661
2.04800 4.10397140
2.04900 4.10135911
2.05000 4.09874974
2.05100 4.09614328
2.05200 4.09353973
2.05300 4.09093907
2.05400 4.08834132
2.05500 4.08574646
2.05600 4.08315449
2.05700 4.08056540
2.05800 4.07797919
2.05900 4.07539586
2.06000 4.07281539
2.06100 4.07023779
2.06200 4.06766305
2.06300 4.06509117
2.06400 4.06252214
2.06500 4.05995596
2.06600 4.05739262
2.06700 4.05483212
2.06800 4.05227445
2.06900 4.04971961
2.07000 4.04716760
2.07100 4.04461841
2.07200 4.04207203
2.07300 4.03952847
2.07400 4.03698771
2.07500 4.03444975
2.07600 4.03191460
2.07700 4.02938223
2.07800 4.02685266
2.07900 4.02432587
2.08000 4.02180186
2.08100 4.01928063
2.08200 4.01676217
2.08300 4.01424648
2.08400 4.01173355
2.08500 4.00922338
2.08600 4.00671597
2.08700 4.00421130
2.08800 4.00170938
2.08900 3.99921021
2.09000 3.99671377
2.09100 3.99422006
2.09200 3.99172908
2.09300 3.98924083
2.09400 3.98675529
2.09500 3.98427248
2.09600 3.98179237
2.09700 3.97931497
2.09800 3.97684028
2.09900 3.97436828
2.10000 3.97189898
2.10100 3.96943237
2.10200 3.96696845
2.10300 3.96450721
2.10400 3.96204864
2.10500 3.95959275
2.10600 3.95713953
2.10700 3.95468898
2.10800 3.95224109
2.10900 3.94979585
2.11000 3.94735327
2.11100 3.94491334
2.11200 3.94247605
2.11300 3.94004141
2.11400 3.93760940
2.11500 3.93518002
2.11600 3.93275327
2.11700 3.93032915
2.11800 3.92790765
2.11900 3.92548876
2.12000 3.92307249
2.12100 3.92065883
2.12200 3.91824776
2.12300 3.91583930
2.12400 3.91343344
2.12500 3.91103017
2.12600 3.90862949
2.12700 3.90623139
2.12800 3.90383587
2.12900 3.90144293
2.13000 3.89905256
2.13100 3.89666476
2.13200 3.89427953
2.13300 3.89189685
2.13400 3.88951673
2.13500 3.88713917
2.13600 3.88476415
2.13700 3.88239168
2.13800 3.88002175
2.13900 3.87765436
2.14000 3.87528950
2.14100 3.87292717
2.14200 3.87056736
2.14300 3.86821008
2.14400 3.86585532
2.14500 3.86350307
2.14600 3.86115333
2.14700 3.85880609
2.14800 3.85646136
2.14900 3.85411913
2.15000 3.85177939
2.15100 3.84944214
2.15200 3.84710739
2.15300 3.84477511
2.15400 3.84244531
2.15500 3.84011799
2.15600 3.83779315
2.15700 3.83547077
2.15800 3.83315085
2.15900 3.83083340
2.16000 3.82851841
2.16100 3.82620586
2.16200 3.82389577
2.16300 3.82158813
2.16400 3.81928292
2.16500 3.81698016
2.16600 3.81467983
2.16700 3.81238193
2.16800 3.81008646
2.16900 3.80779341
2.17000 3.80550279
2.17100 3.80321458
2.17200 3.80092878
2.17300 3.79864539
2.17400 3.79636441
2.17500 3.79408583
2.17600 3.79180965
2.17700 3.78953587
2.17800 3.78726447
2.17900 3.78499547
2.18000 3.78272885
2.18100 3.78046460
2.18200 3.77820274
2.18300 3.77594325
2.18400 3.77368613
2.18500 3.77143137
2.18600 3.76917898
2.18700 3.76692895
2.18800 3.76468127
2.18900 3.76243595
2.19000 3.76019297
2.19100 3.75795234
2.19200 3.75571405
2.19300 3.75347810
2.19400 3.75124448
2.19500 3.74901320
2.19600 3.74678424
2.19700 3.74455761
2.19800 3.74233330
2.19900 3.74011130
2.20000 3.73789162
2.20100 3.73567425
2.20200 3.73345919
2.20300 3.73124643
2.20400 3.72903597
2.20500 3.72682780
2.20600 3.72462193
2.20700 3.72241835
2.20800 3.72021706
2.20900 3.71801805
2.21000 3.71582132
2.21100 3.71362686
2.21200 3.71143468
2.21300 3.70924477
2.21400 3.70705712
2.21500 3.70487174
2.21600 3.70268862
2.21700 3.70050775
2.21800 3.69832914
2.21900 3.69615277
2.22000 3.69397865
2.22100 3.69180678
2.22200 3.68963714
2.22300 3.68746974
2.22400 3.68530458
2.22500 3.68314164
2.22600 3.68098093
2.22700 3.67882244
2.22800 3.67666618
2.22900 3.67451212
2.23000 3.67236029
2.23100 3.67021066
2.23200 3.66806324
2.23300 3.66591802
2.23400 3.66377501
2.23500 3.66163419
2.23600 3.65949556
2.23700 3.65735913
2.23800 3.65522488
2.23900 3.65309282
2.24000 3.65096294
2.24100 3.64883523
2.24200 3.64670970
2.24300 3.64458635
2.24400 3.64246516
2.24500 3.64034614
2.24600 3.63822927
2.24700 3.63611457
2.24800 3.63400202
2.24900 3.63189163
2.25000 3.62978339
2.25100 3.62767729
2.25200 3.62557333
2.25300 3.62347152
2.25400 3.62137184
2.25500 3.61927430
2.25600 3.61717888
2.25700 3.61508560
2.25800 3.61299444
2.25900 3.61090540
2.26000 3.60881848
2.26100 3.60673367
2.26200 3.60465098
2.26300 3.60257039
2.26400 3.60049191
2.26500 3.59841554
2.26600 3.59634127
2.26700 3.59426909
2.26800 3.59219900
2.26900 3.59013101
2.27000 3.58806511
2.27100 3.58600129
2.27200 3.58393955
2.27300 3.58187989
2.27400 3.57982231
2.27500 3.57776680
2.27600 3.57571336
2.27700 3.57366199
2.27800 3.57161268
2.27900 3.56956543
2.28000 3.56752024
2.28100 3.56547711
2.28200 3.56343603
2.28300 3.56139700
2.28400 3.55936001
2.28500 3.55732507
2.28600 3.55529216
2.28700 3.55326130
2.28800 3.55123247
2.28900 3.54920567
2.29000 3.54718090
2.29100 3.54515816
2.29200 3.54313744
2.29300 3.54111874
2.29400 3.53910205
2.29500 3.53708738
2.29600 3.53507472
2.29700 3.53306407
2.29800 3.53105543
2.29900 3.52904879
2.30000 3.52704415
2.30100 3.52504151
2.30200 3.52304086
2.30300 3.52104220
2.30400 3.51904553
2.30500 3.51705084
2.30600 3.51505814
2.30700 3.51306742
2.30800 3.51107868
2.30900 3.50909191
2.31000 3.50710711
2.31100 3.50512429
2.31200 3.50314342
2.31300 3.50116453
2.31400 3.49918759
2.31500 3.49721261
2.31600 3.49523958
2.31700 3.49326851
2.31800 3.49129939
2.31900 3.48933221
2.32000 3.48736698
2.32100 3.48540368
2.32200 3.48344233
2.32300 3.48148291
2.32400 3.47952543
2.32500 3.47756987
2.32600 3.47561625
2.32700 3.47366455
2.32800 3.47171477
2.32900 3.46976691
2.33000 3.46782096
2.33100 3.46587693
2.33200 3.46393482
2.33300 3.46199461
2.33400 3.46005630
2.33500 3.45811990
2.33600 3.45618540
2.33700 3.45425280
2.33800 3.45232209
2.33900 3.45039328
2.34000 3.44846636
2.34100 3.44654132
2.34200 3.44461817
2.34300 3.44269690
2.34400 3.44077751
2.34500 3.43885999
2.34600 3.43694436
2.34700 3.43503059
2.34800 3.43311869
2.34900 3.43120866
2.35000 3.42930049
2.35100 3.42739418
2.35200 3.42548973
2.35300 3.42358714
2.35400 3.42168640
2.35500 3.41978751
2.35600 3.41789047
2.35700 3.41599527
2.35800 3.41410192
2.35900 3.41221041
2.36000 3.41032073
2.36100 3.40843289
2.36200 3.40654689
2.36300 3.40466271
2.36400 3.40278036
2.36500 3.40089984
2.36600 3.39902114
2.36700 3.39714426
2.36800 3.39526920
2.36900 3.39339595
2.37000 3.39152452
2.37100 3.38965489
2.37200 3.38778708
2.37300 3.38592106
2.37400 3.38405686
2.37500 3.38219445
2.37600 3.38033383
2.37700 3.37847502
2.37800 3.37661799
2.37900 3.37476276
2.38000 3.37290931
2.38100 3.37105765
2.38200 3.36920778
2.38300 3.36735968
2.38400 3.36551336
2.38500 3.36366881
2.38600 3.36182604
2.38700 3.35998504
2.38800 3.35814581
2.38900 3.35630834
2.39000 3.35447264
2.39100 3.35263870
2.39200 3.35080651
2.39300 3.34897608
2.39400 3.34714741
2.39500 3.34532049
2.39600 3.34349531
2.39700 3.34167188
2.39800 3.33985020
2.39900 3.33803026
2.40000 3.33621205
2.40100 3.33439559
2.40200 3.33258086
2.40300 3.33076786
2.40400 3.32895659
2.40500 3.32714704
2.40600 3.32533923
2.40700 3.32353313
2.40800 3.32172876
2.40900 3.31992610
2.41000 3.31812516
2.41100 3.31632593
2.41200 3.31452842
2.41300 3.31273261
2.41400 3.31093851
2.41500 3.30914611
2.41600 3.30735542
2.41700 3.30556642
2.41800 3.30377912
2.41900 3.30199352
2.42000 3.30020961
2.42100 3.29842738
2.42200 3.29664685
2.42300 3.29486800
2.42400 3.29309084
2.42500 3.29131536
2.42600 3.28954155
2.42700 3.28776942
2.42800 3.28599897
2.42900 3.28423019
2.43000 3.28246308
2.43100 3.28069763
2.43200 3.27893385
2.43300 3.27717174
2.43400 3.27541128
2.43500 3.27365249
2.43600 3.27189535
2.43700 3.27013986
2.43800 3.26838603
2.43900 3.26663384
2.44000 3.26488330
2.44100 3.26313441
2.44200 3.26138716
2.44300 3.25964155
2.44400 3.25789758
2.44500 3.25615525
2.44600 3.25441455
2.44700 3.25267548
2.44800 3.25093805
2.44900 3.24920224
2.45000 3.24746805
2.45100 3.24573549
2.45200 3.24400455
2.45300 3.24227523
2.45400 3.24054752
2.45500 3.23882143
2.45600 3.23709696
2.45700 3.23537409
2.45800 3.23365283
2.45900 3.23193318
2.46000 3.23021513
2.46100 3.22849868
2.46200 3.22678383
2.46300 3.22507058
2.46400 3.22335893
2.46500 3.22164886
2.46600 3.21994039
2.46700 3.21823351
2.46800 3.21652821
2.46900 3.21482450
2.47000 3.21312237
2.47100 3.21142183
2.47200 3.20972286
2.47300 3.20802546
2.47400 3.20632965
2.47500 3.20463540
2.47600 3.20294272
2.47700 3.20125161
2.47800 3.19956207
2.47900 3.19787409
2.48000 3.19618768
2.48100 3.19450282
2.48200 3.19281952
2.48300 3.19113777
2.48400 3.18945758
2.48500 3.18777894
2.48600 3.18610185
2.48700 3.18442631
2.48800 3.18275231
2.48900 3.18107986
2.49000 3.17940895
2.49100 3.17773957
2.49200 3.17607174
2.49300 3.17440544
2.49400 3.17274067
2.49500 3.17107743
2.49600 3.16941572
2.49700 3.16775554
2.49800 3.16609689
2.49900 3.16443975
2.50000 3.16278414
2.50100 3.16113005
2.50200 3.15947747
2.50300 3.15782641
2.50400 3.15617687
2.50500 3.15452883
2.50600 3.15288230
2.50700 3.15123728
2.50800 3.14959377
2.50900 3.14795176
2.51000 3.14631125
2.51100 3.14467224
2.51200 3.14303472
2.51300 3.14139871
2.51400 3.13976418
2.51500 3.13813115
2.51600 3.13649960
2.51700 3.13486955
2.51800 3.13324098
2.51900 3.13161389
2.52000 3.12998829
2.52100 3.12836416
2.52200 3.12674152
2.52300 3.12512035
2.52400 3.12350065
2.52500 3.12188242
2.52600 3.12026567
2.52700 3.11865038
2.52800 3.11703656
2.52900 3.11542421
2.53000 3.11381332
2.53100 3.11220388
2.53200 3.11059591
2.53300 3.10898940
2.53400 3.10738434
2.53500 3.10578073
2.53600 3.10417857
2.53700 3.10257786
2.53800 3.10097861
2.53900 3.09938079
2.54000 3.09778442
2.54100 3.09618949
2.54200 3.09459601
2.54300 3.09300396
2.54400 3.09141334
2.54500 3.08982416
2.54600 3.08823642
2.54700 3.08665010
2.54800 3.08506522
2.54900 3.08348176
2.55000 3.08189972
2.55100 3.08031911
2.55200 3.07873992
2.55300 3.07716216
2.55400 3.07558580
2.55500 3.07401087
2.55600 3.07243735
2.55700 3.07086524
2.55800 3.06929454
2.55900 3.06772526
2.56000 3.06615737
2.56100 3.06459090
2.56200 3.06302583
2.56300 3.06146215
2.56400 3.05989988
2.56500 3.05833901
2.56600 3.05677953
2.56700 3.05522145
2.56800 3.05366476
2.56900 3.05210946
2.57000 3.05055555
2.57100 3.04900303
2.57200 3.04745190
2.57300 3.04590214
2.57400 3.04435377
2.57500 3.04280678
2.57600 3.04126117
2.57700 3.03971694
2.57800 3.03817408
2.57900 3.03663259
2.58000 3.03509248
2.58100 3.03355373
2.58200 3.03201636
2.58300 3.03048035
2.58400 3.02894570
2.58500 3.02741242
2.58600 3.02588049
2.58700 3.02434993
2.58800 3.02282073
2.58900 3.02129288
2.59000 3.01976638
2.59100 3.01824124
2.59200 3.01671745
2.59300 3.01519501
2.59400 3.01367391
2.59500 3.01215417
2.59600 3.01063576
2.59700 3.00911870
2.59800 3.00760298
2.59900 3.00608859
2.60000 3.00457555
2.60100 3.00306384
2.60200 3.00155346
2.60300 3.00004441
2.60400 2.99853670
2.60500 2.99703031
2.60600 2.99552526
2.60700 2.99402152
2.60800 2.99251911
2.60900 2.99101803
2.61000 2.98951826
2.61100 2.98801981
2.61200 2.98652268
2.61300 2.98502687
2.61400 2.98353237
2.61500 2.98203918
2.61600 2.98054730
2.61700 2.97905673
2.61800 2.97756747
2.61900 2.97607951
2.62000 2.97459286
2.62100 2.97310751
2.62200 2.97162346
2.62300 2.97014070
2.62400 2.96865925
2.62500 2.96717909
2.62600 2.96570023
2.62700 2.96422266
2.62800 2.96274638
2.62900 2.96127139
2.63000 2.95979768
2.63100 2.95832527
2.63200 2.95685414
2.63300 2.95538429
2.63400 2.95391572
2.63500 2.95244843
2.63600 2.95098242
2.63700 2.94951769
2.63800 2.94805423
2.63900 2.94659204
2.64000 2.94513113
2.64100 2.94367148
2.64200 2.94221311
2.64300 2.94075600
2.64400 2.93930016
2.64500 2.93784558
2.64600 2.93639226
2.64700 2.93494021
2.64800 2.93348941
2.64900 2.93203987
2.65000 2.93059159
2.65100 2.92914456
2.65200 2.92769879
2.65300 2.92625426
2.65400 2.92481099
2.65500 2.92336896
2.65600 2.92192819
2.65700 2.92048865
2.65800 2.91905036
2.65900 2.91761331
2.66000 2.91617751
2.66100 2.91474294
2.66200 2.91330961
2.66300 2.91187751
2.66400 2.91044665
2.66500 2.90901703
2.66600 2.90758863
2.66700 2.90616147
2.66800 2.90473553
2.66900 2.90331082
2.67000 2.90188733
2.67100 2.90046507
2.67200 2.89904403
2.67300 2.89762422
2.67400 2.89620562
2.67500 2.89478824
2.67600 2.89337207
2.67700 2.89195712
2.67800 2.89054339
2.67900 2.88913087
2.68000 2.88771955
2.68100 2.88630945
2.68200 2.88490055
2.68300 2.88349286
2.68400 2.88208637
2.68500 2.88068109
2.68600 2.87927701
2.68700 2.87787413
2.68800 2.87647244
2.68900 2.87507196
2.69000 2.87367267
2.69100 2.87227457
2.69200 2.87087767
2.69300 2.86948196
2.69400 2.86808744
2.69500 2.86669410
2.69600 2.86530196
2.69700 2.86391099
2.69800 2.86252122
2.69900 2.86113262
2.70000 2.85974521
2.70100 2.85835898
2.70200 2.85697392
2.70300 2.85559004
2.70400 2.85420734
2.70500 2.85282581
2.70600 2.85144546
2.70700 2.85006627
2.70800 2.84868826
2.70900 2.84731141
2.71000 2.84593573
2.71100 2.84456122
2.71200 2.84318787
2.71300 2.84181568
2.71400 2.84044466
2.71500 2.83907479
2.71600 2.83770608
2.71700 2.83633853
2.71800 2.83497214
2.71900 2.83360690
2.72000 2.83224281
2.72100 2.83087988
2.72200 2.82951809
2.72300 2.82815745
2.72400 2.82679796
2.72500 2.82543962
2.72600 2.82408242
2.72700 2.82272636
2.72800 2.82137145
2.72900 2.82001768
2.73000 2.81866504
2.73100 2.81731355
2.73200 2.81596318
2.73300 2.81461396
2.73400 2.81326587
2.73500 2.81191891
2.73600 2.81057308
2.73700 2.80922838
2.73800 2.80788481
2.73900 2.80654236
2.74000 2.80520105
2.74100 2.80386085
2.74200 2.80252178
2.74300 2.80118383
2.74400 2.79984700
2.74500 2.79851129
2.74600 2.79717669
2.74700 2.79584321
2.74800 2.79451085
2.74900 2.79317960
2.75000 2.79184946
2.75100 2.79052044
2.75200 2.78919252
2.75300 2.78786571
2.75400 2.78654001
2.75500 2.78521541
2.75600 2.78389191
2.75700 2.78256952
2.75800 2.78124824
2.75900 2.77992805
2.76000 2.77860896
2.76100 2.77729096
2.76200 2.77597407
2.76300 2.77465827
2.76400 2.77334356
2.76500 2.77202994
2.76600 2.77071742
2.76700 2.76940599
2.76800 2.76809564
2.76900 2.76678638
2.77000 2.76547821
2.77100 2.76417112
2.77200 2.76286512
2.77300 2.76156019
2.77400 2.76025635
2.77500 2.75895359
2.77600 2.75765190
2.77700 2.75635130
2.77800 2.75505176
2.77900 2.75375331
2.78000 2.75245592
2.78100 2.75115961
2.78200 2.74986437
2.78300 2.74857019
2.78400 2.74727709
2.78500 2.74598505
2.78600 2.74469408
2.78700 2.74340417
2.78800 2.74211533
2.78900 2.74082754
2.79000 2.73954082
2.79100 2.73825516
2.79200 2.73697055
2.79300 2.73568700
2.79400 2.73440451
2.79500 2.73312307
2.79600 2.73184268
2.79700 2.73056335
2.79800 2.72928507
2.79900 2.72800783
2.80000 2.72673165
2.80100 2.72545651
2.80200 2.72418241
2.80300 2.72290936
2.80400 2.72163736
2.80500 2.72036639
2.80600 2.71909647
2.80700 2.71782759
2.80800 2.71655974
2.80900 2.71529293
2.81000 2.71402716
2.81100 2.71276242
2.81200 2.71149872
2.81300 2.71023604
2.81400 2.70897440
2.81500 2.70771379
2.81600 2.70645421
2.81700 2.70519565
2.81800 2.70393813
2.81900 2.70268162
2.82000 2.70142614
2.82100 2.70017168
2.82200 2.69891825
2.82300 2.69766583
2.82400 2.69641444
2.82500 2.69516406
2.82600 2.69391470
2.82700 2.69266635
2.82800 2.69141902
2.82900 2.69017270
2.83000 2.68892739
2.83100 2.68768310
2.83200 2.68643981
2.83300 2.68519753
2.83400 2.68395626
2.83500 2.68271600
2.83600 2.68147674
2.83700 2.68023848
2.83800 2.67900123
2.83900 2.67776498
2.84000 2.67652973
2.84100 2.67529547
2.84200 2.67406222
2.84300 2.67282996
2.84400 2.67159870
2.84500 2.67036843
2.84600 2.66913916
2.84700 2.66791088
2.84800 2.66668359
2.84900 2.66545729
2.85000 2.66423198
2.85100 2.66300766
2.85200 2.66178432
2.85300 2.66056197
2.85400 2.65934060
2.85500 2.65812022
2.85600 2.65690081
2.85700 2.65568239
2.85800 2.65446495
2.85900 2.65324849
2.86000 2.65203300
2.86100 2.65081849
2.86200 2.64960496
2.86300 2.64839240
2.86400 2.64718081
2.86500 2.64597020
2.86600 2.64476056
2.86700 2.64355188
2.86800 2.64234418
2.86900 2.64113744
2.87000 2.63993167
2.87100 2.63872686
2.87200 2.63752302
2.87300 2.63632014
2.87400 2.63511822
2.87500 2.63391726
2.87600 2.63271727
2.87700 2.63151823
2.87800 2.63032015
2.87900 2.62912302
2.88000 2.62792686
2.88100 2.62673164
2.88200 2.62553738
2.88300 2.62434407
2.88400 2.62315171
2.88500 2.62196030
2.88600 2.62076984
2.88700 2.61958033
2.88800 2.61839177
2.88900 2.61720415
2.89000 2.61601747
2.89100 2.61483174
2.89200 2.61364695
2.89300 2.61246310
2.89400 2.61128020
2.89500 2.61009823
2.89600 2.60891720
2.89700 2.60773711
2.89800 2.60655795
2.89900 2.60537973
2.90000 2.60420244
2.90100 2.60302608
2.90200 2.60185066
2.90300 2.60067616
2.90400 2.59950260
2.90500 2.59832997
2.90600 2.59715826
2.90700 2.59598748
2.90800 2.59481762
2.90900 2.59364869
2.91000 2.59248068
2.91100 2.59131360
2.91200 2.59014743
2.91300 2.58898219
2.91400 2.58781786
2.91500 2.58665446
2.91600 2.58549197
2.91700 2.58433039
2.91800 2.58316974
2.91900 2.58200999
2.92000 2.58085116
2.92100 2.57969324
2.92200 2.57853623
2.92300 2.57738013
2.92400 2.57622494
2.92500 2.57507066
2.92600 2.57391729
2.92700 2.57276482
2.92800 2.57161325
2.92900 2.57046259
2.93000 2.56931283
2.93100 2.56816398
2.93200 2.56701602
2.93300 2.56586897
2.93400 2.56472281
2.93500 2.56357755
2.93600 2.56243319
2.93700 2.56128972
2.93800 2.56014715
2.93900 2.55900547
2.94000 2.55786468
2.94100 2.55672479
2.94200 2.55558579
2.94300 2.55444767
2.94400 2.55331045
2.94500 2.55217411
2.94600 2.55103866
2.94700 2.54990409
2.94800 2.54877041
2.94900 2.54763762
2.95000 2.54650570
2.95100 2.54537467
2.95200 2.54424452
2.95300 2.54311525
2.95400 2.54198686
2.95500 2.54085935
2.95600 2.53973271
2.95700 2.53860695
2.95800 2.53748206
2.95900 2.53635805
2.96000 2.53523491
2.96100 2.53411264
2.96200 2.53299125
2.96300 2.53187072
2.96400 2.53075106
2.96500 2.52963227
2.96600 2.52851435
2.96700 2.52739730
2.96800 2.52628111
2.96900 2.52516578
2.97000 2.52405132
2.97100 2.52293772
2.97200 2.52182498
2.97300 2.52071310
2.97400 2.51960208
2.97500 2.51849192
2.97600 2.51738262
2.97700 2.51627418
2.97800 2.51516659
2.97900 2.51405985
2.98000 2.51295397
2.98100 2.51184894
2.98200 2.51074477
2.98300 2.50964144
2.98400 2.50853897
2.98500 2.50743734
2.98600 2.50633657
2.98700 2.50523664
2.98800 2.50413755
2.98900 2.50303931
2.99000 2.50194192
2.99100 2.50084537
2.99200 2.49974966
2.99300 2.49865480
2.99400 2.49756077
2.99500 2.49646759
2.99600 2.49537524
2.99700 2.49428374
2.99800 2.49319306
2.99900 2.49210323
3.00000 2.49101423
3.00100 2.48992607
3.00200 2.48883874
3.00300 2.48775224
3.00400 2.48666657
3.00500 2.48558173
3.00600 2.48449773
3.00700 2.48341455
3.00800 2.48233220
3.00900 2.48125068
3.01000 2.48016998
3.01100 2.47909011
3.01200 2.47801106
3.01300 2.47693284
3.01400 2.47585544
3.01500 2.47477886
3.01600 2.47370310
3.01700 2.47262816
3.01800 2.47155405
3.01900 2.47048074
3.02000 2.46940826
3.02100 2.46833659
3.02200 2.46726574
3.02300 2.46619570
3.02400 2.46512648
3.02500 2.46405807
3.02600 2.46299047
3.02700 2.46192368
3.02800 2.46085771
3.02900 2.45979254
3.03000 2.45872818
3.03100 2.45766462
3.03200 2.45660188
3.03300 2.45553994
3.03400 2.45447880
3.03500 2.45341847
3.03600 2.45235894
3.03700 2.45130022
3.03800 2.45024229
3.03900 2.44918517
3.04000 2.44812885
3.04100 2.44707332
3.04200 2.44601859
3.04300 2.44496466
3.04400 2.44391153
3.04500 2.44285919
3.04600 2.44180765
3.04700 2.44075689
3.04800 2.43970694
3.04900 2.43865777
3.05000 2.43760940
3.05100 2.43656181
3.05200 2.43551502
3.05300 2.43446901
3.05400 2.43342379
3.05500 2.43237936
3.05600 2.43133571
3.05700 2.43029285
3.05800 2.42925077
3.05900 2.42820948
3.06000 2.42716897
3.06100 2.42612924
3.06200 2.42509029
3.06300 2.42405212
3.06400 2.42301474
3.06500 2.42197813
3.06600 2.42094229
3.06700 2.41990724
3.06800 2.41887296
3.06900 2.41783945
3.07000 2.41680672
3.07100 2.41577476
3.07200 2.41474358
3.07300 2.41371317
3.07400 2.41268352
3.07500 2.41165465
3.07600 2.41062655
3.07700 2.40959921
3.07800 2.40857265
3.07900 2.40754685
3.08000 2.40652181
3.08100 2.40549755
3.08200 2.40447404
3.08300 2.40345130
3.08400 2.40242932
3.08500 2.40140811
3.08600 2.40038765
3.08700 2.39936796
3.08800 2.39834902
3.08900 2.39733085
3.09000 2.39631343
3.09100 2.39529676
3.09200 2.39428086
3.09300 2.39326571
3.09400 2.39225131
3.09500 2.39123767
3.09600 2.39022479
3.09700 2.38921265
3.09800 2.38820126
3.09900 2.38719063
3.10000 2.38618075
3.10100 2.38517161
3.10200 2.38416322
3.10300 2.38315559
3.10400 2.38214869
3.10500 2.38114255
3.10600 2.38013714
3.10700 2.37913249
3.10800 2.37812857
3.10900 2.37712540
3.11000 2.37612297
3.11100 2.37512129
3.11200 2.37412034
3.11300 2.37312013
3.11400 2.37212066
3.11500 2.37112193
3.11600 2.37012394
3.11700 2.36912668
3.11800 2.36813016
3.11900 2.36713437
3.12000 2.36613932
3.12100 2.36514500
3.12200 2.36415141
3.12300 2.36315856
3.12400 2.36216643
3.12500 2.36117504
3.12600 2.36018438
3.12700 2.35919444
3.12800 2.35820523
3.12900 2.35721675
3.13000 2.35622900
3.13100 2.35524197
3.13200 2.35425567
3.13300 2.35327009
3.13400 2.35228524
3.13500 2.35130110
3.13600 2.35031769
3.13700 2.34933500
3.13800 2.34835303
3.13900 2.34737178
3.14000 2.34639125
3.14100 2.34541144
3.14200 2.34443235
3.14300 2.34345397
3.14400 2.34247631
3.14500 2.34149936
3.14600 2.34052312
3.14700 2.33954760
3.14800 2.33857280
3.14900 2.33759870
3.15000 2.33662532
3.15100 2.33565265
3.15200 2.33468068
3.15300 2.33370943
3.15400 2.33273889
3.15500 2.33176905
3.15600 2.33079992
3.15700 2.32983149
3.15800 2.32886378
3.15900 2.32789676
3.16000 2.32693045
3.16100 2.32596484
3.16200 2.32499994
3.16300 2.32403574
3.16400 2.32307224
3.16500 2.32210943
3.16600 2.32114733
3.16700 2.32018593
3.16800 2.31922523
3.16900 2.31826522
3.17000 2.31730591
3.17100 2.31634730
3.17200 2.31538938
3.17300 2.31443215
3.17400 2.31347562
3.17500 2.31251978
3.17600 2.31156464
3.17700 2.31061019
3.17800 2.30965642
3.17900 2.30870335
3.18000 2.30775097
3.18100 2.30679927
3.18200 2.30584827
3.18300 2.30489795
3.18400 2.30394832
3.18500 2.30299937
3.18600 2.30205111
3.18700 2.30110354
3.18800 2.30015664
3.18900 2.29921044
3.19000 2.29826491
3.19100 2.29732006
3.19200 2.29637590
3.19300 2.29543242
3.19400 2.29448961
3.19500 2.29354749
3.19600 2.29260604
3.19700 2.29166527
3.19800 2.29072518
3.19900 2.28978577
3.20000 2.28884702
3.20100 2.28790896
3.20200 2.28697157
3.20300 2.28603485
3.20400 2.28509880
3.20500 2.28416343
3.20600 2.28322873
3.20700 2.28229469
3.20800 2.28136133
3.20900 2.28042864
3.21000 2.27949662
3.21100 2.27856526
3.21200 2.27763457
3.21300 2.27670455
3.21400 2.27577519
3.21500 2.27484650
3.21600 2.27391847
3.21700 2.27299111
3.21800 2.27206441
3.21900 2.27113837
3.22000 2.27021299
3.22100 2.26928828
3.22200 2.26836422
3.22300 2.26744083
3.22400 2.26651809
3.22500 2.26559601
3.22600 2.26467459
3.22700 2.26375383
3.22800 2.26283372
3.22900 2.26191427
3.23000 2.26099548
3.23100 2.26007733
3.23200 2.25915985
3.23300 2.25824301
3.23400 2.25732683
3.23500 2.25641130
3.23600 2.25549642
3.23700 2.25458219
3.23800 2.25366861
3.23900 2.25275568
3.24000 2.25184339
3.24100 2.25093176
3.24200 2.25002077
3.24300 2.24911043
3.24400 2.24820074
3.24500 2.24729168
3.24600 2.24638328
3.24700 2.24547552
3.24800 2.24456840
3.24900 2.24366192
3.25000 2.24275609
3.25100 2.24185089
3.25200 2.24094634
3.25300 2.24004243
3.25400 2.23913915
3.25500 2.23823652
3.25600 2.23733452
3.25700 2.23643316
3.25800 2.23553243
3.25900 2.23463235
3.26000 2.23373289
3.26100 2.23283408
3.26200 2.23193589
3.26300 2.23103834
3.26400 2.23014143
3.26500 2.22924514
3.26600 2.22834949
3.26700 2.22745447
3.26800 2.22656007
3.26900 2.22566631
3.27000 2.22477318
3.27100 2.22388067
3.27200 2.22298879
3.27300 2.22209754
3.27400 2.22120692
3.27500 2.22031692
3.27600 2.21942755
3.27700 2.21853880
3.27800 2.21765068
3.27900 2.21676317
3.28000 2.21587630
3.28100 2.21499004
3.28200 2.21410440
3.28300 2.21321939
3.28400 2.21233500
3.28500 2.21145122
3.28600 2.21056807
3.28700 2.20968553
3.28800 2.20880361
3.28900 2.20792231
3.29000 2.20704162
3.29100 2.20616155
3.29200 2.20528210
3.29300 2.20440326
3.29400 2.20352503
3.29500 2.20264742
3.29600 2.20177042
3.29700 2.20089403
3.29800 2.20001826
3.29900 2.19914309
3.30000 2.19826854
3.30100 2.19739459
3.30200 2.19652126
3.30300 2.19564853
3.30400 2.19477641
3.30500 2.19390490
3.30600 2.19303400
3.30700 2.19216370
3.30800 2.19129400
3.30900 2.19042491
3.31000 2.18955643
3.31100 2.18868855
3.31200 2.18782127
3.31300 2.18695460
3.31400 2.18608852
3.31500 2.18522305
3.31600 2.18435818
3.31700 2.18349391
3.31800 2.18263024
3.31900 2.18176717
3.32000 2.18090469
3.32100 2.18004282
3.32200 2.17918154
3.32300 2.17832085
3.32400 2.17746077
3.32500 2.17660128
3.32600 2.17574238
3.32700 2.17488408
3.32800 2.17402637
3.32900 2.17316925
3.33000 2.17231273
3.33100 2.17145680
3.33200 2.17060146
3.33300 2.16974671
3.33400 2.16889255
3.33500 2.16803898
3.33600 2.16718600
3.33700 2.16633361
3.33800 2.16548180
3.33900 2.16463058
3.34000 2.16377995
3.34100 2.16292991
3.34200 2.16208045
3.34300 2.16123157
3.34400 2.16038328
3.34500 2.15953558
3.34600 2.15868845
3.34700 2.15784191
3.34800 2.15699595
3.34900 2.15615057
3.35000 2.15530578
3.35100 2.15446156
3.35200 2.15361793
3.35300 2.15277487
3.35400 2.15193239
3.35500 2.15109049
3.35600 2.15024917
3.35700 2.14940842
3.35800 2.14856825
3.35900 2.14772865
3.36000 2.14688964
3.36100 2.14605119
3.36200 2.14521332
3.36300 2.14437602
3.36400 2.14353930
3.36500 2.14270315
3.36600 2.14186757
3.36700 2.14103256
3.36800 2.14019812
3.36900 2.13936425
3.37000 2.13853096
3.37100 2.13769823
3.37200 2.13686607
3.37300 2.13603447
3.37400 2.13520345
3.37500 2.13437299
3.37600 2.13354310
3.37700 2.13271377
3.37800 2.13188501
3.37900 2.13105681
3.38000 2.13022918
3.38100 2.12940211
3.38200 2.12857561
3.38300 2.12774966
3.38400 2.12692428
3.38500 2.12609946
3.38600 2.12527520
3.38700 2.12445150
3.38800 2.12362836
3.38900 2.12280578
3.39000 2.12198376
3.39100 2.12116229
3.39200 2.12034139
3.39300 2.11952104
3.39400 2.11870124
3.39500 2.11788201
3.39600 2.11706332
3.39700 2.11624520
3.39800 2.11542762
3.39900 2.11461060
3.40000 2.11379414
3.40100 2.11297822
3.40200 2.11216286
3.40300 2.11134805
3.40400 2.11053380
3.40500 2.10972009
3.40600 2.10890693
3.40700 2.10809432
3.40800 2.10728226
3.40900 2.10647075
3.41000 2.10565979
3.41100 2.10484937
3.41200 2.10403950
3.41300 2.10323018
3.41400 2.10242140
3.41500 2.10161317
3.41600 2.10080548
3.41700 2.09999834
3.41800 2.09919174
3.41900 2.09838569
3.42000 2.09758017
3.42100 2.09677520
3.42200 2.09597077
3.42300 2.09516688
3.42400 2.09436353
3.42500 2.09356073
3.42600 2.09275846
3.42700 2.09195673
3.42800 2.09115554
3.42900 2.09035488
3.43000 2.08955477
3.43100 2.08875519
3.43200 2.08795614
3.43300 2.08715764
3.43400 2.08635967
3.43500 2.08556223
3.43600 2.08476533
3.43700 2.08396896
3.43800 2.08317312
3.43900 2.08237782
3.44000 2.08158305
3.44100 2.08078881
3.44200 2.07999511
3.44300 2.07920193
3.44400 2.07840928
3.44500 2.07761717
3.44600 2.07682558
3.44700 2.07603452
3.44800 2.07524399
3.44900 2.07445399
3.45000 2.07366452
3.45100 2.07287557
3.45200 2.07208715
3.45300 2.07129925
3.45400 2.07051188
3.45500 2.06972503
3.45600 2.06893871
3.45700 2.06815291
3.45800 2.06736764
3.45900 2.06658288
3.46000 2.06579865
3.46100 2.06501495
3.46200 2.06423176
3.46300 2.06344909
3.46400 2.06266695
3.46500 2.06188532
3.46600 2.06110421
3.46700 2.06032362
3.46800 2.05954355
3.46900 2.05876400
3.47000 2.05798496
3.47100 2.05720645
3.47200 2.05642844
3.47300 2.05565096
3.47400 2.05487399
3.47500 2.05409753
3.47600 2.05332159
3.47700 2.05254616
3.47800 2.05177125
3.47900 2.05099684
3.48000 2.05022296
3.48100 2.04944958
3.48200 2.04867671
3.48300 2.04790436
3.48400 2.04713251
3.48500 2.04636118
3.48600 2.04559035
3.48700 2.04482004
3.48800 2.04405023
3.48900 2.04328093
3.49000 2.04251214
3.49100 2.04174385
3.49200 2.04097608
3.49300 2.04020880
3.49400 2.03944204
3.49500 2.03867578
3.49600 2.03791002
3.49700 2.03714477
3.49800 2.03638002
3.49900 2.03561577
3.50000 2.03485203
3.50100 2.03408879
3.50200 2.03332605
3.50300 2.03256382
3.50400 2.03180208
3.50500 2.03104085
3.50600 2.03028011
3.50700 2.02951988
3.50800 2.02876014
3.50900 2.02800090
3.51000 2.02724216
3.51100 2.02648392
3.51200 2.02572617
3.51300 2.02496892
3.51400 2.02421217
3.51500 2.02345592
3.51600 2.02270016
3.51700 2.02194489
3.51800 2.02119012
3.51900 2.02043584
3.52000 2.01968205
3.52100 2.01892876
3.52200 2.01817596
3.52300 2.01742366
3.52400 2.01667184
3.52500 2.01592052
3.52600 2.01516968
3.52700 2.01441934
3.52800 2.01366949
3.52900 2.01292012
3.53000 2.01217125
3.53100 2.01142286
3.53200 2.01067496
3.53300 2.00992755
3.53400 2.00918063
3.53500 2.00843419
3.53600 2.00768824
3.53700 2.00694277
3.53800 2.00619779
3.53900 2.00545330
3.54000 2.00470929
3.54100 2.00396576
3.54200 2.00322272
3.54300 2.00248015
3.54400 2.00173808
3.54500 2.00099648
3.54600 2.00025536
3.54700 1.99951473
3.54800 1.99877458
3.54900 1.99803491
3.55000 1.99729571
3.55100 1.99655700
3.55200 1.99581877
3.55300 1.99508101
3.55400 1.99434373
3.55500 1.99360693
3.55600 1.99287061
3.55700 1.99213476
3.55800 1.99139939
3.55900 1.99066450
3.56000 1.98993008
3.56100 1.98919614
3.56200 1.98846267
3.56300 1.98772967
3.56400 1.98699715
3.56500 1.98626511
3.56600 1.98553353
3.56700 1.98480243
3.56800 1.98407180
3.56900 1.98334164
3.57000 1.98261195
3.57100 1.98188273
3.57200 1.98115398
3.57300 1.98042571
3.57400 1.97969790
3.57500 1.97897056
3.57600 1.97824369
3.57700 1.97751728
3.57800 1.97679135
3.57900 1.97606588
3.58000 1.97534088
3.58100 1.97461634
3.58200 1.97389228
3.58300 1.97316867
3.58400 1.97244553
3.58500 1.97172286
3.58600 1.97100065
3.58700 1.97027890
3.58800 1.96955762
3.58900 1.96883680
3.59000 1.96811644
3.59100 1.96739655
3.59200 1.96667711
3.59300 1.96595814
3.59400 1.96523963
3.59500 1.96452158
3.59600 1.96380398
3.59700 1.96308685
3.59800 1.96237018
3.59900 1.96165396
3.60000 1.96093821
3.60100 1.96022291
3.60200 1.95950807
3.60300 1.95879368
3.60400 1.95807976
3.60500 1.95736629
3.60600 1.95665327
3.60700 1.95594071
3.60800 1.95522860
3.60900 1.95451695
3.61000 1.95380576
3.61100 1.95309501
3.61200 1.95238472
3.61300 1.95167489
3.61400 1.95096550
3.61500 1.95025657
3.61600 1.94954809
3.61700 1.94884006
3.61800 1.94813248
3.61900 1.94742535
3.62000 1.94671867
3.62100 1.94601244
3.62200 1.94530666
3.62300 1.94460133
3.62400 1.94389645
3.62500 1.94319201
3.62600 1.94248803
3.62700 1.94178448
3.62800 1.94108139
3.62900 1.94037874
3.63000 1.93967654
3.63100 1.93897479
3.63200 1.93827347
3.63300 1.93757261
3.63400 1.93687219
3.63500 1.93617221
3.63600 1.93547267
3.63700 1.93477358
3.63800 1.93407493
3.63900 1.93337673
3.64000 1.93267896
3.64100 1.93198164
3.64200 1.93128475
3.64300 1.93058831
3.64400 1.92989231
3.64500 1.92919675
3.64600 1.92850163
3.64700 1.92780694
3.64800 1.92711270
3.64900 1.92641889
3.65000 1.92572552
3.65100 1.92503259
3.65200 1.92434010
3.65300 1.92364804
3.65400 1.92295642
3.65500 1.92226524
3.65600 1.92157449
3.65700 1.92088417
3.65800 1.92019429
3.65900 1.91950485
3.66000 1.91881584
3.66100 1.91812726
3.66200 1.91743912
3.66300 1.91675140
3.66400 1.91606413
3.66500 1.91537728
3.66600 1.91469086
3.66700 1.91400488
3.66800 1.91331932
3.66900 1.91263420
3.67000 1.91194951
3.67100 1.91126524
3.67200 1.91058141
3.67300 1.90989801
3.67400 1.90921503
3.67500 1.90853248
3.67600 1.90785036
3.67700 1.90716867
3.67800 1.90648740
3.67900 1.90580656
3.68000 1.90512615
3.68100 1.90444616
3.68200 1.90376660
3.68300 1.90308746
3.68400 1.90240875
3.68500 1.90173046
3.68600 1.90105259
3.68700 1.90037515
3.68800 1.89969814
3.68900 1.89902154
3.69000 1.89834537
3.69100 1.89766962
3.69200 1.89699429
3.69300 1.89631938
3.69400 1.89564490
3.69500 1.89497083
3.69600 1.89429718
3.69700 1.89362396
3.69800 1.89295115
3.69900 1.89227876
3.70000 1.89160680
3.70100 1.89093525
3.70200 1.89026411
3.70300 1.88959340
3.70400 1.88892310
3.70500 1.88825322
3.70600 1.88758376
3.70700 1.88691471
3.70800 1.88624607
3.70900 1.88557786
3.71000 1.88491005
3.71100 1.88424267
3.71200 1.88357569
3.71300 1.88290913
3.71400 1.88224299
3.71500 1.88157726
3.71600 1.88091193
3.71700 1.88024703
3.71800 1.87958253
3.71900 1.87891845
3.72000 1.87825477
3.72100 1.87759151
3.72200 1.87692866
3.72300 1.87626622
3.72400 1.87560419
3.72500 1.87494257
3.72600 1.87428135
3.72700 1.87362055
3.72800 1.87296015
3.72900 1.87230017
3.73000 1.87164059
3.73100 1.87098142
3.73200 1.87032265
3.73300 1.86966429
3.73400 1.86900634
3.73500 1.86834879
3.73600 1.86769165
3.73700 1.86703491
3.73800 1.86637858
3.73900 1.86572266
3.74000 1.86506713
3.74100 1.86441201
3.74200 1.86375730
3.74300 1.86310299
3.74400 1.86244908
3.74500 1.86179557
3.74600 1.86114246
3.74700 1.86048976
3.74800 1.85983746
3.74900 1.85918556
3.75000 1.85853405
3.75100 1.85788295
3.75200 1.85723225
3.75300 1.85658195
3.75400 1.85593205
3.75500 1.85528254
3.75600 1.85463344
3.75700 1.85398473
3.75800 1.85333642
3.75900 1.85268851
3.76000 1.85204100
3.76100 1.85139388
3.76200 1.85074715
3.76300 1.85010083
3.76400 1.84945490
3.76500 1.84880936
3.76600 1.84816422
3.76700 1.84751948
3.76800 1.84687513
3.76900 1.84623117
3.77000 1.84558761
3.77100 1.84494444
3.77200 1.84430166
3.77300 1.84365927
3.77400 1.84301728
3.77500 1.84237568
3.77600 1.84173447
3.77700 1.84109365
3.77800 1.84045323
3.77900 1.83981319
3.78000 1.83917354
3.78100 1.83853429
3.78200 1.83789542
3.78300 1.83725694
3.78400 1.83661885
3.78500 1.83598115
3.78600 1.83534384
3.78700 1.83470692
3.78800 1.83407038
3.78900 1.83343423
3.79000 1.83279847
3.79100 1.83216309
3.79200 1.83152810
3.79300 1.83089349
3.79400 1.83025927
3.79500 1.82962544
3.79600 1.82899199
3.79700 1.82835892
3.79800 1.82772624
3.79900 1.82709395
3.80000 1.82646203
3.80100 1.82583050
3.80200 1.82519935
3.80300 1.82456859
3.80400 1.82393820
3.80500 1.82330820
3.80600 1.82267858
3.80700 1.82204934
3.80800 1.82142048
3.80900 1.82079201
3.81000 1.82016391
3.81100 1.81953619
3.81200 1.81890885
3.81300 1.81828189
3.81400 1.81765531
3.81500 1.81702911
3.81600 1.81640329
3.81700 1.81577784
3.81800 1.81515277
3.81900 1.81452808
3.82000 1.81390377
3.82100 1.81327983
3.82200 1.81265627
3.82300 1.81203308
3.82400 1.81141027
3.82500 1.81078784
3.82600 1.81016578
3.82700 1.80954409
3.82800 1.80892278
3.82900 1.80830184
3.83000 1.80768128
3.83100 1.80706109
3.83200 1.80644127
3.83300 1.80582183
3.83400 1.80520276
3.83500 1.80458406
3.83600 1.80396573
3.83700 1.80334777
3.83800 1.80273018
3.83900 1.80211297
3.84000 1.80149612
3.84100 1.80087965
3.84200 1.80026354
3.84300 1.79964781
3.84400 1.79903244
3.84500 1.79841745
3.84600 1.79780282
3.84700 1.79718856
3.84800 1.79657466
3.84900 1.79596114
3.85000 1.79534798
3.85100 1.79473519
3.85200 1.79412276
3.85300 1.79351071
3.85400 1.79289901
3.85500 1.79228769
3.85600 1.79167673
3.85700 1.79106613
3.85800 1.79045590
3.85900 1.78984603
3.86000 1.78923653
3.86100 1.78862739
3.86200 1.78801862
3.86300 1.78741020
3.86400 1.78680215
3.86500 1.78619447
3.86600 1.78558714
3.86700 1.78498018
3.86800 1.78437358
3.86900 1.78376734
3.87000 1.78316146
3.87100 1.78255595
3.87200 1.78195079
3.87300 1.78134599
3.87400 1.78074156
3.87500 1.78013748
3.87600 1.77953376
3.87700 1.77893040
3.87800 1.77832740
3.87900 1.77772476
3.88000 1.77712247
3.88100 1.77652054
3.88200 1.77591898
3.88300 1.77531776
3.88400 1.77471691
3.88500 1.77411641
3.88600 1.77351626
3.88700 1.77291648
3.88800 1.77231705
3.88900 1.77171797
3.89000 1.77111925
3.89100 1.77052088
3.89200 1.76992287
3.89300 1.76932521
3.89400 1.76872791
3.89500 1.76813096
3.89600 1.76753436
3.89700 1.76693811
3.89800 1.76634222
3.89900 1.76574668
3.90000 1.76515149
3.90100 1.76455665
3.90200 1.76396217
3.90300 1.76336804
3.90400 1.76277425
3.90500 1.76218082
3.90600 1.76158774
3.90700 1.76099500
3.90800 1.76040262
3.90900 1.75981059
3.91000 1.75921890
3.91100 1.75862757
3.91200 1.75803658
3.91300 1.75744594
3.91400 1.75685565
3.91500 1.75626570
3.91600 1.75567611
3.91700 1.75508686
3.91800 1.75449795
3.91900 1.75390939
3.92000 1.75332118
3.92100 1.75273332
3.92200 1.75214580
3.92300 1.75155862
3.92400 1.75097180
3.92500 1.75038531
3.92600 1.74979917
3.92700 1.74921337
3.92800 1.74862792
3.92900 1.74804281
3.93000 1.74745805
3.93100 1.74687362
3.93200 1.74628954
3.93300 1.74570580
3.93400 1.74512241
3.93500 1.74453935
3.93600 1.74395664
3.93700 1.74337427
3.93800 1.74279224
3.93900 1.74221055
3.94000 1.74162920
3.94100 1.74104819
3.94200 1.74046752
3.94300 1.73988719
3.94400 1.73930719
3.94500 1.73872754
3.94600 1.73814823
3.94700 1.73756925
3.94800 1.73699062
3.94900 1.73641232
3.95000 1.73583435
3.95100 1.73525673
3.95200 1.73467944
3.95300 1.73410249
3.95400 1.73352587
3.95500 1.73294959
3.95600 1.73237365
3.95700 1.73179804
3.95800 1.73122277
3.95900 1.73064783
3.96000 1.73007323
3.96100 1.72949896
3.96200 1.72892503
3.96300 1.72835143
3.96400 1.72777816
3.96500 1.72720523
3.96600 1.72663263
3.96700 1.72606036
3.96800 1.72548842
3.96900 1.72491682
3.97000 1.72434555
3.97100 1.72377461
3.97200 1.72320400
3.97300 1.72263372
3.97400 1.72206378
3.97500 1.72149416
3.97600 1.72092487
3.97700 1.72035592
3.97800 1.71978729
3.97900 1.71921900
3.98000 1.71865103
3.98100 1.71808339
3.98200 1.71751608
3.98300 1.71694910
3.98400 1.71638245
3.98500 1.71581612
3.98600 1.71525012
3.98700 1.71468445
3.98800 1.71411911
3.98900 1.71355409
3.99000 1.71298940
3.99100 1.71242504
3.99200 1.71186100
3.99300 1.71129729
3.99400 1.71073390
3.99500 1.71017084
3.99600 1.70960810
3.99700 1.70904569
3.99800 1.70848360
3.99900 1.70792183
4.00000 1.70736039
4.00100 1.70679928
4.00200 1.70623848
4.00300 1.70567801
4.00400 1.70511786
4.00500 1.70455804
4.00600 1.70399853
4.00700 1.70343935
4.00800 1.70288049
4.00900 1.70232195
4.01000 1.70176374
4.01100 1.70120584
4.01200 1.70064826
4.01300 1.70009101
4.01400 1.69953407
4.01500 1.69897746
4.01600 1.69842116
4.01700 1.69786518
4.01800 1.69730952
4.01900 1.69675419
4.02000 1.69619916
4.02100 1.69564446
4.02200 1.69509008
4.02300 1.69453601
4.02400 1.69398226
4.02500 1.69342883
4.02600 1.69287571
4.02700 1.69232292
4.02800 1.69177043
4.02900 1.69121827
4.03000 1.69066642
4.03100 1.69011488
4.03200 1.68956366
4.03300 1.68901276
4.03400 1.68846217
4.03500 1.68791190
4.03600 1.68736194
4.03700 1.68681229
4.03800 1.68626296
4.03900 1.68571394
4.04000 1.68516523
4.04100 1.68461684
4.04200 1.68406876
4.04300 1.68352099
4.04400 1.68297354
4.04500 1.68242640
4.04600 1.68187957
4.04700 1.68133305
4.04800 1.68078684
4.04900 1.68024094
4.05000 1.67969536
4.05100 1.67915008
4.05200 1.67860511
4.05300 1.67806046
4.05400 1.67751611
4.05500 1.67697208
4.05600 1.67642835
4.05700 1.67588493
4.05800 1.67534182
4.05900 1.67479902
4.06000 1.67425653
4.06100 1.67371435
4.06200 1.67317247
4.06300 1.67263090
4.06400 1.67208964
4.06500 1.67154868
4.06600 1.67100804
4.06700 1.67046769
4.06800 1.66992766
4.06900 1.66938793
4.07000 1.66884851
4.07100 1.66830939
4.07200 1.66777058
4.07300 1.66723207
4.07400 1.66669387
4.07500 1.66615597
4.07600 1.66561837
4.07700 1.66508108
4.07800 1.66454410
4.07900 1.66400742
4.08000 1.66347104
4.08100 1.66293496
4.08200 1.66239919
4.08300 1.66186372
4.08400 1.66132855
4.08500 1.66079368
4.08600 1.66025912
4.08700 1.65972485
4.08800 1.65919089
4.08900 1.65865723
4.09000 1.65812387
4.09100 1.65759081
4.09200 1.65705805
4.09300 1.65652559
4.09400 1.65599344
4.09500 1.65546158
4.09600 1.65493002
4.09700 1.65439876
4.09800 1.65386780
4.09900 1.65333713
4.10000 1.65280677
4.10100 1.65227670
4.10200 1.65174693
4.10300 1.65121746
4.10400 1.65068829
4.10500 1.65015941
4.10600 1.64963084
4.10700 1.64910255
4.10800 1.64857457
4.10900 1.64804688
4.11000 1.64751949
4.11100 1.64699239
4.11200 1.64646559
4.11300 1.64593908
4.11400 1.64541287
4.11500 1.64488695
4.11600 1.64436133
4.11700 1.64383601
4.11800 1.64331097
4.11900 1.64278623
4.12000 1.64226179
4.12100 1.64173764
4.12200 1.64121378
4.12300 1.64069021
4.12400 1.64016694
4.12500 1.63964396
4.12600 1.63912127
4.12700 1.63859887
4.12800 1.63807677
4.12900 1.63755496
4.13000 1.63703344
4.13100 1.63651221
4.13200 1.63599127
4.13300 1.63547062
4.13400 1.63495026
4.13500 1.63443019
4.13600 1.63391041
4.13700 1.63339093
4.13800 1.63287173
4.13900 1.63235282
4.14000 1.63183420
4.14100 1.63131586
4.14200 1.63079782
4.14300 1.63028007
4.14400 1.62976260
4.14500 1.62924542
4.14600 1.62872853
4.14700 1.62821193
4.14800 1.62769561
4.14900 1.62717958
4.15000 1.62666384
4.15100 1.62614838
4.15200 1.62563321
4.15300 1.62511833
4.15400 1.62460373
4.15500 1.62408942
4.15600 1.62357539
4.15700 1.62306165
4.15800 1.62254819
4.15900 1.62203502
4.16000 1.62152213
4.16100 1.62100953
4.16200 1.62049721
4.16300 1.61998518
4.16400 1.61947342
4.16500 1.61896195
4.16600 1.61845077
4.16700 1.61793987
4.16800 1.61742925
4.16900 1.61691891
4.17000 1.61640885
4.17100 1.61589908
4.17200 1.61538959
4.17300 1.61488038
4.17400 1.61437145
4.17500 1.61386280
4.17600 1.61335444
4.17700 1.61284635
4.17800 1.61233855
4.17900 1.61183102
4.18000 1.61132378
4.18100 1.61081681
4.18200 1.61031013
4.18300 1.60980372
4.18400 1.60929759
4.18500 1.60879174
4.18600 1.60828618
4.18700 1.60778088
4.18800 1.60727587
4.18900 1.60677114
4.19000 1.60626668
4.19100 1.60576250
4.19200 1.60525860
4.19300 1.60475497
4.19400 1.60425163
4.19500 1.60374855
4.19600 1.60324576
4.19700 1.60274324
4.19800 1.60224100
4.19900 1.60173903
4.20000 1.60123734
4.20100 1.60073593
4.20200 1.60023479
4.20300 1.59973392
4.20400 1.59923333
4.20500 1.59873302
4.20600 1.59823298
4.20700 1.59773321
4.20800 1.59723371
4.20900 1.59673449
4.21000 1.59623555
4.21100 1.59573688
4.21200 1.59523848
4.21300 1.59474035
4.21400 1.59424249
4.21500 1.59374491
4.21600 1.59324760
4.21700 1.59275057
4.21800 1.59225380
4.21900 1.59175731
4.22000 1.59126108
4.22100 1.59076513
4.22200 1.59026945
4.22300 1.58977404
4.22400 1.58927890
4.22500 1.58878403
4.22600 1.58828943
4.22700 1.58779510
4.22800 1.58730104
4.22900 1.58680725
4.23000 1.58631373
4.23100 1.58582048
4.23200 1.58532750
4.23300 1.58483478
4.23400 1.58434233
4.23500 1.58385016
4.23600 1.58335825
4.23700 1.58286660
4.23800 1.58237523
4.23900 1.58188412
4.24000 1.58139328
4.24100 1.58090271
4.24200 1.58041240
4.24300 1.57992236
4.24400 1.57943259
4.24500 1.57894308
4.24600 1.57845384
4.24700 1.57796486
4.24800 1.57747615
4.24900 1.57698771
4.25000 1.57649953
4.25100 1.57601161
4.25200 1.57552396
4.25300 1.57503658
4.25400 1.57454946
4.25500 1.57406260
4.25600 1.57357601
4.25700 1.57308968
4.25800 1.57260361
4.25900 1.57211781
4.26000 1.57163226
4.26100 1.57114699
4.26200 1.57066197
4.26300 1.57017722
4.26400 1.56969273
4.26500 1.56920850
4.26600 1.56872454
4.26700 1.56824083
4.26800 1.56775739
4.26900 1.56727421
4.27000 1.56679128
4.27100 1.56630862
4.27200 1.56582622
4.27300 1.56534408
4.27400 1.56486221
4.27500 1.56438059
4.27600 1.56389923
4.27700 1.56341813
4.27800 1.56293729
4.27900 1.56245671
4.28000 1.56197638
4.28100 1.56149632
4.28200 1.56101652
4.28300 1.56053697
4.28400 1.56005768
4.28500 1.55957865
4.28600 1.55909988
4.28700 1.55862137
4.28800 1.55814311
4.28900 1.55766511
4.29000 1.55718737
4.29100 1.55670988
4.29200 1.55623265
4.29300 1.55575568
4.29400 1.55527896
4.29500 1.55480250
4.29600 1.55432630
4.29700 1.55385035
4.29800 1.55337465
4.29900 1.55289921
4.30000 1.55242403
4.30100 1.55194910
4.30200 1.55147443
4.30300 1.55100001
4.30400 1.55052584
4.30500 1.55005193
4.30600 1.54957827
4.30700 1.54910487
4.30800 1.54863172
4.30900 1.54815882
4.31000 1.54768618
4.31100 1.54721379
4.31200 1.54674165
4.31300 1.54626976
4.31400 1.54579813
4.31500 1.54532675
4.31600 1.54485562
4.31700 1.54438474
4.31800 1.54391412
4.31900 1.54344374
4.32000 1.54297362
4.32100 1.54250375
4.32200 1.54203413
4.32300 1.54156476
4.32400 1.54109563
4.32500 1.54062676
4.32600 1.54015814
4.32700 1.53968977
4.32800 1.53922165
4.32900 1.53875378
4.33000 1.53828616
4.33100 1.53781879
4.33200 1.53735166
4.33300 1.53688479
4.33400 1.53641816
4.33500 1.53595178
4.33600 1.53548565
4.33700 1.53501977
4.33800 1.53455413
4.33900 1.53408875
4.34000 1.53362361
4.34100 1.53315871
4.34200 1.53269407
4.34300 1.53222967
4.34400 1.53176552
4.34500 1.53130161
4.34600 1.53083795
4.34700 1.53037454
4.34800 1.52991137
4.34900 1.52944845
4.35000 1.52898577
4.35100 1.52852334
4.35200 1.52806116
4.35300 1.52759922
4.35400 1.52713752
4.35500 1.52667607
4.35600 1.52621486
4.35700 1.52575390
4.35800 1.52529318
4.35900 1.52483270
4.36000 1.52437247
4.36100 1.52391248
4.36200 1.52345274
4.36300 1.52299324
4.36400 1.52253398
4.36500 1.52207496
4.36600 1.52161619
4.36700 1.52115766
4.36800 1.52069937
4.36900 1.52024132
4.37000 1.51978352
4.37100 1.51932595
4.37200 1.51886863
4.37300 1.51841155
4.37400 1.51795471
4.37500 1.51749811
4.37600 1.51704175
4.37700 1.51658564
4.37800 1.51612976
4.37900 1.51567412
4.38000 1.51521873
4.38100 1.51476357
4.38200 1.51430865
4.38300 1.51385397
4.38400 1.51339953
4.38500 1.51294534
4.38600 1.51249137
4.38700 1.51203765
4.38800 1.51158417
4.38900 1.51113092
4.39000 1.51067792
4.39100 1.51022515
4.39200 1.50977262
4.39300 1.50932032
4.39400 1.50886827
4.39500 1.50841645
4.39600 1.50796487
4.39700 1.50751352
4.39800 1.50706242
4.39900 1.50661155
4.40000 1.50616091
4.40100 1.50571051
4.40200 1.50526035
4.40300 1.50481042
4.40400 1.50436073
4.40500 1.50391128
4.40600 1.50346206
4.40700 1.50301307
4.40800 1.50256432
4.40900 1.50211581
4.41000 1.50166753
4.41100 1.50121948
4.41200 1.50077167
4.41300 1.50032409
4.41400 1.49987675
4.41500 1.49942964
4.41600 1.49898276
4.41700 1.49853612
4.41800 1.49808971
4.41900 1.49764354
4.42000 1.49719759
4.42100 1.49675188
4.42200 1.49630641
4.42300 1.49586116
4.42400 1.49541615
4.42500 1.49497136
4.42600 1.49452682
4.42700 1.49408250
4.42800 1.49363841
4.42900 1.49319456
4.43000 1.49275093
4.43100 1.49230754
4.43200 1.49186438
4.43300 1.49142145
4.43400 1.49097875
4.43500 1.49053628
4.43600 1.49009403
4.43700 1.48965202
4.43800 1.48921024
4.43900 1.48876869
4.44000 1.48832737
4.44100 1.48788628
4.44200 1.48744542
4.44300 1.48700478
4.44400 1.48656438
4.44500 1.48612420
4.44600 1.48568425
4.44700 1.48524453
4.44800 1.48480504
4.44900 1.48436578
4.45000 1.48392674
4.45100 1.48348793
4.45200 1.48304935
4.45300 1.48261100
4.45400 1.48217287
4.45500 1.48173497
4.45600 1.48129730
4.45700 1.48085985
4.45800 1.48042263
4.45900 1.47998564
4.46000 1.47954887
4.46100 1.47911233
4.46200 1.47867601
4.46300 1.47823992
4.46400 1.47780405
4.46500 1.47736841
4.46600 1.47693300
4.46700 1.47649781
4.46800 1.47606284
4.46900 1.47562810
4.47000 1.47519359
4.47100 1.47475930
4.47200 1.47432523
4.47300 1.47389138
4.47400 1.47345776
4.47500 1.47302437
4.47600 1.47259119
4.47700 1.47215824
4.47800 1.47172552
4.47900 1.47129301
4.48000 1.47086073
4.48100 1.47042867
4.48200 1.46999684
4.48300 1.46956522
4.48400 1.46913383
4.48500 1.46870266
4.48600 1.46827172
4.48700 1.46784099
4.48800 1.46741048
4.48900 1.46698020
4.49000 1.46655014
4.49100 1.46612030
4.49200 1.46569068
4.49300 1.46526128
4.49400 1.46483210
4.49500 1.46440314
4.49600 1.46397440
4.49700 1.46354588
4.49800 1.46311758
4.49900 1.46268950
4.50000 1.46226164
4.50100 1.46183400
4.50200 1.46140658
4.50300 1.46097938
4.50400 1.46055239
4.50500 1.46012563
4.50600 1.45969908
4.50700 1.45927276
4.50800 1.45884665
4.50900 1.45842075
4.51000 1.45799508
4.51100 1.45756962
4.51200 1.45714439
4.51300 1.45671937
4.51400 1.45629456
4.51500 1.45586998
4.51600 1.45544561
4.51700 1.45502145
4.51800 1.45459752
4.51900 1.45417380
4.52000 1.45375029
4.52100 1.45332701
4.52200 1.45290394
4.52300 1.45248108
4.52400 1.45205844
4.52500 1.45163602
4.52600 1.45121381
4.52700 1.45079182
4.52800 1.45037004
4.52900 1.44994847
4.53000 1.44952713
4.53100 1.44910599
4.53200 1.44868507
4.53300 1.44826437
4.53400 1.44784388
4.53500 1.44742360
4.53600 1.44700354
4.53700 1.44658369
4.53800 1.44616405
4.53900 1.44574463
4.54000 1.44532542
4.54100 1.44490642
4.54200 1.44448764
4.54300 1.44406907
4.54400 1.44365071
4.54500 1.44323256
4.54600 1.44281463
4.54700 1.44239691
4.54800 1.44197940
4.54900 1.44156210
4.55000 1.44114501
4.55100 1.44072814
4.55200 1.44031148
4.55300 1.43989502
4.55400 1.43947878
4.55500 1.43906275
4.55600 1.43864693
4.55700 1.43823132
4.55800 1.43781593
4.55900 1.43740074
4.56000 1.43698576
4.56100 1.43657099
4.56200 1.43615643
4.56300 1.43574208
4.56400 1.43532795
4.56500 1.43491402
4.56600 1.43450029
4.56700 1.43408678
4.56800 1.43367348
4.56900 1.43326039
4.57000 1.43284750
4.57100 1.43243483
4.57200 1.43202236
4.57300 1.43161010
4.57400 1.43119804
4.57500 1.43078620
4.57600 1.43037456
4.57700 1.42996314
4.57800 1.42955191
4.57900 1.42914090
4.58000 1.42873009
4.58100 1.42831949
4.58200 1.42790910
4.58300 1.42749891
4.58400 1.42708893
4.58500 1.42667916
4.58600 1.42626959
4.58700 1.42586023
4.58800 1.42545107
4.58900 1.42504212
4.59000 1.42463338
4.59100 1.42422484
4.59200 1.42381651
4.59300 1.42340838
4.59400 1.42300045
4.59500 1.42259274
4.59600 1.42218522
4.59700 1.42177791
4.59800 1.42137081
4.59900 1.42096391
4.60000 1.42055721
4.60100 1.42015072
4.60200 1.41974443
4.60300 1.41933835
4.60400 1.41893247
4.60500 1.41852679
4.60600 1.41812131
4.60700 1.41771604
4.60800 1.41731097
4.60900 1.41690611
4.61000 1.41650145
4.61100 1.41609699
4.61200 1.41569273
4.61300 1.41528867
4.61400 1.41488482
4.61500 1.41448117
4.61600 1.41407772
4.61700 1.41367447
4.61800 1.41327143
4.61900 1.41286858
4.62000 1.41246594
4.62100 1.41206349
4.62200 1.41166125
4.62300 1.41125921
4.62400 1.41085737
4.62500 1.41045573
4.62600 1.41005429
4.62700 1.40965305
4.62800 1.40925202
4.62900 1.40885118
4.63000 1.40845054
4.63100 1.40805010
4.63200 1.40764986
4.63300 1.40724982
4.63400 1.40684998
4.63500 1.40645034
4.63600 1.40605089
4.63700 1.40565165
4.63800 1.40525260
4.63900 1.40485376
4.64000 1.40445511
4.64100 1.40405666
4.64200 1.40365840
4.64300 1.40326035
4.64400 1.40286249
4.64500 1.40246483
4.64600 1.40206737
4.64700 1.40167011
4.64800 1.40127304
4.64900 1.40087617
4.65000 1.40047950
4.65100 1.40008303
4.65200 1.39968675
4.65300 1.39929067
4.65400 1.39889478
4.65500 1.39849909
4.65600 1.39810360
4.65700 1.39770830
4.65800 1.39731320
4.65900 1.39691829
4.66000 1.39652358
4.66100 1.39612907
4.66200 1.39573475
4.66300 1.39534062
4.66400 1.39494670
4.66500 1.39455296
4.66600 1.39415942
4.66700 1.39376608
4.66800 1.39337293
4.66900 1.39297997
4.67000 1.39258721
4.67100 1.39219464
4.67200 1.39180227
4.67300 1.39141009
4.67400 1.39101810
4.67500 1.39062631
4.67600 1.39023471
4.67700 1.38984330
4.67800 1.38945209
4.67900 1.38906107
4.68000 1.38867025
4.68100 1.38827961
4.68200 1.38788917
4.68300 1.38749892
4.68400 1.38710886
4.68500 1.38671900
4.68600 1.38632933
4.68700 1.38593985
4.68800 1.38555056
4.68900 1.38516146
4.69000 1.38477255
4.69100 1.38438384
4.69200 1.38399532
4.69300 1.38360698
4.69400 1.38321884
4.69500 1.38283089
4.69600 1.38244313
4.69700 1.38205556
4.69800 1.38166819
4.69900 1.38128100
4.70000 1.38089400
4.70100 1.38050719
4.70200 1.38012057
4.70300 1.37973414
4.70400 1.37934791
4.70500 1.37896186
4.70600 1.37857600
4.70700 1.37819033
4.70800 1.37780484
4.70900 1.37741955
4.71000 1.37703445
4.71100 1.37664953
4.71200 1.37626481
4.71300 1.37588027
4.71400 1.37549592
4.71500 1.37511176
4.71600 1.37472778
4.71700 1.37434400
4.71800 1.37396040
4.71900 1.37357699
4.72000 1.37319377
4.72100 1.37281073
4.72200 1.37242788
4.72300 1.37204522
4.72400 1.37166275
4.72500 1.37128046
4.72600 1.37089836
4.72700 1.37051645
4.72800 1.37013472
4.72900 1.36975318
4.73000 1.36937182
4.73100 1.36899065
4.73200 1.36860967
4.73300 1.36822887
4.73400 1.36784826
4.73500 1.36746784
4.73600 1.36708760
4.73700 1.36670754
4.73800 1.36632767
4.73900 1.36594799
4.74000 1.36556849
4.74100 1.36518917
4.74200 1.36481004
4.74300 1.36443110
4.74400 1.36405233
4.74500 1.36367376
4.74600 1.36329536
4.74700 1.36291715
4.74800 1.36253913
4.74900 1.36216129
4.75000 1.36178363
4.75100 1.36140616
4.75200 1.36102886
4.75300 1.36065176
4.75400 1.36027483
4.75500 1.35989809
4.75600 1.35952153
4.75700 1.35914516
4.75800 1.35876896
4.75900 1.35839295
4.76000 1.35801712
4.76100 1.35764148
4.76200 1.35726601
4.76300 1.35689073
4.76400 1.35651563
4.76500 1.35614071
4.76600 1.35576598
4.76700 1.35539142
4.76800 1.35501705
4.76900 1.35464285
4.77000 1.35426884
4.77100 1.35389501
4.77200 1.35352136
4.77300 1.35314789
4.77400 1.35277460
4.77500 1.35240149
4.77600 1.35202857
4.77700 1.35165582
4.77800 1.35128325
4.77900 1.35091086
4.78000 1.35053866
4.78100 1.35016663
4.78200 1.34979478
4.78300 1.34942311
4.78400 1.34905162
4.78500 1.34868031
4.78600 1.34830918
4.78700 1.34793823
4.78800 1.34756745
4.78900 1.34719686
4.79000 1.34682644
4.79100 1.34645621
4.79200 1.34608615
4.79300 1.34571627
4.79400 1.34534656
4.79500 1.34497704
4.79600 1.34460769
4.79700 1.34423852
4.79800 1.34386953
4.79900 1.34350072
4.80000 1.34313208
4.80100 1.34276362
4.80200 1.34239534
4.80300 1.34202723
4.80400 1.34165931
4.80500 1.34129156
4.80600 1.34092398
4.80700 1.34055658
4.80800 1.34018936
4.80900 1.33982231
4.81000 1.33945545
4.81100 1.33908875
4.81200 1.33872223
4.81300 1.33835589
4.81400 1.33798973
4.81500 1.33762374
4.81600 1.33725792
4.81700 1.33689228
4.81800 1.33652682
4.81900 1.33616153
4.82000 1.33579642
4.82100 1.33543148
4.82200 1.33506671
4.82300 1.33470212
4.82400 1.33433771
4.82500 1.33397346
4.82600 1.33360940
4.82700 1.33324551
4.82800 1.33288179
4.82900 1.33251824
4.83000 1.33215487
4.83100 1.33179167
4.83200 1.33142865
4.83300 1.33106580
4.83400 1.33070312
4.83500 1.33034062
4.83600 1.32997829
4.83700 1.32961613
4.83800 1.32925414
4.83900 1.32889233
4.84000 1.32853069
4.84100 1.32816922
4.84200 1.32780793
4.84300 1.32744681
4.84400 1.32708586
4.84500 1.32672508
4.84600 1.32636447
4.84700 1.32600404
4.84800 1.32564377
4.84900 1.32528368
4.85000 1.32492376
4.85100 1.32456401
4.85200 1.32420443
4.85300 1.32384503
4.85400 1.32348579
4.85500 1.32312673
4.85600 1.32276783
4.85700 1.32240911
4.85800 1.32205056
4.85900 1.32169217
4.86000 1.32133396
4.86100 1.32097592
4.86200 1.32061805
4.86300 1.32026034
4.86400 1.31990281
4.86500 1.31954545
4.86600 1.31918825
4.86700 1.31883123
4.86800 1.31847438
4.86900 1.31811769
4.87000 1.31776117
4.87100 1.31740483
4.87200 1.31704865
4.87300 1.31669264
4.87400 1.31633680
4.87500 1.31598113
4.87600 1.31562562
4.87700 1.31527029
4.87800 1.31491512
4.87900 1.31456012
4.88000 1.31420529
4.88100 1.31385063
4.88200 1.31349613
4.88300 1.31314180
4.88400 1.31278764
4.88500 1.31243365
4.88600 1.31207982
4.88700 1.31172616
4.88800 1.31137267
4.88900 1.31101935
4.89000 1.31066619
4.89100 1.31031320
4.89200 1.30996037
4.89300 1.30960771
4.89400 1.30925522
4.89500 1.30890290
4.89600 1.30855074
4.89700 1.30819874
4.89800 1.30784692
4.89900 1.30749526
4.90000 1.30714376
4.90100 1.30679243
4.90200 1.30644126
4.90300 1.30609027
4.90400 1.30573943
4.90500 1.30538876
4.90600 1.30503826
4.90700 1.30468792
4.90800 1.30433775
4.90900 1.30398774
4.91000 1.30363789
4.91100 1.30328821
4.91200 1.30293870
4.91300 1.30258934
4.91400 1.30224016
4.91500 1.30189113
4.91600 1.30154227
4.91700 1.30119358
4.91800 1.30084505
4.91900 1.30049668
4.92000 1.30014847
4.92100 1.29980043
4.92200 1.29945255
4.92300 1.29910484
4.92400 1.29875729
4.92500 1.29840990
4.92600 1.29806267
4.92700 1.29771561
4.92800 1.29736871
4.92900 1.29702197
4.93000 1.29667539
4.93100 1.29632898
4.93200 1.29598273
4.93300 1.29563664
4.93400 1.29529071
4.93500 1.29494495
4.93600 1.29459934
4.93700 1.29425390
4.93800 1.29390862
4.93900 1.29356350
4.94000 1.29321854
4.94100 1.29287375
4.94200 1.29252911
4.94300 1.29218464
4.94400 1.29184032
4.94500 1.29149617
4.94600 1.29115218
4.94700 1.29080835
4.94800 1.29046468
4.94900 1.29012117
4.95000 1.28977781
4.95100 1.28943462
4.95200 1.28909159
4.95300 1.28874872
4.95400 1.28840601
4.95500 1.28806346
4.95600 1.28772107
4.95700 1.28737884
4.95800 1.28703677
4.95900 1.28669485
4.96000 1.28635310
4.96100 1.28601151
4.96200 1.28567007
4.96300 1.28532879
4.96400 1.28498768
4.96500 1.28464672
4.96600 1.28430591
4.96700 1.28396527
4.96800 1.28362479
4.96900 1.28328446
4.97000 1.28294429
4.97100 1.28260428
4.97200 1.28226443
4.97300 1.28192474
4.97400 1.28158520
4.97500 1.28124582
4.97600 1.28090660
4.97700 1.28056754
4.97800 1.28022863
4.97900 1.27988988
4.98000 1.27955129
4.98100 1.27921286
4.98200 1.27887458
4.98300 1.27853646
4.98400 1.27819849
4.98500 1.27786068
4.98600 1.27752303
4.98700 1.27718554
4.98800 1.27684820
4.98900 1.27651101
4.99000 1.27617399
4.99100 1.27583711
4.99200 1.27550040
4.99300 1.27516384
4.99400 1.27482744
4.99500 1.27449119
4.99600 1.27415509
4.99700 1.27381916
4.99800 1.27348337
4.99900 1.27314775
5.00000 1.27281227
