1.00000 10.25409593
1.00100 10.24044155
1.00200 10.22682256
1.00300 10.21323879
1.00400 10.19969009
1.00500 10.18617630
1.00600 10.17269727
1.00700 10.15925284
1.00800 10.14584285
1.00900 10.13246715
1.01000 10.11912560
1.01100 10.10581803
1.01200 10.09254431
1.01300 10.07930427
1.01400 10.06609778
1.01500 10.05292468
1.01600 10.03978484
1.01700 10.02667810
1.01800 10.01360432
1.01900 10.00056336
1.02000 9.98755508
1.02100 9.97457934
1.02200 9.96163600
1.02300 9.94872491
1.02400 9.93584595
1.02500 9.92299897
1.02600 9.91018383
1.02700 9.89740041
1.02800 9.88464857
1.02900 9.87192817
1.03000 9.85923909
1.03100 9.84658119
1.03200 9.83395434
1.03300 9.82135841
1.03400 9.80879327
1.03500 9.79625879
1.03600 9.78375486
1.03700 9.77128133
1.03800 9.75883809
1.03900 9.74642500
1.04000 9.73404196
1.04100 9.72168883
1.04200 9.70936548
1.04300 9.69707181
1.04400 9.68480769
1.04500 9.67257299
1.04600 9.66036761
1.04700 9.64819142
1.04800 9.63604430
1.04900 9.62392613
1.05000 9.61183681
1.05100 9.59977621
1.05200 9.58774423
1.05300 9.57574074
1.05400 9.56376563
1.05500 9.55181879
1.05600 9.53990011
1.05700 9.52800948
1.05800 9.51614679
1.05900 9.50431193
1.06000 9.49250478
1.06100 9.48072525
1.06200 9.46897322
1.06300 9.45724858
1.06400 9.44555123
1.06500 9.43388107
1.06600 9.42223798
1.06700 9.41062187
1.06800 9.39903263
1.06900 9.38747015
1.07000 9.37593434
1.07100 9.36442509
1.07200 9.35294231
1.07300 9.34148588
1.07400 9.33005572
1.07500 9.31865171
1.07600 9.30727377
1.07700 9.29592179
1.07800 9.28459568
1.07900 9.27329533
1.08000 9.26202066
1.08100 9.25077157
1.08200 9.23954795
1.08300 9.22834972
1.08400 9.21717678
1.08500 9.20602904
1.08600 9.19490641
1.08700 9.18380879
1.08800 9.17273608
1.08900 9.16168821
1.09000 9.15066507
1.09100 9.13966658
1.09200 9.12869264
1.09300 9.11774317
1.09400 9.10681808
1.09500 9.09591728
1.09600 9.08504068
1.09700 9.07418820
1.09800 9.06335974
1.09900 9.05255522
1.10000 9.04177455
1.10100 9.03101766
1.10200 9.02028445
1.10300 9.00957483
1.10400 8.99888873
1.10500 8.98822607
1.10600 8.97758675
1.10700 8.96697069
1.10800 8.95637782
1.10900 8.94580805
1.11000 8.93526130
1.11100 8.92473749
1.11200 8.91423654
1.11300 8.90375837
1.11400 8.89330289
1.11500 8.88287004
1.11600 8.87245972
1.11700 8.86207187
1.11800 8.85170640
1.11900 8.84136324
1.12000 8.83104231
1.12100 8.82074354
1.12200 8.81046684
1.12300 8.80021214
1.12400 8.78997937
1.12500 8.77976844
1.12600 8.76957930
1.12700 8.75941186
1.12800 8.74926604
1.12900 8.73914178
1.13000 8.72903900
1.13100 8.71895763
1.13200 8.70889760
1.13300 8.69885883
1.13400 8.68884126
1.13500 8.67884481
1.13600 8.66886940
1.13700 8.65891498
1.13800 8.64898147
1.13900 8.63906880
1.14000 8.62917690
1.14100 8.61930571
1.14200 8.60945515
1.14300 8.59962515
1.14400 8.58981565
1.14500 8.58002658
1.14600 8.57025787
1.14700 8.56050946
1.14800 8.55078128
1.14900 8.54107326
1.15000 8.53138534
1.15100 8.52171745
1.15200 8.51206952
1.15300 8.50244150
1.15400 8.49283331
1.15500 8.48324489
1.15600 8.47367618
1.15700 8.46412712
1.15800 8.45459764
1.15900 8.44508767
1.16000 8.43559716
1.16100 8.42612604
1.16200 8.41667426
1.16300 8.40724174
1.16400 8.39782843
1.16500 8.38843426
1.16600 8.37905918
1.16700 8.36970313
1.16800 8.36036604
1.16900 8.35104785
1.17000 8.34174851
1.17100 8.33246795
1.17200 8.32320611
1.17300 8.31396295
1.17400 8.30473839
1.17500 8.29553238
1.17600 8.28634486
1.17700 8.27717578
1.17800 8.26802507
1.17900 8.25889268
1.18000 8.24977855
1.18100 8.24068263
1.18200 8.23160486
1.18300 8.22254518
1.18400 8.21350353
1.18500 8.20447987
1.18600 8.19547413
1.18700 8.18648626
1.18800 8.17751621
1.18900 8.16856392
1.19000 8.15962933
1.19100 8.15071240
1.19200 8.14181306
1.19300 8.13293127
1.19400 8.12406697
1.19500 8.11522011
1.19600 8.10639063
1.19700 8.09757849
1.19800 8.08878363
1.19900 8.08000599
1.20000 8.07124553
1.20100 8.06250219
1.20200 8.05377593
1.20300 8.04506668
1.20400 8.03637441
1.20500 8.02769906
1.20600 8.01904057
1.20700 8.01039891
1.20800 8.00177401
1.20900 7.99316583
1.21000 7.98457432
1.21100 7.97599942
1.21200 7.96744110
1.21300 7.95889930
1.21400 7.95037397
1.21500 7.94186506
1.21600 7.93337253
1.21700 7.92489633
1.21800 7.91643640
1.21900 7.90799270
1.22000 7.89956519
1.22100 7.89115382
1.22200 7.88275853
1.22300 7.87437929
1.22400 7.86601604
1.22500 7.85766873
1.22600 7.84933733
1.22700 7.84102179
1.22800 7.83272206
1.22900 7.82443809
1.23000 7.81616984
1.23100 7.80791726
1.23200 7.79968032
1.23300 7.79145895
1.23400 7.78325313
1.23500 7.77506279
1.23600 7.76688791
1.23700 7.75872843
1.23800 7.75058432
1.23900 7.74245552
1.24000 7.73434199
1.24100 7.72624369
1.24200 7.71816059
1.24300 7.71009262
1.24400 7.70203976
1.24500 7.69400195
1.24600 7.68597916
1.24700 7.67797134
1.24800 7.66997845
1.24900 7.66200045
1.25000 7.65403730
1.25100 7.64608895
1.25200 7.63815537
1.25300 7.63023650
1.25400 7.62233232
1.25500 7.61444278
1.25600 7.60656784
1.25700 7.59870745
1.25800 7.59086158
1.25900 7.58303019
1.26000 7.57521324
1.26100 7.56741068
1.26200 7.55962248
1.26300 7.55184860
1.26400 7.54408900
1.26500 7.53634363
1.26600 7.52861246
1.26700 7.52089545
1.26800 7.51319257
1.26900 7.50550376
1.27000 7.49782900
1.27100 7.49016824
1.27200 7.48252145
1.27300 7.47488859
1.27400 7.46726962
1.27500 7.45966450
1.27600 7.45207319
1.27700 7.44449567
1.27800 7.43693188
1.27900 7.42938179
1.28000 7.42184537
1.28100 7.41432258
1.28200 7.40681338
1.28300 7.39931774
1.28400 7.39183561
1.28500 7.38436696
1.28600 7.37691176
1.28700 7.36946997
1.28800 7.36204155
1.28900 7.35462647
1.29000 7.34722469
1.29100 7.33983618
1.29200 7.33246089
1.29300 7.32509880
1.29400 7.31774988
1.29500 7.31041407
1.29600 7.30309136
1.29700 7.29578170
1.29800 7.28848506
1.29900 7.28120141
1.30000 7.27393071
1.30100 7.26667293
1.30200 7.25942803
1.30300 7.25219598
1.30400 7.24497675
1.30500 7.23777030
1.30600 7.23057659
1.30700 7.22339560
1.30800 7.21622729
1.30900 7.20907163
1.31000 7.20192859
1.31100 7.19479812
1.31200 7.18768020
1.31300 7.18057481
1.31400 7.17348189
1.31500 7.16640142
1.31600 7.15933338
1.31700 7.15227772
1.31800 7.14523441
1.31900 7.13820343
1.32000 7.13118474
1.32100 7.12417830
1.32200 7.11718409
1.32300 7.11020208
1.32400 7.10323223
1.32500 7.09627452
1.32600 7.08932890
1.32700 7.08239536
1.32800 7.07547385
1.32900 7.06856435
1.33000 7.06166683
1.33100 7.05478126
1.33200 7.04790760
1.33300 7.04104583
1.33400 7.03419591
1.33500 7.02735782
1.33600 7.02053153
1.33700 7.01371700
1.33800 7.00691421
1.33900 7.00012312
1.34000 6.99334370
1.34100 6.98657594
1.34200 6.97981979
1.34300 6.97307523
1.34400 6.96634222
1.34500 6.95962075
1.34600 6.95291077
1.34700 6.94621227
1.34800 6.93952521
1.34900 6.93284956
1.35000 6.92618530
1.35100 6.91953240
1.35200 6.91289082
1.35300 6.90626054
1.35400 6.89964153
1.35500 6.89303377
1.35600 6.88643722
1.35700 6.87985186
1.35800 6.87327766
1.35900 6.86671459
1.36000 6.86016263
1.36100 6.85362174
1.36200 6.84709190
1.36300 6.84057308
1.36400 6.83406526
1.36500 6.82756840
1.36600 6.82108249
1.36700 6.81460749
1.36800 6.80814337
1.36900 6.80169012
1.37000 6.79524769
1.37100 6.78881608
1.37200 6.78239524
1.37300 6.77598516
1.37400 6.76958580
1.37500 6.76319715
1.37600 6.75681917
1.37700 6.75045184
1.37800 6.74409513
1.37900 6.73774902
1.38000 6.73141348
1.38100 6.72508848
1.38200 6.71877401
1.38300 6.71247003
1.38400 6.70617651
1.38500 6.69989344
1.38600 6.69362079
1.38700 6.68735854
1.38800 6.68110665
1.38900 6.67486510
1.39000 6.66863387
1.39100 6.66241293
1.39200 6.65620227
1.39300 6.65000184
1.39400 6.64381164
1.39500 6.63763163
1.39600 6.63146178
1.39700 6.62530209
1.39800 6.61915252
1.39900 6.61301304
1.40000 6.60688364
1.40100 6.60076428
1.40200 6.59465496
1.40300 6.58855563
1.40400 6.58246628
1.40500 6.57638688
1.40600 6.57031742
1.40700 6.56425786
1.40800 6.55820818
1.40900 6.55216837
1.41000 6.54613839
1.41100 6.54011822
1.41200 6.53410785
1.41300 6.52810724
1.41400 6.52211637
1.41500 6.51613523
1.41600 6.51016379
1.41700 6.50420202
1.41800 6.49824990
1.41900 6.49230741
1.42000 6.48637453
1.42100 6.48045124
1.42200 6.47453750
1.42300 6.46863331
1.42400 6.46273864
1.42500 6.45685346
1.42600 6.45097776
1.42700 6.44511150
1.42800 6.43925468
1.42900 6.43340727
1.43000 6.42756924
1.43100 6.42174057
1.43200 6.41592125
1.43300 6.41011125
1.43400 6.40431054
1.43500 6.39851912
1.43600 6.39273695
1.43700 6.38696401
1.43800 6.38120029
1.43900 6.37544577
1.44000 6.36970041
1.44100 6.36396420
1.44200 6.35823713
1.44300 6.35251916
1.44400 6.34681028
1.44500 6.34111046
1.44600 6.33541969
1.44700 6.32973795
1.44800 6.32406521
1.44900 6.31840145
1.45000 6.31274666
1.45100 6.30710081
1.45200 6.30146389
1.45300 6.29583586
1.45400 6.29021672
1.45500 6.28460644
1.45600 6.27900500
1.45700 6.27341239
1.45800 6.26782857
1.45900 6.26225354
1.46000 6.25668727
1.46100 6.25112975
1.46200 6.24558094
1.46300 6.24004084
1.46400 6.23450942
1.46500 6.22898667
1.46600 6.22347256
1.46700 6.21796707
1.46800 6.21247020
1.46900 6.20698190
1.47000 6.20150218
1.47100 6.19603100
1.47200 6.19056835
1.47300 6.18511421
1.47400 6.17966856
1.47500 6.17423139
1.47600 6.16880266
1.47700 6.16338237
1.47800 6.15797050
1.47900 6.15256702
1.48000 6.14717192
1.48100 6.14178518
1.48200 6.13640678
1.48300 6.13103670
1.48400 6.12567493
1.48500 6.12032144
1.48600 6.11497622
1.48700 6.10963925
1.48800 6.10431051
1.48900 6.09898998
1.49000 6.09367764
1.49100 6.08837349
1.49200 6.08307749
1.49300 6.07778963
1.49400 6.07250989
1.49500 6.06723826
1.49600 6.06197472
1.49700 6.05671925
1.49800 6.05147183
1.49900 6.04623244
1.50000 6.04100107
1.50100 6.03577769
1.50200 6.03056230
1.50300 6.02535488
1.50400 6.02015540
1.50500 6.01496385
1.50600 6.00978021
1.50700 6.00460447
1.50800 5.99943661
1.50900 5.99427661
1.51000 5.98912445
1.51100 5.98398012
1.51200 5.97884360
1.51300 5.97371487
1.51400 5.96859392
1.51500 5.96348073
1.51600 5.95837528
1.51700 5.95327756
1.51800 5.94818754
1.51900 5.94310523
1.52000 5.93803058
1.52100 5.93296360
1.52200 5.92790426
1.52300 5.92285255
1.52400 5.91780845
1.52500 5.91277194
1.52600 5.90774302
1.52700 5.90272165
1.52800 5.89770783
1.52900 5.89270154
1.53000 5.88770277
1.53100 5.88271149
1.53200 5.87772769
1.53300 5.87275136
1.53400 5.86778248
1.53500 5.86282104
1.53600 5.85786701
1.53700 5.85292039
1.53800 5.84798116
1.53900 5.84304929
1.54000 5.83812478
1.54100 5.83320762
1.54200 5.82829777
1.54300 5.82339524
1.54400 5.81850000
1.54500 5.81361204
1.54600 5.80873135
1.54700 5.80385790
1.54800 5.79899168
1.54900 5.79413268
1.55000 5.78928089
1.55100 5.78443628
1.55200 5.77959885
1.55300 5.77476857
1.55400 5.76994544
1.55500 5.76512943
1.55600 5.76032054
1.55700 5.75551874
1.55800 5.75072403
1.55900 5.74593638
1.56000 5.74115579
1.56100 5.73638224
1.56200 5.73161571
1.56300 5.72685619
1.56400 5.72210367
1.56500 5.71735813
1.56600 5.71261955
1.56700 5.70788793
1.56800 5.70316324
1.56900 5.69844548
1.57000 5.69373462
1.57100 5.68903066
1.57200 5.68433358
1.57300 5.67964337
1.57400 5.67496001
1.57500 5.67028349
1.57600 5.66561379
1.57700 5.66095090
1.57800 5.65629480
1.57900 5.65164549
1.58000 5.64700295
1.58100 5.64236716
1.58200 5.63773811
1.58300 5.63311579
1.58400 5.62850018
1.58500 5.62389126
1.58600 5.61928904
1.58700 5.61469349
1.58800 5.61010459
1.58900 5.60552234
1.59000 5.60094672
1.59100 5.59637772
1.59200 5.59181532
1.59300 5.58725952
1.59400 5.58271029
1.59500 5.57816762
1.59600 5.57363151
1.59700 5.56910193
1.59800 5.56457888
1.59900 5.56006234
1.60000 5.55555229
1.60100 5.55104874
1.60200 5.54655165
1.60300 5.54206102
1.60400 5.53757684
1.60500 5.53309909
1.60600 5.52862776
1.60700 5.52416284
1.60800 5.51970431
1.60900 5.51525217
1.61000 5.51080639
1.61100 5.50636696
1.61200 5.50193389
1.61300 5.49750714
1.61400 5.49308670
1.61500 5.48867258
1.61600 5.48426474
1.61700 5.47986319
1.61800 5.47546790
1.61900 5.47107887
1.62000 5.46669608
1.62100 5.46231952
1.62200 5.45794918
1.62300 5.45358504
1.62400 5.44922710
1.62500 5.44487534
1.62600 5.44052974
1.62700 5.43619030
1.62800 5.43185701
1.62900 5.42752985
1.63000 5.42320880
1.63100 5.41889387
1.63200 5.41458503
1.63300 5.41028227
1.63400 5.40598559
1.63500 5.40169497
1.63600 5.39741039
1.63700 5.39313185
1.63800 5.38885933
1.63900 5.38459282
1.64000 5.38033232
1.64100 5.37607780
1.64200 5.37182926
1.64300 5.36758669
1.64400 5.36335007
1.64500 5.35911939
1.64600 5.35489464
1.64700 5.35067581
1.64800 5.34646288
1.64900 5.34225586
1.65000 5.33805471
1.65100 5.33385944
1.65200 5.32967003
1.65300 5.32548647
1.65400 5.32130874
1.65500 5.31713685
1.65600 5.31297077
1.65700 5.30881049
1.65800 5.30465601
1.65900 5.30050731
1.66000 5.29636438
1.66100 5.29222721
1.66200 5.28809578
1.66300 5.28397010
1.66400 5.27985014
1.66500 5.27573589
1.66600 5.27162735
1.66700 5.26752451
1.66800 5.26342734
1.66900 5.25933585
1.67000 5.25525001
1.67100 5.25116983
1.67200 5.24709528
1.67300 5.24302636
1.67400 5.23896306
1.67500 5.23490536
1.67600 5.23085326
1.67700 5.22680675
1.67800 5.22276581
1.67900 5.21873043
1.68000 5.21470060
1.68100 5.21067632
1.68200 5.20665756
1.68300 5.20264433
1.68400 5.19863661
1.68500 5.19463439
1.68600 5.19063766
1.68700 5.18664640
1.68800 5.18266062
1.68900 5.17868029
1.69000 5.17470541
1.69100 5.17073597
1.69200 5.16677195
1.69300 5.16281336
1.69400 5.15886016
1.69500 5.15491237
1.69600 5.15096996
1.69700 5.14703293
1.69800 5.14310126
1.69900 5.13917495
1.70000 5.13525398
1.70100 5.13133835
1.70200 5.12742804
1.70300 5.12352305
1.70400 5.11962336
1.70500 5.11572897
1.70600 5.11183986
1.70700 5.10795603
1.70800 5.10407747
1.70900 5.10020416
1.71000 5.09633609
1.71100 5.09247327
1.71200 5.08861566
1.71300 5.08476328
1.71400 5.08091610
1.71500 5.07707411
1.71600 5.07323732
1.71700 5.06940570
1.71800 5.06557925
1.71900 5.06175795
1.72000 5.05794181
1.72100 5.05413080
1.72200 5.05032493
1.72300 5.04652417
1.72400 5.04272852
1.72500 5.03893797
1.72600 5.03515252
1.72700 5.03137214
1.72800 5.02759684
1.72900 5.02382660
1.73000 5.02006141
1.73100 5.01630127
1.73200 5.01254616
1.73300 5.00879608
1.73400 5.00505101
1.73500 5.00131095
1.73600 4.99757589
1.73700 4.99384581
1.73800 4.99012072
1.73900 4.98640059
1.74000 4.98268543
1.74100 4.97897521
1.74200 4.97526994
1.74300 4.97156960
1.74400 4.96787419
1.74500 4.96418369
1.74600 4.96049810
1.74700 4.95681740
1.74800 4.95314160
1.74900 4.94947067
1.75000 4.94580461
1.75100 4.94214341
1.75200 4.93848707
1.75300 4.93483556
1.75400 4.93118890
1.75500 4.92754706
1.75600 4.92391003
1.75700 4.92027781
1.75800 4.91665040
1.75900 4.91302777
1.76000 4.90940992
1.76100 4.90579685
1.76200 4.90218854
1.76300 4.89858499
1.76400 4.89498619
1.76500 4.89139212
1.76600 4.88780278
1.76700 4.88421817
1.76800 4.88063826
1.76900 4.87706306
1.77000 4.87349256
1.77100 4.86992674
1.77200 4.86636560
1.77300 4.86280913
1.77400 4.85925733
1.77500 4.85571017
1.77600 4.85216766
1.77700 4.84862979
1.77800 4.84509654
1.77900 4.84156792
1.78000 4.83804390
1.78100 4.83452449
1.78200 4.83100967
1.78300 4.82749944
1.78400 4.82399379
1.78500 4.82049270
1.78600 4.81699618
1.78700 4.81350421
1.78800 4.81001679
1.78900 4.80653390
1.79000 4.80305554
1.79100 4.79958170
1.79200 4.79611238
1.79300 4.79264755
1.79400 4.78918723
1.79500 4.78573139
1.79600 4.78228004
1.79700 4.77883315
1.79800 4.77539073
1.79900 4.77195277
1.80000 4.76851925
1.80100 4.76509017
1.80200 4.76166553
1.80300 4.75824531
1.80400 4.75482951
1.80500 4.75141812
1.80600 4.74801112
1.80700 4.74460852
1.80800 4.74121031
1.80900 4.73781647
1.81000 4.73442700
1.81100 4.73104189
1.81200 4.72766114
1.81300 4.72428474
1.81400 4.72091267
1.81500 4.71754493
1.81600 4.71418152
1.81700 4.71082242
1.81800 4.70746763
1.81900 4.70411714
1.82000 4.70077094
1.82100 4.69742902
1.82200 4.69409139
1.82300 4.69075802
1.82400 4.68742892
1.82500 4.68410407
1.82600 4.68078347
1.82700 4.67746710
1.82800 4.67415497
1.82900 4.67084707
1.83000 4.66754338
1.83100 4.66424390
1.83200 4.66094862
1.83300 4.65765754
1.83400 4.65437065
1.83500 4.65108793
1.83600 4.64780939
1.83700 4.64453502
1.83800 4.64126480
1.83900 4.63799874
1.84000 4.63473681
1.84100 4.63147903
1.84200 4.62822537
1.84300 4.62497584
1.84400 4.62173041
1.84500 4.61848910
1.84600 4.61525189
1.84700 4.61201877
1.84800 4.60878974
1.84900 4.60556478
1.85000 4.60234390
1.85100 4.59912708
1.85200 4.59591432
1.85300 4.59270560
1.85400 4.58950094
1.85500 4.58630030
1.85600 4.58310370
1.85700 4.57991112
1.85800 4.57672255
1.85900 4.57353800
1.86000 4.57035744
1.86100 4.56718088
1.86200 4.56400830
1.86300 4.56083971
1.86400 4.55767509
1.86500 4.55451443
1.86600 4.55135774
1.86700 4.54820499
1.86800 4.54505619
1.86900 4.54191134
1.87000 4.53877041
1.87100 4.53563341
1.87200 4.53250033
1.87300 4.52937116
1.87400 4.52624589
1.87500 4.52312452
1.87600 4.52000705
1.87700 4.51689346
1.87800 4.51378374
1.87900 4.51067790
1.88000 4.50757593
1.88100 4.50447781
1.88200 4.50138354
1.88300 4.49829311
1.88400 4.49520653
1.88500 4.49212378
1.88600 4.48904485
1.88700 4.48596974
1.88800 4.48289844
1.88900 4.47983094
1.89000 4.47676725
1.89100 4.47370734
1.89200 4.47065122
1.89300 4.46759888
1.89400 4.46455032
1.89500 4.46150552
1.89600 4.45846447
1.89700 4.45542719
1.89800 4.45239364
1.89900 4.44936384
1.90000 4.44633777
1.90100 4.44331543
1.90200 4.44029681
1.90300 4.43728191
1.90400 4.43427071
1.90500 4.43126322
1.90600 4.42825942
1.90700 4.42525931
1.90800 4.42226288
1.90900 4.41927013
1.91000 4.41628105
1.91100 4.41329564
1.91200 4.41031388
1.91300 4.40733577
1.91400 4.40436131
1.91500 4.40139049
1.91600 4.39842330
1.91700 4.39545974
1.91800 4.39249980
1.91900 4.38954347
1.92000 4.38659075
1.92100 4.38364164
1.92200 4.38069612
1.92300 4.37775419
1.92400 4.37481584
1.92500 4.37188107
1.92600 4.36894987
1.92700 4.36602224
1.92800 4.36309817
1.92900 4.36017765
1.93000 4.35726068
1.93100 4.35434725
1.93200 4.35143736
1.93300 4.34853099
1.93400 4.34562815
1.93500 4.34272883
1.93600 4.33983301
1.93700 4.33694071
1.93800 4.33405190
1.93900 4.33116659
1.94000 4.32828476
1.94100 4.32540642
1.94200 4.32253155
1.94300 4.31966015
1.94400 4.31679222
1.94500 4.31392775
1.94600 4.31106672
1.94700 4.30820915
1.94800 4.30535502
1.94900 4.30250432
1.95000 4.29965705
1.95100 4.29681320
1.95200 4.29397278
1.95300 4.29113576
1.95400 4.28830215
1.95500 4.28547195
1.95600 4.28264513
1.95700 4.27982171
1.95800 4.27700167
1.95900 4.27418501
1.96000 4.27137172
1.96100 4.26856179
1.96200 4.26575523
1.96300 4.26295202
1.96400 4.26015217
1.96500 4.25735565
1.96600 4.25456248
1.96700 4.25177264
1.96800 4.24898612
1.96900 4.24620293
1.97000 4.24342305
1.97100 4.24064648
1.97200 4.23787322
1.97300 4.23510326
1.97400 4.23233659
1.97500 4.22957321
1.97600 4.22681312
1.97700 4.22405630
1.97800 4.22130275
1.97900 4.21855247
1.98000 4.21580545
1.98100 4.21306169
1.98200 4.21032117
1.98300 4.20758390
1.98400 4.20484988
1.98500 4.20211908
1.98600 4.19939151
1.98700 4.19666717
1.98800 4.19394605
1.98900 4.19122813
1.99000 4.18851343
1.99100 4.18580193
1.99200 4.18309362
1.99300 4.18038850
1.99400 4.17768657
1.99500 4.17498782
1.99600 4.17229225
1.99700 4.16959985
1.99800 4.16691061
1.99900 4.16422453
2.00000 4.16154160
2.00100 4.15886183
2.00200 4.15618520
2.00300 4.15351170
2.00400 4.15084134
2.00500 4.14817411
2.00600 4.14551001
2.00700 4.14284902
2.00800 4.14019114
2.00900 4.13753637
2.01000 4.13488470
2.01100 4.13223613
2.01200 4.12959065
2.01300 4.12694826
2.01400 4.12430896
2.01500 4.12167272
2.01600 4.11903957
2.01700 4.11640947
2.01800 4.11378244
2.01900 4.11115847
2.02000 4.10853755
2.02100 4.10591967
2.02200 4.10330484
2.02300 4.10069304
2.02400 4.09808427
2.02500 4.09547853
2.02600 4.09287582
2.02700 4.09027612
2.02800 4.08767943
2.02900 4.08508574
2.03000 4.08249506
2.03100 4.07990738
2.03200 4.07732269
2.03300 4.07474098
2.03400 4.07216226
2.03500 4.06958652
2.03600 4.06701374
2.03700 4.06444394
2.03800 4.06187709
2.03900 4.05931321
2.04000 4.05675228
2.04100 4.05419429
2.04200 4.05163925
2.04300 4.04908715
2.04400 4.04653798
2.04500 4.04399174
2.04600 4.04144843
2.04700 4.03890803
2.04800 4.03637055
2.04900 4.03383598
2.05000 4.03130431
2.05100 4.02877554
2.05200 4.02624967
2.05300 4.02372669
2.05400 4.02120659
2.05500 4.01868938
2.05600 4.01617504
2.05700 4.01366358
2.05800 4.01115498
2.05900 4.00864924
2.06000 4.00614637
2.06100 4.00364634
2.06200 4.00114917
2.06300 3.99865483
2.06400 3.99616334
2.06500 3.99367468
2.06600 3.99118886
2.06700 3.98870585
2.06800 3.98622567
2.06900 3.98374831
2.07000 3.98127375
2.07100 3.97880201
2.07200 3.97633306
2.07300 3.97386692
2.07400 3.97140357
2.07500 3.96894300
2.07600 3.96648522
2.07700 3.96403023
2.07800 3.96157800
2.07900 3.95912855
2.08000 3.95668186
2.08100 3.95423794
2.08200 3.95179677
2.08300 3.94935836
2.08400 3.94692270
2.08500 3.94448977
2.08600 3.94205959
2.08700 3.93963215
2.08800 3.93720743
2.08900 3.93478544
2.09000 3.93236618
2.09100 3.92994963
2.09200 3.92753579
2.09300 3.92512466
2.09400 3.92271624
2.09500 3.92031052
2.09600 3.91790749
2.09700 3.91550715
2.09800 3.91310951
2.09900 3.91071454
2.10000 3.90832225
2.10100 3.90593264
2.10200 3.90354569
2.10300 3.90116141
2.10400 3.89877980
2.10500 3.89640084
2.10600 3.89402453
2.10700 3.89165087
2.10800 3.88927985
2.10900 3.88691148
2.11000 3.88454574
2.11100 3.88218263
2.11200 3.87982215
2.11300 3.87746429
2.11400 3.87510905
2.11500 3.87275642
2.11600 3.87040641
2.11700 3.86805900
2.11800 3.86571419
2.11900 3.86337198
2.12000 3.86103236
2.12100 3.85869534
2.12200 3.85636090
2.12300 3.85402903
2.12400 3.85169975
2.12500 3.84937304
2.12600 3.84704890
2.12700 3.84472732
2.12800 3.84240830
2.12900 3.84009184
2.13000 3.83777794
2.13100 3.83546658
2.13200 3.83315776
2.13300 3.83085149
2.13400 3.82854775
2.13500 3.82624654
2.13600 3.82394786
2.13700 3.82165170
2.13800 3.81935807
2.13900 3.81706695
2.14000 3.81477834
2.14100 3.81249224
2.14200 3.81020865
2.14300 3.80792755
2.14400 3.80564895
2.14500 3.80337284
2.14600 3.80109922
2.14700 3.79882809
2.14800 3.79655943
2.14900 3.79429325
2.15000 3.79202954
2.15100 3.78976830
2.15200 3.78750953
2.15300 3.78525321
2.15400 3.78299936
2.15500 3.78074795
2.15600 3.77849899
2.15700 3.77625248
2.15800 3.77400841
2.15900 3.77176678
2.16000 3.76952758
2.16100 3.76729080
2.16200 3.76505646
2.16300 3.76282453
2.16400 3.76059503
2.16500 3.75836794
2.16600 3.75614325
2.16700 3.75392098
2.16800 3.75170110
2.16900 3.74948363
2.17000 3.74726855
2.17100 3.74505586
2.17200 3.74284556
2.17300 3.74063764
2.17400 3.73843211
2.17500 3.73622895
2.17600 3.73402816
2.17700 3.73182974
2.17800 3.72963368
2.17900 3.72743999
2.18000 3.72524865
2.18100 3.72305967
2.18200 3.72087303
2.18300 3.71868875
2.18400 3.71650680
2.18500 3.71432720
2.18600 3.71214993
2.18700 3.70997499
2.18800 3.70780238
2.18900 3.70563209
2.19000 3.70346413
2.19100 3.70129848
2.19200 3.69913514
2.19300 3.69697412
2.19400 3.69481540
2.19500 3.69265898
2.19600 3.69050486
2.19700 3.68835304
2.19800 3.68620351
2.19900 3.68405626
2.20000 3.68191131
2.20100 3.67976863
2.20200 3.67762823
2.20300 3.67549010
2.20400 3.67335424
2.20500 3.67122065
2.20600 3.66908932
2.20700 3.66696025
2.20800 3.66483344
2.20900 3.66270888
2.21000 3.66058657
2.21100 3.65846651
2.21200 3.65634868
2.21300 3.65423310
2.21400 3.65211975
2.21500 3.65000863
2.21600 3.64789974
2.21700 3.64579307
2.21800 3.64368862
2.21900 3.64158640
2.22000 3.63948638
2.22100 3.63738858
2.22200 3.63529298
2.22300 3.63319959
2.22400 3.63110840
2.22500 3.62901940
2.22600 3.62693260
2.22700 3.62484799
2.22800 3.62276556
2.22900 3.62068532
2.23000 3.61860726
2.23100 3.61653137
2.23200 3.61445766
2.23300 3.61238612
2.23400 3.61031674
2.23500 3.60824953
2.23600 3.60618447
2.23700 3.60412157
2.23800 3.60206083
2.23900 3.60000223
2.24000 3.59794578
2.24100 3.59589148
2.24200 3.59383931
2.24300 3.59178928
2.24400 3.58974138
2.24500 3.58769562
2.24600 3.58565198
2.24700 3.58361046
2.24800 3.58157106
2.24900 3.57953378
2.25000 3.57749861
2.25100 3.57546555
2.25200 3.57343460
2.25300 3.57140575
2.25400 3.56937900
2.25500 3.56735435
2.25600 3.56533180
2.25700 3.56331133
2.25800 3.56129295
2.25900 3.55927666
2.26000 3.55726244
2.26100 3.55525031
2.26200 3.55324025
2.26300 3.55123225
2.26400 3.54922633
2.26500 3.54722248
2.26600 3.54522068
2.26700 3.54322094
2.26800 3.54122326
2.26900 3.53922763
2.27000 3.53723405
2.27100 3.53524252
2.27200 3.53325303
2.27300 3.53126558
2.27400 3.52928016
2.27500 3.52729678
2.27600 3.52531543
2.27700 3.52333611
2.27800 3.52135881
2.27900 3.51938353
2.28000 3.51741027
2.28100 3.51543902
2.28200 3.51346979
2.28300 3.51150256
2.28400 3.50953735
2.28500 3.50757413
2.28600 3.50561291
2.28700 3.50365369
2.28800 3.50169646
2.28900 3.49974123
2.29000 3.49778798
2.29100 3.49583671
2.29200 3.49388743
2.29300 3.49194012
2.29400 3.48999479
2.29500 3.48805143
2.29600 3.48611005
2.29700 3.48417062
2.29800 3.48223316
2.29900 3.48029766
2.30000 3.47836412
2.30100 3.47643254
2.30200 3.47450290
2.30300 3.47257521
2.30400 3.47064947
2.30500 3.46872567
2.30600 3.46680381
2.30700 3.46488389
2.30800 3.46296590
2.30900 3.46104984
2.31000 3.45913571
2.31100 3.45722350
2.31200 3.45531321
2.31300 3.45340485
2.31400 3.45149840
2.31500 3.44959386
2.31600 3.44769124
2.31700 3.44579052
2.31800 3.44389170
2.31900 3.44199479
2.32000 3.44009978
2.32100 3.43820666
2.32200 3.43631544
2.32300 3.43442610
2.32400 3.43253866
2.32500 3.43065310
2.32600 3.42876941
2.32700 3.42688761
2.32800 3.42500769
2.32900 3.42312964
2.33000 3.42125345
2.33100 3.41937914
2.33200 3.41750669
2.33300 3.41563610
2.33400 3.41376737
2.33500 3.41190050
2.33600 3.41003548
2.33700 3.40817232
2.33800 3.40631100
2.33900 3.40445152
2.34000 3.40259389
2.34100 3.40073810
2.34200 3.39888414
2.34300 3.39703202
2.34400 3.39518173
2.34500 3.39333327
2.34600 3.39148664
2.34700 3.38964183
2.34800 3.38779884
2.34900 3.38595766
2.35000 3.38411830
2.35100 3.38228076
2.35200 3.38044502
2.35300 3.37861109
2.35400 3.37677897
2.35500 3.37494865
2.35600 3.37312012
2.35700 3.37129339
2.35800 3.36946846
2.35900 3.36764532
2.36000 3.36582396
2.36100 3.36400439
2.36200 3.36218660
2.36300 3.36037060
2.36400 3.35855637
2.36500 3.35674391
2.36600 3.35493323
2.36700 3.35312432
2.36800 3.35131717
2.36900 3.34951179
2.37000 3.34770817
2.37100 3.34590631
2.37200 3.34410621
2.37300 3.34230786
2.37400 3.34051126
2.37500 3.33871641
2.37600 3.33692331
2.37700 3.33513195
2.37800 3.33334233
2.37900 3.33155445
2.38000 3.32976830
2.38100 3.32798389
2.38200 3.32620121
2.38300 3.32442026
2.38400 3.32264103
2.38500 3.32086353
2.38600 3.31908775
2.38700 3.31731368
2.38800 3.31554133
2.38900 3.31377070
2.39000 3.31200177
2.39100 3.31023455
2.39200 3.30846904
2.39300 3.30670523
2.39400 3.30494312
2.39500 3.30318271
2.39600 3.30142399
2.39700 3.29966697
2.39800 3.29791164
2.39900 3.29615799
2.40000 3.29440603
2.40100 3.29265576
2.40200 3.29090716
2.40300 3.28916024
2.40400 3.28741500
2.40500 3.28567143
2.40600 3.28392953
2.40700 3.28218930
2.40800 3.28045074
2.40900 3.27871383
2.41000 3.27697859
2.41100 3.27524501
2.41200 3.27351309
2.41300 3.27178281
2.41400 3.27005419
2.41500 3.26832722
2.41600 3.26660189
2.41700 3.26487821
2.41800 3.26315617
2.41900 3.26143577
2.42000 3.25971701
2.42100 3.25799988
2.42200 3.25628438
2.42300 3.25457051
2.42400 3.25285827
2.42500 3.25114766
2.42600 3.24943866
2.42700 3.24773129
2.42800 3.24602554
2.42900 3.24432140
2.43000 3.24261887
2.43100 3.24091796
2.43200 3.23921865
2.43300 3.23752095
2.43400 3.23582485
2.43500 3.23413036
2.43600 3.23243746
2.43700 3.23074617
2.43800 3.22905646
2.43900 3.22736835
2.44000 3.22568183
2.44100 3.22399689
2.44200 3.22231355
2.44300 3.22063178
2.44400 3.21895160
2.44500 3.21727299
2.44600 3.21559596
2.44700 3.21392051
2.44800 3.21224662
2.44900 3.21057431
2.45000 3.20890356
2.45100 3.20723438
2.45200 3.20556676
2.45300 3.20390070
2.45400 3.20223620
2.45500 3.20057326
2.45600 3.19891187
2.45700 3.19725203
2.45800 3.19559374
2.45900 3.19393699
2.46000 3.19228180
2.46100 3.19062814
2.46200 3.18897603
2.46300 3.18732545
2.46400 3.18567641
2.46500 3.18402890
2.46600 3.18238293
2.46700 3.18073848
2.46800 3.17909557
2.46900 3.17745417
2.47000 3.17581430
2.47100 3.17417596
2.47200 3.17253913
2.47300 3.17090381
2.47400 3.16927001
2.47500 3.16763772
2.47600 3.16600695
2.47700 3.16437768
2.47800 3.16274991
2.47900 3.16112365
2.48000 3.15949889
2.48100 3.15787563
2.48200 3.15625387
2.48300 3.15463360
2.48400 3.15301483
2.48500 3.15139755
2.48600 3.14978175
2.48700 3.14816744
2.48800 3.14655462
2.48900 3.14494328
2.49000 3.14333342
2.49100 3.14172503
2.49200 3.14011812
2.49300 3.13851269
2.49400 3.13690873
2.49500 3.13530624
2.49600 3.13370522
2.49700 3.13210566
2.49800 3.13050756
2.49900 3.12891093
2.50000 3.12731576
2.50100 3.12572204
2.50200 3.12412978
2.50300 3.12253897
2.50400 3.12094962
2.50500 3.11936171
2.50600 3.11777525
2.50700 3.11619024
2.50800 3.11460667
2.50900 3.11302454
2.51000 3.11144385
2.51100 3.10986459
2.51200 3.10828677
2.51300 3.10671039
2.51400 3.10513543
2.51500 3.10356191
2.51600 3.10198981
2.51700 3.10041914
2.51800 3.09884989
2.51900 3.09728206
2.52000 3.09571565
2.52100 3.09415066
2.52200 3.09258708
2.52300 3.09102492
2.52400 3.08946416
2.52500 3.08790482
2.52600 3.08634688
2.52700 3.08479035
2.52800 3.08323522
2.52900 3.08168150
2.53000 3.08012917
2.53100 3.07857824
2.53200 3.07702871
2.53300 3.07548057
2.53400 3.07393382
2.53500 3.07238846
2.53600 3.07084449
2.53700 3.06930191
2.53800 3.06776070
2.53900 3.06622089
2.54000 3.06468245
2.54100 3.06314539
2.54200 3.06160970
2.54300 3.06007539
2.54400 3.05854246
2.54500 3.05701089
2.54600 3.05548069
2.54700 3.05395186
2.54800 3.05242440
2.54900 3.05089830
2.55000 3.04937356
2.55100 3.04785017
2.55200 3.04632815
2.55300 3.04480748
2.55400 3.04328817
2.55500 3.04177020
2.55600 3.04025359
2.55700 3.03873833
2.55800 3.03722441
2.55900 3.03571184
2.56000 3.03420061
2.56100 3.03269072
2.56200 3.03118216
2.56300 3.02967495
2.56400 3.02816907
2.56500 3.02666453
2.56600 3.02516131
2.56700 3.02365943
2.56800 3.02215888
2.56900 3.02065965
2.57000 3.01916174
2.57100 3.01766516
2.57200 3.01616990
2.57300 3.01467596
2.57400 3.01318333
2.57500 3.01169202
2.57600 3.01020203
2.57700 3.00871334
2.57800 3.00722597
2.57900 3.00573990
2.58000 3.00425514
2.58100 3.00277169
2.58200 3.00128954
2.58300 2.99980869
2.58400 2.99832914
2.58500 2.99685088
2.58600 2.99537393
2.58700 2.99389826
2.58800 2.99242389
2.58900 2.99095081
2.59000 2.98947902
2.59100 2.98800852
2.59200 2.98653930
2.59300 2.98507136
2.59400 2.98360471
2.59500 2.98213934
2.59600 2.98067525
2.59700 2.97921243
2.59800 2.97775089
2.59900 2.97629062
2.60000 2.97483162
2.60100 2.97337389
2.60200 2.97191744
2.60300 2.97046224
2.60400 2.96900832
2.60500 2.96755565
2.60600 2.96610425
2.60700 2.96465411
2.60800 2.96320522
2.60900 2.96175759
2.61000 2.96031122
2.61100 2.95886610
2.61200 2.95742223
2.61300 2.95597961
2.61400 2.95453824
2.61500 2.95309811
2.61600 2.95165923
2.61700 2.95022159
2.61800 2.94878520
2.61900 2.94735004
2.62000 2.94591612
2.62100 2.94448344
2.62200 2.94305199
2.62300 2.94162178
2.62400 2.94019279
2.62500 2.93876504
2.62600 2.93733851
2.62700 2.93591322
2.62800 2.93448914
2.62900 2.93306629
2.63000 2.93164466
2.63100 2.93022426
2.63200 2.92880507
2.63300 2.92738709
2.63400 2.92597034
2.63500 2.92455479
2.63600 2.92314046
2.63700 2.92172734
2.63800 2.92031542
2.63900 2.91890472
2.64000 2.91749522
2.64100 2.91608692
2.64200 2.91467983
2.64300 2.91327394
2.64400 2.91186924
2.64500 2.91046575
2.64600 2.90906345
2.64700 2.90766234
2.64800 2.90626243
2.64900 2.90486371
2.65000 2.90346618
2.65100 2.90206984
2.65200 2.90067469
2.65300 2.89928072
2.65400 2.89788793
2.65500 2.89649632
2.65600 2.89510590
2.65700 2.89371666
2.65800 2.89232859
2.65900 2.89094170
2.66000 2.88955598
2.66100 2.88817144
2.66200 2.88678806
2.66300 2.88540586
2.66400 2.88402483
2.66500 2.88264496
2.66600 2.88126626
2.66700 2.87988872
2.66800 2.87851234
2.66900 2.87713712
2.67000 2.87576307
2.67100 2.87439017
2.67200 2.87301843
2.67300 2.87164784
2.67400 2.87027840
2.67500 2.86891012
2.67600 2.86754299
2.67700 2.86617700
2.67800 2.86481217
2.67900 2.86344848
2.68000 2.86208593
2.68100 2.86072452
2.68200 2.85936426
2.68300 2.85800514
2.68400 2.85664715
2.68500 2.85529031
2.68600 2.85393459
2.68700 2.85258002
2.68800 2.85122657
2.68900 2.84987425
2.69000 2.84852307
2.69100 2.84717301
2.69200 2.84582408
2.69300 2.84447628
2.69400 2.84312960
2.69500 2.84178404
2.69600 2.84043960
2.69700 2.83909628
2.69800 2.83775408
2.69900 2.83641300
2.70000 2.83507303
2.70100 2.83373417
2.70200 2.83239643
2.70300 2.83105980
2.70400 2.82972428
2.70500 2.82838987
2.70600 2.82705656
2.70700 2.82572436
2.70800 2.82439326
2.70900 2.82306326
2.71000 2.82173437
2.71100 2.82040657
2.71200 2.81907988
2.71300 2.81775428
2.71400 2.81642977
2.71500 2.81510636
2.71600 2.81378405
2.71700 2.81246282
2.71800 2.81114269
2.71900 2.80982364
2.72000 2.80850568
2.72100 2.80718880
2.72200 2.80587301
2.72300 2.80455831
2.72400 2.80324468
2.72500 2.80193214
2.72600 2.80062067
2.72700 2.79931028
2.72800 2.79800097
2.72900 2.79669273
2.73000 2.79538557
2.73100 2.79407948
2.73200 2.79277446
2.73300 2.79147050
2.73400 2.79016762
2.73500 2.78886580
2.73600 2.78756505
2.73700 2.78626537
2.73800 2.78496674
2.73900 2.78366918
2.74000 2.78237268
2.74100 2.78107723
2.74200 2.77978285
2.74300 2.77848952
2.74400 2.77719724
2.74500 2.77590602
2.74600 2.77461585
2.74700 2.77332673
2.74800 2.77203866
2.74900 2.77075164
2.75000 2.76946567
2.75100 2.76818074
2.75200 2.76689686
2.75300 2.76561402
2.75400 2.76433222
2.75500 2.76305146
2.75600 2.76177174
2.75700 2.76049306
2.75800 2.75921541
2.75900 2.75793880
2.76000 2.75666323
2.76100 2.75538868
2.76200 2.75411517
2.76300 2.75284269
2.76400 2.75157124
2.76500 2.75030081
2.76600 2.74903141
2.76700 2.74776304
2.76800 2.74649569
2.76900 2.74522936
2.77000 2.74396406
2.77100 2.74269977
2.77200 2.74143651
2.77300 2.74017426
2.77400 2.73891302
2.77500 2.73765280
2.77600 2.73639360
2.77700 2.73513541
2.77800 2.73387823
2.77900 2.73262206
2.78000 2.73136690
2.78100 2.73011274
2.78200 2.72885959
2.78300 2.72760745
2.78400 2.72635631
2.78500 2.72510618
2.78600 2.72385704
2.78700 2.72260891
2.78800 2.72136177
2.78900 2.72011563
2.79000 2.71887049
2.79100 2.71762635
2.79200 2.71638320
2.79300 2.71514104
2.79400 2.71389987
2.79500 2.71265969
2.79600 2.71142051
2.79700 2.71018231
2.79800 2.70894509
2.79900 2.70770887
2.80000 2.70647362
2.80100 2.70523937
2.80200 2.70400609
2.80300 2.70277379
2.80400 2.70154248
2.80500 2.70031214
2.80600 2.69908278
2.80700 2.69785439
2.80800 2.69662698
2.80900 2.69540055
2.81000 2.69417509
2.81100 2.69295060
2.81200 2.69172707
2.81300 2.69050452
2.81400 2.68928294
2.81500 2.68806232
2.81600 2.68684267
2.81700 2.68562398
2.81800 2.68440626
2.81900 2.68318950
2.82000 2.68197370
2.82100 2.68075885
2.82200 2.67954497
2.82300 2.67833205
2.82400 2.67712008
2.82500 2.67590907
2.82600 2.67469901
2.82700 2.67348990
2.82800 2.67228175
2.82900 2.67107454
2.83000 2.66986829
2.83100 2.66866298
2.83200 2.66745863
2.83300 2.66625521
2.83400 2.66505275
2.83500 2.66385122
2.83600 2.66265064
2.83700 2.66145100
2.83800 2.66025231
2.83900 2.65905455
2.84000 2.65785773
2.84100 2.65666184
2.84200 2.65546689
2.84300 2.65427288
2.84400 2.65307980
2.84500 2.65188766
2.84600 2.65069644
2.84700 2.64950616
2.84800 2.64831681
2.84900 2.64712838
2.85000 2.64594088
2.85100 2.64475431
2.85200 2.64356866
2.85300 2.64238394
2.85400 2.64120014
2.85500 2.64001726
2.85600 2.63883530
2.85700 2.63765426
2.85800 2.63647414
2.85900 2.63529494
2.86000 2.63411665
2.86100 2.63293928
2.86200 2.63176282
2.86300 2.63058728
2.86400 2.62941265
2.86500 2.62823893
2.86600 2.62706612
2.86700 2.62589421
2.86800 2.62472322
2.86900 2.62355313
2.87000 2.62238395
2.87100 2.62121567
2.87200 2.62004830
2.87300 2.61888183
2.87400 2.61771626
2.87500 2.61655159
2.87600 2.61538782
2.87700 2.61422495
2.87800 2.61306298
2.87900 2.61190190
2.88000 2.61074171
2.88100 2.60958243
2.88200 2.60842403
2.88300 2.60726653
2.88400 2.60610991
2.88500 2.60495419
2.88600 2.60379936
2.88700 2.60264541
2.88800 2.60149235
2.88900 2.60034018
2.89000 2.59918889
2.89100 2.59803849
2.89200 2.59688897
2.89300 2.59574033
2.89400 2.59459257
2.89500 2.59344569
2.89600 2.59229969
2.89700 2.59115456
2.89800 2.59001032
2.89900 2.58886695
2.90000 2.58772445
2.90100 2.58658283
2.90200 2.58544208
2.90300 2.58430220
2.90400 2.58316320
2.90500 2.58202506
2.90600 2.58088779
2.90700 2.57975139
2.90800 2.57861586
2.90900 2.57748119
2.91000 2.57634738
2.91100 2.57521444
2.91200 2.57408236
2.91300 2.57295115
2.91400 2.57182079
2.91500 2.57069130
2.91600 2.56956266
2.91700 2.56843488
2.91800 2.56730796
2.91900 2.56618190
2.92000 2.56505668
2.92100 2.56393233
2.92200 2.56280882
2.92300 2.56168617
2.92400 2.56056437
2.92500 2.55944342
2.92600 2.55832332
2.92700 2.55720406
2.92800 2.55608565
2.92900 2.55496809
2.93000 2.55385138
2.93100 2.55273551
2.93200 2.55162048
2.93300 2.55050629
2.93400 2.54939295
2.93500 2.54828044
2.93600 2.54716878
2.93700 2.54605795
2.93800 2.54494797
2.93900 2.54383881
2.94000 2.54273050
2.94100 2.54162302
2.94200 2.54051637
2.94300 2.53941055
2.94400 2.53830557
2.94500 2.53720142
2.94600 2.53609810
2.94700 2.53499561
2.94800 2.53389394
2.94900 2.53279311
2.95000 2.53169310
2.95100 2.53059391
2.95200 2.52949555
2.95300 2.52839801
2.95400 2.52730130
2.95500 2.52620541
2.95600 2.52511034
2.95700 2.52401608
2.95800 2.52292265
2.95900 2.52183004
2.96000 2.52073824
2.96100 2.51964726
2.96200 2.51855709
2.96300 2.51746774
2.96400 2.51637920
2.96500 2.51529148
2.96600 2.51420457
2.96700 2.51311846
2.96800 2.51203317
2.96900 2.51094869
2.97000 2.50986501
2.97100 2.50878214
2.97200 2.50770008
2.97300 2.50661882
2.97400 2.50553837
2.97500 2.50445872
2.97600 2.50337988
2.97700 2.50230183
2.97800 2.50122459
2.97900 2.50014815
2.98000 2.49907251
2.98100 2.49799766
2.98200 2.49692361
2.98300 2.49585036
2.98400 2.49477791
2.98500 2.49370625
2.98600 2.49263538
2.98700 2.49156531
2.98800 2.49049603
2.98900 2.48942754
2.99000 2.48835984
2.99100 2.48729293
2.99200 2.48622681
2.99300 2.48516147
2.99400 2.48409693
2.99500 2.48303317
2.99600 2.48197019
2.99700 2.48090800
2.99800 2.47984660
2.99900 2.47878597
3.00000 2.47772613
3.00100 2.47666707
3.00200 2.47560879
3.00300 2.47455129
3.00400 2.47349456
3.00500 2.47243862
3.00600 2.47138345
3.00700 2.47032906
3.00800 2.46927544
3.00900 2.46822259
3.01000 2.46717052
3.01100 2.46611923
3.01200 2.46506870
3.01300 2.46401894
3.01400 2.46296996
3.01500 2.46192174
3.01600 2.46087430
3.01700 2.45982762
3.01800 2.45878170
3.01900 2.45773655
3.02000 2.45669217
3.02100 2.45564855
3.02200 2.45460570
3.02300 2.45356361
3.02400 2.45252228
3.02500 2.45148171
3.02600 2.45044190
3.02700 2.44940285
3.02800 2.44836455
3.02900 2.44732702
3.03000 2.44629024
3.03100 2.44525422
3.03200 2.44421895
3.03300 2.44318444
3.03400 2.44215068
3.03500 2.44111768
3.03600 2.44008542
3.03700 2.43905392
3.03800 2.43802317
3.03900 2.43699317
3.04000 2.43596391
3.04100 2.43493541
3.04200 2.43390765
3.04300 2.43288063
3.04400 2.43185437
3.04500 2.43082884
3.04600 2.42980407
3.04700 2.42878003
3.04800 2.42775674
3.04900 2.42673419
3.05000 2.42571238
3.05100 2.42469131
3.05200 2.42367097
3.05300 2.42265138
3.05400 2.42163253
3.05500 2.42061441
3.05600 2.41959702
3.05700 2.41858038
3.05800 2.41756446
3.05900 2.41654928
3.06000 2.41553484
3.06100 2.41452112
3.06200 2.41350814
3.06300 2.41249589
3.06400 2.41148437
3.06500 2.41047357
3.06600 2.40946351
3.06700 2.40845417
3.06800 2.40744556
3.06900 2.40643768
3.07000 2.40543052
3.07100 2.40442408
3.07200 2.40341837
3.07300 2.40241338
3.07400 2.40140912
3.07500 2.40040557
3.07600 2.39940275
3.07700 2.39840064
3.07800 2.39739926
3.07900 2.39639859
3.08000 2.39539864
3.08100 2.39439941
3.08200 2.39340089
3.08300 2.39240309
3.08400 2.39140601
3.08500 2.39040963
3.08600 2.38941397
3.08700 2.38841903
3.08800 2.38742479
3.08900 2.38643127
3.09000 2.38543845
3.09100 2.38444635
3.09200 2.38345495
3.09300 2.38246426
3.09400 2.38147428
3.09500 2.38048501
3.09600 2.37949644
3.09700 2.37850858
3.09800 2.37752142
3.09900 2.37653496
3.10000 2.37554921
3.10100 2.37456415
3.10200 2.37357980
3.10300 2.37259615
3.10400 2.37161320
3.10500 2.37063095
3.10600 2.36964940
3.10700 2.36866855
3.10800 2.36768839
3.10900 2.36670893
3.11000 2.36573016
3.11100 2.36475209
3.11200 2.36377471
3.11300 2.36279803
3.11400 2.36182204
3.11500 2.36084674
3.11600 2.35987213
3.11700 2.35889821
3.11800 2.35792498
3.11900 2.35695244
3.12000 2.35598059
3.12100 2.35500943
3.12200 2.35403896
3.12300 2.35306917
3.12400 2.35210006
3.12500 2.35113164
3.12600 2.35016391
3.12700 2.34919686
3.12800 2.34823049
3.12900 2.34726480
3.13000 2.34629979
3.13100 2.34533547
3.13200 2.34437182
3.13300 2.34340886
3.13400 2.34244657
3.13500 2.34148496
3.13600 2.34052403
3.13700 2.33956377
3.13800 2.33860419
3.13900 2.33764528
3.14000 2.33668705
3.14100 2.33572950
3.14200 2.33477261
3.14300 2.33381640
3.14400 2.33286086
3.14500 2.33190599
3.14600 2.33095179
3.14700 2.32999826
3.14800 2.32904540
3.14900 2.32809321
3.15000 2.32714168
3.15100 2.32619082
3.15200 2.32524063
3.15300 2.32429111
3.15400 2.32334224
3.15500 2.32239405
3.15600 2.32144651
3.15700 2.32049964
3.15800 2.31955343
3.15900 2.31860789
3.16000 2.31766300
3.16100 2.31671877
3.16200 2.31577520
3.16300 2.31483230
3.16400 2.31389005
3.16500 2.31294845
3.16600 2.31200752
3.16700 2.31106724
3.16800 2.31012761
3.16900 2.30918864
3.17000 2.30825033
3.17100 2.30731266
3.17200 2.30637565
3.17300 2.30543930
3.17400 2.30450359
3.17500 2.30356854
3.17600 2.30263413
3.17700 2.30170038
3.17800 2.30076727
3.17900 2.29983481
3.18000 2.29890300
3.18100 2.29797184
3.18200 2.29704132
3.18300 2.29611145
3.18400 2.29518223
3.18500 2.29425364
3.18600 2.29332571
3.18700 2.29239841
3.18800 2.29147176
3.18900 2.29054575
3.19000 2.28962038
3.19100 2.28869565
3.19200 2.28777156
3.19300 2.28684811
3.19400 2.28592530
3.19500 2.28500313
3.19600 2.28408159
3.19700 2.28316069
3.19800 2.28224043
3.19900 2.28132080
3.20000 2.28040181
3.20100 2.27948345
3.20200 2.27856572
3.20300 2.27764863
3.20400 2.27673217
3.20500 2.27581634
3.20600 2.27490114
3.20700 2.27398657
3.20800 2.27307264
3.20900 2.27215933
3.21000 2.27124665
3.21100 2.27033460
3.21200 2.26942317
3.21300 2.26851238
3.21400 2.26760220
3.21500 2.26669266
3.21600 2.26578374
3.21700 2.26487544
3.21800 2.26396776
3.21900 2.26306071
3.22000 2.26215429
3.22100 2.26124848
3.22200 2.26034329
3.22300 2.25943873
3.22400 2.25853478
3.22500 2.25763146
3.22600 2.25672875
3.22700 2.25582666
3.22800 2.25492519
3.22900 2.25402433
3.23000 2.25312410
3.23100 2.25222447
3.23200 2.25132547
3.23300 2.25042707
3.23400 2.24952929
3.23500 2.24863213
3.23600 2.24773557
3.23700 2.24683963
3.23800 2.24594430
3.23900 2.24504958
3.24000 2.24415547
3.24100 2.24326197
3.24200 2.24236908
3.24300 2.24147680
3.24400 2.24058513
3.24500 2.23969406
3.24600 2.23880360
3.24700 2.23791375
3.24800 2.23702450
3.24900 2.23613585
3.25000 2.23524782
3.25100 2.23436038
3.25200 2.23347355
3.25300 2.23258732
3.25400 2.23170169
3.25500 2.23081666
3.25600 2.22993224
3.25700 2.22904841
3.25800 2.22816519
3.25900 2.22728256
3.26000 2.22640053
3.26100 2.22551910
3.26200 2.22463827
3.26300 2.22375803
3.26400 2.22287839
3.26500 2.22199935
3.26600 2.22112090
3.26700 2.22024305
3.26800 2.21936578
3.26900 2.21848912
3.27000 2.21761304
3.27100 2.21673756
3.27200 2.21586267
3.27300 2.21498837
3.27400 2.21411466
3.27500 2.21324154
3.27600 2.21236901
3.27700 2.21149707
3.27800 2.21062571
3.27900 2.20975495
3.28000 2.20888477
3.28100 2.20801517
3.28200 2.20714617
3.28300 2.20627775
3.28400 2.20540991
3.28500 2.20454266
3.28600 2.20367599
3.28700 2.20280990
3.28800 2.20194440
3.28900 2.20107948
3.29000 2.20021514
3.29100 2.19935138
3.29200 2.19848820
3.29300 2.19762560
3.29400 2.19676358
3.29500 2.19590214
3.29600 2.19504128
3.29700 2.19418100
3.29800 2.19332129
3.29900 2.19246216
3.30000 2.19160360
3.30100 2.19074562
3.30200 2.18988821
3.30300 2.18903138
3.30400 2.18817513
3.30500 2.18731944
3.30600 2.18646433
3.30700 2.18560979
3.30800 2.18475582
3.30900 2.18390242
3.31000 2.18304960
3.31100 2.18219734
3.31200 2.18134565
3.31300 2.18049453
3.31400 2.17964398
3.31500 2.17879400
3.31600 2.17794459
3.31700 2.17709574
3.31800 2.17624745
3.31900 2.17539974
3.32000 2.17455259
3.32100 2.17370600
3.32200 2.17285997
3.32300 2.17201451
3.32400 2.17116962
3.32500 2.17032528
3.32600 2.16948151
3.32700 2.16863830
3.32800 2.16779565
3.32900 2.16695356
3.33000 2.16611203
3.33100 2.16527106
3.33200 2.16443064
3.33300 2.16359079
3.33400 2.16275149
3.33500 2.16191275
3.33600 2.16107457
3.33700 2.16023694
3.33800 2.15939987
3.33900 2.15856335
3.34000 2.15772739
3.34100 2.15689198
3.34200 2.15605713
3.34300 2.15522283
3.34400 2.15438908
3.34500 2.15355588
3.34600 2.15272323
3.34700 2.15189114
3.34800 2.15105959
3.34900 2.15022860
3.35000 2.14939815
3.35100 2.14856826
3.35200 2.14773891
3.35300 2.14691011
3.35400 2.14608185
3.35500 2.14525415
3.35600 2.14442699
3.35700 2.14360037
3.35800 2.14277430
3.35900 2.14194878
3.36000 2.14112380
3.36100 2.14029936
3.36200 2.13947547
3.36300 2.13865212
3.36400 2.13782931
3.36500 2.13700704
3.36600 2.13618531
3.36700 2.13536413
3.36800 2.13454348
3.36900 2.13372338
3.37000 2.13290381
3.37100 2.13208479
3.37200 2.13126630
3.37300 2.13044835
3.37400 2.12963093
3.37500 2.12881405
3.37600 2.12799771
3.37700 2.12718191
3.37800 2.12636664
3.37900 2.12555190
3.38000 2.12473770
3.38100 2.12392403
3.38200 2.12311090
3.38300 2.12229829
3.38400 2.12148622
3.38500 2.12067469
3.38600 2.11986368
3.38700 2.11905320
3.38800 2.11824326
3.38900 2.11743384
3.39000 2.11662495
3.39100 2.11581660
3.39200 2.11500877
3.39300 2.11420146
3.39400 2.11339469
3.39500 2.11258844
3.39600 2.11178272
3.39700 2.11097753
3.39800 2.11017286
3.39900 2.10936871
3.40000 2.10856509
3.40100 2.10776199
3.40200 2.10695942
3.40300 2.10615737
3.40400 2.10535584
3.40500 2.10455484
3.40600 2.10375435
3.40700 2.10295439
3.40800 2.10215495
3.40900 2.10135603
3.41000 2.10055762
3.41100 2.09975974
3.41200 2.09896237
3.41300 2.09816553
3.41400 2.09736920
3.41500 2.09657339
3.41600 2.09577809
3.41700 2.09498331
3.41800 2.09418905
3.41900 2.09339531
3.42000 2.09260207
3.42100 2.09180936
3.42200 2.09101715
3.42300 2.09022546
3.42400 2.08943428
3.42500 2.08864362
3.42600 2.08785347
3.42700 2.08706383
3.42800 2.08627470
3.42900 2.08548608
3.43000 2.08469797
3.43100 2.08391037
3.43200 2.08312328
3.43300 2.08233670
3.43400 2.08155063
3.43500 2.08076506
3.43600 2.07998001
3.43700 2.07919546
3.43800 2.07841141
3.43900 2.07762788
3.44000 2.07684484
3.44100 2.07606232
3.44200 2.07528030
3.44300 2.07449878
3.44400 2.07371776
3.44500 2.07293725
3.44600 2.07215725
3.44700 2.07137774
3.44800 2.07059874
3.44900 2.06982024
3.45000 2.06904224
3.45100 2.06826474
3.45200 2.06748774
3.45300 2.06671124
3.45400 2.06593524
3.45500 2.06515974
3.45600 2.06438473
3.45700 2.06361023
3.45800 2.06283622
3.45900 2.06206271
3.46000 2.06128969
3.46100 2.06051717
3.46200 2.05974515
3.46300 2.05897362
3.46400 2.05820259
3.46500 2.05743205
3.46600 2.05666201
3.46700 2.05589246
3.46800 2.05512340
3.46900 2.05435484
3.47000 2.05358676
3.47100 2.05281918
3.47200 2.05205209
3.47300 2.05128549
3.47400 2.05051938
3.47500 2.04975376
3.47600 2.04898864
3.47700 2.04822399
3.47800 2.04745984
3.47900 2.04669618
3.48000 2.04593300
3.48100 2.04517032
3.48200 2.04440811
3.48300 2.04364640
3.48400 2.04288517
3.48500 2.04212443
3.48600 2.04136417
3.48700 2.04060439
3.48800 2.03984510
3.48900 2.03908630
3.49000 2.03832798
3.49100 2.03757014
3.49200 2.03681278
3.49300 2.03605590
3.49400 2.03529951
3.49500 2.03454360
3.49600 2.03378817
3.49700 2.03303322
3.49800 2.03227875
3.49900 2.03152476
3.50000 2.03077125
3.50100 2.03001821
3.50200 2.02926566
3.50300 2.02851358
3.50400 2.02776198
3.50500 2.02701086
3.50600 2.02626021
3.50700 2.02551004
3.50800 2.02476035
3.50900 2.02401113
3.51000 2.02326239
3.51100 2.02251412
3.51200 2.02176632
3.51300 2.02101900
3.51400 2.02027215
3.51500 2.01952578
3.51600 2.01877987
3.51700 2.01803444
3.51800 2.01728948
3.51900 2.01654499
3.52000 2.01580097
3.52100 2.01505743
3.52200 2.01431435
3.52300 2.01357174
3.52400 2.01282960
3.52500 2.01208793
3.52600 2.01134673
3.52700 2.01060599
3.52800 2.00986573
3.52900 2.00912593
3.53000 2.00838659
3.53100 2.00764772
3.53200 2.00690932
3.53300 2.00617139
3.53400 2.00543391
3.53500 2.00469691
3.53600 2.00396036
3.53700 2.00322428
3.53800 2.00248867
3.53900 2.00175352
3.54000 2.00101883
3.54100 2.00028460
3.54200 1.99955083
3.54300 1.99881752
3.54400 1.99808468
3.54500 1.99735230
3.54600 1.99662037
3.54700 1.99588891
3.54800 1.99515790
3.54900 1.99442736
3.55000 1.99369727
3.55100 1.99296764
3.55200 1.99223847
3.55300 1.99150975
3.55400 1.99078149
3.55500 1.99005369
3.55600 1.98932635
3.55700 1.98859946
3.55800 1.98787302
3.55900 1.98714704
3.56000 1.98642152
3.56100 1.98569644
3.56200 1.98497183
3.56300 1.98424766
3.56400 1.98352395
3.56500 1.98280069
3.56600 1.98207789
3.56700 1.98135553
3.56800 1.98063363
3.56900 1.97991217
3.57000 1.97919117
3.57100 1.97847062
3.57200 1.97775052
3.57300 1.97703086
3.57400 1.97631166
3.57500 1.97559290
3.57600 1.97487459
3.57700 1.97415674
3.57800 1.97343932
3.57900 1.97272236
3.58000 1.97200584
3.58100 1.97128977
3.58200 1.97057414
3.58300 1.96985896
3.58400 1.96914422
3.58500 1.96842993
3.58600 1.96771608
3.58700 1.96700268
3.58800 1.96628972
3.58900 1.96557720
3.59000 1.96486513
3.59100 1.96415350
3.59200 1.96344231
3.59300 1.96273156
3.59400 1.96202125
3.59500 1.96131139
3.59600 1.96060196
3.59700 1.95989298
3.59800 1.95918443
3.59900 1.95847633
3.60000 1.95776866
3.60100 1.95706143
3.60200 1.95635464
3.60300 1.95564829
3.60400 1.95494237
3.60500 1.95423689
3.60600 1.95353185
3.60700 1.95282725
3.60800 1.95212308
3.60900 1.95141934
3.61000 1.95071605
3.61100 1.95001318
3.61200 1.94931075
3.61300 1.94860876
3.61400 1.94790720
3.61500 1.94720607
3.61600 1.94650537
3.61700 1.94580511
3.61800 1.94510528
3.61900 1.94440588
3.62000 1.94370692
3.62100 1.94300838
3.62200 1.94231027
3.62300 1.94161260
3.62400 1.94091535
3.62500 1.94021854
3.62600 1.93952215
3.62700 1.93882620
3.62800 1.93813067
3.62900 1.93743557
3.63000 1.93674089
3.63100 1.93604665
3.63200 1.93535283
3.63300 1.93465944
3.63400 1.93396647
3.63500 1.93327393
3.63600 1.93258182
3.63700 1.93189013
3.63800 1.93119887
3.63900 1.93050803
3.64000 1.92981761
3.64100 1.92912762
3.64200 1.92843806
3.64300 1.92774891
3.64400 1.92706019
3.64500 1.92637189
3.64600 1.92568401
3.64700 1.92499656
3.64800 1.92430952
3.64900 1.92362291
3.65000 1.92293671
3.65100 1.92225094
3.65200 1.92156559
3.65300 1.92088065
3.65400 1.92019614
3.65500 1.91951204
3.65600 1.91882837
3.65700 1.91814511
3.65800 1.91746226
3.65900 1.91677984
3.66000 1.91609783
3.66100 1.91541624
3.66200 1.91473507
3.66300 1.91405431
3.66400 1.91337396
3.66500 1.91269404
3.66600 1.91201452
3.66700 1.91133542
3.66800 1.91065674
3.66900 1.90997847
3.67000 1.90930061
3.67100 1.90862317
3.67200 1.90794614
3.67300 1.90726952
3.67400 1.90659331
3.67500 1.90591752
3.67600 1.90524213
3.67700 1.90456716
3.67800 1.90389260
3.67900 1.90321845
3.68000 1.90254471
3.68100 1.90187137
3.68200 1.90119845
3.68300 1.90052594
3.68400 1.89985383
3.68500 1.89918213
3.68600 1.89851085
3.68700 1.89783996
3.68800 1.89716949
3.68900 1.89649942
3.69000 1.89582976
3.69100 1.89516051
3.69200 1.89449166
3.69300 1.89382322
3.69400 1.89315518
3.69500 1.89248754
3.69600 1.89182032
3.69700 1.89115349
3.69800 1.89048707
3.69900 1.88982105
3.70000 1.88915544
3.70100 1.88849023
3.70200 1.88782542
3.70300 1.88716101
3.70400 1.88649701
3.70500 1.88583340
3.70600 1.88517020
3.70700 1.88450740
3.70800 1.88384500
3.70900 1.88318300
3.71000 1.88252139
3.71100 1.88186019
3.71200 1.88119939
3.71300 1.88053899
3.71400 1.87987898
3.71500 1.87921937
3.71600 1.87856016
3.71700 1.87790135
3.71800 1.87724293
3.71900 1.87658492
3.72000 1.87592729
3.72100 1.87527007
3.72200 1.87461324
3.72300 1.87395680
3.72400 1.87330076
3.72500 1.87264512
3.72600 1.87198987
3.72700 1.87133501
3.72800 1.87068055
3.72900 1.87002648
3.73000 1.86937280
3.73100 1.86871952
3.73200 1.86806663
3.73300 1.86741413
3.73400 1.86676202
3.73500 1.86611031
3.73600 1.86545898
3.73700 1.86480805
3.73800 1.86415751
3.73900 1.86350736
3.74000 1.86285759
3.74100 1.86220822
3.74200 1.86155924
3.74300 1.86091064
3.74400 1.86026244
3.74500 1.85961462
3.74600 1.85896719
3.74700 1.85832015
3.74800 1.85767349
3.74900 1.85702722
3.75000 1.85638134
3.75100 1.85573584
3.75200 1.85509074
3.75300 1.85444601
3.75400 1.85380167
3.75500 1.85315772
3.75600 1.85251415
3.75700 1.85187097
3.75800 1.85122817
3.75900 1.85058575
3.76000 1.84994372
3.76100 1.84930207
3.76200 1.84866080
3.76300 1.84801992
3.76400 1.84737942
3.76500 1.84673930
3.76600 1.84609956
3.76700 1.84546020
3.76800 1.84482122
3.76900 1.84418263
3.77000 1.84354441
3.77100 1.84290658
3.77200 1.84226912
3.77300 1.84163204
3.77400 1.84099535
3.77500 1.84035903
3.77600 1.83972309
3.77700 1.83908753
3.77800 1.83845234
3.77900 1.83781753
3.78000 1.83718311
3.78100 1.83654905
3.78200 1.83591538
3.78300 1.83528208
3.78400 1.83464915
3.78500 1.83401660
3.78600 1.83338443
3.78700 1.83275263
3.78800 1.83212121
3.78900 1.83149016
3.79000 1.83085948
3.79100 1.83022918
3.79200 1.82959926
3.79300 1.82896970
3.79400 1.82834052
3.79500 1.82771171
3.79600 1.82708327
3.79700 1.82645521
3.79800 1.82582751
3.79900 1.82520019
3.80000 1.82457324
3.80100 1.82394666
3.80200 1.82332045
3.80300 1.82269461
3.80400 1.82206914
3.80500 1.82144404
3.80600 1.82081931
3.80700 1.82019495
3.80800 1.81957095
3.80900 1.81894733
3.81000 1.81832407
3.81100 1.81770118
3.81200 1.81707866
3.81300 1.81645650
3.81400 1.81583472
3.81500 1.81521329
3.81600 1.81459224
3.81700 1.81397155
3.81800 1.81335123
3.81900 1.81273127
3.82000 1.81211167
3.82100 1.81149244
3.82200 1.81087358
3.82300 1.81025508
3.82400 1.80963694
3.82500 1.80901917
3.82600 1.80840176
3.82700 1.80778471
3.82800 1.80716803
3.82900 1.80655170
3.83000 1.80593574
3.83100 1.80532015
3.83200 1.80470491
3.83300 1.80409003
3.83400 1.80347552
3.83500 1.80286136
3.83600 1.80224757
3.83700 1.80163414
3.83800 1.80102106
3.83900 1.80040835
3.84000 1.79979599
3.84100 1.79918399
3.84200 1.79857235
3.84300 1.79796107
3.84400 1.79735015
3.84500 1.79673959
3.84600 1.79612938
3.84700 1.79551953
3.84800 1.79491004
3.84900 1.79430090
3.85000 1.79369212
3.85100 1.79308369
3.85200 1.79247562
3.85300 1.79186791
3.85400 1.79126055
3.85500 1.79065355
3.85600 1.79004690
3.85700 1.78944060
3.85800 1.78883466
3.85900 1.78822907
3.86000 1.78762384
3.86100 1.78701896
3.86200 1.78641443
3.86300 1.78581025
3.86400 1.78520643
3.86500 1.78460296
3.86600 1.78399984
3.86700 1.78339707
3.86800 1.78279465
3.86900 1.78219258
3.87000 1.78159086
3.87100 1.78098950
3.87200 1.78038848
3.87300 1.77978781
3.87400 1.77918750
3.87500 1.77858753
3.87600 1.77798791
3.87700 1.77738864
3.87800 1.77678971
3.87900 1.77619114
3.88000 1.77559291
3.88100 1.77499503
3.88200 1.77439750
3.88300 1.77380031
3.88400 1.77320347
3.88500 1.77260698
3.88600 1.77201083
3.88700 1.77141503
3.88800 1.77081957
3.88900 1.77022446
3.89000 1.76962970
3.89100 1.76903528
3.89200 1.76844120
3.89300 1.76784747
3.89400 1.76725408
3.89500 1.76666103
3.89600 1.76606833
3.89700 1.76547597
3.89800 1.76488395
3.89900 1.76429228
3.90000 1.76370095
3.90100 1.76310996
3.90200 1.76251931
3.90300 1.76192900
3.90400 1.76133903
3.90500 1.76074941
3.90600 1.76016012
3.90700 1.75957118
3.90800 1.75898257
3.90900 1.75839431
3.91000 1.75780638
3.91100 1.75721879
3.91200 1.75663155
3.91300 1.75604464
3.91400 1.75545806
3.91500 1.75487183
3.91600 1.75428594
3.91700 1.75370038
3.91800 1.75311516
3.91900 1.75253027
3.92000 1.75194573
3.92100 1.75136152
3.92200 1.75077764
3.92300 1.75019410
3.92400 1.74961090
3.92500 1.74902803
3.92600 1.74844550
3.92700 1.74786331
3.92800 1.74728144
3.92900 1.74669991
3.93000 1.74611872
3.93100 1.74553786
3.93200 1.74495733
3.93300 1.74437714
3.93400 1.74379728
3.93500 1.74321775
3.93600 1.74263855
3.93700 1.74205969
3.93800 1.74148116
3.93900 1.74090296
3.94000 1.74032509
3.94100 1.73974755
3.94200 1.73917034
3.94300 1.73859347
3.94400 1.73801692
3.94500 1.73744070
3.94600 1.73686482
3.94700 1.73628926
3.94800 1.73571403
3.94900 1.73513914
3.95000 1.73456457
3.95100 1.73399032
3.95200 1.73341641
3.95300 1.73284283
3.95400 1.73226957
3.95500 1.73169664
3.95600 1.73112404
3.95700 1.73055176
3.95800 1.72997981
3.95900 1.72940819
3.96000 1.72883690
3.96100 1.72826593
3.96200 1.72769528
3.96300 1.72712496
3.96400 1.72655497
3.96500 1.72598530
3.96600 1.72541595
3.96700 1.72484693
3.96800 1.72427824
3.96900 1.72370986
3.97000 1.72314182
3.97100 1.72257409
3.97200 1.72200669
3.97300 1.72143961
3.97400 1.72087285
3.97500 1.72030642
3.97600 1.71974030
3.97700 1.71917451
3.97800 1.71860904
3.97900 1.71804390
3.98000 1.71747907
3.98100 1.71691456
3.98200 1.71635038
3.98300 1.71578651
3.98400 1.71522297
3.98500 1.71465974
3.98600 1.71409684
3.98700 1.71353425
3.98800 1.71297198
3.98900 1.71241003
3.99000 1.71184840
3.99100 1.71128709
3.99200 1.71072610
3.99300 1.71016542
3.99400 1.70960506
3.99500 1.70904502
3.99600 1.70848530
3.99700 1.70792589
3.99800 1.70736680
3.99900 1.70680802
4.00000 1.70624957
4.00100 1.70569142
4.00200 1.70513360
4.00300 1.70457608
4.00400 1.70401889
4.00500 1.70346201
4.00600 1.70290544
4.00700 1.70234918
4.00800 1.70179325
4.00900 1.70123762
4.01000 1.70068231
4.01100 1.70012731
4.01200 1.69957262
4.01300 1.69901825
4.01400 1.69846419
4.01500 1.69791044
4.01600 1.69735701
4.01700 1.69680388
4.01800 1.69625107
4.01900 1.69569857
4.02000 1.69514638
4.02100 1.69459450
4.02200 1.69404294
4.02300 1.69349168
4.02400 1.69294073
4.02500 1.69239009
4.02600 1.69183976
4.02700 1.69128975
4.02800 1.69074004
4.02900 1.69019064
4.03000 1.68964154
4.03100 1.68909276
4.03200 1.68854429
4.03300 1.68799612
4.03400 1.68744826
4.03500 1.68690071
4.03600 1.68635346
4.03700 1.68580653
4.03800 1.68525990
4.03900 1.68471357
4.04000 1.68416755
4.04100 1.68362184
4.04200 1.68307644
4.04300 1.68253133
4.04400 1.68198654
4.04500 1.68144205
4.04600 1.68089786
4.04700 1.68035398
4.04800 1.67981041
4.04900 1.67926714
4.05000 1.67872417
4.05100 1.67818150
4.05200 1.67763914
4.05300 1.67709709
4.05400 1.67655533
4.05500 1.67601388
4.05600 1.67547273
4.05700 1.67493188
4.05800 1.67439134
4.05900 1.67385110
4.06000 1.67331115
4.06100 1.67277151
4.06200 1.67223217
4.06300 1.67169314
4.06400 1.67115440
4.06500 1.67061596
4.06600 1.67007782
4.06700 1.66953999
4.06800 1.66900245
4.06900 1.66846521
4.07000 1.66792827
4.07100 1.66739163
4.07200 1.66685529
4.07300 1.66631925
4.07400 1.66578351
4.07500 1.66524806
4.07600 1.66471291
4.07700 1.66417806
4.07800 1.66364351
4.07900 1.66310926
4.08000 1.66257530
4.08100 1.66204163
4.08200 1.66150827
4.08300 1.66097520
4.08400 1.66044243
4.08500 1.65990995
4.08600 1.65937777
4.08700 1.65884588
4.08800 1.65831429
4.08900 1.65778299
4.09000 1.65725199
4.09100 1.65672128
4.09200 1.65619087
4.09300 1.65566075
4.09400 1.65513093
4.09500 1.65460139
4.09600 1.65407215
4.09700 1.65354321
4.09800 1.65301456
4.09900 1.65248620
4.10000 1.65195813
4.10100 1.65143035
4.10200 1.65090287
4.10300 1.65037568
4.10400 1.64984878
4.10500 1.64932217
4.10600 1.64879585
4.10700 1.64826982
4.10800 1.64774409
4.10900 1.64721864
4.11000 1.64669348
4.11100 1.64616862
4.11200 1.64564404
4.11300 1.64511976
4.11400 1.64459576
4.11500 1.64407205
4.11600 1.64354863
4.11700 1.64302550
4.11800 1.64250266
4.11900 1.64198010
4.12000 1.64145783
4.12100 1.64093586
4.12200 1.64041416
4.12300 1.63989276
4.12400 1.63937164
4.12500 1.63885081
4.12600 1.63833027
4.12700 1.63781001
4.12800 1.63729004
4.12900 1.63677036
4.13000 1.63625096
4.13100 1.63573184
4.13200 1.63521301
4.13300 1.63469447
4.13400 1.63417621
4.13500 1.63365824
4.13600 1.63314055
4.13700 1.63262314
4.13800 1.63210602
4.13900 1.63158919
4.14000 1.63107263
4.14100 1.63055636
4.14200 1.63004037
4.14300 1.62952467
4.14400 1.62900925
4.14500 1.62849411
4.14600 1.62797925
4.14700 1.62746468
4.14800 1.62695038
4.14900 1.62643637
4.15000 1.62592264
4.15100 1.62540919
4.15200 1.62489603
4.15300 1.62438314
4.15400 1.62387053
4.15500 1.62335821
4.15600 1.62284616
4.15700 1.62233439
4.15800 1.62182291
4.15900 1.62131170
4.16000 1.62080077
4.16100 1.62029013
4.16200 1.61977976
4.16300 1.61926966
4.16400 1.61875985
4.16500 1.61825032
4.16600 1.61774106
4.16700 1.61723208
4.16800 1.61672338
4.16900 1.61621496
4.17000 1.61570681
4.17100 1.61519894
4.17200 1.61469135
4.17300 1.61418403
4.17400 1.61367699
4.17500 1.61317023
4.17600 1.61266374
4.17700 1.61215753
4.17800 1.61165159
4.17900 1.61114593
4.18000 1.61064055
4.18100 1.61013543
4.18200 1.60963060
4.18300 1.60912604
4.18400 1.60862175
4.18500 1.60811773
4.18600 1.60761399
4.18700 1.60711053
4.18800 1.60660733
4.18900 1.60610441
4.19000 1.60560177
4.19100 1.60509939
4.19200 1.60459729
4.19300 1.60409546
4.19400 1.60359390
4.19500 1.60309262
4.19600 1.60259161
4.19700 1.60209086
4.19800 1.60159039
4.19900 1.60109019
4.20000 1.60059027
4.20100 1.60009061
4.20200 1.59959122
4.20300 1.59909210
4.20400 1.59859326
4.20500 1.59809468
4.20600 1.59759637
4.20700 1.59709834
4.20800 1.59660057
4.20900 1.59610307
4.21000 1.59560584
4.21100 1.59510888
4.21200 1.59461218
4.21300 1.59411576
4.21400 1.59361960
4.21500 1.59312371
4.21600 1.59262809
4.21700 1.59213274
4.21800 1.59163765
4.21900 1.59114283
4.22000 1.59064828
4.22100 1.59015400
4.22200 1.58965998
4.22300 1.58916622
4.22400 1.58867274
4.22500 1.58817952
4.22600 1.58768656
4.22700 1.58719387
4.22800 1.58670145
4.22900 1.58620929
4.23000 1.58571739
4.23100 1.58522577
4.23200 1.58473440
4.23300 1.58424330
4.23400 1.58375246
4.23500 1.58326189
4.23600 1.58277158
4.23700 1.58228153
4.23800 1.58179175
4.23900 1.58130223
4.24000 1.58081298
4.24100 1.58032398
4.24200 1.57983525
4.24300 1.57934678
4.24400 1.57885858
4.24500 1.57837063
4.24600 1.57788295
4.24700 1.57739553
4.24800 1.57690837
4.24900 1.57642147
4.25000 1.57593483
4.25100 1.57544845
4.25200 1.57496234
4.25300 1.57447648
4.25400 1.57399088
4.25500 1.57350555
4.25600 1.57302047
4.25700 1.57253565
4.25800 1.57205110
4.25900 1.57156680
4.26000 1.57108276
4.26100 1.57059898
4.26200 1.57011546
4.26300 1.56963219
4.26400 1.56914919
4.26500 1.56866644
4.26600 1.56818395
4.26700 1.56770172
4.26800 1.56721975
4.26900 1.56673803
4.27000 1.56625657
4.27100 1.56577537
4.27200 1.56529442
4.27300 1.56481373
4.27400 1.56433330
4.27500 1.56385312
4.27600 1.56337320
4.27700 1.56289353
4.27800 1.56241412
4.27900 1.56193497
4.28000 1.56145607
4.28100 1.56097742
4.28200 1.56049903
4.28300 1.56002090
4.28400 1.55954302
4.28500 1.55906539
4.28600 1.55858802
4.28700 1.55811090
4.28800 1.55763404
4.28900 1.55715742
4.29000 1.55668107
4.29100 1.55620496
4.29200 1.55572911
4.29300 1.55525351
4.29400 1.55477816
4.29500 1.55430307
4.29600 1.55382823
4.29700 1.55335364
4.29800 1.55287930
4.29900 1.55240521
4.30000 1.55193137
4.30100 1.55145779
4.30200 1.55098446
4.30300 1.55051137
4.30400 1.55003854
4.30500 1.54956596
4.30600 1.54909363
4.30700 1.54862155
4.30800 1.54814972
4.30900 1.54767814
4.31000 1.54720681
4.31100 1.54673572
4.31200 1.54626489
4.31300 1.54579431
4.31400 1.54532397
4.31500 1.54485388
4.31600 1.54438405
4.31700 1.54391446
4.31800 1.54344511
4.31900 1.54297602
4.32000 1.54250717
4.32100 1.54203858
4.32200 1.54157022
4.32300 1.54110212
4.32400 1.54063426
4.32500 1.54016665
4.32600 1.53969929
4.32700 1.53923217
4.32800 1.53876530
4.32900 1.53829868
4.33000 1.53783230
4.33100 1.53736616
4.33200 1.53690028
4.33300 1.53643463
4.33400 1.53596924
4.33500 1.53550408
4.33600 1.53503918
4.33700 1.53457451
4.33800 1.53411010
4.33900 1.53364592
4.34000 1.53318199
4.34100 1.53271831
4.34200 1.53225486
4.34300 1.53179166
4.34400 1.53132871
4.34500 1.53086600
4.34600 1.53040353
4.34700 1.52994130
4.34800 1.52947932
4.34900 1.52901758
4.35000 1.52855608
4.35100 1.52809482
4.35200 1.52763381
4.35300 1.52717303
4.35400 1.52671250
4.35500 1.52625221
4.35600 1.52579217
4.35700 1.52533236
4.35800 1.52487279
4.35900 1.52441347
4.36000 1.52395438
4.36100 1.52349553
4.36200 1.52303693
4.36300 1.52257857
4.36400 1.52212044
4.36500 1.52166255
4.36600 1.52120491
4.36700 1.52074750
4.36800 1.52029034
4.36900 1.51983341
4.37000 1.51937672
4.37100 1.51892027
4.37200 1.51846405
4.37300 1.51800808
4.37400 1.51755234
4.37500 1.51709684
4.37600 1.51664158
4.37700 1.51618656
4.37800 1.51573178
4.37900 1.51527723
4.38000 1.51482292
4.38100 1.51436884
4.38200 1.51391500
4.38300 1.51346140
4.38400 1.51300804
4.38500 1.51255491
4.38600 1.51210202
4.38700 1.51164936
4.38800 1.51119694
4.38900 1.51074475
4.39000 1.51029280
4.39100 1.50984109
4.39200 1.50938961
4.39300 1.50893836
4.39400 1.50848735
4.39500 1.50803657
4.39600 1.50758603
4.39700 1.50713572
4.39800 1.50668565
4.39900 1.50623581
4.40000 1.50578620
4.40100 1.50533683
4.40200 1.50488769
4.40300 1.50443878
4.40400 1.50399011
4.40500 1.50354167
4.40600 1.50309346
4.40700 1.50264548
4.40800 1.50219774
4.40900 1.50175023
4.41000 1.50130295
4.41100 1.50085590
4.41200 1.50040908
4.41300 1.49996250
4.41400 1.49951615
4.41500 1.49907002
4.41600 1.49862413
4.41700 1.49817847
4.41800 1.49773304
4.41900 1.49728784
4.42000 1.49684287
4.42100 1.49639813
4.42200 1.49595362
4.42300 1.49550934
4.42400 1.49506529
4.42500 1.49462147
4.42600 1.49417788
4.42700 1.49373452
4.42800 1.49329138
4.42900 1.49284848
4.43000 1.49240580
4.43100 1.49196335
4.43200 1.49152113
4.43300 1.49107914
4.43400 1.49063738
4.43500 1.49019584
4.43600 1.48975453
4.43700 1.48931345
4.43800 1.48887260
4.43900 1.48843197
4.44000 1.48799157
4.44100 1.48755140
4.44200 1.48711145
4.44300 1.48667173
4.44400 1.48623224
4.44500 1.48579297
4.44600 1.48535393
4.44700 1.48491512
4.44800 1.48447653
4.44900 1.48403816
4.45000 1.48360002
4.45100 1.48316211
4.45200 1.48272442
4.45300 1.48228696
4.45400 1.48184972
4.45500 1.48141270
4.45600 1.48097591
4.45700 1.48053934
4.45800 1.48010300
4.45900 1.47966688
4.46000 1.47923099
4.46100 1.47879532
4.46200 1.47835987
4.46300 1.47792464
4.46400 1.47748964
4.46500 1.47705486
4.46600 1.47662031
4.46700 1.47618597
4.46800 1.47575186
4.46900 1.47531797
4.47000 1.47488431
4.47100 1.47445086
4.47200 1.47401764
4.47300 1.47358464
4.47400 1.47315186
4.47500 1.47271930
4.47600 1.47228696
4.47700 1.47185484
4.47800 1.47142295
4.47900 1.47099127
4.48000 1.47055982
4.48100 1.47012858
4.48200 1.46969757
4.48300 1.46926678
4.48400 1.46883620
4.48500 1.46840585
4.48600 1.46797571
4.48700 1.46754580
4.48800 1.46711610
4.48900 1.46668662
4.49000 1.46625736
4.49100 1.46582832
4.49200 1.46539950
4.49300 1.46497090
4.49400 1.46454252
4.49500 1.46411435
4.49600 1.46368640
4.49700 1.46325867
4.49800 1.46283116
4.49900 1.46240386
4.50000 1.46197679
4.50100 1.46154993
4.50200 1.46112328
4.50300 1.46069686
4.50400 1.46027065
4.50500 1.45984465
4.50600 1.45941888
4.50700 1.45899332
4.50800 1.45856797
4.50900 1.45814284
4.51000 1.45771793
4.51100 1.45729323
4.51200 1.45686875
4.51300 1.45644449
4.51400 1.45602044
4.51500 1.45559660
4.51600 1.45517298
4.51700 1.45474957
4.51800 1.45432638
4.51900 1.45390341
4.52000 1.45348064
4.52100 1.45305809
4.52200 1.45263576
4.52300 1.45221364
4.52400 1.45179173
4.52500 1.45137004
4.52600 1.45094856
4.52700 1.45052729
4.52800 1.45010624
4.52900 1.44968540
4.53000 1.44926477
4.53100 1.44884435
4.53200 1.44842415
4.53300 1.44800416
4.53400 1.44758438
4.53500 1.44716481
4.53600 1.44674546
4.53700 1.44632632
4.53800 1.44590738
4.53900 1.44548866
4.54000 1.44507016
4.54100 1.44465186
4.54200 1.44423377
4.54300 1.44381589
4.54400 1.44339823
4.54500 1.44298078
4.54600 1.44256353
4.54700 1.44214650
4.54800 1.44172967
4.54900 1.44131306
4.55000 1.44089665
4.55100 1.44048046
4.55200 1.44006447
4.55300 1.43964870
4.55400 1.43923313
4.55500 1.43881777
4.55600 1.43840263
4.55700 1.43798769
4.55800 1.43757295
4.55900 1.43715843
4.56000 1.43674412
4.56100 1.43633001
4.56200 1.43591611
4.56300 1.43550242
4.56400 1.43508894
4.56500 1.43467566
4.56600 1.43426259
4.56700 1.43384973
4.56800 1.43343708
4.56900 1.43302463
4.57000 1.43261239
4.57100 1.43220036
4.57200 1.43178853
4.57300 1.43137691
4.57400 1.43096550
4.57500 1.43055429
4.57600 1.43014329
4.57700 1.42973249
4.57800 1.42932190
4.57900 1.42891152
4.58000 1.42850134
4.58100 1.42809136
4.58200 1.42768159
4.58300 1.42727203
4.58400 1.42686267
4.58500 1.42645352
4.58600 1.42604457
4.58700 1.42563582
4.58800 1.42522728
4.58900 1.42481894
4.59000 1.42441081
4.59100 1.42400288
4.59200 1.42359515
4.59300 1.42318763
4.59400 1.42278031
4.59500 1.42237319
4.59600 1.42196628
4.59700 1.42155957
4.59800 1.42115306
4.59900 1.42074676
4.60000 1.42034066
4.60100 1.41993476
4.60200 1.41952906
4.60300 1.41912356
4.60400 1.41871827
4.60500 1.41831318
4.60600 1.41790829
4.60700 1.41750360
4.60800 1.41709911
4.60900 1.41669483
4.61000 1.41629074
4.61100 1.41588686
4.61200 1.41548317
4.61300 1.41507969
4.61400 1.41467641
4.61500 1.41427333
4.61600 1.41387045
4.61700 1.41346777
4.61800 1.41306528
4.61900 1.41266300
4.62000 1.41226092
4.62100 1.41185904
4.62200 1.41145736
4.62300 1.41105587
4.62400 1.41065459
4.62500 1.41025350
4.62600 1.40985262
4.62700 1.40945193
4.62800 1.40905144
4.62900 1.40865115
4.63000 1.40825106
4.63100 1.40785116
4.63200 1.40745147
4.63300 1.40705197
4.63400 1.40665267
4.63500 1.40625357
4.63600 1.40585466
4.63700 1.40545595
4.63800 1.40505744
4.63900 1.40465913
4.64000 1.40426101
4.64100 1.40386309
4.64200 1.40346537
4.64300 1.40306784
4.64400 1.40267051
4.64500 1.40227338
4.64600 1.40187644
4.64700 1.40147970
4.64800 1.40108315
4.64900 1.40068680
4.65000 1.40029064
4.65100 1.39989468
4.65200 1.39949892
4.65300 1.39910335
4.65400 1.39870798
4.65500 1.39831280
4.65600 1.39791781
4.65700 1.39752302
4.65800 1.39712843
4.65900 1.39673403
4.66000 1.39633982
4.66100 1.39594581
4.66200 1.39555199
4.66300 1.39515836
4.66400 1.39476493
4.66500 1.39437169
4.66600 1.39397865
4.66700 1.39358580
4.66800 1.39319314
4.66900 1.39280067
4.67000 1.39240840
4.67100 1.39201632
4.67200 1.39162444
4.67300 1.39123274
4.67400 1.39084124
4.67500 1.39044993
4.67600 1.39005881
4.67700 1.38966789
4.67800 1.38927715
4.67900 1.38888661
4.68000 1.38849626
4.68100 1.38810610
4.68200 1.38771613
4.68300 1.38732635
4.68400 1.38693677
4.68500 1.38654737
4.68600 1.38615817
4.68700 1.38576915
4.68800 1.38538033
4.68900 1.38499170
4.69000 1.38460325
4.69100 1.38421500
4.69200 1.38382694
4.69300 1.38343907
4.69400 1.38305138
4.69500 1.38266389
4.69600 1.38227658
4.69700 1.38188947
4.69800 1.38150254
4.69900 1.38111581
4.70000 1.38072926
4.70100 1.38034290
4.70200 1.37995673
4.70300 1.37957075
4.70400 1.37918495
4.70500 1.37879935
4.70600 1.37841393
4.70700 1.37802870
4.70800 1.37764366
4.70900 1.37725881
4.71000 1.37687414
4.71100 1.37648966
4.71200 1.37610537
4.71300 1.37572127
4.71400 1.37533735
4.71500 1.37495362
4.71600 1.37457008
4.71700 1.37418672
4.71800 1.37380355
4.71900 1.37342057
4.72000 1.37303777
4.72100 1.37265516
4.72200 1.37227274
4.72300 1.37189050
4.72400 1.37150845
4.72500 1.37112658
4.72600 1.37074490
4.72700 1.37036340
4.72800 1.36998209
4.72900 1.36960097
4.73000 1.36922003
4.73100 1.36883927
4.73200 1.36845870
4.73300 1.36807831
4.73400 1.36769811
4.73500 1.36731809
4.73600 1.36693826
4.73700 1.36655861
4.73800 1.36617915
4.73900 1.36579987
4.74000 1.36542077
4.74100 1.36504186
4.74200 1.36466313
4.74300 1.36428458
4.74400 1.36390622
4.74500 1.36352804
4.74600 1.36315004
4.74700 1.36277223
4.74800 1.36239460
4.74900 1.36201715
4.75000 1.36163988
4.75100 1.36126280
4.75200 1.36088590
4.75300 1.36050918
4.75400 1.36013264
4.75500 1.35975629
4.75600 1.35938011
4.75700 1.35900412
4.75800 1.35862831
4.75900 1.35825268
4.76000 1.35787723
4.76100 1.35750197
4.76200 1.35712688
4.76300 1.35675198
4.76400 1.35637725
4.76500 1.35600271
4.76600 1.35562835
4.76700 1.35525417
4.76800 1.35488017
4.76900 1.35450635
4.77000 1.35413270
4.77100 1.35375924
4.77200 1.35338596
4.77300 1.35301286
4.77400 1.35263994
4.77500 1.35226720
4.77600 1.35189463
4.77700 1.35152225
4.77800 1.35115004
4.77900 1.35077802
4.78000 1.35040617
4.78100 1.35003450
4.78200 1.34966301
4.78300 1.34929170
4.78400 1.34892057
4.78500 1.34854961
4.78600 1.34817884
4.78700 1.34780824
4.78800 1.34743782
4.78900 1.34706757
4.79000 1.34669751
4.79100 1.34632762
4.79200 1.34595791
4.79300 1.34558838
4.79400 1.34521902
4.79500 1.34484984
4.79600 1.34448084
4.79700 1.34411201
4.79800 1.34374336
4.79900 1.34337489
4.80000 1.34300660
4.80100 1.34263848
4.80200 1.34227053
4.80300 1.34190277
4.80400 1.34153518
4.80500 1.34116776
4.80600 1.34080052
4.80700 1.34043346
4.80800 1.34006657
4.80900 1.33969986
4.81000 1.33933332
4.81100 1.33896696
4.81200 1.33860077
4.81300 1.33823476
4.81400 1.33786892
4.81500 1.33750325
4.81600 1.33713777
4.81700 1.33677245
4.81800 1.33640731
4.81900 1.33604235
4.82000 1.33567755
4.82100 1.33531294
4.82200 1.33494849
4.82300 1.33458422
4.82400 1.33422012
4.82500 1.33385620
4.82600 1.33349245
4.82700 1.33312887
4.82800 1.33276547
4.82900 1.33240224
4.83000 1.33203918
4.83100 1.33167630
4.83200 1.33131359
4.83300 1.33095105
4.83400 1.33058868
4.83500 1.33022649
4.83600 1.32986446
4.83700 1.32950261
4.83800 1.32914093
4.83900 1.32877943
4.84000 1.32841809
4.84100 1.32805693
4.84200 1.32769594
4.84300 1.32733512
4.84400 1.32697447
4.84500 1.32661399
4.84600 1.32625368
4.84700 1.32589355
4.84800 1.32553358
4.84900 1.32517379
4.85000 1.32481416
4.85100 1.32445471
4.85200 1.32409543
4.85300 1.32373632
4.85400 1.32337737
4.85500 1.32301860
4.85600 1.32266000
4.85700 1.32230157
4.85800 1.32194330
4.85900 1.32158521
4.86000 1.32122728
4.86100 1.32086953
4.86200 1.32051194
4.86300 1.32015453
4.86400 1.31979728
4.86500 1.31944020
4.86600 1.31908329
4.86700 1.31872655
4.86800 1.31836998
4.86900 1.31801357
4.87000 1.31765734
4.87100 1.31730127
4.87200 1.31694537
4.87300 1.31658964
4.87400 1.31623408
4.87500 1.31587868
4.87600 1.31552345
4.87700 1.31516839
4.87800 1.31481350
4.87900 1.31445877
4.88000 1.31410421
4.88100 1.31374982
4.88200 1.31339560
4.88300 1.31304154
4.88400 1.31268765
4.88500 1.31233392
4.88600 1.31198037
4.88700 1.31162698
4.88800 1.31127375
4.88900 1.31092069
4.89000 1.31056780
4.89100 1.31021507
4.89200 1.30986251
4.89300 1.30951012
4.89400 1.30915789
4.89500 1.30880582
4.89600 1.30845392
4.89700 1.30810219
4.89800 1.30775062
4.89900 1.30739922
4.90000 1.30704798
4.90100 1.30669691
4.90200 1.30634600
4.90300 1.30599526
4.90400 1.30564468
4.90500 1.30529426
4.90600 1.30494401
4.90700 1.30459393
4.90800 1.30424401
4.90900 1.30389425
4.91000 1.30354465
4.91100 1.30319522
4.91200 1.30284596
4.91300 1.30249685
4.91400 1.30214791
4.91500 1.30179914
4.91600 1.30145053
4.91700 1.30110208
4.91800 1.30075379
4.91900 1.30040567
4.92000 1.30005770
4.92100 1.29970991
4.92200 1.29936227
4.92300 1.29901480
4.92400 1.29866749
4.92500 1.29832034
4.92600 1.29797335
4.92700 1.29762653
4.92800 1.29727987
4.92900 1.29693336
4.93000 1.29658703
4.93100 1.29624085
4.93200 1.29589483
4.93300 1.29554898
4.93400 1.29520329
4.93500 1.29485775
4.93600 1.29451238
4.93700 1.29416717
4.93800 1.29382213
4.93900 1.29347724
4.94000 1.29313251
4.94100 1.29278794
4.94200 1.29244354
4.94300 1.29209929
4.94400 1.29175521
4.94500 1.29141128
4.94600 1.29106752
4.94700 1.29072391
4.94800 1.29038047
4.94900 1.29003718
4.95000 1.28969405
4.95100 1.28935109
4.95200 1.28900828
4.95300 1.28866563
4.95400 1.28832314
4.95500 1.28798081
4.95600 1.28763864
4.95700 1.28729663
4.95800 1.28695478
4.95900 1.28661308
4.96000 1.28627155
4.96100 1.28593017
4.96200 1.28558895
4.96300 1.28524789
4.96400 1.28490699
4.96500 1.28456624
4.96600 1.28422566
4.96700 1.28388523
4.96800 1.28354496
4.96900 1.28320485
4.97000 1.28286489
4.97100 1.28252509
4.97200 1.28218545
4.97300 1.28184597
4.97400 1.28150664
4.97500 1.28116747
4.97600 1.28082846
4.97700 1.28048960
4.97800 1.28015090
4.97900 1.27981236
4.98000 1.27947397
4.98100 1.27913574
4.98200 1.27879767
4.98300 1.27845975
4.98400 1.27812199
4.98500 1.27778439
4.98600 1.27744694
4.98700 1.27710965
4.98800 1.27677251
4.98900 1.27643553
4.99000 1.27609870
4.99100 1.27576203
4.99200 1.27542551
4.99300 1.27508915
4.99400 1.27475295
4.99500 1.27441689
4.99600 1.27408100
4.99700 1.27374526
4.99800 1.27340967
4.99900 1.27307424
5.00000 1.27273896
