1.00000 10.25409593
1.00100 10.24043974
1.00200 10.22681534
1.00300 10.21322263
1.00400 10.19966150
1.00500 10.18613186
1.00600 10.17263359
1.00700 10.15916659
1.00800 10.14573076
1.00900 10.13232600
1.01000 10.11895220
1.01100 10.10560926
1.01200 10.09229708
1.01300 10.07901556
1.01400 10.06576459
1.01500 10.05254409
1.01600 10.03935394
1.01700 10.02619404
1.01800 10.01306431
1.01900 9.99996463
1.02000 9.98689492
1.02100 9.97385507
1.02200 9.96084499
1.02300 9.94786458
1.02400 9.93491374
1.02500 9.92199237
1.02600 9.90910039
1.02700 9.89623769
1.02800 9.88340419
1.02900 9.87059978
1.03000 9.85782437
1.03100 9.84507787
1.03200 9.83236019
1.03300 9.81967123
1.03400 9.80701089
1.03500 9.79437910
1.03600 9.78177575
1.03700 9.76920075
1.03800 9.75665402
1.03900 9.74413546
1.04000 9.73164498
1.04100 9.71918249
1.04200 9.70674791
1.04300 9.69434114
1.04400 9.68196209
1.04500 9.66961068
1.04600 9.65728682
1.04700 9.64499042
1.04800 9.63272139
1.04900 9.62047965
1.05000 9.60826510
1.05100 9.59607768
1.05200 9.58391727
1.05300 9.57178381
1.05400 9.55967721
1.05500 9.54759738
1.05600 9.53554423
1.05700 9.52351769
1.05800 9.51151767
1.05900 9.49954409
1.06000 9.48759685
1.06100 9.47567589
1.06200 9.46378112
1.06300 9.45191245
1.06400 9.44006980
1.06500 9.42825310
1.06600 9.41646225
1.06700 9.40469719
1.06800 9.39295783
1.06900 9.38124409
1.07000 9.36955588
1.07100 9.35789314
1.07200 9.34625578
1.07300 9.33464372
1.07400 9.32305689
1.07500 9.31149520
1.07600 9.29995858
1.07700 9.28844695
1.07800 9.27696023
1.07900 9.26549835
1.08000 9.25406123
1.08100 9.24264879
1.08200 9.23126096
1.08300 9.21989766
1.08400 9.20855882
1.08500 9.19724436
1.08600 9.18595420
1.08700 9.17468827
1.08800 9.16344651
1.08900 9.15222882
1.09000 9.14103515
1.09100 9.12986541
1.09200 9.11871953
1.09300 9.10759745
1.09400 9.09649908
1.09500 9.08542436
1.09600 9.07437322
1.09700 9.06334557
1.09800 9.05234136
1.09900 9.04136051
1.10000 9.03040294
1.10100 9.01946860
1.10200 9.00855740
1.10300 8.99766928
1.10400 8.98680417
1.10500 8.97596200
1.10600 8.96514270
1.10700 8.95434620
1.10800 8.94357244
1.10900 8.93282134
1.11000 8.92209283
1.11100 8.91138686
1.11200 8.90070334
1.11300 8.89004222
1.11400 8.87940343
1.11500 8.86878690
1.11600 8.85819256
1.11700 8.84762034
1.11800 8.83707019
1.11900 8.82654204
1.12000 8.81603582
1.12100 8.80555146
1.12200 8.79508890
1.12300 8.78464807
1.12400 8.77422892
1.12500 8.76383138
1.12600 8.75345537
1.12700 8.74310085
1.12800 8.73276774
1.12900 8.72245599
1.13000 8.71216552
1.13100 8.70189629
1.13200 8.69164821
1.13300 8.68142124
1.13400 8.67121531
1.13500 8.66103035
1.13600 8.65086632
1.13700 8.64072314
1.13800 8.63060075
1.13900 8.62049910
1.14000 8.61041811
1.14100 8.60035775
1.14200 8.59031793
1.14300 8.58029861
1.14400 8.57029972
1.14500 8.56032120
1.14600 8.55036300
1.14700 8.54042505
1.14800 8.53050729
1.14900 8.52060968
1.15000 8.51073214
1.15100 8.50087463
1.15200 8.49103708
1.15300 8.48121943
1.15400 8.47142163
1.15500 8.46164363
1.15600 8.45188535
1.15700 8.44214675
1.15800 8.43242778
1.15900 8.42272836
1.16000 8.41304846
1.16100 8.40338800
1.16200 8.39374695
1.16300 8.38412523
1.16400 8.37452279
1.16500 8.36493959
1.16600 8.35537556
1.16700 8.34583065
1.16800 8.33630481
1.16900 8.32679797
1.17000 8.31731010
1.17100 8.30784112
1.17200 8.29839100
1.17300 8.28895967
1.17400 8.27954708
1.17500 8.27015319
1.17600 8.26077792
1.17700 8.25142125
1.17800 8.24208310
1.17900 8.23276343
1.18000 8.22346218
1.18100 8.21417932
1.18200 8.20491477
1.18300 8.19566849
1.18400 8.18644044
1.18500 8.17723055
1.18600 8.16803877
1.18700 8.15886507
1.18800 8.14970938
1.18900 8.14057165
1.19000 8.13145184
1.19100 8.12234989
1.19200 8.11326576
1.19300 8.10419940
1.19400 8.09515074
1.19500 8.08611976
1.19600 8.07710639
1.19700 8.06811058
1.19800 8.05913230
1.19900 8.05017149
1.20000 8.04122809
1.20100 8.03230208
1.20200 8.02339338
1.20300 8.01450196
1.20400 8.00562777
1.20500 7.99677077
1.20600 7.98793089
1.20700 7.97910811
1.20800 7.97030236
1.20900 7.96151361
1.21000 7.95274180
1.21100 7.94398689
1.21200 7.93524883
1.21300 7.92652758
1.21400 7.91782309
1.21500 7.90913531
1.21600 7.90046420
1.21700 7.89180971
1.21800 7.88317181
1.21900 7.87455043
1.22000 7.86594554
1.22100 7.85735709
1.22200 7.84878504
1.22300 7.84022934
1.22400 7.83168995
1.22500 7.82316682
1.22600 7.81465991
1.22700 7.80616918
1.22800 7.79769457
1.22900 7.78923606
1.23000 7.78079358
1.23100 7.77236711
1.23200 7.76395660
1.23300 7.75556200
1.23400 7.74718327
1.23500 7.73882037
1.23600 7.73047325
1.23700 7.72214188
1.23800 7.71382620
1.23900 7.70552619
1.24000 7.69724179
1.24100 7.68897297
1.24200 7.68071968
1.24300 7.67248188
1.24400 7.66425952
1.24500 7.65605258
1.24600 7.64786100
1.24700 7.63968475
1.24800 7.63152379
1.24900 7.62337807
1.25000 7.61524755
1.25100 7.60713219
1.25200 7.59903196
1.25300 7.59094681
1.25400 7.58287670
1.25500 7.57482159
1.25600 7.56678144
1.25700 7.55875622
1.25800 7.55074588
1.25900 7.54275039
1.26000 7.53476970
1.26100 7.52680377
1.26200 7.51885257
1.26300 7.51091606
1.26400 7.50299420
1.26500 7.49508695
1.26600 7.48719427
1.26700 7.47931612
1.26800 7.47145247
1.26900 7.46360328
1.27000 7.45576850
1.27100 7.44794811
1.27200 7.44014206
1.27300 7.43235031
1.27400 7.42457284
1.27500 7.41680959
1.27600 7.40906054
1.27700 7.40132565
1.27800 7.39360488
1.27900 7.38589819
1.28000 7.37820555
1.28100 7.37052691
1.28200 7.36286226
1.28300 7.35521154
1.28400 7.34757472
1.28500 7.33995176
1.28600 7.33234264
1.28700 7.32474731
1.28800 7.31716574
1.28900 7.30959789
1.29000 7.30204372
1.29100 7.29450321
1.29200 7.28697631
1.29300 7.27946300
1.29400 7.27196323
1.29500 7.26447697
1.29600 7.25700419
1.29700 7.24954485
1.29800 7.24209892
1.29900 7.23466637
1.30000 7.22724715
1.30100 7.21984123
1.30200 7.21244859
1.30300 7.20506918
1.30400 7.19770298
1.30500 7.19034994
1.30600 7.18301004
1.30700 7.17568324
1.30800 7.16836951
1.30900 7.16106882
1.31000 7.15378113
1.31100 7.14650640
1.31200 7.13924462
1.31300 7.13199573
1.31400 7.12475972
1.31500 7.11753654
1.31600 7.11032617
1.31700 7.10312858
1.31800 7.09594372
1.31900 7.08877157
1.32000 7.08161210
1.32100 7.07446528
1.32200 7.06733106
1.32300 7.06020943
1.32400 7.05310034
1.32500 7.04600378
1.32600 7.03891970
1.32700 7.03184807
1.32800 7.02478887
1.32900 7.01774206
1.33000 7.01070761
1.33100 7.00368549
1.33200 6.99667567
1.33300 6.98967812
1.33400 6.98269281
1.33500 6.97571971
1.33600 6.96875878
1.33700 6.96181000
1.33800 6.95487333
1.33900 6.94794876
1.34000 6.94103623
1.34100 6.93413574
1.34200 6.92724724
1.34300 6.92037071
1.34400 6.91350611
1.34500 6.90665342
1.34600 6.89981261
1.34700 6.89298365
1.34800 6.88616651
1.34900 6.87936116
1.35000 6.87256756
1.35100 6.86578570
1.35200 6.85901555
1.35300 6.85225706
1.35400 6.84551023
1.35500 6.83877501
1.35600 6.83205137
1.35700 6.82533930
1.35800 6.81863876
1.35900 6.81194972
1.36000 6.80527216
1.36100 6.79860604
1.36200 6.79195134
1.36300 6.78530804
1.36400 6.77867609
1.36500 6.77205548
1.36600 6.76544618
1.36700 6.75884816
1.36800 6.75226139
1.36900 6.74568585
1.37000 6.73912150
1.37100 6.73256833
1.37200 6.72602630
1.37300 6.71949538
1.37400 6.71297556
1.37500 6.70646679
1.37600 6.69996907
1.37700 6.69348235
1.37800 6.68700661
1.37900 6.68054183
1.38000 6.67408798
1.38100 6.66764504
1.38200 6.66121297
1.38300 6.65479175
1.38400 6.64838135
1.38500 6.64198175
1.38600 6.63559293
1.38700 6.62921485
1.38800 6.62284749
1.38900 6.61649083
1.39000 6.61014484
1.39100 6.60380949
1.39200 6.59748476
1.39300 6.59117062
1.39400 6.58486705
1.39500 6.57857403
1.39600 6.57229151
1.39700 6.56601950
1.39800 6.55975794
1.39900 6.55350684
1.40000 6.54726614
1.40100 6.54103584
1.40200 6.53481591
1.40300 6.52860632
1.40400 6.52240705
1.40500 6.51621808
1.40600 6.51003937
1.40700 6.50387091
1.40800 6.49771267
1.40900 6.49156463
1.41000 6.48542676
1.41100 6.47929904
1.41200 6.47318144
1.41300 6.46707395
1.41400 6.46097653
1.41500 6.45488917
1.41600 6.44881183
1.41700 6.44274450
1.41800 6.43668716
1.41900 6.43063977
1.42000 6.42460232
1.42100 6.41857478
1.42200 6.41255713
1.42300 6.40654935
1.42400 6.40055141
1.42500 6.39456329
1.42600 6.38858497
1.42700 6.38261642
1.42800 6.37665762
1.42900 6.37070856
1.43000 6.36476919
1.43100 6.35883952
1.43200 6.35291950
1.43300 6.34700912
1.43400 6.34110835
1.43500 6.33521718
1.43600 6.32933559
1.43700 6.32346354
1.43800 6.31760101
1.43900 6.31174800
1.44000 6.30590446
1.44100 6.30007039
1.44200 6.29424575
1.44300 6.28843054
1.44400 6.28262471
1.44500 6.27682827
1.44600 6.27104117
1.44700 6.26526341
1.44800 6.25949495
1.44900 6.25373579
1.45000 6.24798589
1.45100 6.24224523
1.45200 6.23651380
1.45300 6.23079157
1.45400 6.22507852
1.45500 6.21937464
1.45600 6.21367989
1.45700 6.20799427
1.45800 6.20231774
1.45900 6.19665028
1.46000 6.19099189
1.46100 6.18534253
1.46200 6.17970219
1.46300 6.17407084
1.46400 6.16844846
1.46500 6.16283504
1.46600 6.15723055
1.46700 6.15163498
1.46800 6.14604830
1.46900 6.14047049
1.47000 6.13490153
1.47100 6.12934141
1.47200 6.12379010
1.47300 6.11824758
1.47400 6.11271383
1.47500 6.10718884
1.47600 6.10167258
1.47700 6.09616503
1.47800 6.09066618
1.47900 6.08517600
1.48000 6.07969448
1.48100 6.07422159
1.48200 6.06875732
1.48300 6.06330165
1.48400 6.05785455
1.48500 6.05241601
1.48600 6.04698601
1.48700 6.04156452
1.48800 6.03615154
1.48900 6.03074704
1.49000 6.02535100
1.49100 6.01996341
1.49200 6.01458424
1.49300 6.00921348
1.49400 6.00385110
1.49500 5.99849709
1.49600 5.99315143
1.49700 5.98781410
1.49800 5.98248509
1.49900 5.97716437
1.50000 5.97185193
1.50100 5.96654774
1.50200 5.96125179
1.50300 5.95596406
1.50400 5.95068454
1.50500 5.94541320
1.50600 5.94015002
1.50700 5.93489500
1.50800 5.92964810
1.50900 5.92440932
1.51000 5.91917863
1.51100 5.91395602
1.51200 5.90874146
1.51300 5.90353495
1.51400 5.89833646
1.51500 5.89314598
1.51600 5.88796348
1.51700 5.88278896
1.51800 5.87762238
1.51900 5.87246375
1.52000 5.86731303
1.52100 5.86217021
1.52200 5.85703527
1.52300 5.85190820
1.52400 5.84678898
1.52500 5.84167760
1.52600 5.83657402
1.52700 5.83147825
1.52800 5.82639025
1.52900 5.82131002
1.53000 5.81623754
1.53100 5.81117278
1.53200 5.80611574
1.53300 5.80106640
1.53400 5.79602473
1.53500 5.79099073
1.53600 5.78596437
1.53700 5.78094565
1.53800 5.77593453
1.53900 5.77093102
1.54000 5.76593508
1.54100 5.76094671
1.54200 5.75596588
1.54300 5.75099259
1.54400 5.74602681
1.54500 5.74106853
1.54600 5.73611773
1.54700 5.73117440
1.54800 5.72623852
1.54900 5.72131008
1.55000 5.71638905
1.55100 5.71147542
1.55200 5.70656918
1.55300 5.70167032
1.55400 5.69677880
1.55500 5.69189463
1.55600 5.68701778
1.55700 5.68214823
1.55800 5.67728598
1.55900 5.67243101
1.56000 5.66758330
1.56100 5.66274283
1.56200 5.65790959
1.56300 5.65308357
1.56400 5.64826474
1.56500 5.64345310
1.56600 5.63864863
1.56700 5.63385131
1.56800 5.62906113
1.56900 5.62427807
1.57000 5.61950212
1.57100 5.61473326
1.57200 5.60997149
1.57300 5.60521677
1.57400 5.60046910
1.57500 5.59572846
1.57600 5.59099485
1.57700 5.58626823
1.57800 5.58154860
1.57900 5.57683595
1.58000 5.57213026
1.58100 5.56743151
1.58200 5.56273969
1.58300 5.55805478
1.58400 5.55337678
1.58500 5.54870566
1.58600 5.54404141
1.58700 5.53938402
1.58800 5.53473347
1.58900 5.53008975
1.59000 5.52545285
1.59100 5.52082274
1.59200 5.51619942
1.59300 5.51158287
1.59400 5.50697308
1.59500 5.50237003
1.59600 5.49777371
1.59700 5.49318410
1.59800 5.48860120
1.59900 5.48402498
1.60000 5.47945544
1.60100 5.47489255
1.60200 5.47033631
1.60300 5.46578670
1.60400 5.46124371
1.60500 5.45670732
1.60600 5.45217752
1.60700 5.44765430
1.60800 5.44313765
1.60900 5.43862754
1.61000 5.43412396
1.61100 5.42962691
1.61200 5.42513637
1.61300 5.42065232
1.61400 5.41617476
1.61500 5.41170366
1.61600 5.40723902
1.61700 5.40278082
1.61800 5.39832905
1.61900 5.39388369
1.62000 5.38944474
1.62100 5.38501218
1.62200 5.38058599
1.62300 5.37616616
1.62400 5.37175268
1.62500 5.36734554
1.62600 5.36294473
1.62700 5.35855022
1.62800 5.35416202
1.62900 5.34978009
1.63000 5.34540444
1.63100 5.34103505
1.63200 5.33667191
1.63300 5.33231499
1.63400 5.32796430
1.63500 5.32361982
1.63600 5.31928154
1.63700 5.31494943
1.63800 5.31062350
1.63900 5.30630372
1.64000 5.30199009
1.64100 5.29768260
1.64200 5.29338122
1.64300 5.28908595
1.64400 5.28479678
1.64500 5.28051369
1.64600 5.27623667
1.64700 5.27196571
1.64800 5.26770080
1.64900 5.26344192
1.65000 5.25918907
1.65100 5.25494222
1.65200 5.25070137
1.65300 5.24646651
1.65400 5.24223762
1.65500 5.23801469
1.65600 5.23379771
1.65700 5.22958667
1.65800 5.22538155
1.65900 5.22118235
1.66000 5.21698905
1.66100 5.21280164
1.66200 5.20862011
1.66300 5.20444445
1.66400 5.20027464
1.66500 5.19611067
1.66600 5.19195253
1.66700 5.18780022
1.66800 5.18365371
1.66900 5.17951300
1.67000 5.17537807
1.67100 5.17124892
1.67200 5.16712552
1.67300 5.16300788
1.67400 5.15889598
1.67500 5.15478980
1.67600 5.15068935
1.67700 5.14659459
1.67800 5.14250553
1.67900 5.13842215
1.68000 5.13434444
1.68100 5.13027239
1.68200 5.12620599
1.68300 5.12214523
1.68400 5.11809009
1.68500 5.11404057
1.68600 5.10999665
1.68700 5.10595833
1.68800 5.10192558
1.68900 5.09789841
1.69000 5.09387680
1.69100 5.08986073
1.69200 5.08585020
1.69300 5.08184520
1.69400 5.07784572
1.69500 5.07385174
1.69600 5.06986325
1.69700 5.06588025
1.69800 5.06190272
1.69900 5.05793066
1.70000 5.05396404
1.70100 5.05000287
1.70200 5.04604712
1.70300 5.04209680
1.70400 5.03815188
1.70500 5.03421236
1.70600 5.03027823
1.70700 5.02634948
1.70800 5.02242609
1.70900 5.01850806
1.71000 5.01459537
1.71100 5.01068802
1.71200 5.00678600
1.71300 5.00288929
1.71400 4.99899788
1.71500 4.99511177
1.71600 4.99123094
1.71700 4.98735538
1.71800 4.98348509
1.71900 4.97962005
1.72000 4.97576026
1.72100 4.97190569
1.72200 4.96805635
1.72300 4.96421222
1.72400 4.96037330
1.72500 4.95653956
1.72600 4.95271101
1.72700 4.94888763
1.72800 4.94506941
1.72900 4.94125635
1.73000 4.93744842
1.73100 4.93364563
1.73200 4.92984796
1.73300 4.92605541
1.73400 4.92226796
1.73500 4.91848560
1.73600 4.91470832
1.73700 4.91093612
1.73800 4.90716898
1.73900 4.90340689
1.74000 4.89964985
1.74100 4.89589785
1.74200 4.89215087
1.74300 4.88840891
1.74400 4.88467195
1.74500 4.88093998
1.74600 4.87721301
1.74700 4.87349101
1.74800 4.86977398
1.74900 4.86606191
1.75000 4.86235479
1.75100 4.85865260
1.75200 4.85495535
1.75300 4.85126302
1.75400 4.84757560
1.75500 4.84389308
1.75600 4.84021545
1.75700 4.83654271
1.75800 4.83287484
1.75900 4.82921184
1.76000 4.82555369
1.76100 4.82190039
1.76200 4.81825193
1.76300 4.81460829
1.76400 4.81096948
1.76500 4.80733547
1.76600 4.80370627
1.76700 4.80008186
1.76800 4.79646223
1.76900 4.79284737
1.77000 4.78923728
1.77100 4.78563194
1.77200 4.78203135
1.77300 4.77843550
1.77400 4.77484438
1.77500 4.77125798
1.77600 4.76767629
1.77700 4.76409931
1.77800 4.76052701
1.77900 4.75695941
1.78000 4.75339647
1.78100 4.74983821
1.78200 4.74628460
1.78300 4.74273565
1.78400 4.73919133
1.78500 4.73565165
1.78600 4.73211659
1.78700 4.72858615
1.78800 4.72506032
1.78900 4.72153908
1.79000 4.71802243
1.79100 4.71451037
1.79200 4.71100287
1.79300 4.70749994
1.79400 4.70400157
1.79500 4.70050774
1.79600 4.69701845
1.79700 4.69353369
1.79800 4.69005346
1.79900 4.68657773
1.80000 4.68310652
1.80100 4.67963980
1.80200 4.67617756
1.80300 4.67271981
1.80400 4.66926653
1.80500 4.66581772
1.80600 4.66237335
1.80700 4.65893344
1.80800 4.65549797
1.80900 4.65206692
1.81000 4.64864030
1.81100 4.64521809
1.81200 4.64180029
1.81300 4.63838689
1.81400 4.63497788
1.81500 4.63157325
1.81600 4.62817299
1.81700 4.62477710
1.81800 4.62138557
1.81900 4.61799839
1.82000 4.61461555
1.82100 4.61123705
1.82200 4.60786287
1.82300 4.60449301
1.82400 4.60112746
1.82500 4.59776621
1.82600 4.59440926
1.82700 4.59105659
1.82800 4.58770821
1.82900 4.58436409
1.83000 4.58102424
1.83100 4.57768864
1.83200 4.57435730
1.83300 4.57103019
1.83400 4.56770731
1.83500 4.56438866
1.83600 4.56107423
1.83700 4.55776401
1.83800 4.55445798
1.83900 4.55115616
1.84000 4.54785852
1.84100 4.54456506
1.84200 4.54127577
1.84300 4.53799064
1.84400 4.53470967
1.84500 4.53143285
1.84600 4.52816017
1.84700 4.52489163
1.84800 4.52162721
1.84900 4.51836691
1.85000 4.51511072
1.85100 4.51185864
1.85200 4.50861065
1.85300 4.50536676
1.85400 4.50212694
1.85500 4.49889120
1.85600 4.49565953
1.85700 4.49243192
1.85800 4.48920836
1.85900 4.48598885
1.86000 4.48277337
1.86100 4.47956193
1.86200 4.47635451
1.86300 4.47315111
1.86400 4.46995172
1.86500 4.46675633
1.86600 4.46356493
1.86700 4.46037752
1.86800 4.45719410
1.86900 4.45401465
1.87000 4.45083916
1.87100 4.44766764
1.87200 4.44450006
1.87300 4.44133644
1.87400 4.43817675
1.87500 4.43502099
1.87600 4.43186916
1.87700 4.42872125
1.87800 4.42557725
1.87900 4.42243715
1.88000 4.41930094
1.88100 4.41616863
1.88200 4.41304020
1.88300 4.40991565
1.88400 4.40679497
1.88500 4.40367815
1.88600 4.40056518
1.88700 4.39745607
1.88800 4.39435079
1.88900 4.39124935
1.89000 4.38815174
1.89100 4.38505796
1.89200 4.38196798
1.89300 4.37888182
1.89400 4.37579945
1.89500 4.37272089
1.89600 4.36964611
1.89700 4.36657511
1.89800 4.36350789
1.89900 4.36044443
1.90000 4.35738474
1.90100 4.35432880
1.90200 4.35127661
1.90300 4.34822817
1.90400 4.34518346
1.90500 4.34214247
1.90600 4.33910521
1.90700 4.33607167
1.90800 4.33304184
1.90900 4.33001571
1.91000 4.32699327
1.91100 4.32397453
1.91200 4.32095946
1.91300 4.31794808
1.91400 4.31494037
1.91500 4.31193632
1.91600 4.30893593
1.91700 4.30593919
1.91800 4.30294610
1.91900 4.29995664
1.92000 4.29697082
1.92100 4.29398862
1.92200 4.29101005
1.92300 4.28803509
1.92400 4.28506373
1.92500 4.28209598
1.92600 4.27913182
1.92700 4.27617126
1.92800 4.27321427
1.92900 4.27026086
1.93000 4.26731102
1.93100 4.26436475
1.93200 4.26142203
1.93300 4.25848286
1.93400 4.25554725
1.93500 4.25261517
1.93600 4.24968662
1.93700 4.24676160
1.93800 4.24384010
1.93900 4.24092212
1.94000 4.23800765
1.94100 4.23509668
1.94200 4.23218921
1.94300 4.22928523
1.94400 4.22638473
1.94500 4.22348771
1.94600 4.22059417
1.94700 4.21770410
1.94800 4.21481748
1.94900 4.21193432
1.95000 4.20905461
1.95100 4.20617835
1.95200 4.20330552
1.95300 4.20043613
1.95400 4.19757016
1.95500 4.19470761
1.95600 4.19184847
1.95700 4.18899275
1.95800 4.18614043
1.95900 4.18329150
1.96000 4.18044596
1.96100 4.17760382
1.96200 4.17476505
1.96300 4.17192965
1.96400 4.16909762
1.96500 4.16626896
1.96600 4.16344365
1.96700 4.16062170
1.96800 4.15780309
1.96900 4.15498782
1.97000 4.15217588
1.97100 4.14936727
1.97200 4.14656199
1.97300 4.14376002
1.97400 4.14096136
1.97500 4.13816601
1.97600 4.13537396
1.97700 4.13258521
1.97800 4.12979974
1.97900 4.12701756
1.98000 4.12423866
1.98100 4.12146303
1.98200 4.11869067
1.98300 4.11592157
1.98400 4.11315573
1.98500 4.11039313
1.98600 4.10763378
1.98700 4.10487768
1.98800 4.10212480
1.98900 4.09937516
1.99000 4.09662874
1.99100 4.09388554
1.99200 4.09114555
1.99300 4.08840877
1.99400 4.08567519
1.99500 4.08294481
1.99600 4.08021762
1.99700 4.07749361
1.99800 4.07477279
1.99900 4.07205514
2.00000 4.06934067
2.00100 4.06662935
2.00200 4.06392120
2.00300 4.06121620
2.00400 4.05851436
2.00500 4.05581565
2.00600 4.05312009
2.00700 4.05042765
2.00800 4.04773835
2.00900 4.04505217
2.01000 4.04236911
2.01100 4.03968916
2.01200 4.03701231
2.01300 4.03433858
2.01400 4.03166793
2.01500 4.02900038
2.01600 4.02633592
2.01700 4.02367454
2.01800 4.02101624
2.01900 4.01836101
2.02000 4.01570884
2.02100 4.01305974
2.02200 4.01041369
2.02300 4.00777070
2.02400 4.00513075
2.02500 4.00249384
2.02600 3.99985997
2.02700 3.99722914
2.02800 3.99460133
2.02900 3.99197654
2.03000 3.98935476
2.03100 3.98673600
2.03200 3.98412025
2.03300 3.98150750
2.03400 3.97889774
2.03500 3.97629098
2.03600 3.97368720
2.03700 3.97108641
2.03800 3.96848859
2.03900 3.96589375
2.04000 3.96330188
2.04100 3.96071296
2.04200 3.95812701
2.04300 3.95554401
2.04400 3.95296395
2.04500 3.95038684
2.04600 3.94781267
2.04700 3.94524144
2.04800 3.94267313
2.04900 3.94010775
2.05000 3.93754528
2.05100 3.93498573
2.05200 3.93242910
2.05300 3.92987536
2.05400 3.92732453
2.05500 3.92477660
2.05600 3.92223155
2.05700 3.91968939
2.05800 3.91715012
2.05900 3.91461372
2.06000 3.91208019
2.06100 3.90954954
2.06200 3.90702174
2.06300 3.90449681
2.06400 3.90197473
2.06500 3.89945550
2.06600 3.89693911
2.06700 3.89442556
2.06800 3.89191485
2.06900 3.88940697
2.07000 3.88690192
2.07100 3.88439969
2.07200 3.88190028
2.07300 3.87940368
2.07400 3.87690989
2.07500 3.87441890
2.07600 3.87193071
2.07700 3.86944532
2.07800 3.86696272
2.07900 3.86448290
2.08000 3.86200587
2.08100 3.85953161
2.08200 3.85706013
2.08300 3.85459141
2.08400 3.85212546
2.08500 3.84966227
2.08600 3.84720183
2.08700 3.84474414
2.08800 3.84228920
2.08900 3.83983700
2.09000 3.83738754
2.09100 3.83494081
2.09200 3.83249681
2.09300 3.83005554
2.09400 3.82761698
2.09500 3.82518114
2.09600 3.82274802
2.09700 3.82031760
2.09800 3.81788988
2.09900 3.81546486
2.10000 3.81304253
2.10100 3.81062290
2.10200 3.80820595
2.10300 3.80579168
2.10400 3.80338009
2.10500 3.80097117
2.10600 3.79856492
2.10700 3.79616134
2.10800 3.79376041
2.10900 3.79136215
2.11000 3.78896653
2.11100 3.78657356
2.11200 3.78418324
2.11300 3.78179555
2.11400 3.77941050
2.11500 3.77702808
2.11600 3.77464829
2.11700 3.77227112
2.11800 3.76989657
2.11900 3.76752463
2.12000 3.76515531
2.12100 3.76278859
2.12200 3.76042447
2.12300 3.75806295
2.12400 3.75570402
2.12500 3.75334769
2.12600 3.75099394
2.12700 3.74864277
2.12800 3.74629418
2.12900 3.74394817
2.13000 3.74160472
2.13100 3.73926384
2.13200 3.73692552
2.13300 3.73458976
2.13400 3.73225655
2.13500 3.72992590
2.13600 3.72759778
2.13700 3.72527221
2.13800 3.72294918
2.13900 3.72062868
2.14000 3.71831072
2.14100 3.71599527
2.14200 3.71368235
2.14300 3.71137195
2.14400 3.70906406
2.14500 3.70675869
2.14600 3.70445582
2.14700 3.70215545
2.14800 3.69985758
2.14900 3.69756220
2.15000 3.69526932
2.15100 3.69297892
2.15200 3.69069101
2.15300 3.68840557
2.15400 3.68612261
2.15500 3.68384213
2.15600 3.68156411
2.15700 3.67928855
2.15800 3.67701546
2.15900 3.67474482
2.16000 3.67247663
2.16100 3.67021090
2.16200 3.66794760
2.16300 3.66568675
2.16400 3.66342834
2.16500 3.66117236
2.16600 3.65891881
2.16700 3.65666769
2.16800 3.65441899
2.16900 3.65217271
2.17000 3.64992884
2.17100 3.64768739
2.17200 3.64544834
2.17300 3.64321170
2.17400 3.64097745
2.17500 3.63874561
2.17600 3.63651616
2.17700 3.63428909
2.17800 3.63206442
2.17900 3.62984212
2.18000 3.62762220
2.18100 3.62540466
2.18200 3.62318949
2.18300 3.62097669
2.18400 3.61876625
2.18500 3.61655817
2.18600 3.61435244
2.18700 3.61214907
2.18800 3.60994805
2.18900 3.60774938
2.19000 3.60555305
2.19100 3.60335905
2.19200 3.60116740
2.19300 3.59897807
2.19400 3.59679107
2.19500 3.59460640
2.19600 3.59242405
2.19700 3.59024401
2.19800 3.58806629
2.19900 3.58589088
2.20000 3.58371778
2.20100 3.58154698
2.20200 3.57937848
2.20300 3.57721228
2.20400 3.57504837
2.20500 3.57288675
2.20600 3.57072742
2.20700 3.56857037
2.20800 3.56641560
2.20900 3.56426310
2.21000 3.56211288
2.21100 3.55996493
2.21200 3.55781924
2.21300 3.55567581
2.21400 3.55353465
2.21500 3.55139573
2.21600 3.54925907
2.21700 3.54712466
2.21800 3.54499250
2.21900 3.54286257
2.22000 3.54073489
2.22100 3.53860944
2.22200 3.53648622
2.22300 3.53436523
2.22400 3.53224646
2.22500 3.53012992
2.22600 3.52801559
2.22700 3.52590348
2.22800 3.52379359
2.22900 3.52168590
2.23000 3.51958041
2.23100 3.51747713
2.23200 3.51537605
2.23300 3.51327716
2.23400 3.51118046
2.23500 3.50908595
2.23600 3.50699363
2.23700 3.50490349
2.23800 3.50281553
2.23900 3.50072974
2.24000 3.49864613
2.24100 3.49656469
2.24200 3.49448541
2.24300 3.49240830
2.24400 3.49033334
2.24500 3.48826054
2.24600 3.48618990
2.24700 3.48412140
2.24800 3.48205506
2.24900 3.47999085
2.25000 3.47792879
2.25100 3.47586886
2.25200 3.47381107
2.25300 3.47175541
2.25400 3.46970187
2.25500 3.46765046
2.25600 3.46560118
2.25700 3.46355401
2.25800 3.46150895
2.25900 3.45946601
2.26000 3.45742518
2.26100 3.45538645
2.26200 3.45334983
2.26300 3.45131531
2.26400 3.44928288
2.26500 3.44725255
2.26600 3.44522430
2.26700 3.44319815
2.26800 3.44117408
2.26900 3.43915209
2.27000 3.43713217
2.27100 3.43511434
2.27200 3.43309857
2.27300 3.43108488
2.27400 3.42907325
2.27500 3.42706368
2.27600 3.42505618
2.27700 3.42305073
2.27800 3.42104733
2.27900 3.41904599
2.28000 3.41704669
2.28100 3.41504944
2.28200 3.41305423
2.28300 3.41106106
2.28400 3.40906993
2.28500 3.40708083
2.28600 3.40509376
2.28700 3.40310872
2.28800 3.40112570
2.28900 3.39914470
2.29000 3.39716572
2.29100 3.39518875
2.29200 3.39321380
2.29300 3.39124086
2.29400 3.38926993
2.29500 3.38730099
2.29600 3.38533406
2.29700 3.38336913
2.29800 3.38140619
2.29900 3.37944525
2.30000 3.37748629
2.30100 3.37552932
2.30200 3.37357433
2.30300 3.37162133
2.30400 3.36967030
2.30500 3.36772124
2.30600 3.36577416
2.30700 3.36382905
2.30800 3.36188590
2.30900 3.35994472
2.31000 3.35800550
2.31100 3.35606823
2.31200 3.35413292
2.31300 3.35219957
2.31400 3.35026816
2.31500 3.34833870
2.31600 3.34641118
2.31700 3.34448560
2.31800 3.34256197
2.31900 3.34064026
2.32000 3.33872049
2.32100 3.33680265
2.32200 3.33488674
2.32300 3.33297275
2.32400 3.33106068
2.32500 3.32915053
2.32600 3.32724230
2.32700 3.32533598
2.32800 3.32343157
2.32900 3.32152907
2.33000 3.31962848
2.33100 3.31772978
2.33200 3.31583299
2.33300 3.31393809
2.33400 3.31204509
2.33500 3.31015398
2.33600 3.30826476
2.33700 3.30637742
2.33800 3.30449197
2.33900 3.30260839
2.34000 3.30072670
2.34100 3.29884688
2.34200 3.29696893
2.34300 3.29509286
2.34400 3.29321865
2.34500 3.29134631
2.34600 3.28947583
2.34700 3.28760720
2.34800 3.28574044
2.34900 3.28387553
2.35000 3.28201247
2.35100 3.28015126
2.35200 3.27829189
2.35300 3.27643437
2.35400 3.27457869
2.35500 3.27272485
2.35600 3.27087284
2.35700 3.26902267
2.35800 3.26717433
2.35900 3.26532782
2.36000 3.26348313
2.36100 3.26164027
2.36200 3.25979922
2.36300 3.25795999
2.36400 3.25612258
2.36500 3.25428698
2.36600 3.25245320
2.36700 3.25062122
2.36800 3.24879104
2.36900 3.24696267
2.37000 3.24513609
2.37100 3.24331132
2.37200 3.24148834
2.37300 3.23966715
2.37400 3.23784775
2.37500 3.23603014
2.37600 3.23421431
2.37700 3.23240027
2.37800 3.23058800
2.37900 3.22877751
2.38000 3.22696880
2.38100 3.22516186
2.38200 3.22335669
2.38300 3.22155329
2.38400 3.21975165
2.38500 3.21795178
2.38600 3.21615366
2.38700 3.21435730
2.38800 3.21256270
2.38900 3.21076985
2.39000 3.20897875
2.39100 3.20718940
2.39200 3.20540179
2.39300 3.20361593
2.39400 3.20183181
2.39500 3.20004942
2.39600 3.19826877
2.39700 3.19648986
2.39800 3.19471267
2.39900 3.19293722
2.40000 3.19116348
2.40100 3.18939148
2.40200 3.18762119
2.40300 3.18585262
2.40400 3.18408577
2.40500 3.18232064
2.40600 3.18055721
2.40700 3.17879550
2.40800 3.17703549
2.40900 3.17527718
2.41000 3.17352058
2.41100 3.17176568
2.41200 3.17001248
2.41300 3.16826097
2.41400 3.16651115
2.41500 3.16476303
2.41600 3.16301659
2.41700 3.16127184
2.41800 3.15952877
2.41900 3.15778738
2.42000 3.15604767
2.42100 3.15430964
2.42200 3.15257328
2.42300 3.15083860
2.42400 3.14910558
2.42500 3.14737424
2.42600 3.14564455
2.42700 3.14391653
2.42800 3.14219017
2.42900 3.14046547
2.43000 3.13874243
2.43100 3.13702104
2.43200 3.13530130
2.43300 3.13358320
2.43400 3.13186676
2.43500 3.13015196
2.43600 3.12843880
2.43700 3.12672729
2.43800 3.12501741
2.43900 3.12330917
2.44000 3.12160256
2.44100 3.11989758
2.44200 3.11819423
2.44300 3.11649251
2.44400 3.11479241
2.44500 3.11309393
2.44600 3.11139708
2.44700 3.10970184
2.44800 3.10800822
2.44900 3.10631621
2.45000 3.10462581
2.45100 3.10293702
2.45200 3.10124984
2.45300 3.09956426
2.45400 3.09788029
2.45500 3.09619792
2.45600 3.09451714
2.45700 3.09283796
2.45800 3.09116038
2.45900 3.08948438
2.46000 3.08780998
2.46100 3.08613716
2.46200 3.08446593
2.46300 3.08279628
2.46400 3.08112822
2.46500 3.07946173
2.46600 3.07779682
2.46700 3.07613348
2.46800 3.07447172
2.46900 3.07281152
2.47000 3.07115290
2.47100 3.06949584
2.47200 3.06784034
2.47300 3.06618641
2.47400 3.06453403
2.47500 3.06288322
2.47600 3.06123396
2.47700 3.05958625
2.47800 3.05794010
2.47900 3.05629549
2.48000 3.05465243
2.48100 3.05301092
2.48200 3.05137094
2.48300 3.04973251
2.48400 3.04809562
2.48500 3.04646027
2.48600 3.04482645
2.48700 3.04319416
2.48800 3.04156341
2.48900 3.03993418
2.49000 3.03830648
2.49100 3.03668030
2.49200 3.03505565
2.49300 3.03343252
2.49400 3.03181090
2.49500 3.03019081
2.49600 3.02857222
2.49700 3.02695515
2.49800 3.02533959
2.49900 3.02372554
2.50000 3.02211299
2.50100 3.02050195
2.50200 3.01889241
2.50300 3.01728437
2.50400 3.01567783
2.50500 3.01407279
2.50600 3.01246924
2.50700 3.01086718
2.50800 3.00926661
2.50900 3.00766753
2.51000 3.00606994
2.51100 3.00447383
2.51200 3.00287921
2.51300 3.00128606
2.51400 2.99969439
2.51500 2.99810421
2.51600 2.99651549
2.51700 2.99492825
2.51800 2.99334248
2.51900 2.99175817
2.52000 2.99017534
2.52100 2.98859397
2.52200 2.98701406
2.52300 2.98543561
2.52400 2.98385862
2.52500 2.98228309
2.52600 2.98070902
2.52700 2.97913639
2.52800 2.97756522
2.52900 2.97599550
2.53000 2.97442723
2.53100 2.97286040
2.53200 2.97129501
2.53300 2.96973107
2.53400 2.96816857
2.53500 2.96660751
2.53600 2.96504788
2.53700 2.96348968
2.53800 2.96193292
2.53900 2.96037759
2.54000 2.95882369
2.54100 2.95727121
2.54200 2.95572016
2.54300 2.95417054
2.54400 2.95262233
2.54500 2.95107554
2.54600 2.94953018
2.54700 2.94798622
2.54800 2.94644368
2.54900 2.94490255
2.55000 2.94336284
2.55100 2.94182453
2.55200 2.94028762
2.55300 2.93875213
2.55400 2.93721803
2.55500 2.93568534
2.55600 2.93415404
2.55700 2.93262414
2.55800 2.93109564
2.55900 2.92956853
2.56000 2.92804281
2.56100 2.92651848
2.56200 2.92499554
2.56300 2.92347399
2.56400 2.92195382
2.56500 2.92043504
2.56600 2.91891763
2.56700 2.91740161
2.56800 2.91588696
2.56900 2.91437369
2.57000 2.91286179
2.57100 2.91135126
2.57200 2.90984210
2.57300 2.90833432
2.57400 2.90682790
2.57500 2.90532284
2.57600 2.90381915
2.57700 2.90231682
2.57800 2.90081584
2.57900 2.89931623
2.58000 2.89781797
2.58100 2.89632107
2.58200 2.89482552
2.58300 2.89333132
2.58400 2.89183847
2.58500 2.89034696
2.58600 2.88885681
2.58700 2.88736799
2.58800 2.88588052
2.58900 2.88439439
2.59000 2.88290960
2.59100 2.88142614
2.59200 2.87994402
2.59300 2.87846324
2.59400 2.87698378
2.59500 2.87550566
2.59600 2.87402886
2.59700 2.87255339
2.59800 2.87107925
2.59900 2.86960643
2.60000 2.86813493
2.60100 2.86666475
2.60200 2.86519589
2.60300 2.86372835
2.60400 2.86226212
2.60500 2.86079720
2.60600 2.85933360
2.60700 2.85787131
2.60800 2.85641032
2.60900 2.85495064
2.61000 2.85349226
2.61100 2.85203519
2.61200 2.85057942
2.61300 2.84912495
2.61400 2.84767178
2.61500 2.84621991
2.61600 2.84476933
2.61700 2.84332004
2.61800 2.84187204
2.61900 2.84042534
2.62000 2.83897992
2.62100 2.83753579
2.62200 2.83609295
2.62300 2.83465138
2.62400 2.83321110
2.62500 2.83177210
2.62600 2.83033438
2.62700 2.82889794
2.62800 2.82746277
2.62900 2.82602887
2.63000 2.82459625
2.63100 2.82316490
2.63200 2.82173481
2.63300 2.82030600
2.63400 2.81887844
2.63500 2.81745216
2.63600 2.81602713
2.63700 2.81460337
2.63800 2.81318086
2.63900 2.81175962
2.64000 2.81033963
2.64100 2.80892089
2.64200 2.80750341
2.64300 2.80608717
2.64400 2.80467219
2.64500 2.80325846
2.64600 2.80184597
2.64700 2.80043473
2.64800 2.79902473
2.64900 2.79761597
2.65000 2.79620845
2.65100 2.79480217
2.65200 2.79339713
2.65300 2.79199333
2.65400 2.79059076
2.65500 2.78918942
2.65600 2.78778931
2.65700 2.78639043
2.65800 2.78499278
2.65900 2.78359636
2.66000 2.78220116
2.66100 2.78080718
2.66200 2.77941443
2.66300 2.77802290
2.66400 2.77663258
2.66500 2.77524348
2.66600 2.77385560
2.66700 2.77246893
2.66800 2.77108348
2.66900 2.76969923
2.67000 2.76831620
2.67100 2.76693437
2.67200 2.76555375
2.67300 2.76417434
2.67400 2.76279613
2.67500 2.76141912
2.67600 2.76004331
2.67700 2.75866870
2.67800 2.75729529
2.67900 2.75592308
2.68000 2.75455206
2.68100 2.75318223
2.68200 2.75181359
2.68300 2.75044615
2.68400 2.74907989
2.68500 2.74771482
2.68600 2.74635094
2.68700 2.74498824
2.68800 2.74362672
2.68900 2.74226638
2.69000 2.74090723
2.69100 2.73954925
2.69200 2.73819245
2.69300 2.73683683
2.69400 2.73548237
2.69500 2.73412910
2.69600 2.73277699
2.69700 2.73142605
2.69800 2.73007628
2.69900 2.72872768
2.70000 2.72738025
2.70100 2.72603397
2.70200 2.72468886
2.70300 2.72334491
2.70400 2.72200212
2.70500 2.72066049
2.70600 2.71932002
2.70700 2.71798070
2.70800 2.71664253
2.70900 2.71530552
2.71000 2.71396966
2.71100 2.71263495
2.71200 2.71130138
2.71300 2.70996897
2.71400 2.70863770
2.71500 2.70730757
2.71600 2.70597858
2.71700 2.70465074
2.71800 2.70332404
2.71900 2.70199847
2.72000 2.70067405
2.72100 2.69935075
2.72200 2.69802860
2.72300 2.69670757
2.72400 2.69538768
2.72500 2.69406891
2.72600 2.69275128
2.72700 2.69143477
2.72800 2.69011939
2.72900 2.68880513
2.73000 2.68749200
2.73100 2.68617999
2.73200 2.68486910
2.73300 2.68355932
2.73400 2.68225067
2.73500 2.68094313
2.73600 2.67963671
2.73700 2.67833140
2.73800 2.67702720
2.73900 2.67572412
2.74000 2.67442214
2.74100 2.67312127
2.74200 2.67182151
2.74300 2.67052286
2.74400 2.66922530
2.74500 2.66792886
2.74600 2.66663351
2.74700 2.66533926
2.74800 2.66404611
2.74900 2.66275406
2.75000 2.66146311
2.75100 2.66017325
2.75200 2.65888449
2.75300 2.65759681
2.75400 2.65631023
2.75500 2.65502474
2.75600 2.65374033
2.75700 2.65245702
2.75800 2.65117478
2.75900 2.64989364
2.76000 2.64861357
2.76100 2.64733459
2.76200 2.64605669
2.76300 2.64477986
2.76400 2.64350412
2.76500 2.64222945
2.76600 2.64095585
2.76700 2.63968333
2.76800 2.63841189
2.76900 2.63714151
2.77000 2.63587221
2.77100 2.63460397
2.77200 2.63333680
2.77300 2.63207070
2.77400 2.63080566
2.77500 2.62954168
2.77600 2.62827877
2.77700 2.62701692
2.77800 2.62575613
2.77900 2.62449639
2.78000 2.62323772
2.78100 2.62198010
2.78200 2.62072353
2.78300 2.61946802
2.78400 2.61821356
2.78500 2.61696015
2.78600 2.61570780
2.78700 2.61445648
2.78800 2.61320622
2.78900 2.61195700
2.79000 2.61070883
2.79100 2.60946170
2.79200 2.60821562
2.79300 2.60697057
2.79400 2.60572656
2.79500 2.60448360
2.79600 2.60324167
2.79700 2.60200077
2.79800 2.60076091
2.79900 2.59952208
2.80000 2.59828429
2.80100 2.59704753
2.80200 2.59581179
2.80300 2.59457709
2.80400 2.59334341
2.80500 2.59211076
2.80600 2.59087914
2.80700 2.58964853
2.80800 2.58841895
2.80900 2.58719040
2.81000 2.58596286
2.81100 2.58473634
2.81200 2.58351084
2.81300 2.58228635
2.81400 2.58106288
2.81500 2.57984043
2.81600 2.57861898
2.81700 2.57739855
2.81800 2.57617913
2.81900 2.57496072
2.82000 2.57374332
2.82100 2.57252692
2.82200 2.57131153
2.82300 2.57009714
2.82400 2.56888376
2.82500 2.56767138
2.82600 2.56646000
2.82700 2.56524962
2.82800 2.56404024
2.82900 2.56283185
2.83000 2.56162446
2.83100 2.56041807
2.83200 2.55921267
2.83300 2.55800827
2.83400 2.55680485
2.83500 2.55560243
2.83600 2.55440099
2.83700 2.55320054
2.83800 2.55200108
2.83900 2.55080261
2.84000 2.54960512
2.84100 2.54840861
2.84200 2.54721309
2.84300 2.54601855
2.84400 2.54482498
2.84500 2.54363240
2.84600 2.54244079
2.84700 2.54125017
2.84800 2.54006051
2.84900 2.53887183
2.85000 2.53768412
2.85100 2.53649739
2.85200 2.53531163
2.85300 2.53412683
2.85400 2.53294301
2.85500 2.53176015
2.85600 2.53057826
2.85700 2.52939733
2.85800 2.52821737
2.85900 2.52703837
2.86000 2.52586033
2.86100 2.52468325
2.86200 2.52350713
2.86300 2.52233198
2.86400 2.52115777
2.86500 2.51998453
2.86600 2.51881224
2.86700 2.51764090
2.86800 2.51647052
2.86900 2.51530109
2.87000 2.51413261
2.87100 2.51296507
2.87200 2.51179849
2.87300 2.51063286
2.87400 2.50946817
2.87500 2.50830442
2.87600 2.50714162
2.87700 2.50597977
2.87800 2.50481885
2.87900 2.50365888
2.88000 2.50249984
2.88100 2.50134175
2.88200 2.50018459
2.88300 2.49902837
2.88400 2.49787308
2.88500 2.49671873
2.88600 2.49556531
2.88700 2.49441283
2.88800 2.49326127
2.88900 2.49211065
2.89000 2.49096095
2.89100 2.48981218
2.89200 2.48866434
2.89300 2.48751742
2.89400 2.48637143
2.89500 2.48522636
2.89600 2.48408222
2.89700 2.48293899
2.89800 2.48179669
2.89900 2.48065531
2.90000 2.47951484
2.90100 2.47837529
2.90200 2.47723666
2.90300 2.47609894
2.90400 2.47496214
2.90500 2.47382625
2.90600 2.47269127
2.90700 2.47155721
2.90800 2.47042405
2.90900 2.46929180
2.91000 2.46816046
2.91100 2.46703003
2.91200 2.46590050
2.91300 2.46477188
2.91400 2.46364416
2.91500 2.46251734
2.91600 2.46139142
2.91700 2.46026641
2.91800 2.45914229
2.91900 2.45801908
2.92000 2.45689676
2.92100 2.45577534
2.92200 2.45465481
2.92300 2.45353518
2.92400 2.45241644
2.92500 2.45129859
2.92600 2.45018164
2.92700 2.44906557
2.92800 2.44795039
2.92900 2.44683611
2.93000 2.44572271
2.93100 2.44461019
2.93200 2.44349856
2.93300 2.44238782
2.93400 2.44127796
2.93500 2.44016898
2.93600 2.43906088
2.93700 2.43795367
2.93800 2.43684733
2.93900 2.43574187
2.94000 2.43463729
2.94100 2.43353358
2.94200 2.43243075
2.94300 2.43132879
2.94400 2.43022771
2.94500 2.42912750
2.94600 2.42802816
2.94700 2.42692969
2.94800 2.42583209
2.94900 2.42473536
2.95000 2.42363950
2.95100 2.42254450
2.95200 2.42145037
2.95300 2.42035710
2.95400 2.41926470
2.95500 2.41817316
2.95600 2.41708248
2.95700 2.41599266
2.95800 2.41490370
2.95900 2.41381560
2.96000 2.41272835
2.96100 2.41164197
2.96200 2.41055644
2.96300 2.40947176
2.96400 2.40838794
2.96500 2.40730497
2.96600 2.40622285
2.96700 2.40514159
2.96800 2.40406117
2.96900 2.40298160
2.97000 2.40190288
2.97100 2.40082501
2.97200 2.39974799
2.97300 2.39867181
2.97400 2.39759647
2.97500 2.39652198
2.97600 2.39544833
2.97700 2.39437552
2.97800 2.39330355
2.97900 2.39223242
2.98000 2.39116213
2.98100 2.39009268
2.98200 2.38902406
2.98300 2.38795628
2.98400 2.38688934
2.98500 2.38582323
2.98600 2.38475795
2.98700 2.38369350
2.98800 2.38262989
2.98900 2.38156710
2.99000 2.38050515
2.99100 2.37944402
2.99200 2.37838372
2.99300 2.37732425
2.99400 2.37626560
2.99500 2.37520778
2.99600 2.37415078
2.99700 2.37309461
2.99800 2.37203925
2.99900 2.37098472
3.00000 2.36993101
3.00100 2.36887811
3.00200 2.36782604
3.00300 2.36677478
3.00400 2.36572434
3.00500 2.36467472
3.00600 2.36362590
3.00700 2.36257791
3.00800 2.36153072
3.00900 2.36048435
3.01000 2.35943879
3.01100 2.35839404
3.01200 2.35735010
3.01300 2.35630697
3.01400 2.35526464
3.01500 2.35422312
3.01600 2.35318241
3.01700 2.35214250
3.01800 2.35110340
3.01900 2.35006509
3.02000 2.34902760
3.02100 2.34799090
3.02200 2.34695500
3.02300 2.34591990
3.02400 2.34488560
3.02500 2.34385210
3.02600 2.34281940
3.02700 2.34178749
3.02800 2.34075638
3.02900 2.33972606
3.03000 2.33869653
3.03100 2.33766780
3.03200 2.33663986
3.03300 2.33561270
3.03400 2.33458634
3.03500 2.33356077
3.03600 2.33253599
3.03700 2.33151199
3.03800 2.33048878
3.03900 2.32946636
3.04000 2.32844472
3.04100 2.32742386
3.04200 2.32640379
3.04300 2.32538450
3.04400 2.32436599
3.04500 2.32334826
3.04600 2.32233131
3.04700 2.32131514
3.04800 2.32029975
3.04900 2.31928513
3.05000 2.31827129
3.05100 2.31725823
3.05200 2.31624594
3.05300 2.31523442
3.05400 2.31422368
3.05500 2.31321370
3.05600 2.31220450
3.05700 2.31119607
3.05800 2.31018841
3.05900 2.30918152
3.06000 2.30817540
3.06100 2.30717004
3.06200 2.30616545
3.06300 2.30516162
3.06400 2.30415856
3.06500 2.30315626
3.06600 2.30215473
3.06700 2.30115395
3.06800 2.30015394
3.06900 2.29915469
3.07000 2.29815619
3.07100 2.29715846
3.07200 2.29616148
3.07300 2.29516526
3.07400 2.29416980
3.07500 2.29317509
3.07600 2.29218114
3.07700 2.29118794
3.07800 2.29019549
3.07900 2.28920380
3.08000 2.28821285
3.08100 2.28722266
3.08200 2.28623322
3.08300 2.28524452
3.08400 2.28425657
3.08500 2.28326937
3.08600 2.28228292
3.08700 2.28129721
3.08800 2.28031225
3.08900 2.27932803
3.09000 2.27834456
3.09100 2.27736182
3.09200 2.27637983
3.09300 2.27539858
3.09400 2.27441807
3.09500 2.27343830
3.09600 2.27245926
3.09700 2.27148097
3.09800 2.27050341
3.09900 2.26952659
3.10000 2.26855050
3.10100 2.26757514
3.10200 2.26660052
3.10300 2.26562664
3.10400 2.26465348
3.10500 2.26368106
3.10600 2.26270936
3.10700 2.26173840
3.10800 2.26076817
3.10900 2.25979866
3.11000 2.25882988
3.11100 2.25786183
3.11200 2.25689450
3.11300 2.25592790
3.11400 2.25496202
3.11500 2.25399687
3.11600 2.25303244
3.11700 2.25206873
3.11800 2.25110574
3.11900 2.25014347
3.12000 2.24918192
3.12100 2.24822109
3.12200 2.24726098
3.12300 2.24630159
3.12400 2.24534291
3.12500 2.24438495
3.12600 2.24342770
3.12700 2.24247117
3.12800 2.24151535
3.12900 2.24056024
3.13000 2.23960585
3.13100 2.23865216
3.13200 2.23769919
3.13300 2.23674693
3.13400 2.23579537
3.13500 2.23484453
3.13600 2.23389439
3.13700 2.23294496
3.13800 2.23199623
3.13900 2.23104821
3.14000 2.23010089
3.14100 2.22915428
3.14200 2.22820837
3.14300 2.22726317
3.14400 2.22631866
3.14500 2.22537485
3.14600 2.22443175
3.14700 2.22348934
3.14800 2.22254764
3.14900 2.22160663
3.15000 2.22066631
3.15100 2.21972670
3.15200 2.21878777
3.15300 2.21784955
3.15400 2.21691202
3.15500 2.21597518
3.15600 2.21503903
3.15700 2.21410358
3.15800 2.21316881
3.15900 2.21223474
3.16000 2.21130136
3.16100 2.21036866
3.16200 2.20943666
3.16300 2.20850534
3.16400 2.20757471
3.16500 2.20664476
3.16600 2.20571550
3.16700 2.20478693
3.16800 2.20385903
3.16900 2.20293183
3.17000 2.20200530
3.17100 2.20107945
3.17200 2.20015429
3.17300 2.19922981
3.17400 2.19830600
3.17500 2.19738288
3.17600 2.19646043
3.17700 2.19553866
3.17800 2.19461757
3.17900 2.19369716
3.18000 2.19277741
3.18100 2.19185835
3.18200 2.19093996
3.18300 2.19002224
3.18400 2.18910519
3.18500 2.18818882
3.18600 2.18727311
3.18700 2.18635808
3.18800 2.18544371
3.18900 2.18453002
3.19000 2.18361699
3.19100 2.18270463
3.19200 2.18179294
3.19300 2.18088192
3.19400 2.17997156
3.19500 2.17906186
3.19600 2.17815283
3.19700 2.17724446
3.19800 2.17633676
3.19900 2.17542971
3.20000 2.17452333
3.20100 2.17361761
3.20200 2.17271255
3.20300 2.17180815
3.20400 2.17090440
3.20500 2.17000132
3.20600 2.16909889
3.20700 2.16819712
3.20800 2.16729600
3.20900 2.16639554
3.21000 2.16549574
3.21100 2.16459658
3.21200 2.16369808
3.21300 2.16280024
3.21400 2.16190304
3.21500 2.16100650
3.21600 2.16011061
3.21700 2.15921536
3.21800 2.15832077
3.21900 2.15742682
3.22000 2.15653352
3.22100 2.15564087
3.22200 2.15474887
3.22300 2.15385751
3.22400 2.15296680
3.22500 2.15207673
3.22600 2.15118730
3.22700 2.15029852
3.22800 2.14941038
3.22900 2.14852288
3.23000 2.14763602
3.23100 2.14674980
3.23200 2.14586423
3.23300 2.14497929
3.23400 2.14409499
3.23500 2.14321133
3.23600 2.14232830
3.23700 2.14144592
3.23800 2.14056416
3.23900 2.13968305
3.24000 2.13880256
3.24100 2.13792271
3.24200 2.13704350
3.24300 2.13616492
3.24400 2.13528696
3.24500 2.13440964
3.24600 2.13353295
3.24700 2.13265690
3.24800 2.13178147
3.24900 2.13090666
3.25000 2.13003249
3.25100 2.12915895
3.25200 2.12828603
3.25300 2.12741373
3.25400 2.12654207
3.25500 2.12567102
3.25600 2.12480060
3.25700 2.12393081
3.25800 2.12306164
3.25900 2.12219309
3.26000 2.12132516
3.26100 2.12045785
3.26200 2.11959116
3.26300 2.11872510
3.26400 2.11785965
3.26500 2.11699482
3.26600 2.11613061
3.26700 2.11526701
3.26800 2.11440404
3.26900 2.11354167
3.27000 2.11267993
3.27100 2.11181879
3.27200 2.11095828
3.27300 2.11009837
3.27400 2.10923908
3.27500 2.10838040
3.27600 2.10752233
3.27700 2.10666488
3.27800 2.10580803
3.27900 2.10495179
3.28000 2.10409616
3.28100 2.10324114
3.28200 2.10238673
3.28300 2.10153293
3.28400 2.10067973
3.28500 2.09982714
3.28600 2.09897515
3.28700 2.09812377
3.28800 2.09727299
3.28900 2.09642282
3.29000 2.09557325
3.29100 2.09472428
3.29200 2.09387591
3.29300 2.09302815
3.29400 2.09218098
3.29500 2.09133441
3.29600 2.09048845
3.29700 2.08964308
3.29800 2.08879831
3.29900 2.08795414
3.30000 2.08711056
3.30100 2.08626758
3.30200 2.08542520
3.30300 2.08458341
3.30400 2.08374222
3.30500 2.08290162
3.30600 2.08206161
3.30700 2.08122220
3.30800 2.08038338
3.30900 2.07954515
3.31000 2.07870751
3.31100 2.07787046
3.31200 2.07703400
3.31300 2.07619813
3.31400 2.07536284
3.31500 2.07452815
3.31600 2.07369404
3.31700 2.07286052
3.31800 2.07202759
3.31900 2.07119524
3.32000 2.07036348
3.32100 2.06953230
3.32200 2.06870170
3.32300 2.06787169
3.32400 2.06704226
3.32500 2.06621341
3.32600 2.06538515
3.32700 2.06455746
3.32800 2.06373036
3.32900 2.06290383
3.33000 2.06207789
3.33100 2.06125252
3.33200 2.06042773
3.33300 2.05960352
3.33400 2.05877988
3.33500 2.05795682
3.33600 2.05713434
3.33700 2.05631243
3.33800 2.05549109
3.33900 2.05467033
3.34000 2.05385015
3.34100 2.05303053
3.34200 2.05221149
3.34300 2.05139302
3.34400 2.05057512
3.34500 2.04975779
3.34600 2.04894104
3.34700 2.04812485
3.34800 2.04730923
3.34900 2.04649417
3.35000 2.04567969
3.35100 2.04486577
3.35200 2.04405242
3.35300 2.04323964
3.35400 2.04242742
3.35500 2.04161576
3.35600 2.04080467
3.35700 2.03999415
3.35800 2.03918418
3.35900 2.03837478
3.36000 2.03756594
3.36100 2.03675767
3.36200 2.03594995
3.36300 2.03514279
3.36400 2.03433620
3.36500 2.03353016
3.36600 2.03272468
3.36700 2.03191976
3.36800 2.03111540
3.36900 2.03031159
3.37000 2.02950835
3.37100 2.02870565
3.37200 2.02790352
3.37300 2.02710193
3.37400 2.02630091
3.37500 2.02550043
3.37600 2.02470051
3.37700 2.02390114
3.37800 2.02310232
3.37900 2.02230406
3.38000 2.02150635
3.38100 2.02070918
3.38200 2.01991257
3.38300 2.01911651
3.38400 2.01832099
3.38500 2.01752602
3.38600 2.01673161
3.38700 2.01593773
3.38800 2.01514441
3.38900 2.01435163
3.39000 2.01355940
3.39100 2.01276771
3.39200 2.01197657
3.39300 2.01118597
3.39400 2.01039591
3.39500 2.00960640
3.39600 2.00881743
3.39700 2.00802900
3.39800 2.00724111
3.39900 2.00645376
3.40000 2.00566696
3.40100 2.00488069
3.40200 2.00409497
3.40300 2.00330978
3.40400 2.00252513
3.40500 2.00174101
3.40600 2.00095744
3.40700 2.00017440
3.40800 1.99939190
3.40900 1.99860993
3.41000 1.99782850
3.41100 1.99704760
3.41200 1.99626724
3.41300 1.99548741
3.41400 1.99470811
3.41500 1.99392935
3.41600 1.99315111
3.41700 1.99237341
3.41800 1.99159624
3.41900 1.99081960
3.42000 1.99004349
3.42100 1.98926791
3.42200 1.98849286
3.42300 1.98771834
3.42400 1.98694434
3.42500 1.98617087
3.42600 1.98539793
3.42700 1.98462551
3.42800 1.98385362
3.42900 1.98308226
3.43000 1.98231142
3.43100 1.98154110
3.43200 1.98077131
3.43300 1.98000204
3.43400 1.97923330
3.43500 1.97846507
3.43600 1.97769737
3.43700 1.97693019
3.43800 1.97616353
3.43900 1.97539739
3.44000 1.97463177
3.44100 1.97386666
3.44200 1.97310208
3.44300 1.97233802
3.44400 1.97157447
3.44500 1.97081144
3.44600 1.97004893
3.44700 1.96928693
3.44800 1.96852545
3.44900 1.96776448
3.45000 1.96700403
3.45100 1.96624409
3.45200 1.96548467
3.45300 1.96472576
3.45400 1.96396736
3.45500 1.96320947
3.45600 1.96245210
3.45700 1.96169523
3.45800 1.96093888
3.45900 1.96018304
3.46000 1.95942770
3.46100 1.95867288
3.46200 1.95791857
3.46300 1.95716476
3.46400 1.95641146
3.46500 1.95565867
3.46600 1.95490638
3.46700 1.95415461
3.46800 1.95340333
3.46900 1.95265257
3.47000 1.95190230
3.47100 1.95115254
3.47200 1.95040329
3.47300 1.94965454
3.47400 1.94890629
3.47500 1.94815854
3.47600 1.94741130
3.47700 1.94666456
3.47800 1.94591832
3.47900 1.94517257
3.48000 1.94442733
3.48100 1.94368259
3.48200 1.94293835
3.48300 1.94219461
3.48400 1.94145136
3.48500 1.94070861
3.48600 1.93996636
3.48700 1.93922461
3.48800 1.93848335
3.48900 1.93774258
3.49000 1.93700232
3.49100 1.93626254
3.49200 1.93552327
3.49300 1.93478448
3.49400 1.93404619
3.49500 1.93330839
3.49600 1.93257109
3.49700 1.93183427
3.49800 1.93109795
3.49900 1.93036212
3.50000 1.92962678
3.50100 1.92889193
3.50200 1.92815756
3.50300 1.92742369
3.50400 1.92669031
3.50500 1.92595741
3.50600 1.92522501
3.50700 1.92449308
3.50800 1.92376165
3.50900 1.92303070
3.51000 1.92230024
3.51100 1.92157027
3.51200 1.92084078
3.51300 1.92011177
3.51400 1.91938325
3.51500 1.91865521
3.51600 1.91792765
3.51700 1.91720058
3.51800 1.91647399
3.51900 1.91574788
3.52000 1.91502225
3.52100 1.91429711
3.52200 1.91357244
3.52300 1.91284825
3.52400 1.91212455
3.52500 1.91140132
3.52600 1.91067857
3.52700 1.90995630
3.52800 1.90923450
3.52900 1.90851319
3.53000 1.90779235
3.53100 1.90707198
3.53200 1.90635210
3.53300 1.90563268
3.53400 1.90491375
3.53500 1.90419528
3.53600 1.90347730
3.53700 1.90275978
3.53800 1.90204274
3.53900 1.90132617
3.54000 1.90061007
3.54100 1.89989445
3.54200 1.89917930
3.54300 1.89846461
3.54400 1.89775040
3.54500 1.89703666
3.54600 1.89632339
3.54700 1.89561058
3.54800 1.89489825
3.54900 1.89418638
3.55000 1.89347499
3.55100 1.89276405
3.55200 1.89205359
3.55300 1.89134359
3.55400 1.89063406
3.55500 1.88992500
3.55600 1.88921640
3.55700 1.88850826
3.55800 1.88780059
3.55900 1.88709338
3.56000 1.88638664
3.56100 1.88568036
3.56200 1.88497454
3.56300 1.88426919
3.56400 1.88356429
3.56500 1.88285986
3.56600 1.88215589
3.56700 1.88145238
3.56800 1.88074933
3.56900 1.88004674
3.57000 1.87934460
3.57100 1.87864293
3.57200 1.87794172
3.57300 1.87724096
3.57400 1.87654066
3.57500 1.87584082
3.57600 1.87514143
3.57700 1.87444250
3.57800 1.87374403
3.57900 1.87304601
3.58000 1.87234844
3.58100 1.87165133
3.58200 1.87095468
3.58300 1.87025848
3.58400 1.86956273
3.58500 1.86886743
3.58600 1.86817259
3.58700 1.86747820
3.58800 1.86678426
3.58900 1.86609077
3.59000 1.86539773
3.59100 1.86470515
3.59200 1.86401301
3.59300 1.86332132
3.59400 1.86263008
3.59500 1.86193929
3.59600 1.86124895
3.59700 1.86055905
3.59800 1.85986961
3.59900 1.85918061
3.60000 1.85849205
3.60100 1.85780395
3.60200 1.85711628
3.60300 1.85642907
3.60400 1.85574230
3.60500 1.85505597
3.60600 1.85437009
3.60700 1.85368465
3.60800 1.85299965
3.60900 1.85231510
3.61000 1.85163099
3.61100 1.85094732
3.61200 1.85026409
3.61300 1.84958131
3.61400 1.84889896
3.61500 1.84821706
3.61600 1.84753559
3.61700 1.84685457
3.61800 1.84617398
3.61900 1.84549383
3.62000 1.84481413
3.62100 1.84413486
3.62200 1.84345602
3.62300 1.84277763
3.62400 1.84209967
3.62500 1.84142214
3.62600 1.84074506
3.62700 1.84006841
3.62800 1.83939219
3.62900 1.83871641
3.63000 1.83804106
3.63100 1.83736615
3.63200 1.83669167
3.63300 1.83601762
3.63400 1.83534401
3.63500 1.83467083
3.63600 1.83399808
3.63700 1.83332576
3.63800 1.83265388
3.63900 1.83198242
3.64000 1.83131140
3.64100 1.83064080
3.64200 1.82997064
3.64300 1.82930090
3.64400 1.82863159
3.64500 1.82796271
3.64600 1.82729426
3.64700 1.82662624
3.64800 1.82595864
3.64900 1.82529147
3.65000 1.82462473
3.65100 1.82395841
3.65200 1.82329252
3.65300 1.82262706
3.65400 1.82196202
3.65500 1.82129740
3.65600 1.82063321
3.65700 1.81996944
3.65800 1.81930610
3.65900 1.81864317
3.66000 1.81798067
3.66100 1.81731860
3.66200 1.81665694
3.66300 1.81599571
3.66400 1.81533490
3.66500 1.81467450
3.66600 1.81401453
3.66700 1.81335498
3.66800 1.81269585
3.66900 1.81203714
3.67000 1.81137884
3.67100 1.81072097
3.67200 1.81006351
3.67300 1.80940647
3.67400 1.80874984
3.67500 1.80809364
3.67600 1.80743785
3.67700 1.80678248
3.67800 1.80612752
3.67900 1.80547298
3.68000 1.80481885
3.68100 1.80416514
3.68200 1.80351184
3.68300 1.80285895
3.68400 1.80220648
3.68500 1.80155442
3.68600 1.80090278
3.68700 1.80025155
3.68800 1.79960073
3.68900 1.79895032
3.69000 1.79830032
3.69100 1.79765073
3.69200 1.79700156
3.69300 1.79635279
3.69400 1.79570443
3.69500 1.79505649
3.69600 1.79440895
3.69700 1.79376182
3.69800 1.79311510
3.69900 1.79246878
3.70000 1.79182288
3.70100 1.79117738
3.70200 1.79053229
3.70300 1.78988760
3.70400 1.78924332
3.70500 1.78859945
3.70600 1.78795598
3.70700 1.78731292
3.70800 1.78667026
3.70900 1.78602801
3.71000 1.78538616
3.71100 1.78474471
3.71200 1.78410367
3.71300 1.78346303
3.71400 1.78282279
3.71500 1.78218295
3.71600 1.78154352
3.71700 1.78090449
3.71800 1.78026585
3.71900 1.77962762
3.72000 1.77898979
3.72100 1.77835236
3.72200 1.77771533
3.72300 1.77707870
3.72400 1.77644247
3.72500 1.77580663
3.72600 1.77517119
3.72700 1.77453616
3.72800 1.77390151
3.72900 1.77326727
3.73000 1.77263342
3.73100 1.77199997
3.73200 1.77136692
3.73300 1.77073426
3.73400 1.77010199
3.73500 1.76947012
3.73600 1.76883865
3.73700 1.76820757
3.73800 1.76757688
3.73900 1.76694659
3.74000 1.76631669
3.74100 1.76568719
3.74200 1.76505807
3.74300 1.76442935
3.74400 1.76380102
3.74500 1.76317308
3.74600 1.76254553
3.74700 1.76191838
3.74800 1.76129161
3.74900 1.76066523
3.75000 1.76003925
3.75100 1.75941365
3.75200 1.75878844
3.75300 1.75816362
3.75400 1.75753919
3.75500 1.75691515
3.75600 1.75629149
3.75700 1.75566823
3.75800 1.75504534
3.75900 1.75442285
3.76000 1.75380074
3.76100 1.75317902
3.76200 1.75255768
3.76300 1.75193673
3.76400 1.75131617
3.76500 1.75069598
3.76600 1.75007619
3.76700 1.74945677
3.76800 1.74883774
3.76900 1.74821909
3.77000 1.74760083
3.77100 1.74698295
3.77200 1.74636545
3.77300 1.74574833
3.77400 1.74513160
3.77500 1.74451524
3.77600 1.74389927
3.77700 1.74328367
3.77800 1.74266846
3.77900 1.74205363
3.78000 1.74143917
3.78100 1.74082510
3.78200 1.74021140
3.78300 1.73959809
3.78400 1.73898515
3.78500 1.73837258
3.78600 1.73776040
3.78700 1.73714859
3.78800 1.73653716
3.78900 1.73592611
3.79000 1.73531543
3.79100 1.73470513
3.79200 1.73409521
3.79300 1.73348566
3.79400 1.73287648
3.79500 1.73226768
3.79600 1.73165925
3.79700 1.73105120
3.79800 1.73044352
3.79900 1.72983621
3.80000 1.72922928
3.80100 1.72862272
3.80200 1.72801653
3.80300 1.72741071
3.80400 1.72680527
3.80500 1.72620019
3.80600 1.72559549
3.80700 1.72499116
3.80800 1.72438720
3.80900 1.72378361
3.81000 1.72318038
3.81100 1.72257753
3.81200 1.72197505
3.81300 1.72137293
3.81400 1.72077118
3.81500 1.72016980
3.81600 1.71956879
3.81700 1.71896815
3.81800 1.71836787
3.81900 1.71776796
3.82000 1.71716842
3.82100 1.71656924
3.82200 1.71597043
3.82300 1.71537198
3.82400 1.71477390
3.82500 1.71417618
3.82600 1.71357883
3.82700 1.71298184
3.82800 1.71238522
3.82900 1.71178896
3.83000 1.71119306
3.83100 1.71059753
3.83200 1.71000236
3.83300 1.70940755
3.83400 1.70881310
3.83500 1.70821901
3.83600 1.70762529
3.83700 1.70703193
3.83800 1.70643892
3.83900 1.70584628
3.84000 1.70525400
3.84100 1.70466208
3.84200 1.70407051
3.84300 1.70347931
3.84400 1.70288847
3.84500 1.70229798
3.84600 1.70170785
3.84700 1.70111808
3.84800 1.70052867
3.84900 1.69993961
3.85000 1.69935092
3.85100 1.69876257
3.85200 1.69817459
3.85300 1.69758696
3.85400 1.69699969
3.85500 1.69641277
3.85600 1.69582621
3.85700 1.69524000
3.85800 1.69465415
3.85900 1.69406865
3.86000 1.69348350
3.86100 1.69289871
3.86200 1.69231427
3.86300 1.69173019
3.86400 1.69114645
3.86500 1.69056307
3.86600 1.68998004
3.86700 1.68939737
3.86800 1.68881504
3.86900 1.68823307
3.87000 1.68765145
3.87100 1.68707017
3.87200 1.68648925
3.87300 1.68590868
3.87400 1.68532846
3.87500 1.68474858
3.87600 1.68416906
3.87700 1.68358989
3.87800 1.68301106
3.87900 1.68243258
3.88000 1.68185445
3.88100 1.68127667
3.88200 1.68069923
3.88300 1.68012214
3.88400 1.67954540
3.88500 1.67896900
3.88600 1.67839295
3.88700 1.67781725
3.88800 1.67724189
3.88900 1.67666688
3.89000 1.67609221
3.89100 1.67551789
3.89200 1.67494391
3.89300 1.67437027
3.89400 1.67379698
3.89500 1.67322403
3.89600 1.67265143
3.89700 1.67207916
3.89800 1.67150724
3.89900 1.67093567
3.90000 1.67036443
3.90100 1.66979354
3.90200 1.66922298
3.90300 1.66865277
3.90400 1.66808290
3.90500 1.66751337
3.90600 1.66694418
3.90700 1.66637533
3.90800 1.66580682
3.90900 1.66523865
3.91000 1.66467082
3.91100 1.66410332
3.91200 1.66353617
3.91300 1.66296935
3.91400 1.66240287
3.91500 1.66183673
3.91600 1.66127093
3.91700 1.66070546
3.91800 1.66014033
3.91900 1.65957554
3.92000 1.65901108
3.92100 1.65844696
3.92200 1.65788317
3.92300 1.65731972
3.92400 1.65675661
3.92500 1.65619383
3.92600 1.65563138
3.92700 1.65506927
3.92800 1.65450749
3.92900 1.65394604
3.93000 1.65338493
3.93100 1.65282415
3.93200 1.65226371
3.93300 1.65170360
3.93400 1.65114381
3.93500 1.65058437
3.93600 1.65002525
3.93700 1.64946646
3.93800 1.64890801
3.93900 1.64834988
3.94000 1.64779209
3.94100 1.64723463
3.94200 1.64667749
3.94300 1.64612069
3.94400 1.64556421
3.94500 1.64500807
3.94600 1.64445225
3.94700 1.64389677
3.94800 1.64334161
3.94900 1.64278677
3.95000 1.64223227
3.95100 1.64167809
3.95200 1.64112424
3.95300 1.64057072
3.95400 1.64001753
3.95500 1.63946466
3.95600 1.63891211
3.95700 1.63835990
3.95800 1.63780801
3.95900 1.63725644
3.96000 1.63670520
3.96100 1.63615428
3.96200 1.63560369
3.96300 1.63505342
3.96400 1.63450348
3.96500 1.63395385
3.96600 1.63340456
3.96700 1.63285558
3.96800 1.63230693
3.96900 1.63175860
3.97000 1.63121060
3.97100 1.63066291
3.97200 1.63011555
3.97300 1.62956851
3.97400 1.62902179
3.97500 1.62847539
3.97600 1.62792931
3.97700 1.62738355
3.97800 1.62683811
3.97900 1.62629299
3.98000 1.62574819
3.98100 1.62520371
3.98200 1.62465955
3.98300 1.62411571
3.98400 1.62357219
3.98500 1.62302898
3.98600 1.62248610
3.98700 1.62194353
3.98800 1.62140127
3.98900 1.62085934
3.99000 1.62031772
3.99100 1.61977642
3.99200 1.61923543
3.99300 1.61869477
3.99400 1.61815441
3.99500 1.61761438
3.99600 1.61707465
3.99700 1.61653525
3.99800 1.61599615
3.99900 1.61545738
4.00000 1.61491891
4.00100 1.61438076
4.00200 1.61384293
4.00300 1.61330541
4.00400 1.61276820
4.00500 1.61223130
4.00600 1.61169472
4.00700 1.61115845
4.00800 1.61062249
4.00900 1.61008684
4.01000 1.60955151
4.01100 1.60901648
4.01200 1.60848177
4.01300 1.60794737
4.01400 1.60741328
4.01500 1.60687950
4.01600 1.60634603
4.01700 1.60581287
4.01800 1.60528002
4.01900 1.60474748
4.02000 1.60421524
4.02100 1.60368332
4.02200 1.60315170
4.02300 1.60262040
4.02400 1.60208940
4.02500 1.60155871
4.02600 1.60102832
4.02700 1.60049825
4.02800 1.59996848
4.02900 1.59943902
4.03000 1.59890986
4.03100 1.59838101
4.03200 1.59785247
4.03300 1.59732423
4.03400 1.59679630
4.03500 1.59626867
4.03600 1.59574135
4.03700 1.59521433
4.03800 1.59468762
4.03900 1.59416121
4.04000 1.59363511
4.04100 1.59310931
4.04200 1.59258381
4.04300 1.59205862
4.04400 1.59153373
4.04500 1.59100914
4.04600 1.59048486
4.04700 1.58996087
4.04800 1.58943719
4.04900 1.58891381
4.05000 1.58839073
4.05100 1.58786796
4.05200 1.58734548
4.05300 1.58682331
4.05400 1.58630143
4.05500 1.58577986
4.05600 1.58525859
4.05700 1.58473761
4.05800 1.58421694
4.05900 1.58369656
4.06000 1.58317649
4.06100 1.58265671
4.06200 1.58213723
4.06300 1.58161805
4.06400 1.58109917
4.06500 1.58058058
4.06600 1.58006230
4.06700 1.57954431
4.06800 1.57902662
4.06900 1.57850922
4.07000 1.57799212
4.07100 1.57747532
4.07200 1.57695881
4.07300 1.57644260
4.07400 1.57592669
4.07500 1.57541107
4.07600 1.57489574
4.07700 1.57438071
4.07800 1.57386598
4.07900 1.57335154
4.08000 1.57283739
4.08100 1.57232354
4.08200 1.57180998
4.08300 1.57129672
4.08400 1.57078374
4.08500 1.57027107
4.08600 1.56975868
4.08700 1.56924659
4.08800 1.56873478
4.08900 1.56822328
4.09000 1.56771206
4.09100 1.56720113
4.09200 1.56669050
4.09300 1.56618015
4.09400 1.56567010
4.09500 1.56516034
4.09600 1.56465087
4.09700 1.56414169
4.09800 1.56363280
4.09900 1.56312419
4.10000 1.56261588
4.10100 1.56210786
4.10200 1.56160012
4.10300 1.56109268
4.10400 1.56058552
4.10500 1.56007865
4.10600 1.55957207
4.10700 1.55906578
4.10800 1.55855977
4.10900 1.55805406
4.11000 1.55754862
4.11100 1.55704348
4.11200 1.55653862
4.11300 1.55603405
4.11400 1.55552977
4.11500 1.55502577
4.11600 1.55452205
4.11700 1.55401863
4.11800 1.55351548
4.11900 1.55301263
4.12000 1.55251005
4.12100 1.55200777
4.12200 1.55150576
4.12300 1.55100404
4.12400 1.55050261
4.12500 1.55000145
4.12600 1.54950059
4.12700 1.54900000
4.12800 1.54849970
4.12900 1.54799968
4.13000 1.54749994
4.13100 1.54700048
4.13200 1.54650131
4.13300 1.54600242
4.13400 1.54550381
4.13500 1.54500548
4.13600 1.54450743
4.13700 1.54400967
4.13800 1.54351218
4.13900 1.54301497
4.14000 1.54251805
4.14100 1.54202140
4.14200 1.54152504
4.14300 1.54102895
4.14400 1.54053315
4.14500 1.54003762
4.14600 1.53954237
4.14700 1.53904740
4.14800 1.53855271
4.14900 1.53805830
4.15000 1.53756416
4.15100 1.53707030
4.15200 1.53657672
4.15300 1.53608342
4.15400 1.53559039
4.15500 1.53509764
4.15600 1.53460517
4.15700 1.53411298
4.15800 1.53362106
4.15900 1.53312941
4.16000 1.53263804
4.16100 1.53214695
4.16200 1.53165614
4.16300 1.53116559
4.16400 1.53067533
4.16500 1.53018533
4.16600 1.52969562
4.16700 1.52920617
4.16800 1.52871700
4.16900 1.52822811
4.17000 1.52773948
4.17100 1.52725113
4.17200 1.52676306
4.17300 1.52627525
4.17400 1.52578772
4.17500 1.52530047
4.17600 1.52481348
4.17700 1.52432677
4.17800 1.52384032
4.17900 1.52335415
4.18000 1.52286826
4.18100 1.52238263
4.18200 1.52189727
4.18300 1.52141218
4.18400 1.52092737
4.18500 1.52044282
4.18600 1.51995855
4.18700 1.51947454
4.18800 1.51899081
4.18900 1.51850734
4.19000 1.51802414
4.19100 1.51754122
4.19200 1.51705856
4.19300 1.51657617
4.19400 1.51609404
4.19500 1.51561219
4.19600 1.51513060
4.19700 1.51464928
4.19800 1.51416823
4.19900 1.51368745
4.20000 1.51320693
4.20100 1.51272668
4.20200 1.51224670
4.20300 1.51176698
4.20400 1.51128753
4.20500 1.51080835
4.20600 1.51032943
4.20700 1.50985078
4.20800 1.50937239
4.20900 1.50889427
4.21000 1.50841641
4.21100 1.50793882
4.21200 1.50746149
4.21300 1.50698443
4.21400 1.50650763
4.21500 1.50603109
4.21600 1.50555482
4.21700 1.50507881
4.21800 1.50460307
4.21900 1.50412758
4.22000 1.50365236
4.22100 1.50317741
4.22200 1.50270271
4.22300 1.50222828
4.22400 1.50175411
4.22500 1.50128021
4.22600 1.50080656
4.22700 1.50033317
4.22800 1.49986005
4.22900 1.49938719
4.23000 1.49891459
4.23100 1.49844225
4.23200 1.49797017
4.23300 1.49749835
4.23400 1.49702679
4.23500 1.49655549
4.23600 1.49608444
4.23700 1.49561366
4.23800 1.49514314
4.23900 1.49467288
4.24000 1.49420287
4.24100 1.49373313
4.24200 1.49326364
4.24300 1.49279441
4.24400 1.49232544
4.24500 1.49185673
4.24600 1.49138827
4.24700 1.49092007
4.24800 1.49045213
4.24900 1.48998445
4.25000 1.48951702
4.25100 1.48904985
4.25200 1.48858293
4.25300 1.48811627
4.25400 1.48764987
4.25500 1.48718372
4.25600 1.48671783
4.25700 1.48625220
4.25800 1.48578681
4.25900 1.48532169
4.26000 1.48485682
4.26100 1.48439220
4.26200 1.48392784
4.26300 1.48346373
4.26400 1.48299988
4.26500 1.48253628
4.26600 1.48207293
4.26700 1.48160984
4.26800 1.48114699
4.26900 1.48068441
4.27000 1.48022207
4.27100 1.47975999
4.27200 1.47929816
4.27300 1.47883658
4.27400 1.47837526
4.27500 1.47791418
4.27600 1.47745336
4.27700 1.47699279
4.27800 1.47653247
4.27900 1.47607240
4.28000 1.47561259
4.28100 1.47515302
4.28200 1.47469370
4.28300 1.47423464
4.28400 1.47377582
4.28500 1.47331725
4.28600 1.47285894
4.28700 1.47240087
4.28800 1.47194305
4.28900 1.47148548
4.29000 1.47102816
4.29100 1.47057109
4.29200 1.47011426
4.29300 1.46965769
4.29400 1.46920136
4.29500 1.46874528
4.29600 1.46828945
4.29700 1.46783387
4.29800 1.46737853
4.29900 1.46692344
4.30000 1.46646860
4.30100 1.46601401
4.30200 1.46555966
4.30300 1.46510555
4.30400 1.46465170
4.30500 1.46419809
4.30600 1.46374472
4.30700 1.46329160
4.30800 1.46283873
4.30900 1.46238610
4.31000 1.46193372
4.31100 1.46148158
4.31200 1.46102968
4.31300 1.46057804
4.31400 1.46012663
4.31500 1.45967547
4.31600 1.45922455
4.31700 1.45877388
4.31800 1.45832345
4.31900 1.45787326
4.32000 1.45742332
4.32100 1.45697362
4.32200 1.45652416
4.32300 1.45607494
4.32400 1.45562597
4.32500 1.45517724
4.32600 1.45472875
4.32700 1.45428051
4.32800 1.45383250
4.32900 1.45338474
4.33000 1.45293721
4.33100 1.45248993
4.33200 1.45204289
4.33300 1.45159609
4.33400 1.45114953
4.33500 1.45070322
4.33600 1.45025714
4.33700 1.44981130
4.33800 1.44936570
4.33900 1.44892034
4.34000 1.44847522
4.34100 1.44803034
4.34200 1.44758570
4.34300 1.44714130
4.34400 1.44669713
4.34500 1.44625321
4.34600 1.44580952
4.34700 1.44536607
4.34800 1.44492286
4.34900 1.44447989
4.35000 1.44403715
4.35100 1.44359465
4.35200 1.44315239
4.35300 1.44271037
4.35400 1.44226858
4.35500 1.44182703
4.35600 1.44138572
4.35700 1.44094464
4.35800 1.44050380
4.35900 1.44006319
4.36000 1.43962283
4.36100 1.43918269
4.36200 1.43874279
4.36300 1.43830313
4.36400 1.43786370
4.36500 1.43742451
4.36600 1.43698555
4.36700 1.43654683
4.36800 1.43610834
4.36900 1.43567008
4.37000 1.43523206
4.37100 1.43479427
4.37200 1.43435672
4.37300 1.43391940
4.37400 1.43348231
4.37500 1.43304546
4.37600 1.43260883
4.37700 1.43217245
4.37800 1.43173629
4.37900 1.43130037
4.38000 1.43086468
4.38100 1.43042922
4.38200 1.42999399
4.38300 1.42955899
4.38400 1.42912423
4.38500 1.42868970
4.38600 1.42825539
4.38700 1.42782132
4.38800 1.42738748
4.38900 1.42695387
4.39000 1.42652050
4.39100 1.42608735
4.39200 1.42565443
4.39300 1.42522174
4.39400 1.42478928
4.39500 1.42435705
4.39600 1.42392505
4.39700 1.42349328
4.39800 1.42306174
4.39900 1.42263043
4.40000 1.42219934
4.40100 1.42176849
4.40200 1.42133786
4.40300 1.42090746
4.40400 1.42047729
4.40500 1.42004735
4.40600 1.41961763
4.40700 1.41918815
4.40800 1.41875889
4.40900 1.41832985
4.41000 1.41790105
4.41100 1.41747247
4.41200 1.41704412
4.41300 1.41661599
4.41400 1.41618809
4.41500 1.41576042
4.41600 1.41533297
4.41700 1.41490575
4.41800 1.41447875
4.41900 1.41405198
4.42000 1.41362543
4.42100 1.41319911
4.42200 1.41277302
4.42300 1.41234715
4.42400 1.41192150
4.42500 1.41149608
4.42600 1.41107088
4.42700 1.41064591
4.42800 1.41022116
4.42900 1.40979663
4.43000 1.40937233
4.43100 1.40894825
4.43200 1.40852440
4.43300 1.40810076
4.43400 1.40767736
4.43500 1.40725417
4.43600 1.40683120
4.43700 1.40640846
4.43800 1.40598594
4.43900 1.40556365
4.44000 1.40514157
4.44100 1.40471972
4.44200 1.40429809
4.44300 1.40387667
4.44400 1.40345549
4.44500 1.40303452
4.44600 1.40261377
4.44700 1.40219324
4.44800 1.40177294
4.44900 1.40135285
4.45000 1.40093299
4.45100 1.40051334
4.45200 1.40009392
4.45300 1.39967471
4.45400 1.39925572
4.45500 1.39883696
4.45600 1.39841841
4.45700 1.39800008
4.45800 1.39758197
4.45900 1.39716408
4.46000 1.39674641
4.46100 1.39632896
4.46200 1.39591172
4.46300 1.39549471
4.46400 1.39507791
4.46500 1.39466133
4.46600 1.39424496
4.46700 1.39382882
4.46800 1.39341289
4.46900 1.39299718
4.47000 1.39258168
4.47100 1.39216641
4.47200 1.39175134
4.47300 1.39133650
4.47400 1.39092187
4.47500 1.39050746
4.47600 1.39009326
4.47700 1.38967928
4.47800 1.38926552
4.47900 1.38885197
4.48000 1.38843864
4.48100 1.38802552
4.48200 1.38761262
4.48300 1.38719993
4.48400 1.38678745
4.48500 1.38637520
4.48600 1.38596315
4.48700 1.38555132
4.48800 1.38513970
4.48900 1.38472830
4.49000 1.38431711
4.49100 1.38390614
4.49200 1.38349538
4.49300 1.38308483
4.49400 1.38267450
4.49500 1.38226437
4.49600 1.38185446
4.49700 1.38144477
4.49800 1.38103528
4.49900 1.38062601
4.50000 1.38021695
4.50100 1.37980811
4.50200 1.37939947
4.50300 1.37899105
4.50400 1.37858284
4.50500 1.37817484
4.50600 1.37776705
4.50700 1.37735947
4.50800 1.37695210
4.50900 1.37654494
4.51000 1.37613800
4.51100 1.37573126
4.51200 1.37532474
4.51300 1.37491842
4.51400 1.37451232
4.51500 1.37410642
4.51600 1.37370074
4.51700 1.37329526
4.51800 1.37289000
4.51900 1.37248494
4.52000 1.37208009
4.52100 1.37167545
4.52200 1.37127102
4.52300 1.37086680
4.52400 1.37046279
4.52500 1.37005898
4.52600 1.36965539
4.52700 1.36925200
4.52800 1.36884882
4.52900 1.36844584
4.53000 1.36804308
4.53100 1.36764052
4.53200 1.36723817
4.53300 1.36683603
4.53400 1.36643409
4.53500 1.36603236
4.53600 1.36563084
4.53700 1.36522952
4.53800 1.36482841
4.53900 1.36442751
4.54000 1.36402681
4.54100 1.36362631
4.54200 1.36322603
4.54300 1.36282595
4.54400 1.36242607
4.54500 1.36202640
4.54600 1.36162694
4.54700 1.36122768
4.54800 1.36082862
4.54900 1.36042977
4.55000 1.36003112
4.55100 1.35963268
4.55200 1.35923444
4.55300 1.35883641
4.55400 1.35843858
4.55500 1.35804096
4.55600 1.35764353
4.55700 1.35724632
4.55800 1.35684930
4.55900 1.35645249
4.56000 1.35605588
4.56100 1.35565947
4.56200 1.35526327
4.56300 1.35486727
4.56400 1.35447147
4.56500 1.35407587
4.56600 1.35368048
4.56700 1.35328529
4.56800 1.35289030
4.56900 1.35249551
4.57000 1.35210092
4.57100 1.35170654
4.57200 1.35131235
4.57300 1.35091837
4.57400 1.35052459
4.57500 1.35013101
4.57600 1.34973763
4.57700 1.34934445
4.57800 1.34895147
4.57900 1.34855869
4.58000 1.34816611
4.58100 1.34777373
4.58200 1.34738155
4.58300 1.34698957
4.58400 1.34659779
4.58500 1.34620621
4.58600 1.34581483
4.58700 1.34542365
4.58800 1.34503266
4.58900 1.34464188
4.59000 1.34425129
4.59100 1.34386090
4.59200 1.34347071
4.59300 1.34308072
4.59400 1.34269093
4.59500 1.34230133
4.59600 1.34191194
4.59700 1.34152274
4.59800 1.34113373
4.59900 1.34074493
4.60000 1.34035632
4.60100 1.33996791
4.60200 1.33957970
4.60300 1.33919168
4.60400 1.33880386
4.60500 1.33841624
4.60600 1.33802881
4.60700 1.33764158
4.60800 1.33725454
4.60900 1.33686770
4.61000 1.33648106
4.61100 1.33609461
4.61200 1.33570836
4.61300 1.33532230
4.61400 1.33493644
4.61500 1.33455078
4.61600 1.33416530
4.61700 1.33378003
4.61800 1.33339495
4.61900 1.33301006
4.62000 1.33262537
4.62100 1.33224087
4.62200 1.33185656
4.62300 1.33147245
4.62400 1.33108853
4.62500 1.33070481
4.62600 1.33032128
4.62700 1.32993794
4.62800 1.32955480
4.62900 1.32917185
4.63000 1.32878909
4.63100 1.32840653
4.63200 1.32802416
4.63300 1.32764198
4.63400 1.32725999
4.63500 1.32687820
4.63600 1.32649660
4.63700 1.32611519
4.63800 1.32573397
4.63900 1.32535294
4.64000 1.32497211
4.64100 1.32459146
4.64200 1.32421101
4.64300 1.32383075
4.64400 1.32345068
4.64500 1.32307080
4.64600 1.32269111
4.64700 1.32231162
4.64800 1.32193231
4.64900 1.32155319
4.65000 1.32117427
4.65100 1.32079553
4.65200 1.32041698
4.65300 1.32003863
4.65400 1.31966046
4.65500 1.31928248
4.65600 1.31890469
4.65700 1.31852710
4.65800 1.31814969
4.65900 1.31777247
4.66000 1.31739543
4.66100 1.31701859
4.66200 1.31664194
4.66300 1.31626547
4.66400 1.31588919
4.66500 1.31551310
4.66600 1.31513720
4.66700 1.31476149
4.66800 1.31438596
4.66900 1.31401063
4.67000 1.31363548
4.67100 1.31326051
4.67200 1.31288574
4.67300 1.31251115
4.67400 1.31213675
4.67500 1.31176253
4.67600 1.31138851
4.67700 1.31101466
4.67800 1.31064101
4.67900 1.31026754
4.68000 1.30989426
4.68100 1.30952116
4.68200 1.30914825
4.68300 1.30877553
4.68400 1.30840299
4.68500 1.30803064
4.68600 1.30765847
4.68700 1.30728649
4.68800 1.30691469
4.68900 1.30654308
4.69000 1.30617165
4.69100 1.30580040
4.69200 1.30542935
4.69300 1.30505847
4.69400 1.30468778
4.69500 1.30431728
4.69600 1.30394696
4.69700 1.30357682
4.69800 1.30320687
4.69900 1.30283710
4.70000 1.30246751
4.70100 1.30209811
4.70200 1.30172889
4.70300 1.30135985
4.70400 1.30099100
4.70500 1.30062233
4.70600 1.30025384
4.70700 1.29988554
4.70800 1.29951741
4.70900 1.29914947
4.71000 1.29878172
4.71100 1.29841414
4.71200 1.29804675
4.71300 1.29767954
4.71400 1.29731251
4.71500 1.29694566
4.71600 1.29657899
4.71700 1.29621251
4.71800 1.29584620
4.71900 1.29548008
4.72000 1.29511414
4.72100 1.29474838
4.72200 1.29438280
4.72300 1.29401740
4.72400 1.29365218
4.72500 1.29328714
4.72600 1.29292228
4.72700 1.29255760
4.72800 1.29219310
4.72900 1.29182878
4.73000 1.29146465
4.73100 1.29110069
4.73200 1.29073691
4.73300 1.29037331
4.73400 1.29000988
4.73500 1.28964664
4.73600 1.28928358
4.73700 1.28892069
4.73800 1.28855799
4.73900 1.28819546
4.74000 1.28783311
4.74100 1.28747094
4.74200 1.28710895
4.74300 1.28674713
4.74400 1.28638550
4.74500 1.28602404
4.74600 1.28566276
4.74700 1.28530166
4.74800 1.28494073
4.74900 1.28457998
4.75000 1.28421941
4.75100 1.28385902
4.75200 1.28349880
4.75300 1.28313876
4.75400 1.28277890
4.75500 1.28241921
4.75600 1.28205970
4.75700 1.28170036
4.75800 1.28134121
4.75900 1.28098222
4.76000 1.28062342
4.76100 1.28026479
4.76200 1.27990633
4.76300 1.27954805
4.76400 1.27918995
4.76500 1.27883202
4.76600 1.27847427
4.76700 1.27811669
4.76800 1.27775929
4.76900 1.27740206
4.77000 1.27704501
4.77100 1.27668813
4.77200 1.27633143
4.77300 1.27597490
4.77400 1.27561854
4.77500 1.27526236
4.77600 1.27490635
4.77700 1.27455052
4.77800 1.27419486
4.77900 1.27383937
4.78000 1.27348406
4.78100 1.27312892
4.78200 1.27277396
4.78300 1.27241916
4.78400 1.27206454
4.78500 1.27171010
4.78600 1.27135582
4.78700 1.27100172
4.78800 1.27064779
4.78900 1.27029404
4.79000 1.26994045
4.79100 1.26958704
4.79200 1.26923380
4.79300 1.26888074
4.79400 1.26852784
4.79500 1.26817512
4.79600 1.26782256
4.79700 1.26747018
4.79800 1.26711797
4.79900 1.26676594
4.80000 1.26641407
4.80100 1.26606237
4.80200 1.26571085
4.80300 1.26535949
4.80400 1.26500831
4.80500 1.26465729
4.80600 1.26430645
4.80700 1.26395578
4.80800 1.26360528
4.80900 1.26325494
4.81000 1.26290478
4.81100 1.26255479
4.81200 1.26220497
4.81300 1.26185531
4.81400 1.26150583
4.81500 1.26115651
4.81600 1.26080737
4.81700 1.26045839
4.81800 1.26010959
4.81900 1.25976095
4.82000 1.25941248
4.82100 1.25906418
4.82200 1.25871604
4.82300 1.25836808
4.82400 1.25802028
4.82500 1.25767266
4.82600 1.25732520
4.82700 1.25697791
4.82800 1.25663078
4.82900 1.25628383
4.83000 1.25593704
4.83100 1.25559042
4.83200 1.25524396
4.83300 1.25489768
4.83400 1.25455156
4.83500 1.25420561
4.83600 1.25385982
4.83700 1.25351420
4.83800 1.25316875
4.83900 1.25282347
4.84000 1.25247835
4.84100 1.25213340
4.84200 1.25178861
4.84300 1.25144399
4.84400 1.25109954
4.84500 1.25075525
4.84600 1.25041113
4.84700 1.25006717
4.84800 1.24972338
4.84900 1.24937975
4.85000 1.24903629
4.85100 1.24869300
4.85200 1.24834987
4.85300 1.24800690
4.85400 1.24766410
4.85500 1.24732147
4.85600 1.24697900
4.85700 1.24663669
4.85800 1.24629455
4.85900 1.24595257
4.86000 1.24561076
4.86100 1.24526911
4.86200 1.24492762
4.86300 1.24458630
4.86400 1.24424514
4.86500 1.24390415
4.86600 1.24356332
4.86700 1.24322265
4.86800 1.24288215
4.86900 1.24254181
4.87000 1.24220163
4.87100 1.24186161
4.87200 1.24152176
4.87300 1.24118207
4.87400 1.24084255
4.87500 1.24050318
4.87600 1.24016398
4.87700 1.23982494
4.87800 1.23948606
4.87900 1.23914735
4.88000 1.23880880
4.88100 1.23847040
4.88200 1.23813217
4.88300 1.23779411
4.88400 1.23745620
4.88500 1.23711845
4.88600 1.23678087
4.88700 1.23644345
4.88800 1.23610619
4.88900 1.23576909
4.89000 1.23543215
4.89100 1.23509537
4.89200 1.23475875
4.89300 1.23442229
4.89400 1.23408599
4.89500 1.23374985
4.89600 1.23341388
4.89700 1.23307806
4.89800 1.23274240
4.89900 1.23240691
4.90000 1.23207157
4.90100 1.23173639
4.90200 1.23140137
4.90300 1.23106651
4.90400 1.23073181
4.90500 1.23039727
4.90600 1.23006289
4.90700 1.22972867
4.90800 1.22939461
4.90900 1.22906070
4.91000 1.22872696
4.91100 1.22839337
4.91200 1.22805994
4.91300 1.22772667
4.91400 1.22739356
4.91500 1.22706060
4.91600 1.22672781
4.91700 1.22639517
4.91800 1.22606269
4.91900 1.22573037
4.92000 1.22539820
4.92100 1.22506620
4.92200 1.22473435
4.92300 1.22440265
4.92400 1.22407112
4.92500 1.22373974
4.92600 1.22340852
4.92700 1.22307745
4.92800 1.22274654
4.92900 1.22241579
4.93000 1.22208520
4.93100 1.22175476
4.93200 1.22142448
4.93300 1.22109435
4.93400 1.22076438
4.93500 1.22043457
4.93600 1.22010491
4.93700 1.21977541
4.93800 1.21944606
4.93900 1.21911687
4.94000 1.21878784
4.94100 1.21845896
4.94200 1.21813023
4.94300 1.21780166
4.94400 1.21747325
4.94500 1.21714499
4.94600 1.21681688
4.94700 1.21648893
4.94800 1.21616114
4.94900 1.21583350
4.95000 1.21550601
4.95100 1.21517868
4.95200 1.21485150
4.95300 1.21452448
4.95400 1.21419761
4.95500 1.21387089
4.95600 1.21354433
4.95700 1.21321792
4.95800 1.21289167
4.95900 1.21256557
4.96000 1.21223962
4.96100 1.21191383
4.96200 1.21158818
4.96300 1.21126270
4.96400 1.21093736
4.96500 1.21061218
4.96600 1.21028715
4.96700 1.20996227
4.96800 1.20963755
4.96900 1.20931298
4.97000 1.20898856
4.97100 1.20866429
4.97200 1.20834018
4.97300 1.20801621
4.97400 1.20769240
4.97500 1.20736875
4.97600 1.20704524
4.97700 1.20672188
4.97800 1.20639868
4.97900 1.20607563
4.98000 1.20575273
4.98100 1.20542998
4.98200 1.20510738
4.98300 1.20478493
4.98400 1.20446263
4.98500 1.20414049
4.98600 1.20381849
4.98700 1.20349665
4.98800 1.20317495
4.98900 1.20285341
4.99000 1.20253202
4.99100 1.20221078
4.99200 1.20188968
4.99300 1.20156874
4.99400 1.20124795
4.99500 1.20092731
4.99600 1.20060681
4.99700 1.20028647
4.99800 1.19996627
4.99900 1.19964623
5.00000 1.19932634
