1.00000 3.04063908
1.00100 3.03975241
1.00200 3.03886609
1.00300 3.03798014
1.00400 3.03709457
1.00500 3.03620937
1.00600 3.03532456
1.00700 3.03444014
1.00800 3.03355611
1.00900 3.03267249
1.01000 3.03178928
1.01100 3.03090648
1.01200 3.03002411
1.01300 3.02914216
1.01400 3.02826064
1.01500 3.02737956
1.01600 3.02649892
1.01700 3.02561873
1.01800 3.02473899
1.01900 3.02385971
1.02000 3.02298090
1.02100 3.02210255
1.02200 3.02122467
1.02300 3.02034727
1.02400 3.01947036
1.02500 3.01859393
1.02600 3.01771799
1.02700 3.01684255
1.02800 3.01596761
1.02900 3.01509318
1.03000 3.01421925
1.03100 3.01334584
1.03200 3.01247295
1.03300 3.01160057
1.03400 3.01072873
1.03500 3.00985741
1.03600 3.00898663
1.03700 3.00811639
1.03800 3.00724669
1.03900 3.00637753
1.04000 3.00550892
1.04100 3.00464087
1.04200 3.00377337
1.04300 3.00290643
1.04400 3.00204006
1.04500 3.00117425
1.04600 3.00030901
1.04700 2.99944434
1.04800 2.99858026
1.04900 2.99771675
1.05000 2.99685382
1.05100 2.99599148
1.05200 2.99512973
1.05300 2.99426857
1.05400 2.99340801
1.05500 2.99254804
1.05600 2.99168868
1.05700 2.99082992
1.05800 2.98997176
1.05900 2.98911422
1.06000 2.98825728
1.06100 2.98740096
1.06200 2.98654526
1.06300 2.98569017
1.06400 2.98483571
1.06500 2.98398187
1.06600 2.98312866
1.06700 2.98227608
1.06800 2.98142413
1.06900 2.98057281
1.07000 2.97972212
1.07100 2.97887208
1.07200 2.97802267
1.07300 2.97717391
1.07400 2.97632579
1.07500 2.97547832
1.07600 2.97463149
1.07700 2.97378532
1.07800 2.97293979
1.07900 2.97209492
1.08000 2.97125071
1.08100 2.97040715
1.08200 2.96956426
1.08300 2.96872202
1.08400 2.96788045
1.08500 2.96703954
1.08600 2.96619929
1.08700 2.96535972
1.08800 2.96452081
1.08900 2.96368257
1.09000 2.96284501
1.09100 2.96200812
1.09200 2.96117190
1.09300 2.96033636
1.09400 2.95950150
1.09500 2.95866732
1.09600 2.95783381
1.09700 2.95700099
1.09800 2.95616886
1.09900 2.95533740
1.10000 2.95450663
1.10100 2.95367655
1.10200 2.95284716
1.10300 2.95201845
1.10400 2.95119044
1.10500 2.95036311
1.10600 2.94953648
1.10700 2.94871054
1.10800 2.94788529
1.10900 2.94706074
1.11000 2.94623689
1.11100 2.94541373
1.11200 2.94459127
1.11300 2.94376951
1.11400 2.94294844
1.11500 2.94212808
1.11600 2.94130842
1.11700 2.94048946
1.11800 2.93967120
1.11900 2.93885365
1.12000 2.93803680
1.12100 2.93722065
1.12200 2.93640521
1.12300 2.93559048
1.12400 2.93477645
1.12500 2.93396313
1.12600 2.93315052
1.12700 2.93233861
1.12800 2.93152742
1.12900 2.93071693
1.13000 2.92990715
1.13100 2.92909809
1.13200 2.92828973
1.13300 2.92748209
1.13400 2.92667516
1.13500 2.92586893
1.13600 2.92506343
1.13700 2.92425863
1.13800 2.92345455
1.13900 2.92265118
1.14000 2.92184853
1.14100 2.92104659
1.14200 2.92024536
1.14300 2.91944485
1.14400 2.91864505
1.14500 2.91784597
1.14600 2.91704760
1.14700 2.91624995
1.14800 2.91545302
1.14900 2.91465680
1.15000 2.91386130
1.15100 2.91306651
1.15200 2.91227244
1.15300 2.91147909
1.15400 2.91068646
1.15500 2.90989454
1.15600 2.90910333
1.15700 2.90831285
1.15800 2.90752308
1.15900 2.90673403
1.16000 2.90594569
1.16100 2.90515808
1.16200 2.90437118
1.16300 2.90358499
1.16400 2.90279953
1.16500 2.90201478
1.16600 2.90123074
1.16700 2.90044743
1.16800 2.89966483
1.16900 2.89888295
1.17000 2.89810178
1.17100 2.89732133
1.17200 2.89654160
1.17300 2.89576259
1.17400 2.89498429
1.17500 2.89420670
1.17600 2.89342983
1.17700 2.89265368
1.17800 2.89187824
1.17900 2.89110352
1.18000 2.89032951
1.18100 2.88955622
1.18200 2.88878364
1.18300 2.88801178
1.18400 2.88724063
1.18500 2.88647020
1.18600 2.88570048
1.18700 2.88493147
1.18800 2.88416317
1.18900 2.88339559
1.19000 2.88262872
1.19100 2.88186256
1.19200 2.88109712
1.19300 2.88033238
1.19400 2.87956836
1.19500 2.87880505
1.19600 2.87804245
1.19700 2.87728056
1.19800 2.87651938
1.19900 2.87575891
1.20000 2.87499914
1.20100 2.87424009
1.20200 2.87348174
1.20300 2.87272411
1.20400 2.87196718
1.20500 2.87121095
1.20600 2.87045544
1.20700 2.86970063
1.20800 2.86894652
1.20900 2.86819312
1.21000 2.86744043
1.21100 2.86668844
1.21200 2.86593716
1.21300 2.86518657
1.21400 2.86443670
1.21500 2.86368752
1.21600 2.86293905
1.21700 2.86219127
1.21800 2.86144420
1.21900 2.86069783
1.22000 2.85995216
1.22100 2.85920719
1.22200 2.85846292
1.22300 2.85771935
1.22400 2.85697647
1.22500 2.85623429
1.22600 2.85549281
1.22700 2.85475203
1.22800 2.85401194
1.22900 2.85327255
1.23000 2.85253385
1.23100 2.85179585
1.23200 2.85105854
1.23300 2.85032192
1.23400 2.84958599
1.23500 2.84885076
1.23600 2.84811622
1.23700 2.84738237
1.23800 2.84664921
1.23900 2.84591674
1.24000 2.84518495
1.24100 2.84445386
1.24200 2.84372345
1.24300 2.84299373
1.24400 2.84226470
1.24500 2.84153635
1.24600 2.84080869
1.24700 2.84008171
1.24800 2.83935542
1.24900 2.83862981
1.25000 2.83790488
1.25100 2.83718064
1.25200 2.83645707
1.25300 2.83573419
1.25400 2.83501199
1.25500 2.83429046
1.25600 2.83356962
1.25700 2.83284945
1.25800 2.83212996
1.25900 2.83141115
1.26000 2.83069301
1.26100 2.82997555
1.26200 2.82925876
1.26300 2.82854265
1.26400 2.82782721
1.26500 2.82711244
1.26600 2.82639834
1.26700 2.82568492
1.26800 2.82497216
1.26900 2.82426008
1.27000 2.82354867
1.27100 2.82283792
1.27200 2.82212784
1.27300 2.82141843
1.27400 2.82070968
1.27500 2.82000160
1.27600 2.81929419
1.27700 2.81858744
1.27800 2.81788135
1.27900 2.81717592
1.28000 2.81647116
1.28100 2.81576706
1.28200 2.81506362
1.28300 2.81436083
1.28400 2.81365871
1.28500 2.81295725
1.28600 2.81225644
1.28700 2.81155629
1.28800 2.81085680
1.28900 2.81015796
1.29000 2.80945977
1.29100 2.80876224
1.29200 2.80806537
1.29300 2.80736914
1.29400 2.80667357
1.29500 2.80597864
1.29600 2.80528437
1.29700 2.80459075
1.29800 2.80389777
1.29900 2.80320545
1.30000 2.80251377
1.30100 2.80182274
1.30200 2.80113235
1.30300 2.80044260
1.30400 2.79975351
1.30500 2.79906505
1.30600 2.79837724
1.30700 2.79769006
1.30800 2.79700353
1.30900 2.79631764
1.31000 2.79563239
1.31100 2.79494778
1.31200 2.79426380
1.31300 2.79358047
1.31400 2.79289777
1.31500 2.79221570
1.31600 2.79153427
1.31700 2.79085347
1.31800 2.79017331
1.31900 2.78949378
1.32000 2.78881488
1.32100 2.78813661
1.32200 2.78745897
1.32300 2.78678196
1.32400 2.78610558
1.32500 2.78542983
1.32600 2.78475470
1.32700 2.78408020
1.32800 2.78340632
1.32900 2.78273307
1.33000 2.78206045
1.33100 2.78138844
1.33200 2.78071706
1.33300 2.78004630
1.33400 2.77937617
1.33500 2.77870665
1.33600 2.77803775
1.33700 2.77736946
1.33800 2.77670180
1.33900 2.77603475
1.34000 2.77536832
1.34100 2.77470251
1.34200 2.77403730
1.34300 2.77337272
1.34400 2.77270874
1.34500 2.77204538
1.34600 2.77138262
1.34700 2.77072048
1.34800 2.77005895
1.34900 2.76939803
1.35000 2.76873771
1.35100 2.76807800
1.35200 2.76741890
1.35300 2.76676041
1.35400 2.76610252
1.35500 2.76544523
1.35600 2.76478854
1.35700 2.76413246
1.35800 2.76347698
1.35900 2.76282211
1.36000 2.76216783
1.36100 2.76151415
1.36200 2.76086107
1.36300 2.76020859
1.36400 2.75955670
1.36500 2.75890541
1.36600 2.75825472
1.36700 2.75760462
1.36800 2.75695511
1.36900 2.75630620
1.37000 2.75565788
1.37100 2.75501015
1.37200 2.75436301
1.37300 2.75371646
1.37400 2.75307051
1.37500 2.75242513
1.37600 2.75178035
1.37700 2.75113615
1.37800 2.75049254
1.37900 2.74984952
1.38000 2.74920708
1.38100 2.74856522
1.38200 2.74792395
1.38300 2.74728325
1.38400 2.74664314
1.38500 2.74600361
1.38600 2.74536466
1.38700 2.74472629
1.38800 2.74408849
1.38900 2.74345128
1.39000 2.74281464
1.39100 2.74217857
1.39200 2.74154308
1.39300 2.74090817
1.39400 2.74027382
1.39500 2.73964005
1.39600 2.73900686
1.39700 2.73837423
1.39800 2.73774217
1.39900 2.73711069
1.40000 2.73647977
1.40100 2.73584942
1.40200 2.73521964
1.40300 2.73459042
1.40400 2.73396177
1.40500 2.73333368
1.40600 2.73270616
1.40700 2.73207920
1.40800 2.73145281
1.40900 2.73082697
1.41000 2.73020170
1.41100 2.72957699
1.41200 2.72895284
1.41300 2.72832924
1.41400 2.72770620
1.41500 2.72708372
1.41600 2.72646180
1.41700 2.72584043
1.41800 2.72521962
1.41900 2.72459936
1.42000 2.72397966
1.42100 2.72336051
1.42200 2.72274191
1.42300 2.72212386
1.42400 2.72150636
1.42500 2.72088941
1.42600 2.72027301
1.42700 2.71965715
1.42800 2.71904185
1.42900 2.71842709
1.43000 2.71781288
1.43100 2.71719921
1.43200 2.71658608
1.43300 2.71597350
1.43400 2.71536146
1.43500 2.71474997
1.43600 2.71413901
1.43700 2.71352860
1.43800 2.71291872
1.43900 2.71230939
1.44000 2.71170059
1.44100 2.71109233
1.44200 2.71048461
1.44300 2.70987742
1.44400 2.70927077
1.44500 2.70866465
1.44600 2.70805907
1.44700 2.70745402
1.44800 2.70684950
1.44900 2.70624551
1.45000 2.70564206
1.45100 2.70503913
1.45200 2.70443673
1.45300 2.70383487
1.45400 2.70323353
1.45500 2.70263271
1.45600 2.70203243
1.45700 2.70143267
1.45800 2.70083343
1.45900 2.70023472
1.46000 2.69963653
1.46100 2.69903886
1.46200 2.69844172
1.46300 2.69784510
1.46400 2.69724899
1.46500 2.69665341
1.46600 2.69605835
1.46700 2.69546380
1.46800 2.69486978
1.46900 2.69427627
1.47000 2.69368327
1.47100 2.69309079
1.47200 2.69249883
1.47300 2.69190738
1.47400 2.69131644
1.47500 2.69072602
1.47600 2.69013611
1.47700 2.68954671
1.47800 2.68895782
1.47900 2.68836944
1.48000 2.68778156
1.48100 2.68719420
1.48200 2.68660735
1.48300 2.68602100
1.48400 2.68543515
1.48500 2.68484982
1.48600 2.68426498
1.48700 2.68368066
1.48800 2.68309683
1.48900 2.68251351
1.49000 2.68193069
1.49100 2.68134837
1.49200 2.68076655
1.49300 2.68018523
1.49400 2.67960441
1.49500 2.67902409
1.49600 2.67844427
1.49700 2.67786494
1.49800 2.67728611
1.49900 2.67670778
1.50000 2.67612994
1.50100 2.67555259
1.50200 2.67497574
1.50300 2.67439938
1.50400 2.67382352
1.50500 2.67324814
1.50600 2.67267326
1.50700 2.67209887
1.50800 2.67152496
1.50900 2.67095155
1.51000 2.67037862
1.51100 2.66980618
1.51200 2.66923423
1.51300 2.66866276
1.51400 2.66809178
1.51500 2.66752128
1.51600 2.66695127
1.51700 2.66638174
1.51800 2.66581269
1.51900 2.66524413
1.52000 2.66467605
1.52100 2.66410844
1.52200 2.66354132
1.52300 2.66297468
1.52400 2.66240851
1.52500 2.66184283
1.52600 2.66127762
1.52700 2.66071288
1.52800 2.66014863
1.52900 2.65958485
1.53000 2.65902154
1.53100 2.65845871
1.53200 2.65789635
1.53300 2.65733446
1.53400 2.65677305
1.53500 2.65621211
1.53600 2.65565163
1.53700 2.65509163
1.53800 2.65453210
1.53900 2.65397303
1.54000 2.65341444
1.54100 2.65285631
1.54200 2.65229865
1.54300 2.65174145
1.54400 2.65118472
1.54500 2.65062846
1.54600 2.65007266
1.54700 2.64951732
1.54800 2.64896245
1.54900 2.64840804
1.55000 2.64785409
1.55100 2.64730060
1.55200 2.64674757
1.55300 2.64619500
1.55400 2.64564289
1.55500 2.64509124
1.55600 2.64454005
1.55700 2.64398931
1.55800 2.64343903
1.55900 2.64288921
1.56000 2.64233984
1.56100 2.64179093
1.56200 2.64124247
1.56300 2.64069446
1.56400 2.64014691
1.56500 2.63959981
1.56600 2.63905316
1.56700 2.63850696
1.56800 2.63796121
1.56900 2.63741591
1.57000 2.63687106
1.57100 2.63632666
1.57200 2.63578271
1.57300 2.63523920
1.57400 2.63469614
1.57500 2.63415353
1.57600 2.63361136
1.57700 2.63306964
1.57800 2.63252836
1.57900 2.63198752
1.58000 2.63144713
1.58100 2.63090718
1.58200 2.63036767
1.58300 2.62982860
1.58400 2.62928997
1.58500 2.62875179
1.58600 2.62821404
1.58700 2.62767673
1.58800 2.62713986
1.58900 2.62660342
1.59000 2.62606742
1.59100 2.62553186
1.59200 2.62499674
1.59300 2.62446205
1.59400 2.62392779
1.59500 2.62339397
1.59600 2.62286058
1.59700 2.62232763
1.59800 2.62179510
1.59900 2.62126301
1.60000 2.62073135
1.60100 2.62020012
1.60200 2.61966932
1.60300 2.61913895
1.60400 2.61860900
1.60500 2.61807949
1.60600 2.61755040
1.60700 2.61702174
1.60800 2.61649350
1.60900 2.61596569
1.61000 2.61543831
1.61100 2.61491135
1.61200 2.61438481
1.61300 2.61385870
1.61400 2.61333301
1.61500 2.61280774
1.61600 2.61228289
1.61700 2.61175847
1.61800 2.61123446
1.61900 2.61071088
1.62000 2.61018771
1.62100 2.60966497
1.62200 2.60914264
1.62300 2.60862073
1.62400 2.60809923
1.62500 2.60757816
1.62600 2.60705749
1.62700 2.60653725
1.62800 2.60601742
1.62900 2.60549800
1.63000 2.60497900
1.63100 2.60446041
1.63200 2.60394223
1.63300 2.60342446
1.63400 2.60290711
1.63500 2.60239016
1.63600 2.60187363
1.63700 2.60135751
1.63800 2.60084179
1.63900 2.60032649
1.64000 2.59981159
1.64100 2.59929710
1.64200 2.59878302
1.64300 2.59826934
1.64400 2.59775607
1.64500 2.59724320
1.64600 2.59673074
1.64700 2.59621869
1.64800 2.59570703
1.64900 2.59519578
1.65000 2.59468494
1.65100 2.59417449
1.65200 2.59366445
1.65300 2.59315481
1.65400 2.59264557
1.65500 2.59213672
1.65600 2.59162828
1.65700 2.59112024
1.65800 2.59061259
1.65900 2.59010535
1.66000 2.58959850
1.66100 2.58909204
1.66200 2.58858599
1.66300 2.58808032
1.66400 2.58757506
1.66500 2.58707019
1.66600 2.58656571
1.66700 2.58606163
1.66800 2.58555793
1.66900 2.58505464
1.67000 2.58455173
1.67100 2.58404921
1.67200 2.58354709
1.67300 2.58304536
1.67400 2.58254401
1.67500 2.58204306
1.67600 2.58154249
1.67700 2.58104232
1.67800 2.58054253
1.67900 2.58004313
1.68000 2.57954411
1.68100 2.57904548
1.68200 2.57854724
1.68300 2.57804938
1.68400 2.57755191
1.68500 2.57705482
1.68600 2.57655811
1.68700 2.57606179
1.68800 2.57556585
1.68900 2.57507030
1.69000 2.57457512
1.69100 2.57408033
1.69200 2.57358592
1.69300 2.57309188
1.69400 2.57259823
1.69500 2.57210496
1.69600 2.57161206
1.69700 2.57111954
1.69800 2.57062740
1.69900 2.57013564
1.70000 2.56964426
1.70100 2.56915325
1.70200 2.56866261
1.70300 2.56817235
1.70400 2.56768247
1.70500 2.56719296
1.70600 2.56670383
1.70700 2.56621506
1.70800 2.56572667
1.70900 2.56523866
1.71000 2.56475101
1.71100 2.56426374
1.71200 2.56377683
1.71300 2.56329030
1.71400 2.56280414
1.71500 2.56231834
1.71600 2.56183292
1.71700 2.56134786
1.71800 2.56086317
1.71900 2.56037885
1.72000 2.55989490
1.72100 2.55941131
1.72200 2.55892809
1.72300 2.55844523
1.72400 2.55796274
1.72500 2.55748061
1.72600 2.55699885
1.72700 2.55651745
1.72800 2.55603641
1.72900 2.55555574
1.73000 2.55507543
1.73100 2.55459548
1.73200 2.55411589
1.73300 2.55363666
1.73400 2.55315780
1.73500 2.55267929
1.73600 2.55220114
1.73700 2.55172335
1.73800 2.55124592
1.73900 2.55076885
1.74000 2.55029214
1.74100 2.54981578
1.74200 2.54933978
1.74300 2.54886413
1.74400 2.54838884
1.74500 2.54791391
1.74600 2.54743933
1.74700 2.54696510
1.74800 2.54649123
1.74900 2.54601772
1.75000 2.54554455
1.75100 2.54507174
1.75200 2.54459928
1.75300 2.54412717
1.75400 2.54365541
1.75500 2.54318400
1.75600 2.54271295
1.75700 2.54224224
1.75800 2.54177188
1.75900 2.54130187
1.76000 2.54083221
1.76100 2.54036290
1.76200 2.53989394
1.76300 2.53942532
1.76400 2.53895705
1.76500 2.53848912
1.76600 2.53802154
1.76700 2.53755431
1.76800 2.53708742
1.76900 2.53662088
1.77000 2.53615468
1.77100 2.53568882
1.77200 2.53522331
1.77300 2.53475814
1.77400 2.53429331
1.77500 2.53382882
1.77600 2.53336467
1.77700 2.53290087
1.77800 2.53243740
1.77900 2.53197428
1.78000 2.53151150
1.78100 2.53104905
1.78200 2.53058694
1.78300 2.53012518
1.78400 2.52966375
1.78500 2.52920265
1.78600 2.52874190
1.78700 2.52828148
1.78800 2.52782140
1.78900 2.52736165
1.79000 2.52690224
1.79100 2.52644316
1.79200 2.52598442
1.79300 2.52552601
1.79400 2.52506794
1.79500 2.52461020
1.79600 2.52415279
1.79700 2.52369571
1.79800 2.52323897
1.79900 2.52278255
1.80000 2.52232647
1.80100 2.52187072
1.80200 2.52141530
1.80300 2.52096021
1.80400 2.52050545
1.80500 2.52005102
1.80600 2.51959692
1.80700 2.51914314
1.80800 2.51868970
1.80900 2.51823658
1.81000 2.51778378
1.81100 2.51733132
1.81200 2.51687918
1.81300 2.51642737
1.81400 2.51597588
1.81500 2.51552471
1.81600 2.51507388
1.81700 2.51462336
1.81800 2.51417317
1.81900 2.51372330
1.82000 2.51327376
1.82100 2.51282454
1.82200 2.51237564
1.82300 2.51192706
1.82400 2.51147880
1.82500 2.51103087
1.82600 2.51058325
1.82700 2.51013596
1.82800 2.50968898
1.82900 2.50924232
1.83000 2.50879599
1.83100 2.50834997
1.83200 2.50790427
1.83300 2.50745889
1.83400 2.50701382
1.83500 2.50656907
1.83600 2.50612464
1.83700 2.50568053
1.83800 2.50523673
1.83900 2.50479324
1.84000 2.50435007
1.84100 2.50390722
1.84200 2.50346468
1.84300 2.50302245
1.84400 2.50258054
1.84500 2.50213894
1.84600 2.50169765
1.84700 2.50125668
1.84800 2.50081602
1.84900 2.50037567
1.85000 2.49993563
1.85100 2.49949590
1.85200 2.49905648
1.85300 2.49861737
1.85400 2.49817857
1.85500 2.49774008
1.85600 2.49730190
1.85700 2.49686403
1.85800 2.49642646
1.85900 2.49598921
1.86000 2.49555226
1.86100 2.49511562
1.86200 2.49467928
1.86300 2.49424325
1.86400 2.49380753
1.86500 2.49337211
1.86600 2.49293700
1.86700 2.49250219
1.86800 2.49206769
1.86900 2.49163349
1.87000 2.49119959
1.87100 2.49076600
1.87200 2.49033271
1.87300 2.48989972
1.87400 2.48946704
1.87500 2.48903466
1.87600 2.48860257
1.87700 2.48817079
1.87800 2.48773931
1.87900 2.48730813
1.88000 2.48687725
1.88100 2.48644667
1.88200 2.48601639
1.88300 2.48558641
1.88400 2.48515673
1.88500 2.48472734
1.88600 2.48429826
1.88700 2.48386947
1.88800 2.48344098
1.88900 2.48301278
1.89000 2.48258488
1.89100 2.48215728
1.89200 2.48172997
1.89300 2.48130296
1.89400 2.48087624
1.89500 2.48044982
1.89600 2.48002369
1.89700 2.47959785
1.89800 2.47917231
1.89900 2.47874706
1.90000 2.47832211
1.90100 2.47789745
1.90200 2.47747307
1.90300 2.47704900
1.90400 2.47662521
1.90500 2.47620171
1.90600 2.47577851
1.90700 2.47535559
1.90800 2.47493297
1.90900 2.47451063
1.91000 2.47408858
1.91100 2.47366683
1.91200 2.47324536
1.91300 2.47282418
1.91400 2.47240329
1.91500 2.47198268
1.91600 2.47156236
1.91700 2.47114233
1.91800 2.47072259
1.91900 2.47030313
1.92000 2.46988396
1.92100 2.46946508
1.92200 2.46904647
1.92300 2.46862816
1.92400 2.46821013
1.92500 2.46779238
1.92600 2.46737492
1.92700 2.46695774
1.92800 2.46654084
1.92900 2.46612423
1.93000 2.46570790
1.93100 2.46529185
1.93200 2.46487608
1.93300 2.46446059
1.93400 2.46404539
1.93500 2.46363047
1.93600 2.46321582
1.93700 2.46280146
1.93800 2.46238738
1.93900 2.46197358
1.94000 2.46156005
1.94100 2.46114681
1.94200 2.46073384
1.94300 2.46032115
1.94400 2.45990874
1.94500 2.45949661
1.94600 2.45908475
1.94700 2.45867318
1.94800 2.45826187
1.94900 2.45785085
1.95000 2.45744010
1.95100 2.45702962
1.95200 2.45661943
1.95300 2.45620950
1.95400 2.45579985
1.95500 2.45539048
1.95600 2.45498138
1.95700 2.45457255
1.95800 2.45416400
1.95900 2.45375572
1.96000 2.45334771
1.96100 2.45293997
1.96200 2.45253251
1.96300 2.45212532
1.96400 2.45171840
1.96500 2.45131175
1.96600 2.45090537
1.96700 2.45049926
1.96800 2.45009343
1.96900 2.44968786
1.97000 2.44928256
1.97100 2.44887753
1.97200 2.44847277
1.97300 2.44806828
1.97400 2.44766406
1.97500 2.44726011
1.97600 2.44685642
1.97700 2.44645300
1.97800 2.44604985
1.97900 2.44564696
1.98000 2.44524435
1.98100 2.44484199
1.98200 2.44443991
1.98300 2.44403808
1.98400 2.44363653
1.98500 2.44323524
1.98600 2.44283421
1.98700 2.44243345
1.98800 2.44203295
1.98900 2.44163272
1.99000 2.44123275
1.99100 2.44083304
1.99200 2.44043359
1.99300 2.44003441
1.99400 2.43963549
1.99500 2.43923683
1.99600 2.43883844
1.99700 2.43844030
1.99800 2.43804243
1.99900 2.43764481
2.00000 2.43724746
2.00100 2.43685037
2.00200 2.43645354
2.00300 2.43605696
2.00400 2.43566065
2.00500 2.43526459
2.00600 2.43486880
2.00700 2.43447326
2.00800 2.43407798
2.00900 2.43368295
2.01000 2.43328819
2.01100 2.43289368
2.01200 2.43249943
2.01300 2.43210544
2.01400 2.43171170
2.01500 2.43131822
2.01600 2.43092499
2.01700 2.43053202
2.01800 2.43013930
2.01900 2.42974684
2.02000 2.42935464
2.02100 2.42896268
2.02200 2.42857099
2.02300 2.42817954
2.02400 2.42778835
2.02500 2.42739741
2.02600 2.42700673
2.02700 2.42661629
2.02800 2.42622611
2.02900 2.42583619
2.03000 2.42544651
2.03100 2.42505708
2.03200 2.42466791
2.03300 2.42427899
2.03400 2.42389031
2.03500 2.42350189
2.03600 2.42311372
2.03700 2.42272580
2.03800 2.42233812
2.03900 2.42195070
2.04000 2.42156352
2.04100 2.42117660
2.04200 2.42078992
2.04300 2.42040349
2.04400 2.42001731
2.04500 2.41963137
2.04600 2.41924568
2.04700 2.41886024
2.04800 2.41847505
2.04900 2.41809010
2.05000 2.41770540
2.05100 2.41732094
2.05200 2.41693673
2.05300 2.41655277
2.05400 2.41616905
2.05500 2.41578557
2.05600 2.41540234
2.05700 2.41501935
2.05800 2.41463661
2.05900 2.41425411
2.06000 2.41387185
2.06100 2.41348984
2.06200 2.41310807
2.06300 2.41272654
2.06400 2.41234526
2.06500 2.41196422
2.06600 2.41158341
2.06700 2.41120285
2.06800 2.41082254
2.06900 2.41044246
2.07000 2.41006262
2.07100 2.40968302
2.07200 2.40930367
2.07300 2.40892455
2.07400 2.40854567
2.07500 2.40816704
2.07600 2.40778864
2.07700 2.40741048
2.07800 2.40703256
2.07900 2.40665487
2.08000 2.40627743
2.08100 2.40590022
2.08200 2.40552325
2.08300 2.40514652
2.08400 2.40477002
2.08500 2.40439377
2.08600 2.40401774
2.08700 2.40364196
2.08800 2.40326641
2.08900 2.40289109
2.09000 2.40251601
2.09100 2.40214117
2.09200 2.40176656
2.09300 2.40139219
2.09400 2.40101805
2.09500 2.40064414
2.09600 2.40027047
2.09700 2.39989703
2.09800 2.39952383
2.09900 2.39915085
2.10000 2.39877812
2.10100 2.39840561
2.10200 2.39803334
2.10300 2.39766129
2.10400 2.39728948
2.10500 2.39691791
2.10600 2.39654656
2.10700 2.39617544
2.10800 2.39580456
2.10900 2.39543390
2.11000 2.39506348
2.11100 2.39469329
2.11200 2.39432332
2.11300 2.39395359
2.11400 2.39358408
2.11500 2.39321480
2.11600 2.39284576
2.11700 2.39247694
2.11800 2.39210835
2.11900 2.39173999
2.12000 2.39137185
2.12100 2.39100394
2.12200 2.39063626
2.12300 2.39026881
2.12400 2.38990159
2.12500 2.38953459
2.12600 2.38916781
2.12700 2.38880127
2.12800 2.38843495
2.12900 2.38806885
2.13000 2.38770298
2.13100 2.38733734
2.13200 2.38697192
2.13300 2.38660672
2.13400 2.38624175
2.13500 2.38587701
2.13600 2.38551249
2.13700 2.38514819
2.13800 2.38478411
2.13900 2.38442026
2.14000 2.38405663
2.14100 2.38369322
2.14200 2.38333004
2.14300 2.38296708
2.14400 2.38260434
2.14500 2.38224182
2.14600 2.38187953
2.14700 2.38151745
2.14800 2.38115560
2.14900 2.38079397
2.15000 2.38043255
2.15100 2.38007136
2.15200 2.37971039
2.15300 2.37934964
2.15400 2.37898911
2.15500 2.37862879
2.15600 2.37826870
2.15700 2.37790883
2.15800 2.37754917
2.15900 2.37718973
2.16000 2.37683051
2.16100 2.37647151
2.16200 2.37611273
2.16300 2.37575416
2.16400 2.37539582
2.16500 2.37503769
2.16600 2.37467977
2.16700 2.37432207
2.16800 2.37396459
2.16900 2.37360733
2.17000 2.37325028
2.17100 2.37289345
2.17200 2.37253683
2.17300 2.37218043
2.17400 2.37182424
2.17500 2.37146827
2.17600 2.37111251
2.17700 2.37075696
2.17800 2.37040164
2.17900 2.37004652
2.18000 2.36969162
2.18100 2.36933693
2.18200 2.36898245
2.18300 2.36862819
2.18400 2.36827414
2.18500 2.36792031
2.18600 2.36756668
2.18700 2.36721327
2.18800 2.36686007
2.18900 2.36650708
2.19000 2.36615430
2.19100 2.36580174
2.19200 2.36544938
2.19300 2.36509724
2.19400 2.36474531
2.19500 2.36439358
2.19600 2.36404207
2.19700 2.36369077
2.19800 2.36333967
2.19900 2.36298879
2.20000 2.36263811
2.20100 2.36228765
2.20200 2.36193739
2.20300 2.36158734
2.20400 2.36123750
2.20500 2.36088787
2.20600 2.36053845
2.20700 2.36018923
2.20800 2.35984022
2.20900 2.35949142
2.21000 2.35914283
2.21100 2.35879444
2.21200 2.35844626
2.21300 2.35809829
2.21400 2.35775052
2.21500 2.35740296
2.21600 2.35705560
2.21700 2.35670845
2.21800 2.35636151
2.21900 2.35601477
2.22000 2.35566823
2.22100 2.35532190
2.22200 2.35497577
2.22300 2.35462985
2.22400 2.35428414
2.22500 2.35393862
2.22600 2.35359331
2.22700 2.35324821
2.22800 2.35290330
2.22900 2.35255860
2.23000 2.35221411
2.23100 2.35186981
2.23200 2.35152572
2.23300 2.35118183
2.23400 2.35083814
2.23500 2.35049466
2.23600 2.35015137
2.23700 2.34980829
2.23800 2.34946541
2.23900 2.34912273
2.24000 2.34878025
2.24100 2.34843797
2.24200 2.34809589
2.24300 2.34775401
2.24400 2.34741233
2.24500 2.34707085
2.24600 2.34672957
2.24700 2.34638849
2.24800 2.34604761
2.24900 2.34570692
2.25000 2.34536644
2.25100 2.34502616
2.25200 2.34468607
2.25300 2.34434618
2.25400 2.34400649
2.25500 2.34366700
2.25600 2.34332770
2.25700 2.34298860
2.25800 2.34264970
2.25900 2.34231100
2.26000 2.34197249
2.26100 2.34163418
2.26200 2.34129606
2.26300 2.34095814
2.26400 2.34062042
2.26500 2.34028289
2.26600 2.33994556
2.26700 2.33960842
2.26800 2.33927148
2.26900 2.33893474
2.27000 2.33859819
2.27100 2.33826183
2.27200 2.33792567
2.27300 2.33758970
2.27400 2.33725392
2.27500 2.33691834
2.27600 2.33658295
2.27700 2.33624776
2.27800 2.33591276
2.27900 2.33557795
2.28000 2.33524333
2.28100 2.33490891
2.28200 2.33457468
2.28300 2.33424064
2.28400 2.33390680
2.28500 2.33357314
2.28600 2.33323968
2.28700 2.33290641
2.28800 2.33257333
2.28900 2.33224044
2.29000 2.33190774
2.29100 2.33157523
2.29200 2.33124291
2.29300 2.33091079
2.29400 2.33057885
2.29500 2.33024710
2.29600 2.32991555
2.29700 2.32958418
2.29800 2.32925300
2.29900 2.32892201
2.30000 2.32859121
2.30100 2.32826060
2.30200 2.32793017
2.30300 2.32759994
2.30400 2.32726989
2.30500 2.32694003
2.30600 2.32661036
2.30700 2.32628088
2.30800 2.32595158
2.30900 2.32562247
2.31000 2.32529355
2.31100 2.32496482
2.31200 2.32463627
2.31300 2.32430791
2.31400 2.32397973
2.31500 2.32365174
2.31600 2.32332394
2.31700 2.32299632
2.31800 2.32266889
2.31900 2.32234164
2.32000 2.32201458
2.32100 2.32168770
2.32200 2.32136101
2.32300 2.32103450
2.32400 2.32070818
2.32500 2.32038204
2.32600 2.32005609
2.32700 2.31973032
2.32800 2.31940473
2.32900 2.31907933
2.33000 2.31875411
2.33100 2.31842907
2.33200 2.31810422
2.33300 2.31777955
2.33400 2.31745506
2.33500 2.31713075
2.33600 2.31680663
2.33700 2.31648269
2.33800 2.31615893
2.33900 2.31583535
2.34000 2.31551196
2.34100 2.31518874
2.34200 2.31486571
2.34300 2.31454286
2.34400 2.31422018
2.34500 2.31389769
2.34600 2.31357538
2.34700 2.31325325
2.34800 2.31293130
2.34900 2.31260953
2.35000 2.31228794
2.35100 2.31196653
2.35200 2.31164530
2.35300 2.31132425
2.35400 2.31100338
2.35500 2.31068268
2.35600 2.31036217
2.35700 2.31004183
2.35800 2.30972168
2.35900 2.30940170
2.36000 2.30908189
2.36100 2.30876227
2.36200 2.30844282
2.36300 2.30812356
2.36400 2.30780446
2.36500 2.30748555
2.36600 2.30716681
2.36700 2.30684825
2.36800 2.30652987
2.36900 2.30621166
2.37000 2.30589363
2.37100 2.30557578
2.37200 2.30525810
2.37300 2.30494060
2.37400 2.30462327
2.37500 2.30430612
2.37600 2.30398914
2.37700 2.30367234
2.37800 2.30335571
2.37900 2.30303926
2.38000 2.30272298
2.38100 2.30240688
2.38200 2.30209095
2.38300 2.30177520
2.38400 2.30145962
2.38500 2.30114421
2.38600 2.30082898
2.38700 2.30051392
2.38800 2.30019903
2.38900 2.29988432
2.39000 2.29956978
2.39100 2.29925541
2.39200 2.29894122
2.39300 2.29862720
2.39400 2.29831335
2.39500 2.29799967
2.39600 2.29768616
2.39700 2.29737283
2.39800 2.29705967
2.39900 2.29674668
2.40000 2.29643386
2.40100 2.29612121
2.40200 2.29580873
2.40300 2.29549643
2.40400 2.29518429
2.40500 2.29487232
2.40600 2.29456053
2.40700 2.29424890
2.40800 2.29393745
2.40900 2.29362616
2.41000 2.29331505
2.41100 2.29300410
2.41200 2.29269332
2.41300 2.29238272
2.41400 2.29207228
2.41500 2.29176201
2.41600 2.29145191
2.41700 2.29114197
2.41800 2.29083221
2.41900 2.29052261
2.42000 2.29021318
2.42100 2.28990392
2.42200 2.28959483
2.42300 2.28928591
2.42400 2.28897715
2.42500 2.28866856
2.42600 2.28836014
2.42700 2.28805188
2.42800 2.28774379
2.42900 2.28743587
2.43000 2.28712811
2.43100 2.28682052
2.43200 2.28651310
2.43300 2.28620584
2.43400 2.28589875
2.43500 2.28559182
2.43600 2.28528506
2.43700 2.28497847
2.43800 2.28467203
2.43900 2.28436577
2.44000 2.28405967
2.44100 2.28375373
2.44200 2.28344796
2.44300 2.28314236
2.44400 2.28283691
2.44500 2.28253164
2.44600 2.28222652
2.44700 2.28192157
2.44800 2.28161678
2.44900 2.28131216
2.45000 2.28100770
2.45100 2.28070340
2.45200 2.28039927
2.45300 2.28009530
2.45400 2.27979149
2.45500 2.27948784
2.45600 2.27918436
2.45700 2.27888104
2.45800 2.27857788
2.45900 2.27827489
2.46000 2.27797205
2.46100 2.27766938
2.46200 2.27736687
2.46300 2.27706451
2.46400 2.27676233
2.46500 2.27646030
2.46600 2.27615843
2.46700 2.27585672
2.46800 2.27555518
2.46900 2.27525379
2.47000 2.27495257
2.47100 2.27465150
2.47200 2.27435060
2.47300 2.27404985
2.47400 2.27374927
2.47500 2.27344884
2.47600 2.27314858
2.47700 2.27284847
2.47800 2.27254852
2.47900 2.27224873
2.48000 2.27194910
2.48100 2.27164963
2.48200 2.27135032
2.48300 2.27105116
2.48400 2.27075217
2.48500 2.27045333
2.48600 2.27015465
2.48700 2.26985613
2.48800 2.26955776
2.48900 2.26925955
2.49000 2.26896150
2.49100 2.26866361
2.49200 2.26836588
2.49300 2.26806830
2.49400 2.26777088
2.49500 2.26747361
2.49600 2.26717650
2.49700 2.26687955
2.49800 2.26658275
2.49900 2.26628611
2.50000 2.26598963
2.50100 2.26569330
2.50200 2.26539713
2.50300 2.26510111
2.50400 2.26480525
2.50500 2.26450954
2.50600 2.26421399
2.50700 2.26391859
2.50800 2.26362335
2.50900 2.26332826
2.51000 2.26303333
2.51100 2.26273855
2.51200 2.26244393
2.51300 2.26214946
2.51400 2.26185514
2.51500 2.26156098
2.51600 2.26126697
2.51700 2.26097311
2.51800 2.26067941
2.51900 2.26038586
2.52000 2.26009247
2.52100 2.25979922
2.52200 2.25950613
2.52300 2.25921320
2.52400 2.25892041
2.52500 2.25862778
2.52600 2.25833530
2.52700 2.25804297
2.52800 2.25775079
2.52900 2.25745877
2.53000 2.25716690
2.53100 2.25687518
2.53200 2.25658361
2.53300 2.25629219
2.53400 2.25600092
2.53500 2.25570980
2.53600 2.25541884
2.53700 2.25512802
2.53800 2.25483736
2.53900 2.25454685
2.54000 2.25425648
2.54100 2.25396627
2.54200 2.25367621
2.54300 2.25338629
2.54400 2.25309653
2.54500 2.25280692
2.54600 2.25251745
2.54700 2.25222814
2.54800 2.25193897
2.54900 2.25164996
2.55000 2.25136109
2.55100 2.25107237
2.55200 2.25078380
2.55300 2.25049538
2.55400 2.25020710
2.55500 2.24991898
2.55600 2.24963100
2.55700 2.24934317
2.55800 2.24905549
2.55900 2.24876796
2.56000 2.24848058
2.56100 2.24819334
2.56200 2.24790625
2.56300 2.24761930
2.56400 2.24733251
2.56500 2.24704586
2.56600 2.24675936
2.56700 2.24647300
2.56800 2.24618679
2.56900 2.24590073
2.57000 2.24561481
2.57100 2.24532904
2.57200 2.24504342
2.57300 2.24475794
2.57400 2.24447261
2.57500 2.24418742
2.57600 2.24390238
2.57700 2.24361748
2.57800 2.24333273
2.57900 2.24304813
2.58000 2.24276367
2.58100 2.24247935
2.58200 2.24219518
2.58300 2.24191115
2.58400 2.24162727
2.58500 2.24134353
2.58600 2.24105994
2.58700 2.24077649
2.58800 2.24049319
2.58900 2.24021002
2.59000 2.23992701
2.59100 2.23964413
2.59200 2.23936140
2.59300 2.23907882
2.59400 2.23879637
2.59500 2.23851407
2.59600 2.23823191
2.59700 2.23794990
2.59800 2.23766802
2.59900 2.23738629
2.60000 2.23710471
2.60100 2.23682326
2.60200 2.23654196
2.60300 2.23626080
2.60400 2.23597978
2.60500 2.23569890
2.60600 2.23541817
2.60700 2.23513757
2.60800 2.23485712
2.60900 2.23457681
2.61000 2.23429664
2.61100 2.23401661
2.61200 2.23373672
2.61300 2.23345697
2.61400 2.23317737
2.61500 2.23289790
2.61600 2.23261858
2.61700 2.23233939
2.61800 2.23206035
2.61900 2.23178144
2.62000 2.23150268
2.62100 2.23122405
2.62200 2.23094557
2.62300 2.23066722
2.62400 2.23038901
2.62500 2.23011095
2.62600 2.22983302
2.62700 2.22955523
2.62800 2.22927758
2.62900 2.22900007
2.63000 2.22872270
2.63100 2.22844546
2.63200 2.22816837
2.63300 2.22789141
2.63400 2.22761459
2.63500 2.22733791
2.63600 2.22706137
2.63700 2.22678497
2.63800 2.22650870
2.63900 2.22623257
2.64000 2.22595658
2.64100 2.22568073
2.64200 2.22540501
2.64300 2.22512943
2.64400 2.22485399
2.64500 2.22457868
2.64600 2.22430351
2.64700 2.22402848
2.64800 2.22375358
2.64900 2.22347882
2.65000 2.22320420
2.65100 2.22292971
2.65200 2.22265536
2.65300 2.22238115
2.65400 2.22210707
2.65500 2.22183313
2.65600 2.22155932
2.65700 2.22128565
2.65800 2.22101211
2.65900 2.22073871
2.66000 2.22046544
2.66100 2.22019231
2.66200 2.21991931
2.66300 2.21964645
2.66400 2.21937373
2.66500 2.21910113
2.66600 2.21882868
2.66700 2.21855635
2.66800 2.21828416
2.66900 2.21801211
2.67000 2.21774019
2.67100 2.21746840
2.67200 2.21719675
2.67300 2.21692523
2.67400 2.21665384
2.67500 2.21638259
2.67600 2.21611147
2.67700 2.21584048
2.67800 2.21556963
2.67900 2.21529891
2.68000 2.21502832
2.68100 2.21475786
2.68200 2.21448754
2.68300 2.21421735
2.68400 2.21394729
2.68500 2.21367737
2.68600 2.21340757
2.68700 2.21313791
2.68800 2.21286838
2.68900 2.21259899
2.69000 2.21232972
2.69100 2.21206059
2.69200 2.21179158
2.69300 2.21152271
2.69400 2.21125397
2.69500 2.21098536
2.69600 2.21071689
2.69700 2.21044854
2.69800 2.21018032
2.69900 2.20991224
2.70000 2.20964428
2.70100 2.20937646
2.70200 2.20910876
2.70300 2.20884120
2.70400 2.20857377
2.70500 2.20830646
2.70600 2.20803929
2.70700 2.20777224
2.70800 2.20750533
2.70900 2.20723855
2.71000 2.20697189
2.71100 2.20670536
2.71200 2.20643897
2.71300 2.20617270
2.71400 2.20590656
2.71500 2.20564055
2.71600 2.20537467
2.71700 2.20510892
2.71800 2.20484330
2.71900 2.20457780
2.72000 2.20431243
2.72100 2.20404720
2.72200 2.20378208
2.72300 2.20351710
2.72400 2.20325225
2.72500 2.20298752
2.72600 2.20272292
2.72700 2.20245845
2.72800 2.20219411
2.72900 2.20192989
2.73000 2.20166580
2.73100 2.20140184
2.73200 2.20113801
2.73300 2.20087430
2.73400 2.20061072
2.73500 2.20034726
2.73600 2.20008394
2.73700 2.19982074
2.73800 2.19955766
2.73900 2.19929471
2.74000 2.19903189
2.74100 2.19876919
2.74200 2.19850662
2.74300 2.19824418
2.74400 2.19798186
2.74500 2.19771967
2.74600 2.19745760
2.74700 2.19719566
2.74800 2.19693385
2.74900 2.19667216
2.75000 2.19641059
2.75100 2.19614915
2.75200 2.19588783
2.75300 2.19562664
2.75400 2.19536558
2.75500 2.19510464
2.75600 2.19484382
2.75700 2.19458313
2.75800 2.19432256
2.75900 2.19406211
2.76000 2.19380179
2.76100 2.19354160
2.76200 2.19328153
2.76300 2.19302158
2.76400 2.19276175
2.76500 2.19250205
2.76600 2.19224248
2.76700 2.19198302
2.76800 2.19172369
2.76900 2.19146449
2.77000 2.19120540
2.77100 2.19094644
2.77200 2.19068760
2.77300 2.19042889
2.77400 2.19017029
2.77500 2.18991182
2.77600 2.18965347
2.77700 2.18939525
2.77800 2.18913715
2.77900 2.18887917
2.78000 2.18862131
2.78100 2.18836357
2.78200 2.18810595
2.78300 2.18784846
2.78400 2.18759109
2.78500 2.18733384
2.78600 2.18707671
2.78700 2.18681970
2.78800 2.18656282
2.78900 2.18630605
2.79000 2.18604941
2.79100 2.18579289
2.79200 2.18553648
2.79300 2.18528020
2.79400 2.18502404
2.79500 2.18476800
2.79600 2.18451208
2.79700 2.18425628
2.79800 2.18400060
2.79900 2.18374505
2.80000 2.18348961
2.80100 2.18323429
2.80200 2.18297909
2.80300 2.18272401
2.80400 2.18246905
2.80500 2.18221421
2.80600 2.18195949
2.80700 2.18170489
2.80800 2.18145041
2.80900 2.18119605
2.81000 2.18094180
2.81100 2.18068768
2.81200 2.18043367
2.81300 2.18017979
2.81400 2.17992602
2.81500 2.17967237
2.81600 2.17941884
2.81700 2.17916543
2.81800 2.17891213
2.81900 2.17865896
2.82000 2.17840590
2.82100 2.17815296
2.82200 2.17790014
2.82300 2.17764743
2.82400 2.17739485
2.82500 2.17714238
2.82600 2.17689003
2.82700 2.17663779
2.82800 2.17638568
2.82900 2.17613368
2.83000 2.17588179
2.83100 2.17563003
2.83200 2.17537838
2.83300 2.17512685
2.83400 2.17487544
2.83500 2.17462414
2.83600 2.17437296
2.83700 2.17412189
2.83800 2.17387094
2.83900 2.17362011
2.84000 2.17336940
2.84100 2.17311880
2.84200 2.17286831
2.84300 2.17261795
2.84400 2.17236769
2.84500 2.17211756
2.84600 2.17186754
2.84700 2.17161763
2.84800 2.17136784
2.84900 2.17111817
2.85000 2.17086861
2.85100 2.17061917
2.85200 2.17036984
2.85300 2.17012062
2.85400 2.16987152
2.85500 2.16962254
2.85600 2.16937367
2.85700 2.16912492
2.85800 2.16887628
2.85900 2.16862775
2.86000 2.16837934
2.86100 2.16813104
2.86200 2.16788286
2.86300 2.16763479
2.86400 2.16738684
2.86500 2.16713899
2.86600 2.16689127
2.86700 2.16664365
2.86800 2.16639615
2.86900 2.16614877
2.87000 2.16590149
2.87100 2.16565433
2.87200 2.16540729
2.87300 2.16516035
2.87400 2.16491353
2.87500 2.16466683
2.87600 2.16442023
2.87700 2.16417375
2.87800 2.16392738
2.87900 2.16368113
2.88000 2.16343498
2.88100 2.16318895
2.88200 2.16294303
2.88300 2.16269722
2.88400 2.16245153
2.88500 2.16220595
2.88600 2.16196048
2.88700 2.16171512
2.88800 2.16146987
2.88900 2.16122474
2.89000 2.16097971
2.89100 2.16073480
2.89200 2.16049000
2.89300 2.16024531
2.89400 2.16000073
2.89500 2.15975627
2.89600 2.15951191
2.89700 2.15926766
2.89800 2.15902353
2.89900 2.15877951
2.90000 2.15853560
2.90100 2.15829179
2.90200 2.15804810
2.90300 2.15780452
2.90400 2.15756105
2.90500 2.15731769
2.90600 2.15707444
2.90700 2.15683130
2.90800 2.15658827
2.90900 2.15634535
2.91000 2.15610254
2.91100 2.15585984
2.91200 2.15561725
2.91300 2.15537477
2.91400 2.15513240
2.91500 2.15489014
2.91600 2.15464799
2.91700 2.15440594
2.91800 2.15416401
2.91900 2.15392218
2.92000 2.15368047
2.92100 2.15343886
2.92200 2.15319736
2.92300 2.15295597
2.92400 2.15271469
2.92500 2.15247352
2.92600 2.15223246
2.92700 2.15199150
2.92800 2.15175065
2.92900 2.15150991
2.93000 2.15126928
2.93100 2.15102876
2.93200 2.15078834
2.93300 2.15054804
2.93400 2.15030784
2.93500 2.15006775
2.93600 2.14982776
2.93700 2.14958789
2.93800 2.14934812
2.93900 2.14910846
2.94000 2.14886890
2.94100 2.14862946
2.94200 2.14839012
2.94300 2.14815088
2.94400 2.14791176
2.94500 2.14767274
2.94600 2.14743382
2.94700 2.14719502
2.94800 2.14695632
2.94900 2.14671773
2.95000 2.14647924
2.95100 2.14624086
2.95200 2.14600259
2.95300 2.14576442
2.95400 2.14552636
2.95500 2.14528841
2.95600 2.14505056
2.95700 2.14481281
2.95800 2.14457518
2.95900 2.14433764
2.96000 2.14410022
2.96100 2.14386290
2.96200 2.14362568
2.96300 2.14338857
2.96400 2.14315157
2.96500 2.14291467
2.96600 2.14267788
2.96700 2.14244119
2.96800 2.14220460
2.96900 2.14196812
2.97000 2.14173175
2.97100 2.14149548
2.97200 2.14125931
2.97300 2.14102325
2.97400 2.14078730
2.97500 2.14055145
2.97600 2.14031570
2.97700 2.14008006
2.97800 2.13984452
2.97900 2.13960908
2.98000 2.13937375
2.98100 2.13913852
2.98200 2.13890340
2.98300 2.13866838
2.98400 2.13843347
2.98500 2.13819865
2.98600 2.13796395
2.98700 2.13772934
2.98800 2.13749484
2.98900 2.13726044
2.99000 2.13702615
2.99100 2.13679195
2.99200 2.13655786
2.99300 2.13632388
2.99400 2.13608999
2.99500 2.13585621
2.99600 2.13562254
2.99700 2.13538896
2.99800 2.13515549
2.99900 2.13492212
3.00000 2.13468885
3.00100 2.13445568
3.00200 2.13422262
3.00300 2.13398966
3.00400 2.13375680
3.00500 2.13352404
3.00600 2.13329139
3.00700 2.13305884
3.00800 2.13282639
3.00900 2.13259404
3.01000 2.13236179
3.01100 2.13212964
3.01200 2.13189760
3.01300 2.13166565
3.01400 2.13143381
3.01500 2.13120207
3.01600 2.13097043
3.01700 2.13073889
3.01800 2.13050745
3.01900 2.13027611
3.02000 2.13004488
3.02100 2.12981374
3.02200 2.12958271
3.02300 2.12935177
3.02400 2.12912094
3.02500 2.12889021
3.02600 2.12865957
3.02700 2.12842904
3.02800 2.12819861
3.02900 2.12796828
3.03000 2.12773805
3.03100 2.12750791
3.03200 2.12727788
3.03300 2.12704795
3.03400 2.12681812
3.03500 2.12658838
3.03600 2.12635875
3.03700 2.12612922
3.03800 2.12589978
3.03900 2.12567045
3.04000 2.12544121
3.04100 2.12521208
3.04200 2.12498304
3.04300 2.12475410
3.04400 2.12452526
3.04500 2.12429652
3.04600 2.12406788
3.04700 2.12383934
3.04800 2.12361090
3.04900 2.12338255
3.05000 2.12315430
3.05100 2.12292616
3.05200 2.12269811
3.05300 2.12247015
3.05400 2.12224230
3.05500 2.12201455
3.05600 2.12178689
3.05700 2.12155933
3.05800 2.12133187
3.05900 2.12110451
3.06000 2.12087724
3.06100 2.12065008
3.06200 2.12042301
3.06300 2.12019604
3.06400 2.11996916
3.06500 2.11974238
3.06600 2.11951570
3.06700 2.11928912
3.06800 2.11906264
3.06900 2.11883625
3.07000 2.11860996
3.07100 2.11838377
3.07200 2.11815767
3.07300 2.11793167
3.07400 2.11770577
3.07500 2.11747996
3.07600 2.11725425
3.07700 2.11702864
3.07800 2.11680312
3.07900 2.11657770
3.08000 2.11635238
3.08100 2.11612715
3.08200 2.11590202
3.08300 2.11567698
3.08400 2.11545204
3.08500 2.11522720
3.08600 2.11500245
3.08700 2.11477780
3.08800 2.11455325
3.08900 2.11432879
3.09000 2.11410442
3.09100 2.11388015
3.09200 2.11365598
3.09300 2.11343190
3.09400 2.11320792
3.09500 2.11298403
3.09600 2.11276024
3.09700 2.11253655
3.09800 2.11231294
3.09900 2.11208944
3.10000 2.11186603
3.10100 2.11164271
3.10200 2.11141949
3.10300 2.11119636
3.10400 2.11097333
3.10500 2.11075039
3.10600 2.11052755
3.10700 2.11030480
3.10800 2.11008214
3.10900 2.10985958
3.11000 2.10963712
3.11100 2.10941475
3.11200 2.10919247
3.11300 2.10897028
3.11400 2.10874819
3.11500 2.10852620
3.11600 2.10830430
3.11700 2.10808249
3.11800 2.10786077
3.11900 2.10763915
3.12000 2.10741762
3.12100 2.10719619
3.12200 2.10697485
3.12300 2.10675360
3.12400 2.10653245
3.12500 2.10631139
3.12600 2.10609042
3.12700 2.10586954
3.12800 2.10564876
3.12900 2.10542807
3.13000 2.10520748
3.13100 2.10498697
3.13200 2.10476656
3.13300 2.10454625
3.13400 2.10432602
3.13500 2.10410589
3.13600 2.10388585
3.13700 2.10366590
3.13800 2.10344604
3.13900 2.10322628
3.14000 2.10300661
3.14100 2.10278703
3.14200 2.10256754
3.14300 2.10234815
3.14400 2.10212884
3.14500 2.10190963
3.14600 2.10169051
3.14700 2.10147148
3.14800 2.10125255
3.14900 2.10103370
3.15000 2.10081495
3.15100 2.10059629
3.15200 2.10037772
3.15300 2.10015924
3.15400 2.09994085
3.15500 2.09972255
3.15600 2.09950435
3.15700 2.09928623
3.15800 2.09906821
3.15900 2.09885027
3.16000 2.09863243
3.16100 2.09841468
3.16200 2.09819702
3.16300 2.09797945
3.16400 2.09776197
3.16500 2.09754458
3.16600 2.09732728
3.16700 2.09711008
3.16800 2.09689296
3.16900 2.09667593
3.17000 2.09645899
3.17100 2.09624214
3.17200 2.09602539
3.17300 2.09580872
3.17400 2.09559214
3.17500 2.09537565
3.17600 2.09515926
3.17700 2.09494295
3.17800 2.09472673
3.17900 2.09451060
3.18000 2.09429456
3.18100 2.09407861
3.18200 2.09386275
3.18300 2.09364698
3.18400 2.09343130
3.18500 2.09321570
3.18600 2.09300020
3.18700 2.09278479
3.18800 2.09256946
3.18900 2.09235422
3.19000 2.09213908
3.19100 2.09192402
3.19200 2.09170905
3.19300 2.09149416
3.19400 2.09127937
3.19500 2.09106467
3.19600 2.09085005
3.19700 2.09063552
3.19800 2.09042108
3.19900 2.09020673
3.20000 2.08999247
3.20100 2.08977830
3.20200 2.08956421
3.20300 2.08935021
3.20400 2.08913630
3.20500 2.08892248
3.20600 2.08870874
3.20700 2.08849510
3.20800 2.08828154
3.20900 2.08806806
3.21000 2.08785468
3.21100 2.08764138
3.21200 2.08742817
3.21300 2.08721505
3.21400 2.08700202
3.21500 2.08678907
3.21600 2.08657621
3.21700 2.08636344
3.21800 2.08615075
3.21900 2.08593816
3.22000 2.08572564
3.22100 2.08551322
3.22200 2.08530088
3.22300 2.08508863
3.22400 2.08487647
3.22500 2.08466439
3.22600 2.08445240
3.22700 2.08424049
3.22800 2.08402867
3.22900 2.08381694
3.23000 2.08360530
3.23100 2.08339374
3.23200 2.08318227
3.23300 2.08297088
3.23400 2.08275958
3.23500 2.08254836
3.23600 2.08233724
3.23700 2.08212619
3.23800 2.08191524
3.23900 2.08170436
3.24000 2.08149358
3.24100 2.08128288
3.24200 2.08107227
3.24300 2.08086174
3.24400 2.08065129
3.24500 2.08044094
3.24600 2.08023066
3.24700 2.08002048
3.24800 2.07981038
3.24900 2.07960036
3.25000 2.07939043
3.25100 2.07918058
3.25200 2.07897082
3.25300 2.07876114
3.25400 2.07855155
3.25500 2.07834205
3.25600 2.07813262
3.25700 2.07792329
3.25800 2.07771403
3.25900 2.07750487
3.26000 2.07729578
3.26100 2.07708678
3.26200 2.07687787
3.26300 2.07666904
3.26400 2.07646029
3.26500 2.07625163
3.26600 2.07604305
3.26700 2.07583456
3.26800 2.07562615
3.26900 2.07541783
3.27000 2.07520958
3.27100 2.07500143
3.27200 2.07479335
3.27300 2.07458536
3.27400 2.07437746
3.27500 2.07416963
3.27600 2.07396189
3.27700 2.07375424
3.27800 2.07354667
3.27900 2.07333918
3.28000 2.07313177
3.28100 2.07292445
3.28200 2.07271721
3.28300 2.07251005
3.28400 2.07230298
3.28500 2.07209599
3.28600 2.07188909
3.28700 2.07168226
3.28800 2.07147552
3.28900 2.07126886
3.29000 2.07106229
3.29100 2.07085579
3.29200 2.07064938
3.29300 2.07044306
3.29400 2.07023681
3.29500 2.07003065
3.29600 2.06982457
3.29700 2.06961857
3.29800 2.06941266
3.29900 2.06920682
3.30000 2.06900107
3.30100 2.06879540
3.30200 2.06858982
3.30300 2.06838431
3.30400 2.06817889
3.30500 2.06797355
3.30600 2.06776829
3.30700 2.06756311
3.30800 2.06735801
3.30900 2.06715300
3.31000 2.06694807
3.31100 2.06674322
3.31200 2.06653845
3.31300 2.06633376
3.31400 2.06612915
3.31500 2.06592463
3.31600 2.06572018
3.31700 2.06551582
3.31800 2.06531154
3.31900 2.06510734
3.32000 2.06490322
3.32100 2.06469918
3.32200 2.06449522
3.32300 2.06429135
3.32400 2.06408755
3.32500 2.06388383
3.32600 2.06368020
3.32700 2.06347665
3.32800 2.06327317
3.32900 2.06306978
3.33000 2.06286647
3.33100 2.06266324
3.33200 2.06246008
3.33300 2.06225701
3.33400 2.06205402
3.33500 2.06185111
3.33600 2.06164828
3.33700 2.06144553
3.33800 2.06124286
3.33900 2.06104027
3.34000 2.06083776
3.34100 2.06063533
3.34200 2.06043298
3.34300 2.06023070
3.34400 2.06002851
3.34500 2.05982640
3.34600 2.05962437
3.34700 2.05942242
3.34800 2.05922054
3.34900 2.05901875
3.35000 2.05881703
3.35100 2.05861540
3.35200 2.05841384
3.35300 2.05821237
3.35400 2.05801097
3.35500 2.05780965
3.35600 2.05760841
3.35700 2.05740725
3.35800 2.05720617
3.35900 2.05700517
3.36000 2.05680424
3.36100 2.05660340
3.36200 2.05640263
3.36300 2.05620194
3.36400 2.05600133
3.36500 2.05580080
3.36600 2.05560035
3.36700 2.05539998
3.36800 2.05519968
3.36900 2.05499947
3.37000 2.05479933
3.37100 2.05459927
3.37200 2.05439928
3.37300 2.05419938
3.37400 2.05399955
3.37500 2.05379981
3.37600 2.05360014
3.37700 2.05340054
3.37800 2.05320103
3.37900 2.05300159
3.38000 2.05280224
3.38100 2.05260295
3.38200 2.05240375
3.38300 2.05220463
3.38400 2.05200558
3.38500 2.05180661
3.38600 2.05160771
3.38700 2.05140890
3.38800 2.05121016
3.38900 2.05101150
3.39000 2.05081291
3.39100 2.05061441
3.39200 2.05041598
3.39300 2.05021762
3.39400 2.05001935
3.39500 2.04982115
3.39600 2.04962303
3.39700 2.04942498
3.39800 2.04922701
3.39900 2.04902912
3.40000 2.04883131
3.40100 2.04863357
3.40200 2.04843591
3.40300 2.04823832
3.40400 2.04804081
3.40500 2.04784338
3.40600 2.04764603
3.40700 2.04744875
3.40800 2.04725154
3.40900 2.04705442
3.41000 2.04685737
3.41100 2.04666039
3.41200 2.04646349
3.41300 2.04626667
3.41400 2.04606993
3.41500 2.04587325
3.41600 2.04567666
3.41700 2.04548014
3.41800 2.04528370
3.41900 2.04508733
3.42000 2.04489104
3.42100 2.04469482
3.42200 2.04449868
3.42300 2.04430262
3.42400 2.04410663
3.42500 2.04391071
3.42600 2.04371487
3.42700 2.04351911
3.42800 2.04332342
3.42900 2.04312781
3.43000 2.04293227
3.43100 2.04273681
3.43200 2.04254142
3.43300 2.04234611
3.43400 2.04215087
3.43500 2.04195571
3.43600 2.04176062
3.43700 2.04156561
3.43800 2.04137067
3.43900 2.04117581
3.44000 2.04098102
3.44100 2.04078630
3.44200 2.04059166
3.44300 2.04039710
3.44400 2.04020261
3.44500 2.04000819
3.44600 2.03981385
3.44700 2.03961958
3.44800 2.03942539
3.44900 2.03923127
3.45000 2.03903722
3.45100 2.03884325
3.45200 2.03864935
3.45300 2.03845553
3.45400 2.03826178
3.45500 2.03806811
3.45600 2.03787450
3.45700 2.03768098
3.45800 2.03748752
3.45900 2.03729414
3.46000 2.03710084
3.46100 2.03690760
3.46200 2.03671444
3.46300 2.03652136
3.46400 2.03632835
3.46500 2.03613541
3.46600 2.03594254
3.46700 2.03574975
3.46800 2.03555703
3.46900 2.03536439
3.47000 2.03517181
3.47100 2.03497931
3.47200 2.03478689
3.47300 2.03459453
3.47400 2.03440225
3.47500 2.03421005
3.47600 2.03401791
3.47700 2.03382585
3.47800 2.03363386
3.47900 2.03344194
3.48000 2.03325010
3.48100 2.03305833
3.48200 2.03286663
3.48300 2.03267501
3.48400 2.03248345
3.48500 2.03229197
3.48600 2.03210056
3.48700 2.03190923
3.48800 2.03171796
3.48900 2.03152677
3.49000 2.03133565
3.49100 2.03114461
3.49200 2.03095363
3.49300 2.03076273
3.49400 2.03057190
3.49500 2.03038114
3.49600 2.03019045
3.49700 2.02999984
3.49800 2.02980929
3.49900 2.02961882
3.50000 2.02942842
3.50100 2.02923809
3.50200 2.02904784
3.50300 2.02885765
3.50400 2.02866754
3.50500 2.02847750
3.50600 2.02828753
3.50700 2.02809763
3.50800 2.02790780
3.50900 2.02771804
3.51000 2.02752836
3.51100 2.02733874
3.51200 2.02714920
3.51300 2.02695973
3.51400 2.02677033
3.51500 2.02658100
3.51600 2.02639174
3.51700 2.02620255
3.51800 2.02601344
3.51900 2.02582439
3.52000 2.02563541
3.52100 2.02544651
3.52200 2.02525768
3.52300 2.02506891
3.52400 2.02488022
3.52500 2.02469160
3.52600 2.02450305
3.52700 2.02431457
3.52800 2.02412616
3.52900 2.02393782
3.53000 2.02374955
3.53100 2.02356135
3.53200 2.02337322
3.53300 2.02318516
3.53400 2.02299717
3.53500 2.02280925
3.53600 2.02262140
3.53700 2.02243362
3.53800 2.02224591
3.53900 2.02205828
3.54000 2.02187071
3.54100 2.02168321
3.54200 2.02149578
3.54300 2.02130842
3.54400 2.02112113
3.54500 2.02093391
3.54600 2.02074676
3.54700 2.02055968
3.54800 2.02037266
3.54900 2.02018572
3.55000 2.01999885
3.55100 2.01981205
3.55200 2.01962531
3.55300 2.01943865
3.55400 2.01925205
3.55500 2.01906552
3.55600 2.01887907
3.55700 2.01869268
3.55800 2.01850636
3.55900 2.01832011
3.56000 2.01813393
3.56100 2.01794782
3.56200 2.01776177
3.56300 2.01757580
3.56400 2.01738989
3.56500 2.01720406
3.56600 2.01701829
3.56700 2.01683259
3.56800 2.01664696
3.56900 2.01646139
3.57000 2.01627590
3.57100 2.01609048
3.57200 2.01590512
3.57300 2.01571983
3.57400 2.01553461
3.57500 2.01534946
3.57600 2.01516437
3.57700 2.01497936
3.57800 2.01479441
3.57900 2.01460953
3.58000 2.01442472
3.58100 2.01423998
3.58200 2.01405530
3.58300 2.01387070
3.58400 2.01368616
3.58500 2.01350168
3.58600 2.01331728
3.58700 2.01313295
3.58800 2.01294868
3.58900 2.01276448
3.59000 2.01258034
3.59100 2.01239628
3.59200 2.01221228
3.59300 2.01202835
3.59400 2.01184449
3.59500 2.01166069
3.59600 2.01147697
3.59700 2.01129331
3.59800 2.01110971
3.59900 2.01092619
3.60000 2.01074273
3.60100 2.01055934
3.60200 2.01037601
3.60300 2.01019275
3.60400 2.01000956
3.60500 2.00982644
3.60600 2.00964338
3.60700 2.00946040
3.60800 2.00927747
3.60900 2.00909462
3.61000 2.00891183
3.61100 2.00872911
3.61200 2.00854645
3.61300 2.00836386
3.61400 2.00818134
3.61500 2.00799888
3.61600 2.00781649
3.61700 2.00763417
3.61800 2.00745191
3.61900 2.00726972
3.62000 2.00708760
3.62100 2.00690554
3.62200 2.00672355
3.62300 2.00654163
3.62400 2.00635977
3.62500 2.00617798
3.62600 2.00599625
3.62700 2.00581459
3.62800 2.00563300
3.62900 2.00545147
3.63000 2.00527001
3.63100 2.00508861
3.63200 2.00490728
3.63300 2.00472601
3.63400 2.00454482
3.63500 2.00436368
3.63600 2.00418261
3.63700 2.00400161
3.63800 2.00382068
3.63900 2.00363981
3.64000 2.00345900
3.64100 2.00327826
3.64200 2.00309759
3.64300 2.00291698
3.64400 2.00273643
3.64500 2.00255596
3.64600 2.00237554
3.64700 2.00219519
3.64800 2.00201491
3.64900 2.00183469
3.65000 2.00165454
3.65100 2.00147445
3.65200 2.00129443
3.65300 2.00111447
3.65400 2.00093458
3.65500 2.00075475
3.65600 2.00057499
3.65700 2.00039529
3.65800 2.00021566
3.65900 2.00003609
3.66000 1.99985659
3.66100 1.99967715
3.66200 1.99949778
3.66300 1.99931847
3.66400 1.99913922
3.66500 1.99896004
3.66600 1.99878092
3.66700 1.99860187
3.66800 1.99842288
3.66900 1.99824396
3.67000 1.99806510
3.67100 1.99788631
3.67200 1.99770758
3.67300 1.99752891
3.67400 1.99735031
3.67500 1.99717177
3.67600 1.99699329
3.67700 1.99681488
3.67800 1.99663654
3.67900 1.99645826
3.68000 1.99628004
3.68100 1.99610188
3.68200 1.99592379
3.68300 1.99574576
3.68400 1.99556780
3.68500 1.99538990
3.68600 1.99521207
3.68700 1.99503429
3.68800 1.99485658
3.68900 1.99467894
3.69000 1.99450136
3.69100 1.99432384
3.69200 1.99414638
3.69300 1.99396899
3.69400 1.99379166
3.69500 1.99361440
3.69600 1.99343720
3.69700 1.99326006
3.69800 1.99308298
3.69900 1.99290597
3.70000 1.99272902
3.70100 1.99255214
3.70200 1.99237531
3.70300 1.99219855
3.70400 1.99202186
3.70500 1.99184522
3.70600 1.99166865
3.70700 1.99149214
3.70800 1.99131570
3.70900 1.99113931
3.71000 1.99096299
3.71100 1.99078673
3.71200 1.99061054
3.71300 1.99043441
3.71400 1.99025834
3.71500 1.99008233
3.71600 1.98990638
3.71700 1.98973050
3.71800 1.98955468
3.71900 1.98937892
3.72000 1.98920323
3.72100 1.98902759
3.72200 1.98885202
3.72300 1.98867651
3.72400 1.98850107
3.72500 1.98832568
3.72600 1.98815036
3.72700 1.98797510
3.72800 1.98779990
3.72900 1.98762476
3.73000 1.98744969
3.73100 1.98727467
3.73200 1.98709972
3.73300 1.98692483
3.73400 1.98675001
3.73500 1.98657524
3.73600 1.98640054
3.73700 1.98622589
3.73800 1.98605131
3.73900 1.98587679
3.74000 1.98570234
3.74100 1.98552794
3.74200 1.98535361
3.74300 1.98517933
3.74400 1.98500512
3.74500 1.98483097
3.74600 1.98465688
3.74700 1.98448285
3.74800 1.98430889
3.74900 1.98413498
3.75000 1.98396114
3.75100 1.98378735
3.75200 1.98361363
3.75300 1.98343997
3.75400 1.98326637
3.75500 1.98309283
3.75600 1.98291935
3.75700 1.98274593
3.75800 1.98257258
3.75900 1.98239928
3.76000 1.98222605
3.76100 1.98205287
3.76200 1.98187976
3.76300 1.98170671
3.76400 1.98153371
3.76500 1.98136078
3.76600 1.98118791
3.76700 1.98101510
3.76800 1.98084235
3.76900 1.98066966
3.77000 1.98049703
3.77100 1.98032446
3.77200 1.98015195
3.77300 1.97997951
3.77400 1.97980712
3.77500 1.97963479
3.77600 1.97946252
3.77700 1.97929032
3.77800 1.97911817
3.77900 1.97894608
3.78000 1.97877405
3.78100 1.97860209
3.78200 1.97843018
3.78300 1.97825833
3.78400 1.97808655
3.78500 1.97791482
3.78600 1.97774315
3.78700 1.97757154
3.78800 1.97740000
3.78900 1.97722851
3.79000 1.97705708
3.79100 1.97688571
3.79200 1.97671440
3.79300 1.97654315
3.79400 1.97637196
3.79500 1.97620083
3.79600 1.97602976
3.79700 1.97585875
3.79800 1.97568779
3.79900 1.97551690
3.80000 1.97534607
3.80100 1.97517529
3.80200 1.97500458
3.80300 1.97483392
3.80400 1.97466332
3.80500 1.97449278
3.80600 1.97432231
3.80700 1.97415189
3.80800 1.97398153
3.80900 1.97381122
3.81000 1.97364098
3.81100 1.97347080
3.81200 1.97330067
3.81300 1.97313061
3.81400 1.97296060
3.81500 1.97279065
3.81600 1.97262076
3.81700 1.97245093
3.81800 1.97228116
3.81900 1.97211144
3.82000 1.97194179
3.82100 1.97177219
3.82200 1.97160265
3.82300 1.97143317
3.82400 1.97126375
3.82500 1.97109439
3.82600 1.97092509
3.82700 1.97075584
3.82800 1.97058665
3.82900 1.97041752
3.83000 1.97024845
3.83100 1.97007944
3.83200 1.96991048
3.83300 1.96974159
3.83400 1.96957275
3.83500 1.96940397
3.83600 1.96923525
3.83700 1.96906658
3.83800 1.96889797
3.83900 1.96872943
3.84000 1.96856094
3.84100 1.96839250
3.84200 1.96822413
3.84300 1.96805581
3.84400 1.96788755
3.84500 1.96771935
3.84600 1.96755121
3.84700 1.96738312
3.84800 1.96721509
3.84900 1.96704712
3.85000 1.96687921
3.85100 1.96671135
3.85200 1.96654355
3.85300 1.96637581
3.85400 1.96620813
3.85500 1.96604050
3.85600 1.96587293
3.85700 1.96570542
3.85800 1.96553796
3.85900 1.96537057
3.86000 1.96520323
3.86100 1.96503594
3.86200 1.96486872
3.86300 1.96470155
3.86400 1.96453444
3.86500 1.96436738
3.86600 1.96420039
3.86700 1.96403345
3.86800 1.96386656
3.86900 1.96369974
3.87000 1.96353297
3.87100 1.96336625
3.87200 1.96319960
3.87300 1.96303300
3.87400 1.96286645
3.87500 1.96269997
3.87600 1.96253354
3.87700 1.96236717
3.87800 1.96220085
3.87900 1.96203459
3.88000 1.96186839
3.88100 1.96170224
3.88200 1.96153615
3.88300 1.96137012
3.88400 1.96120414
3.88500 1.96103822
3.88600 1.96087235
3.88700 1.96070655
3.88800 1.96054079
3.88900 1.96037510
3.89000 1.96020946
3.89100 1.96004387
3.89200 1.95987835
3.89300 1.95971288
3.89400 1.95954746
3.89500 1.95938210
3.89600 1.95921680
3.89700 1.95905155
3.89800 1.95888636
3.89900 1.95872122
3.90000 1.95855614
3.90100 1.95839112
3.90200 1.95822615
3.90300 1.95806124
3.90400 1.95789638
3.90500 1.95773158
3.90600 1.95756684
3.90700 1.95740215
3.90800 1.95723751
3.90900 1.95707294
3.91000 1.95690841
3.91100 1.95674394
3.91200 1.95657953
3.91300 1.95641518
3.91400 1.95625088
3.91500 1.95608663
3.91600 1.95592244
3.91700 1.95575830
3.91800 1.95559422
3.91900 1.95543020
3.92000 1.95526623
3.92100 1.95510232
3.92200 1.95493846
3.92300 1.95477465
3.92400 1.95461090
3.92500 1.95444721
3.92600 1.95428357
3.92700 1.95411999
3.92800 1.95395646
3.92900 1.95379298
3.93000 1.95362956
3.93100 1.95346620
3.93200 1.95330289
3.93300 1.95313964
3.93400 1.95297644
3.93500 1.95281329
3.93600 1.95265020
3.93700 1.95248716
3.93800 1.95232418
3.93900 1.95216126
3.94000 1.95199838
3.94100 1.95183557
3.94200 1.95167280
3.94300 1.95151009
3.94400 1.95134744
3.94500 1.95118484
3.94600 1.95102229
3.94700 1.95085980
3.94800 1.95069737
3.94900 1.95053498
3.95000 1.95037265
3.95100 1.95021038
3.95200 1.95004816
3.95300 1.94988599
3.95400 1.94972388
3.95500 1.94956182
3.95600 1.94939982
3.95700 1.94923787
3.95800 1.94907598
3.95900 1.94891413
3.96000 1.94875235
3.96100 1.94859061
3.96200 1.94842893
3.96300 1.94826731
3.96400 1.94810573
3.96500 1.94794421
3.96600 1.94778275
3.96700 1.94762134
3.96800 1.94745998
3.96900 1.94729868
3.97000 1.94713743
3.97100 1.94697623
3.97200 1.94681509
3.97300 1.94665400
3.97400 1.94649296
3.97500 1.94633198
3.97600 1.94617105
3.97700 1.94601017
3.97800 1.94584935
3.97900 1.94568858
3.98000 1.94552786
3.98100 1.94536720
3.98200 1.94520659
3.98300 1.94504604
3.98400 1.94488553
3.98500 1.94472508
3.98600 1.94456469
3.98700 1.94440434
3.98800 1.94424405
3.98900 1.94408381
3.99000 1.94392363
3.99100 1.94376350
3.99200 1.94360342
3.99300 1.94344339
3.99400 1.94328342
3.99500 1.94312350
3.99600 1.94296363
3.99700 1.94280382
3.99800 1.94264405
3.99900 1.94248434
4.00000 1.94232469
4.00100 1.94216508
4.00200 1.94200553
4.00300 1.94184603
4.00400 1.94168659
4.00500 1.94152719
4.00600 1.94136785
4.00700 1.94120856
4.00800 1.94104933
4.00900 1.94089014
4.01000 1.94073101
4.01100 1.94057193
4.01200 1.94041291
4.01300 1.94025393
4.01400 1.94009501
4.01500 1.93993614
4.01600 1.93977732
4.01700 1.93961856
4.01800 1.93945984
4.01900 1.93930118
4.02000 1.93914257
4.02100 1.93898401
4.02200 1.93882551
4.02300 1.93866706
4.02400 1.93850865
4.02500 1.93835030
4.02600 1.93819201
4.02700 1.93803376
4.02800 1.93787557
4.02900 1.93771743
4.03000 1.93755934
4.03100 1.93740130
4.03200 1.93724331
4.03300 1.93708537
4.03400 1.93692749
4.03500 1.93676966
4.03600 1.93661188
4.03700 1.93645415
4.03800 1.93629647
4.03900 1.93613885
4.04000 1.93598127
4.04100 1.93582375
4.04200 1.93566628
4.04300 1.93550886
4.04400 1.93535149
4.04500 1.93519417
4.04600 1.93503691
4.04700 1.93487969
4.04800 1.93472253
4.04900 1.93456542
4.05000 1.93440836
4.05100 1.93425135
4.05200 1.93409439
4.05300 1.93393748
4.05400 1.93378063
4.05500 1.93362382
4.05600 1.93346707
4.05700 1.93331036
4.05800 1.93315371
4.05900 1.93299711
4.06000 1.93284056
4.06100 1.93268406
4.06200 1.93252761
4.06300 1.93237121
4.06400 1.93221486
4.06500 1.93205857
4.06600 1.93190232
4.06700 1.93174613
4.06800 1.93158998
4.06900 1.93143389
4.07000 1.93127784
4.07100 1.93112185
4.07200 1.93096591
4.07300 1.93081002
4.07400 1.93065418
4.07500 1.93049839
4.07600 1.93034265
4.07700 1.93018696
4.07800 1.93003132
4.07900 1.92987573
4.08000 1.92972019
4.08100 1.92956470
4.08200 1.92940926
4.08300 1.92925387
4.08400 1.92909854
4.08500 1.92894325
4.08600 1.92878801
4.08700 1.92863282
4.08800 1.92847769
4.08900 1.92832260
4.09000 1.92816756
4.09100 1.92801258
4.09200 1.92785764
4.09300 1.92770275
4.09400 1.92754791
4.09500 1.92739313
4.09600 1.92723839
4.09700 1.92708370
4.09800 1.92692906
4.09900 1.92677448
4.10000 1.92661994
4.10100 1.92646545
4.10200 1.92631101
4.10300 1.92615662
4.10400 1.92600228
4.10500 1.92584799
4.10600 1.92569375
4.10700 1.92553956
4.10800 1.92538542
4.10900 1.92523133
4.11000 1.92507729
4.11100 1.92492329
4.11200 1.92476935
4.11300 1.92461545
4.11400 1.92446161
4.11500 1.92430781
4.11600 1.92415407
4.11700 1.92400037
4.11800 1.92384672
4.11900 1.92369313
4.12000 1.92353958
4.12100 1.92338608
4.12200 1.92323263
4.12300 1.92307923
4.12400 1.92292587
4.12500 1.92277257
4.12600 1.92261932
4.12700 1.92246611
4.12800 1.92231295
4.12900 1.92215985
4.13000 1.92200679
4.13100 1.92185378
4.13200 1.92170082
4.13300 1.92154791
4.13400 1.92139504
4.13500 1.92124223
4.13600 1.92108946
4.13700 1.92093675
4.13800 1.92078408
4.13900 1.92063146
4.14000 1.92047889
4.14100 1.92032636
4.14200 1.92017389
4.14300 1.92002147
4.14400 1.91986909
4.14500 1.91971676
4.14600 1.91956448
4.14700 1.91941225
4.14800 1.91926007
4.14900 1.91910793
4.15000 1.91895585
4.15100 1.91880381
4.15200 1.91865182
4.15300 1.91849988
4.15400 1.91834799
4.15500 1.91819614
4.15600 1.91804435
4.15700 1.91789260
4.15800 1.91774090
4.15900 1.91758925
4.16000 1.91743765
4.16100 1.91728609
4.16200 1.91713458
4.16300 1.91698312
4.16400 1.91683171
4.16500 1.91668035
4.16600 1.91652903
4.16700 1.91637777
4.16800 1.91622655
4.16900 1.91607538
4.17000 1.91592425
4.17100 1.91577318
4.17200 1.91562215
4.17300 1.91547117
4.17400 1.91532023
4.17500 1.91516935
4.17600 1.91501851
4.17700 1.91486772
4.17800 1.91471698
4.17900 1.91456629
4.18000 1.91441564
4.18100 1.91426504
4.18200 1.91411449
4.18300 1.91396398
4.18400 1.91381353
4.18500 1.91366312
4.18600 1.91351276
4.18700 1.91336244
4.18800 1.91321217
4.18900 1.91306195
4.19000 1.91291178
4.19100 1.91276166
4.19200 1.91261158
4.19300 1.91246155
4.19400 1.91231157
4.19500 1.91216163
4.19600 1.91201174
4.19700 1.91186190
4.19800 1.91171210
4.19900 1.91156236
4.20000 1.91141265
4.20100 1.91126300
4.20200 1.91111339
4.20300 1.91096383
4.20400 1.91081432
4.20500 1.91066486
4.20600 1.91051544
4.20700 1.91036607
4.20800 1.91021674
4.20900 1.91006746
4.21000 1.90991823
4.21100 1.90976905
4.21200 1.90961991
4.21300 1.90947082
4.21400 1.90932177
4.21500 1.90917277
4.21600 1.90902382
4.21700 1.90887492
4.21800 1.90872606
4.21900 1.90857725
4.22000 1.90842848
4.22100 1.90827977
4.22200 1.90813109
4.22300 1.90798247
4.22400 1.90783389
4.22500 1.90768536
4.22600 1.90753687
4.22700 1.90738843
4.22800 1.90724004
4.22900 1.90709169
4.23000 1.90694339
4.23100 1.90679513
4.23200 1.90664693
4.23300 1.90649876
4.23400 1.90635065
4.23500 1.90620258
4.23600 1.90605455
4.23700 1.90590658
4.23800 1.90575865
4.23900 1.90561076
4.24000 1.90546292
4.24100 1.90531513
4.24200 1.90516738
4.24300 1.90501968
4.24400 1.90487202
4.24500 1.90472441
4.24600 1.90457685
4.24700 1.90442933
4.24800 1.90428186
4.24900 1.90413443
4.25000 1.90398705
4.25100 1.90383972
4.25200 1.90369243
4.25300 1.90354519
4.25400 1.90339799
4.25500 1.90325084
4.25600 1.90310373
4.25700 1.90295667
4.25800 1.90280966
4.25900 1.90266269
4.26000 1.90251576
4.26100 1.90236888
4.26200 1.90222205
4.26300 1.90207526
4.26400 1.90192852
4.26500 1.90178183
4.26600 1.90163517
4.26700 1.90148857
4.26800 1.90134201
4.26900 1.90119549
4.27000 1.90104902
4.27100 1.90090260
4.27200 1.90075622
4.27300 1.90060988
4.27400 1.90046360
4.27500 1.90031735
4.27600 1.90017115
4.27700 1.90002500
4.27800 1.89987889
4.27900 1.89973283
4.28000 1.89958681
4.28100 1.89944084
4.28200 1.89929491
4.28300 1.89914903
4.28400 1.89900319
4.28500 1.89885739
4.28600 1.89871165
4.28700 1.89856594
4.28800 1.89842028
4.28900 1.89827467
4.29000 1.89812910
4.29100 1.89798358
4.29200 1.89783810
4.29300 1.89769266
4.29400 1.89754727
4.29500 1.89740193
4.29600 1.89725663
4.29700 1.89711137
4.29800 1.89696616
4.29900 1.89682099
4.30000 1.89667587
4.30100 1.89653079
4.30200 1.89638576
4.30300 1.89624077
4.30400 1.89609582
4.30500 1.89595092
4.30600 1.89580607
4.30700 1.89566126
4.30800 1.89551649
4.30900 1.89537177
4.31000 1.89522709
4.31100 1.89508246
4.31200 1.89493787
4.31300 1.89479332
4.31400 1.89464882
4.31500 1.89450436
4.31600 1.89435995
4.31700 1.89421558
4.31800 1.89407126
4.31900 1.89392698
4.32000 1.89378274
4.32100 1.89363855
4.32200 1.89349440
4.32300 1.89335030
4.32400 1.89320624
4.32500 1.89306222
4.32600 1.89291825
4.32700 1.89277432
4.32800 1.89263044
4.32900 1.89248660
4.33000 1.89234280
4.33100 1.89219905
4.33200 1.89205534
4.33300 1.89191168
4.33400 1.89176805
4.33500 1.89162448
4.33600 1.89148094
4.33700 1.89133745
4.33800 1.89119401
4.33900 1.89105060
4.34000 1.89090724
4.34100 1.89076393
4.34200 1.89062066
4.34300 1.89047743
4.34400 1.89033424
4.34500 1.89019110
4.34600 1.89004800
4.34700 1.88990495
4.34800 1.88976194
4.34900 1.88961897
4.35000 1.88947605
4.35100 1.88933317
4.35200 1.88919033
4.35300 1.88904753
4.35400 1.88890478
4.35500 1.88876208
4.35600 1.88861941
4.35700 1.88847679
4.35800 1.88833421
4.35900 1.88819168
4.36000 1.88804919
4.36100 1.88790674
4.36200 1.88776433
4.36300 1.88762197
4.36400 1.88747965
4.36500 1.88733737
4.36600 1.88719514
4.36700 1.88705295
4.36800 1.88691080
4.36900 1.88676870
4.37000 1.88662664
4.37100 1.88648462
4.37200 1.88634264
4.37300 1.88620071
4.37400 1.88605882
4.37500 1.88591697
4.37600 1.88577517
4.37700 1.88563341
4.37800 1.88549169
4.37900 1.88535001
4.38000 1.88520838
4.38100 1.88506679
4.38200 1.88492524
4.38300 1.88478374
4.38400 1.88464227
4.38500 1.88450085
4.38600 1.88435948
4.38700 1.88421814
4.38800 1.88407685
4.38900 1.88393560
4.39000 1.88379439
4.39100 1.88365323
4.39200 1.88351210
4.39300 1.88337102
4.39400 1.88322999
4.39500 1.88308899
4.39600 1.88294804
4.39700 1.88280713
4.39800 1.88266626
4.39900 1.88252543
4.40000 1.88238465
4.40100 1.88224391
4.40200 1.88210321
4.40300 1.88196255
4.40400 1.88182194
4.40500 1.88168136
4.40600 1.88154083
4.40700 1.88140034
4.40800 1.88125990
4.40900 1.88111949
4.41000 1.88097913
4.41100 1.88083881
4.41200 1.88069853
4.41300 1.88055829
4.41400 1.88041810
4.41500 1.88027795
4.41600 1.88013784
4.41700 1.87999777
4.41800 1.87985774
4.41900 1.87971776
4.42000 1.87957781
4.42100 1.87943791
4.42200 1.87929805
4.42300 1.87915823
4.42400 1.87901846
4.42500 1.87887872
4.42600 1.87873903
4.42700 1.87859938
4.42800 1.87845977
4.42900 1.87832020
4.43000 1.87818067
4.43100 1.87804119
4.43200 1.87790175
4.43300 1.87776234
4.43400 1.87762298
4.43500 1.87748366
4.43600 1.87734439
4.43700 1.87720515
4.43800 1.87706596
4.43900 1.87692680
4.44000 1.87678769
4.44100 1.87664862
4.44200 1.87650959
4.44300 1.87637061
4.44400 1.87623166
4.44500 1.87609275
4.44600 1.87595389
4.44700 1.87581507
4.44800 1.87567629
4.44900 1.87553755
4.45000 1.87539885
4.45100 1.87526019
4.45200 1.87512157
4.45300 1.87498300
4.45400 1.87484446
4.45500 1.87470597
4.45600 1.87456752
4.45700 1.87442911
4.45800 1.87429073
4.45900 1.87415241
4.46000 1.87401412
4.46100 1.87387587
4.46200 1.87373766
4.46300 1.87359950
4.46400 1.87346137
4.46500 1.87332329
4.46600 1.87318524
4.46700 1.87304724
4.46800 1.87290928
4.46900 1.87277136
4.47000 1.87263348
4.47100 1.87249564
4.47200 1.87235784
4.47300 1.87222008
4.47400 1.87208237
4.47500 1.87194469
4.47600 1.87180705
4.47700 1.87166946
4.47800 1.87153190
4.47900 1.87139439
4.48000 1.87125691
4.48100 1.87111948
4.48200 1.87098209
4.48300 1.87084474
4.48400 1.87070742
4.48500 1.87057015
4.48600 1.87043292
4.48700 1.87029573
4.48800 1.87015858
4.48900 1.87002147
4.49000 1.86988440
4.49100 1.86974737
4.49200 1.86961038
4.49300 1.86947343
4.49400 1.86933652
4.49500 1.86919966
4.49600 1.86906283
4.49700 1.86892604
4.49800 1.86878929
4.49900 1.86865258
4.50000 1.86851592
4.50100 1.86837929
4.50200 1.86824270
4.50300 1.86810615
4.50400 1.86796965
4.50500 1.86783318
4.50600 1.86769675
4.50700 1.86756036
4.50800 1.86742402
4.50900 1.86728771
4.51000 1.86715144
4.51100 1.86701521
4.51200 1.86687903
4.51300 1.86674288
4.51400 1.86660677
4.51500 1.86647070
4.51600 1.86633467
4.51700 1.86619868
4.51800 1.86606273
4.51900 1.86592683
4.52000 1.86579096
4.52100 1.86565513
4.52200 1.86551934
4.52300 1.86538358
4.52400 1.86524787
4.52500 1.86511220
4.52600 1.86497657
4.52700 1.86484098
4.52800 1.86470543
4.52900 1.86456991
4.53000 1.86443444
4.53100 1.86429900
4.53200 1.86416361
4.53300 1.86402825
4.53400 1.86389294
4.53500 1.86375766
4.53600 1.86362242
4.53700 1.86348723
4.53800 1.86335207
4.53900 1.86321695
4.54000 1.86308187
4.54100 1.86294683
4.54200 1.86281183
4.54300 1.86267687
4.54400 1.86254194
4.54500 1.86240706
4.54600 1.86227222
4.54700 1.86213741
4.54800 1.86200264
4.54900 1.86186792
4.55000 1.86173323
4.55100 1.86159858
4.55200 1.86146397
4.55300 1.86132940
4.55400 1.86119487
4.55500 1.86106038
4.55600 1.86092592
4.55700 1.86079151
4.55800 1.86065713
4.55900 1.86052279
4.56000 1.86038850
4.56100 1.86025424
4.56200 1.86012002
4.56300 1.85998584
4.56400 1.85985169
4.56500 1.85971759
4.56600 1.85958353
4.56700 1.85944950
4.56800 1.85931551
4.56900 1.85918156
4.57000 1.85904765
4.57100 1.85891378
4.57200 1.85877995
4.57300 1.85864616
4.57400 1.85851240
4.57500 1.85837868
4.57600 1.85824501
4.57700 1.85811137
4.57800 1.85797776
4.57900 1.85784420
4.58000 1.85771068
4.58100 1.85757719
4.58200 1.85744375
4.58300 1.85731034
4.58400 1.85717697
4.58500 1.85704364
4.58600 1.85691034
4.58700 1.85677709
4.58800 1.85664387
4.58900 1.85651069
4.59000 1.85637755
4.59100 1.85624445
4.59200 1.85611139
4.59300 1.85597836
4.59400 1.85584538
4.59500 1.85571243
4.59600 1.85557952
4.59700 1.85544665
4.59800 1.85531381
4.59900 1.85518102
4.60000 1.85504826
4.60100 1.85491554
4.60200 1.85478286
4.60300 1.85465021
4.60400 1.85451761
4.60500 1.85438504
4.60600 1.85425251
4.60700 1.85412002
4.60800 1.85398757
4.60900 1.85385515
4.61000 1.85372277
4.61100 1.85359043
4.61200 1.85345813
4.61300 1.85332587
4.61400 1.85319364
4.61500 1.85306145
4.61600 1.85292930
4.61700 1.85279719
4.61800 1.85266512
4.61900 1.85253308
4.62000 1.85240108
4.62100 1.85226912
4.62200 1.85213719
4.62300 1.85200531
4.62400 1.85187346
4.62500 1.85174165
4.62600 1.85160988
4.62700 1.85147814
4.62800 1.85134644
4.62900 1.85121478
4.63000 1.85108316
4.63100 1.85095157
4.63200 1.85082003
4.63300 1.85068852
4.63400 1.85055704
4.63500 1.85042561
4.63600 1.85029421
4.63700 1.85016285
4.63800 1.85003153
4.63900 1.84990024
4.64000 1.84976899
4.64100 1.84963778
4.64200 1.84950661
4.64300 1.84937547
4.64400 1.84924437
4.64500 1.84911331
4.64600 1.84898229
4.64700 1.84885130
4.64800 1.84872035
4.64900 1.84858944
4.65000 1.84845856
4.65100 1.84832772
4.65200 1.84819692
4.65300 1.84806616
4.65400 1.84793543
4.65500 1.84780474
4.65600 1.84767409
4.65700 1.84754347
4.65800 1.84741289
4.65900 1.84728235
4.66000 1.84715184
4.66100 1.84702138
4.66200 1.84689095
4.66300 1.84676055
4.66400 1.84663020
4.66500 1.84649987
4.66600 1.84636959
4.66700 1.84623935
4.66800 1.84610914
4.66900 1.84597896
4.67000 1.84584883
4.67100 1.84571873
4.67200 1.84558867
4.67300 1.84545864
4.67400 1.84532865
4.67500 1.84519870
4.67600 1.84506878
4.67700 1.84493891
4.67800 1.84480906
4.67900 1.84467926
4.68000 1.84454949
4.68100 1.84441976
4.68200 1.84429006
4.68300 1.84416040
4.68400 1.84403078
4.68500 1.84390120
4.68600 1.84377165
4.68700 1.84364213
4.68800 1.84351266
4.68900 1.84338322
4.69000 1.84325381
4.69100 1.84312445
4.69200 1.84299512
4.69300 1.84286582
4.69400 1.84273657
4.69500 1.84260734
4.69600 1.84247816
4.69700 1.84234901
4.69800 1.84221990
4.69900 1.84209082
4.70000 1.84196178
4.70100 1.84183278
4.70200 1.84170381
4.70300 1.84157488
4.70400 1.84144599
4.70500 1.84131713
4.70600 1.84118830
4.70700 1.84105952
4.70800 1.84093077
4.70900 1.84080205
4.71000 1.84067338
4.71100 1.84054473
4.71200 1.84041613
4.71300 1.84028756
4.71400 1.84015903
4.71500 1.84003053
4.71600 1.83990207
4.71700 1.83977364
4.71800 1.83964525
4.71900 1.83951690
4.72000 1.83938858
4.72100 1.83926030
4.72200 1.83913205
4.72300 1.83900384
4.72400 1.83887566
4.72500 1.83874753
4.72600 1.83861942
4.72700 1.83849136
4.72800 1.83836333
4.72900 1.83823533
4.73000 1.83810737
4.73100 1.83797945
4.73200 1.83785156
4.73300 1.83772370
4.73400 1.83759589
4.73500 1.83746811
4.73600 1.83734036
4.73700 1.83721265
4.73800 1.83708498
4.73900 1.83695734
4.74000 1.83682973
4.74100 1.83670217
4.74200 1.83657463
4.74300 1.83644714
4.74400 1.83631968
4.74500 1.83619225
4.74600 1.83606486
4.74700 1.83593751
4.74800 1.83581019
4.74900 1.83568290
4.75000 1.83555565
4.75100 1.83542844
4.75200 1.83530126
4.75300 1.83517412
4.75400 1.83504701
4.75500 1.83491994
4.75600 1.83479291
4.75700 1.83466590
4.75800 1.83453894
4.75900 1.83441201
4.76000 1.83428511
4.76100 1.83415825
4.76200 1.83403143
4.76300 1.83390464
4.76400 1.83377788
4.76500 1.83365116
4.76600 1.83352448
4.76700 1.83339783
4.76800 1.83327121
4.76900 1.83314463
4.77000 1.83301809
4.77100 1.83289158
4.77200 1.83276511
4.77300 1.83263867
4.77400 1.83251226
4.77500 1.83238589
4.77600 1.83225956
4.77700 1.83213326
4.77800 1.83200700
4.77900 1.83188077
4.78000 1.83175457
4.78100 1.83162841
4.78200 1.83150229
4.78300 1.83137620
4.78400 1.83125014
4.78500 1.83112412
4.78600 1.83099814
4.78700 1.83087219
4.78800 1.83074627
4.78900 1.83062039
4.79000 1.83049454
4.79100 1.83036873
4.79200 1.83024295
4.79300 1.83011721
4.79400 1.82999150
4.79500 1.82986583
4.79600 1.82974019
4.79700 1.82961459
4.79800 1.82948902
4.79900 1.82936348
4.80000 1.82923798
4.80100 1.82911252
4.80200 1.82898708
4.80300 1.82886169
4.80400 1.82873632
4.80500 1.82861100
4.80600 1.82848570
4.80700 1.82836044
4.80800 1.82823522
4.80900 1.82811003
4.81000 1.82798487
4.81100 1.82785975
4.81200 1.82773466
4.81300 1.82760961
4.81400 1.82748459
4.81500 1.82735961
4.81600 1.82723466
4.81700 1.82710974
4.81800 1.82698486
4.81900 1.82686002
4.82000 1.82673520
4.82100 1.82661042
4.82200 1.82648568
4.82300 1.82636097
4.82400 1.82623629
4.82500 1.82611165
4.82600 1.82598704
4.82700 1.82586247
4.82800 1.82573793
4.82900 1.82561342
4.83000 1.82548895
4.83100 1.82536451
4.83200 1.82524011
4.83300 1.82511574
4.83400 1.82499141
4.83500 1.82486710
4.83600 1.82474284
4.83700 1.82461860
4.83800 1.82449440
4.83900 1.82437024
4.84000 1.82424610
4.84100 1.82412201
4.84200 1.82399794
4.84300 1.82387391
4.84400 1.82374992
4.84500 1.82362595
4.84600 1.82350202
4.84700 1.82337813
4.84800 1.82325427
4.84900 1.82313044
4.85000 1.82300665
4.85100 1.82288288
4.85200 1.82275916
4.85300 1.82263547
4.85400 1.82251181
4.85500 1.82238818
4.85600 1.82226459
4.85700 1.82214103
4.85800 1.82201751
4.85900 1.82189401
4.86000 1.82177056
4.86100 1.82164713
4.86200 1.82152374
4.86300 1.82140039
4.86400 1.82127706
4.86500 1.82115377
4.86600 1.82103052
4.86700 1.82090729
4.86800 1.82078410
4.86900 1.82066095
4.87000 1.82053782
4.87100 1.82041474
4.87200 1.82029168
4.87300 1.82016866
4.87400 1.82004567
4.87500 1.81992271
4.87600 1.81979979
4.87700 1.81967690
4.87800 1.81955404
4.87900 1.81943122
4.88000 1.81930843
4.88100 1.81918568
4.88200 1.81906295
4.88300 1.81894026
4.88400 1.81881761
4.88500 1.81869498
4.88600 1.81857239
4.88700 1.81844983
4.88800 1.81832731
4.88900 1.81820482
4.89000 1.81808236
4.89100 1.81795994
4.89200 1.81783755
4.89300 1.81771519
4.89400 1.81759286
4.89500 1.81747057
4.89600 1.81734831
4.89700 1.81722608
4.89800 1.81710389
4.89900 1.81698173
4.90000 1.81685960
4.90100 1.81673751
4.90200 1.81661544
4.90300 1.81649341
4.90400 1.81637142
4.90500 1.81624946
4.90600 1.81612752
4.90700 1.81600563
4.90800 1.81588376
4.90900 1.81576193
4.91000 1.81564013
4.91100 1.81551836
4.91200 1.81539663
4.91300 1.81527493
4.91400 1.81515326
4.91500 1.81503163
4.91600 1.81491002
4.91700 1.81478845
4.91800 1.81466692
4.91900 1.81454541
4.92000 1.81442394
4.92100 1.81430250
4.92200 1.81418109
4.92300 1.81405972
4.92400 1.81393838
4.92500 1.81381707
4.92600 1.81369579
4.92700 1.81357455
4.92800 1.81345333
4.92900 1.81333215
4.93000 1.81321101
4.93100 1.81308989
4.93200 1.81296881
4.93300 1.81284776
4.93400 1.81272674
4.93500 1.81260576
4.93600 1.81248481
4.93700 1.81236389
4.93800 1.81224300
4.93900 1.81212215
4.94000 1.81200132
4.94100 1.81188053
4.94200 1.81175977
4.94300 1.81163905
4.94400 1.81151835
4.94500 1.81139769
4.94600 1.81127706
4.94700 1.81115647
4.94800 1.81103590
4.94900 1.81091537
4.95000 1.81079487
4.95100 1.81067440
4.95200 1.81055396
4.95300 1.81043356
4.95400 1.81031319
4.95500 1.81019285
4.95600 1.81007254
4.95700 1.80995227
4.95800 1.80983202
4.95900 1.80971181
4.96000 1.80959163
4.96100 1.80947148
4.96200 1.80935137
4.96300 1.80923128
4.96400 1.80911123
4.96500 1.80899121
4.96600 1.80887123
4.96700 1.80875127
4.96800 1.80863135
4.96900 1.80851145
4.97000 1.80839159
4.97100 1.80827177
4.97200 1.80815197
4.97300 1.80803220
4.97400 1.80791247
4.97500 1.80779277
4.97600 1.80767310
4.97700 1.80755346
4.97800 1.80743386
4.97900 1.80731428
4.98000 1.80719474
4.98100 1.80707523
4.98200 1.80695575
4.98300 1.80683631
4.98400 1.80671689
4.98500 1.80659751
4.98600 1.80647815
4.98700 1.80635883
4.98800 1.80623955
4.98900 1.80612029
4.99000 1.80600106
4.99100 1.80588187
4.99200 1.80576271
4.99300 1.80564357
4.99400 1.80552447
4.99500 1.80540541
4.99600 1.80528637
4.99700 1.80516737
4.99800 1.80504839
4.99900 1.80492945
5.00000 1.80481054
