1.00000 3.04063908
1.00100 3.03962635
1.00200 3.03861523
1.00300 3.03760571
1.00400 3.03659780
1.00500 3.03559149
1.00600 3.03458677
1.00700 3.03358363
1.00800 3.03258207
1.00900 3.03158208
1.01000 3.03058365
1.01100 3.02958679
1.01200 3.02859148
1.01300 3.02759771
1.01400 3.02660549
1.01500 3.02561481
1.01600 3.02462565
1.01700 3.02363802
1.01800 3.02265191
1.01900 3.02166731
1.02000 3.02068422
1.02100 3.01970263
1.02200 3.01872253
1.02300 3.01774393
1.02400 3.01676681
1.02500 3.01579118
1.02600 3.01481701
1.02700 3.01384432
1.02800 3.01287309
1.02900 3.01190331
1.03000 3.01093499
1.03100 3.00996812
1.03200 3.00900269
1.03300 3.00803870
1.03400 3.00707614
1.03500 3.00611501
1.03600 3.00515530
1.03700 3.00419701
1.03800 3.00324012
1.03900 3.00228465
1.04000 3.00133058
1.04100 3.00037790
1.04200 2.99942662
1.04300 2.99847673
1.04400 2.99752822
1.04500 2.99658108
1.04600 2.99563532
1.04700 2.99469093
1.04800 2.99374790
1.04900 2.99280623
1.05000 2.99186592
1.05100 2.99092696
1.05200 2.98998934
1.05300 2.98905306
1.05400 2.98811812
1.05500 2.98718451
1.05600 2.98625223
1.05700 2.98532127
1.05800 2.98439163
1.05900 2.98346330
1.06000 2.98253628
1.06100 2.98161057
1.06200 2.98068616
1.06300 2.97976305
1.06400 2.97884123
1.06500 2.97792070
1.06600 2.97700145
1.06700 2.97608349
1.06800 2.97516680
1.06900 2.97425138
1.07000 2.97333723
1.07100 2.97242434
1.07200 2.97151272
1.07300 2.97060235
1.07400 2.96969323
1.07500 2.96878536
1.07600 2.96787873
1.07700 2.96697335
1.07800 2.96606920
1.07900 2.96516628
1.08000 2.96426459
1.08100 2.96336412
1.08200 2.96246488
1.08300 2.96156685
1.08400 2.96067004
1.08500 2.95977444
1.08600 2.95888004
1.08700 2.95798684
1.08800 2.95709484
1.08900 2.95620404
1.09000 2.95531443
1.09100 2.95442601
1.09200 2.95353877
1.09300 2.95265271
1.09400 2.95176783
1.09500 2.95088412
1.09600 2.95000158
1.09700 2.94912021
1.09800 2.94824000
1.09900 2.94736095
1.10000 2.94648306
1.10100 2.94560632
1.10200 2.94473072
1.10300 2.94385628
1.10400 2.94298298
1.10500 2.94211081
1.10600 2.94123979
1.10700 2.94036989
1.10800 2.93950113
1.10900 2.93863349
1.11000 2.93776697
1.11100 2.93690158
1.11200 2.93603730
1.11300 2.93517413
1.11400 2.93431207
1.11500 2.93345112
1.11600 2.93259128
1.11700 2.93173253
1.11800 2.93087489
1.11900 2.93001833
1.12000 2.92916287
1.12100 2.92830850
1.12200 2.92745521
1.12300 2.92660301
1.12400 2.92575188
1.12500 2.92490184
1.12600 2.92405286
1.12700 2.92320496
1.12800 2.92235812
1.12900 2.92151235
1.13000 2.92066763
1.13100 2.91982398
1.13200 2.91898139
1.13300 2.91813984
1.13400 2.91729935
1.13500 2.91645990
1.13600 2.91562150
1.13700 2.91478414
1.13800 2.91394782
1.13900 2.91311254
1.14000 2.91227829
1.14100 2.91144507
1.14200 2.91061288
1.14300 2.90978171
1.14400 2.90895157
1.14500 2.90812244
1.14600 2.90729433
1.14700 2.90646724
1.14800 2.90564116
1.14900 2.90481609
1.15000 2.90399202
1.15100 2.90316896
1.15200 2.90234690
1.15300 2.90152584
1.15400 2.90070577
1.15500 2.89988670
1.15600 2.89906862
1.15700 2.89825153
1.15800 2.89743542
1.15900 2.89662030
1.16000 2.89580616
1.16100 2.89499300
1.16200 2.89418081
1.16300 2.89336959
1.16400 2.89255935
1.16500 2.89175008
1.16600 2.89094177
1.16700 2.89013443
1.16800 2.88932804
1.16900 2.88852262
1.17000 2.88771815
1.17100 2.88691464
1.17200 2.88611208
1.17300 2.88531046
1.17400 2.88450980
1.17500 2.88371008
1.17600 2.88291130
1.17700 2.88211346
1.17800 2.88131656
1.17900 2.88052060
1.18000 2.87972557
1.18100 2.87893147
1.18200 2.87813830
1.18300 2.87734605
1.18400 2.87655473
1.18500 2.87576433
1.18600 2.87497485
1.18700 2.87418629
1.18800 2.87339865
1.18900 2.87261191
1.19000 2.87182609
1.19100 2.87104118
1.19200 2.87025717
1.19300 2.86947407
1.19400 2.86869187
1.19500 2.86791058
1.19600 2.86713018
1.19700 2.86635067
1.19800 2.86557206
1.19900 2.86479434
1.20000 2.86401751
1.20100 2.86324157
1.20200 2.86246652
1.20300 2.86169234
1.20400 2.86091905
1.20500 2.86014664
1.20600 2.85937511
1.20700 2.85860445
1.20800 2.85783467
1.20900 2.85706575
1.21000 2.85629771
1.21100 2.85553053
1.21200 2.85476422
1.21300 2.85399877
1.21400 2.85323419
1.21500 2.85247046
1.21600 2.85170759
1.21700 2.85094558
1.21800 2.85018442
1.21900 2.84942411
1.22000 2.84866465
1.22100 2.84790604
1.22200 2.84714828
1.22300 2.84639136
1.22400 2.84563528
1.22500 2.84488004
1.22600 2.84412564
1.22700 2.84337208
1.22800 2.84261935
1.22900 2.84186746
1.23000 2.84111640
1.23100 2.84036616
1.23200 2.83961676
1.23300 2.83886818
1.23400 2.83812042
1.23500 2.83737348
1.23600 2.83662737
1.23700 2.83588207
1.23800 2.83513759
1.23900 2.83439393
1.24000 2.83365108
1.24100 2.83290904
1.24200 2.83216781
1.24300 2.83142739
1.24400 2.83068777
1.24500 2.82994896
1.24600 2.82921095
1.24700 2.82847374
1.24800 2.82773733
1.24900 2.82700172
1.25000 2.82626691
1.25100 2.82553288
1.25200 2.82479966
1.25300 2.82406722
1.25400 2.82333557
1.25500 2.82260471
1.25600 2.82187463
1.25700 2.82114534
1.25800 2.82041683
1.25900 2.81968910
1.26000 2.81896215
1.26100 2.81823598
1.26200 2.81751059
1.26300 2.81678597
1.26400 2.81606212
1.26500 2.81533904
1.26600 2.81461673
1.26700 2.81389519
1.26800 2.81317442
1.26900 2.81245441
1.27000 2.81173516
1.27100 2.81101668
1.27200 2.81029896
1.27300 2.80958199
1.27400 2.80886578
1.27500 2.80815033
1.27600 2.80743563
1.27700 2.80672168
1.27800 2.80600849
1.27900 2.80529604
1.28000 2.80458434
1.28100 2.80387339
1.28200 2.80316318
1.28300 2.80245372
1.28400 2.80174499
1.28500 2.80103701
1.28600 2.80032977
1.28700 2.79962326
1.28800 2.79891749
1.28900 2.79821245
1.29000 2.79750815
1.29100 2.79680457
1.29200 2.79610173
1.29300 2.79539962
1.29400 2.79469823
1.29500 2.79399757
1.29600 2.79329763
1.29700 2.79259842
1.29800 2.79189992
1.29900 2.79120215
1.30000 2.79050509
1.30100 2.78980876
1.30200 2.78911313
1.30300 2.78841822
1.30400 2.78772403
1.30500 2.78703055
1.30600 2.78633777
1.30700 2.78564571
1.30800 2.78495435
1.30900 2.78426370
1.31000 2.78357375
1.31100 2.78288451
1.31200 2.78219596
1.31300 2.78150812
1.31400 2.78082098
1.31500 2.78013453
1.31600 2.77944879
1.31700 2.77876373
1.31800 2.77807937
1.31900 2.77739571
1.32000 2.77671273
1.32100 2.77603044
1.32200 2.77534885
1.32300 2.77466794
1.32400 2.77398771
1.32500 2.77330817
1.32600 2.77262932
1.32700 2.77195114
1.32800 2.77127365
1.32900 2.77059683
1.33000 2.76992070
1.33100 2.76924524
1.33200 2.76857046
1.33300 2.76789635
1.33400 2.76722291
1.33500 2.76655015
1.33600 2.76587805
1.33700 2.76520663
1.33800 2.76453587
1.33900 2.76386578
1.34000 2.76319636
1.34100 2.76252760
1.34200 2.76185950
1.34300 2.76119207
1.34400 2.76052529
1.34500 2.75985918
1.34600 2.75919372
1.34700 2.75852893
1.34800 2.75786478
1.34900 2.75720129
1.35000 2.75653846
1.35100 2.75587628
1.35200 2.75521474
1.35300 2.75455386
1.35400 2.75389363
1.35500 2.75323404
1.35600 2.75257511
1.35700 2.75191681
1.35800 2.75125916
1.35900 2.75060215
1.36000 2.74994579
1.36100 2.74929006
1.36200 2.74863498
1.36300 2.74798053
1.36400 2.74732672
1.36500 2.74667354
1.36600 2.74602101
1.36700 2.74536910
1.36800 2.74471783
1.36900 2.74406718
1.37000 2.74341717
1.37100 2.74276779
1.37200 2.74211903
1.37300 2.74147090
1.37400 2.74082340
1.37500 2.74017652
1.37600 2.73953027
1.37700 2.73888464
1.37800 2.73823963
1.37900 2.73759524
1.38000 2.73695147
1.38100 2.73630832
1.38200 2.73566578
1.38300 2.73502386
1.38400 2.73438255
1.38500 2.73374186
1.38600 2.73310179
1.38700 2.73246232
1.38800 2.73182346
1.38900 2.73118521
1.39000 2.73054758
1.39100 2.72991055
1.39200 2.72927412
1.39300 2.72863830
1.39400 2.72800309
1.39500 2.72736847
1.39600 2.72673446
1.39700 2.72610106
1.39800 2.72546825
1.39900 2.72483604
1.40000 2.72420443
1.40100 2.72357341
1.40200 2.72294299
1.40300 2.72231317
1.40400 2.72168394
1.40500 2.72105530
1.40600 2.72042726
1.40700 2.71979980
1.40800 2.71917294
1.40900 2.71854666
1.41000 2.71792097
1.41100 2.71729587
1.41200 2.71667136
1.41300 2.71604743
1.41400 2.71542408
1.41500 2.71480132
1.41600 2.71417914
1.41700 2.71355754
1.41800 2.71293652
1.41900 2.71231608
1.42000 2.71169622
1.42100 2.71107693
1.42200 2.71045822
1.42300 2.70984009
1.42400 2.70922253
1.42500 2.70860554
1.42600 2.70798912
1.42700 2.70737328
1.42800 2.70675801
1.42900 2.70614330
1.43000 2.70552917
1.43100 2.70491560
1.43200 2.70430260
1.43300 2.70369016
1.43400 2.70307829
1.43500 2.70246699
1.43600 2.70185624
1.43700 2.70124606
1.43800 2.70063644
1.43900 2.70002738
1.44000 2.69941888
1.44100 2.69881094
1.44200 2.69820355
1.44300 2.69759672
1.44400 2.69699045
1.44500 2.69638473
1.44600 2.69577957
1.44700 2.69517495
1.44800 2.69457089
1.44900 2.69396739
1.45000 2.69336443
1.45100 2.69276202
1.45200 2.69216016
1.45300 2.69155884
1.45400 2.69095808
1.45500 2.69035786
1.45600 2.68975818
1.45700 2.68915905
1.45800 2.68856046
1.45900 2.68796241
1.46000 2.68736491
1.46100 2.68676794
1.46200 2.68617152
1.46300 2.68557563
1.46400 2.68498028
1.46500 2.68438547
1.46600 2.68379120
1.46700 2.68319746
1.46800 2.68260425
1.46900 2.68201158
1.47000 2.68141945
1.47100 2.68082784
1.47200 2.68023677
1.47300 2.67964622
1.47400 2.67905621
1.47500 2.67846672
1.47600 2.67787776
1.47700 2.67728933
1.47800 2.67670143
1.47900 2.67611405
1.48000 2.67552719
1.48100 2.67494086
1.48200 2.67435505
1.48300 2.67376977
1.48400 2.67318500
1.48500 2.67260076
1.48600 2.67201704
1.48700 2.67143383
1.48800 2.67085114
1.48900 2.67026897
1.49000 2.66968732
1.49100 2.66910618
1.49200 2.66852556
1.49300 2.66794545
1.49400 2.66736585
1.49500 2.66678677
1.49600 2.66620820
1.49700 2.66563014
1.49800 2.66505259
1.49900 2.66447555
1.50000 2.66389902
1.50100 2.66332299
1.50200 2.66274748
1.50300 2.66217247
1.50400 2.66159796
1.50500 2.66102396
1.50600 2.66045046
1.50700 2.65987747
1.50800 2.65930498
1.50900 2.65873299
1.51000 2.65816150
1.51100 2.65759051
1.51200 2.65702003
1.51300 2.65645004
1.51400 2.65588054
1.51500 2.65531155
1.51600 2.65474305
1.51700 2.65417505
1.51800 2.65360754
1.51900 2.65304053
1.52000 2.65247401
1.52100 2.65190798
1.52200 2.65134245
1.52300 2.65077740
1.52400 2.65021285
1.52500 2.64964879
1.52600 2.64908521
1.52700 2.64852213
1.52800 2.64795953
1.52900 2.64739742
1.53000 2.64683579
1.53100 2.64627465
1.53200 2.64571400
1.53300 2.64515383
1.53400 2.64459414
1.53500 2.64403493
1.53600 2.64347621
1.53700 2.64291797
1.53800 2.64236021
1.53900 2.64180293
1.54000 2.64124612
1.54100 2.64068980
1.54200 2.64013395
1.54300 2.63957859
1.54400 2.63902369
1.54500 2.63846928
1.54600 2.63791533
1.54700 2.63736186
1.54800 2.63680887
1.54900 2.63625635
1.55000 2.63570430
1.55100 2.63515272
1.55200 2.63460161
1.55300 2.63405098
1.55400 2.63350081
1.55500 2.63295111
1.55600 2.63240188
1.55700 2.63185312
1.55800 2.63130482
1.55900 2.63075699
1.56000 2.63020962
1.56100 2.62966272
1.56200 2.62911629
1.56300 2.62857031
1.56400 2.62802480
1.56500 2.62747976
1.56600 2.62693517
1.56700 2.62639104
1.56800 2.62584738
1.56900 2.62530417
1.57000 2.62476143
1.57100 2.62421914
1.57200 2.62367731
1.57300 2.62313593
1.57400 2.62259501
1.57500 2.62205455
1.57600 2.62151454
1.57700 2.62097499
1.57800 2.62043589
1.57900 2.61989724
1.58000 2.61935905
1.58100 2.61882130
1.58200 2.61828401
1.58300 2.61774717
1.58400 2.61721078
1.58500 2.61667484
1.58600 2.61613935
1.58700 2.61560430
1.58800 2.61506970
1.58900 2.61453555
1.59000 2.61400185
1.59100 2.61346859
1.59200 2.61293577
1.59300 2.61240340
1.59400 2.61187147
1.59500 2.61133999
1.59600 2.61080895
1.59700 2.61027835
1.59800 2.60974819
1.59900 2.60921847
1.60000 2.60868920
1.60100 2.60816036
1.60200 2.60763196
1.60300 2.60710400
1.60400 2.60657647
1.60500 2.60604939
1.60600 2.60552274
1.60700 2.60499652
1.60800 2.60447074
1.60900 2.60394540
1.61000 2.60342049
1.61100 2.60289601
1.61200 2.60237196
1.61300 2.60184835
1.61400 2.60132517
1.61500 2.60080242
1.61600 2.60028010
1.61700 2.59975821
1.61800 2.59923675
1.61900 2.59871572
1.62000 2.59819512
1.62100 2.59767494
1.62200 2.59715519
1.62300 2.59663587
1.62400 2.59611697
1.62500 2.59559850
1.62600 2.59508045
1.62700 2.59456283
1.62800 2.59404563
1.62900 2.59352886
1.63000 2.59301250
1.63100 2.59249657
1.63200 2.59198106
1.63300 2.59146597
1.63400 2.59095130
1.63500 2.59043705
1.63600 2.58992322
1.63700 2.58940981
1.63800 2.58889682
1.63900 2.58838424
1.64000 2.58787208
1.64100 2.58736033
1.64200 2.58684901
1.64300 2.58633809
1.64400 2.58582759
1.64500 2.58531751
1.64600 2.58480784
1.64700 2.58429858
1.64800 2.58378974
1.64900 2.58328130
1.65000 2.58277328
1.65100 2.58226567
1.65200 2.58175847
1.65300 2.58125168
1.65400 2.58074529
1.65500 2.58023932
1.65600 2.57973375
1.65700 2.57922860
1.65800 2.57872385
1.65900 2.57821950
1.66000 2.57771556
1.66100 2.57721203
1.66200 2.57670890
1.66300 2.57620618
1.66400 2.57570386
1.66500 2.57520194
1.66600 2.57470043
1.66700 2.57419932
1.66800 2.57369861
1.66900 2.57319830
1.67000 2.57269839
1.67100 2.57219888
1.67200 2.57169978
1.67300 2.57120107
1.67400 2.57070276
1.67500 2.57020485
1.67600 2.56970733
1.67700 2.56921022
1.67800 2.56871350
1.67900 2.56821717
1.68000 2.56772124
1.68100 2.56722571
1.68200 2.56673057
1.68300 2.56623583
1.68400 2.56574148
1.68500 2.56524752
1.68600 2.56475395
1.68700 2.56426078
1.68800 2.56376800
1.68900 2.56327561
1.69000 2.56278361
1.69100 2.56229200
1.69200 2.56180078
1.69300 2.56130995
1.69400 2.56081950
1.69500 2.56032945
1.69600 2.55983978
1.69700 2.55935050
1.69800 2.55886161
1.69900 2.55837310
1.70000 2.55788498
1.70100 2.55739724
1.70200 2.55690989
1.70300 2.55642292
1.70400 2.55593634
1.70500 2.55545014
1.70600 2.55496432
1.70700 2.55447888
1.70800 2.55399383
1.70900 2.55350916
1.71000 2.55302487
1.71100 2.55254096
1.71200 2.55205742
1.71300 2.55157427
1.71400 2.55109150
1.71500 2.55060910
1.71600 2.55012709
1.71700 2.54964545
1.71800 2.54916418
1.71900 2.54868330
1.72000 2.54820279
1.72100 2.54772265
1.72200 2.54724290
1.72300 2.54676351
1.72400 2.54628450
1.72500 2.54580586
1.72600 2.54532760
1.72700 2.54484971
1.72800 2.54437219
1.72900 2.54389505
1.73000 2.54341827
1.73100 2.54294187
1.73200 2.54246584
1.73300 2.54199017
1.73400 2.54151488
1.73500 2.54103995
1.73600 2.54056540
1.73700 2.54009121
1.73800 2.53961739
1.73900 2.53914394
1.74000 2.53867085
1.74100 2.53819813
1.74200 2.53772578
1.74300 2.53725379
1.74400 2.53678217
1.74500 2.53631091
1.74600 2.53584002
1.74700 2.53536949
1.74800 2.53489932
1.74900 2.53442952
1.75000 2.53396008
1.75100 2.53349100
1.75200 2.53302228
1.75300 2.53255392
1.75400 2.53208593
1.75500 2.53161829
1.75600 2.53115101
1.75700 2.53068410
1.75800 2.53021754
1.75900 2.52975134
1.76000 2.52928550
1.76100 2.52882001
1.76200 2.52835488
1.76300 2.52789011
1.76400 2.52742570
1.76500 2.52696164
1.76600 2.52649794
1.76700 2.52603459
1.76800 2.52557160
1.76900 2.52510896
1.77000 2.52464667
1.77100 2.52418474
1.77200 2.52372316
1.77300 2.52326193
1.77400 2.52280106
1.77500 2.52234053
1.77600 2.52188036
1.77700 2.52142054
1.77800 2.52096107
1.77900 2.52050194
1.78000 2.52004317
1.78100 2.51958475
1.78200 2.51912667
1.78300 2.51866895
1.78400 2.51821157
1.78500 2.51775454
1.78600 2.51729785
1.78700 2.51684151
1.78800 2.51638552
1.78900 2.51592987
1.79000 2.51547457
1.79100 2.51501962
1.79200 2.51456500
1.79300 2.51411074
1.79400 2.51365681
1.79500 2.51320323
1.79600 2.51274999
1.79700 2.51229710
1.79800 2.51184454
1.79900 2.51139233
1.80000 2.51094046
1.80100 2.51048893
1.80200 2.51003774
1.80300 2.50958689
1.80400 2.50913638
1.80500 2.50868621
1.80600 2.50823637
1.80700 2.50778688
1.80800 2.50733772
1.80900 2.50688890
1.81000 2.50644042
1.81100 2.50599228
1.81200 2.50554447
1.81300 2.50509699
1.81400 2.50464986
1.81500 2.50420305
1.81600 2.50375659
1.81700 2.50331045
1.81800 2.50286465
1.81900 2.50241919
1.82000 2.50197405
1.82100 2.50152925
1.82200 2.50108479
1.82300 2.50064065
1.82400 2.50019685
1.82500 2.49975337
1.82600 2.49931023
1.82700 2.49886742
1.82800 2.49842494
1.82900 2.49798279
1.83000 2.49754096
1.83100 2.49709947
1.83200 2.49665831
1.83300 2.49621747
1.83400 2.49577696
1.83500 2.49533678
1.83600 2.49489692
1.83700 2.49445739
1.83800 2.49401819
1.83900 2.49357931
1.84000 2.49314076
1.84100 2.49270253
1.84200 2.49226463
1.84300 2.49182705
1.84400 2.49138980
1.84500 2.49095287
1.84600 2.49051626
1.84700 2.49007998
1.84800 2.48964401
1.84900 2.48920837
1.85000 2.48877306
1.85100 2.48833806
1.85200 2.48790338
1.85300 2.48746903
1.85400 2.48703499
1.85500 2.48660127
1.85600 2.48616788
1.85700 2.48573480
1.85800 2.48530204
1.85900 2.48486960
1.86000 2.48443747
1.86100 2.48400567
1.86200 2.48357418
1.86300 2.48314301
1.86400 2.48271215
1.86500 2.48228161
1.86600 2.48185139
1.86700 2.48142148
1.86800 2.48099189
1.86900 2.48056261
1.87000 2.48013364
1.87100 2.47970499
1.87200 2.47927665
1.87300 2.47884863
1.87400 2.47842092
1.87500 2.47799352
1.87600 2.47756643
1.87700 2.47713965
1.87800 2.47671319
1.87900 2.47628703
1.88000 2.47586119
1.88100 2.47543566
1.88200 2.47501043
1.88300 2.47458552
1.88400 2.47416092
1.88500 2.47373662
1.88600 2.47331263
1.88700 2.47288895
1.88800 2.47246558
1.88900 2.47204252
1.89000 2.47161976
1.89100 2.47119731
1.89200 2.47077516
1.89300 2.47035332
1.89400 2.46993179
1.89500 2.46951056
1.89600 2.46908964
1.89700 2.46866902
1.89800 2.46824871
1.89900 2.46782870
1.90000 2.46740899
1.90100 2.46698958
1.90200 2.46657048
1.90300 2.46615168
1.90400 2.46573319
1.90500 2.46531499
1.90600 2.46489710
1.90700 2.46447950
1.90800 2.46406221
1.90900 2.46364522
1.91000 2.46322853
1.91100 2.46281213
1.91200 2.46239604
1.91300 2.46198025
1.91400 2.46156475
1.91500 2.46114955
1.91600 2.46073465
1.91700 2.46032005
1.91800 2.45990575
1.91900 2.45949174
1.92000 2.45907803
1.92100 2.45866461
1.92200 2.45825149
1.92300 2.45783867
1.92400 2.45742614
1.92500 2.45701391
1.92600 2.45660197
1.92700 2.45619032
1.92800 2.45577897
1.92900 2.45536791
1.93000 2.45495715
1.93100 2.45454667
1.93200 2.45413649
1.93300 2.45372661
1.93400 2.45331701
1.93500 2.45290770
1.93600 2.45249869
1.93700 2.45208997
1.93800 2.45168154
1.93900 2.45127339
1.94000 2.45086554
1.94100 2.45045798
1.94200 2.45005071
1.94300 2.44964372
1.94400 2.44923702
1.94500 2.44883062
1.94600 2.44842450
1.94700 2.44801866
1.94800 2.44761312
1.94900 2.44720786
1.95000 2.44680288
1.95100 2.44639820
1.95200 2.44599380
1.95300 2.44558968
1.95400 2.44518585
1.95500 2.44478231
1.95600 2.44437904
1.95700 2.44397607
1.95800 2.44357338
1.95900 2.44317097
1.96000 2.44276884
1.96100 2.44236700
1.96200 2.44196544
1.96300 2.44156416
1.96400 2.44116316
1.96500 2.44076245
1.96600 2.44036201
1.96700 2.43996186
1.96800 2.43956199
1.96900 2.43916240
1.97000 2.43876308
1.97100 2.43836405
1.97200 2.43796530
1.97300 2.43756682
1.97400 2.43716863
1.97500 2.43677071
1.97600 2.43637307
1.97700 2.43597571
1.97800 2.43557863
1.97900 2.43518182
1.98000 2.43478529
1.98100 2.43438904
1.98200 2.43399306
1.98300 2.43359736
1.98400 2.43320194
1.98500 2.43280679
1.98600 2.43241191
1.98700 2.43201731
1.98800 2.43162298
1.98900 2.43122893
1.99000 2.43083515
1.99100 2.43044164
1.99200 2.43004841
1.99300 2.42965545
1.99400 2.42926276
1.99500 2.42887035
1.99600 2.42847820
1.99700 2.42808633
1.99800 2.42769473
1.99900 2.42730340
2.00000 2.42691234
2.00100 2.42652155
2.00200 2.42613103
2.00300 2.42574078
2.00400 2.42535080
2.00500 2.42496109
2.00600 2.42457164
2.00700 2.42418247
2.00800 2.42379356
2.00900 2.42340492
2.01000 2.42301655
2.01100 2.42262845
2.01200 2.42224061
2.01300 2.42185304
2.01400 2.42146573
2.01500 2.42107869
2.01600 2.42069192
2.01700 2.42030541
2.01800 2.41991917
2.01900 2.41953319
2.02000 2.41914748
2.02100 2.41876203
2.02200 2.41837684
2.02300 2.41799192
2.02400 2.41760726
2.02500 2.41722286
2.02600 2.41683873
2.02700 2.41645486
2.02800 2.41607125
2.02900 2.41568790
2.03000 2.41530481
2.03100 2.41492199
2.03200 2.41453942
2.03300 2.41415712
2.03400 2.41377507
2.03500 2.41339329
2.03600 2.41301177
2.03700 2.41263050
2.03800 2.41224949
2.03900 2.41186875
2.04000 2.41148826
2.04100 2.41110803
2.04200 2.41072805
2.04300 2.41034834
2.04400 2.40996888
2.04500 2.40958968
2.04600 2.40921074
2.04700 2.40883205
2.04800 2.40845362
2.04900 2.40807544
2.05000 2.40769752
2.05100 2.40731985
2.05200 2.40694244
2.05300 2.40656529
2.05400 2.40618838
2.05500 2.40581174
2.05600 2.40543534
2.05700 2.40505920
2.05800 2.40468332
2.05900 2.40430768
2.06000 2.40393230
2.06100 2.40355717
2.06200 2.40318229
2.06300 2.40280767
2.06400 2.40243329
2.06500 2.40205917
2.06600 2.40168530
2.06700 2.40131167
2.06800 2.40093830
2.06900 2.40056518
2.07000 2.40019231
2.07100 2.39981969
2.07200 2.39944731
2.07300 2.39907519
2.07400 2.39870331
2.07500 2.39833169
2.07600 2.39796031
2.07700 2.39758917
2.07800 2.39721829
2.07900 2.39684765
2.08000 2.39647726
2.08100 2.39610712
2.08200 2.39573722
2.08300 2.39536757
2.08400 2.39499816
2.08500 2.39462900
2.08600 2.39426009
2.08700 2.39389142
2.08800 2.39352299
2.08900 2.39315481
2.09000 2.39278687
2.09100 2.39241918
2.09200 2.39205173
2.09300 2.39168452
2.09400 2.39131756
2.09500 2.39095084
2.09600 2.39058436
2.09700 2.39021812
2.09800 2.38985213
2.09900 2.38948638
2.10000 2.38912086
2.10100 2.38875559
2.10200 2.38839056
2.10300 2.38802577
2.10400 2.38766122
2.10500 2.38729691
2.10600 2.38693284
2.10700 2.38656901
2.10800 2.38620542
2.10900 2.38584207
2.11000 2.38547895
2.11100 2.38511608
2.11200 2.38475344
2.11300 2.38439104
2.11400 2.38402888
2.11500 2.38366695
2.11600 2.38330526
2.11700 2.38294381
2.11800 2.38258260
2.11900 2.38222162
2.12000 2.38186087
2.12100 2.38150036
2.12200 2.38114009
2.12300 2.38078005
2.12400 2.38042025
2.12500 2.38006068
2.12600 2.37970135
2.12700 2.37934224
2.12800 2.37898338
2.12900 2.37862474
2.13000 2.37826634
2.13100 2.37790818
2.13200 2.37755024
2.13300 2.37719254
2.13400 2.37683507
2.13500 2.37647783
2.13600 2.37612082
2.13700 2.37576405
2.13800 2.37540750
2.13900 2.37505119
2.14000 2.37469510
2.14100 2.37433925
2.14200 2.37398363
2.14300 2.37362823
2.14400 2.37327307
2.14500 2.37291813
2.14600 2.37256343
2.14700 2.37220895
2.14800 2.37185470
2.14900 2.37150068
2.15000 2.37114688
2.15100 2.37079332
2.15200 2.37043998
2.15300 2.37008687
2.15400 2.36973398
2.15500 2.36938132
2.15600 2.36902889
2.15700 2.36867669
2.15800 2.36832471
2.15900 2.36797295
2.16000 2.36762142
2.16100 2.36727012
2.16200 2.36691904
2.16300 2.36656818
2.16400 2.36621755
2.16500 2.36586714
2.16600 2.36551696
2.16700 2.36516700
2.16800 2.36481726
2.16900 2.36446775
2.17000 2.36411846
2.17100 2.36376939
2.17200 2.36342054
2.17300 2.36307192
2.17400 2.36272352
2.17500 2.36237534
2.17600 2.36202738
2.17700 2.36167964
2.17800 2.36133212
2.17900 2.36098482
2.18000 2.36063774
2.18100 2.36029088
2.18200 2.35994424
2.18300 2.35959782
2.18400 2.35925162
2.18500 2.35890564
2.18600 2.35855988
2.18700 2.35821434
2.18800 2.35786901
2.18900 2.35752390
2.19000 2.35717901
2.19100 2.35683434
2.19200 2.35648988
2.19300 2.35614564
2.19400 2.35580162
2.19500 2.35545781
2.19600 2.35511422
2.19700 2.35477085
2.19800 2.35442769
2.19900 2.35408475
2.20000 2.35374202
2.20100 2.35339950
2.20200 2.35305721
2.20300 2.35271512
2.20400 2.35237325
2.20500 2.35203160
2.20600 2.35169015
2.20700 2.35134892
2.20800 2.35100791
2.20900 2.35066711
2.21000 2.35032652
2.21100 2.34998614
2.21200 2.34964597
2.21300 2.34930602
2.21400 2.34896628
2.21500 2.34862675
2.21600 2.34828743
2.21700 2.34794832
2.21800 2.34760942
2.21900 2.34727073
2.22000 2.34693226
2.22100 2.34659399
2.22200 2.34625593
2.22300 2.34591809
2.22400 2.34558045
2.22500 2.34524302
2.22600 2.34490580
2.22700 2.34456879
2.22800 2.34423198
2.22900 2.34389539
2.23000 2.34355900
2.23100 2.34322282
2.23200 2.34288685
2.23300 2.34255109
2.23400 2.34221553
2.23500 2.34188018
2.23600 2.34154503
2.23700 2.34121009
2.23800 2.34087536
2.23900 2.34054083
2.24000 2.34020651
2.24100 2.33987239
2.24200 2.33953848
2.24300 2.33920478
2.24400 2.33887127
2.24500 2.33853798
2.24600 2.33820488
2.24700 2.33787199
2.24800 2.33753931
2.24900 2.33720682
2.25000 2.33687455
2.25100 2.33654247
2.25200 2.33621059
2.25300 2.33587892
2.25400 2.33554745
2.25500 2.33521619
2.25600 2.33488512
2.25700 2.33455426
2.25800 2.33422359
2.25900 2.33389313
2.26000 2.33356287
2.26100 2.33323281
2.26200 2.33290295
2.26300 2.33257329
2.26400 2.33224383
2.26500 2.33191457
2.26600 2.33158551
2.26700 2.33125665
2.26800 2.33092799
2.26900 2.33059952
2.27000 2.33027126
2.27100 2.32994319
2.27200 2.32961532
2.27300 2.32928765
2.27400 2.32896018
2.27500 2.32863291
2.27600 2.32830583
2.27700 2.32797895
2.27800 2.32765226
2.27900 2.32732577
2.28000 2.32699948
2.28100 2.32667338
2.28200 2.32634748
2.28300 2.32602178
2.28400 2.32569627
2.28500 2.32537096
2.28600 2.32504584
2.28700 2.32472091
2.28800 2.32439618
2.28900 2.32407165
2.29000 2.32374731
2.29100 2.32342316
2.29200 2.32309921
2.29300 2.32277545
2.29400 2.32245188
2.29500 2.32212851
2.29600 2.32180532
2.29700 2.32148233
2.29800 2.32115954
2.29900 2.32083693
2.30000 2.32051452
2.30100 2.32019230
2.30200 2.31987027
2.30300 2.31954843
2.30400 2.31922678
2.30500 2.31890533
2.30600 2.31858406
2.30700 2.31826298
2.30800 2.31794210
2.30900 2.31762140
2.31000 2.31730090
2.31100 2.31698058
2.31200 2.31666045
2.31300 2.31634051
2.31400 2.31602076
2.31500 2.31570120
2.31600 2.31538183
2.31700 2.31506265
2.31800 2.31474365
2.31900 2.31442484
2.32000 2.31410622
2.32100 2.31378778
2.32200 2.31346954
2.32300 2.31315148
2.32400 2.31283360
2.32500 2.31251592
2.32600 2.31219842
2.32700 2.31188110
2.32800 2.31156397
2.32900 2.31124703
2.33000 2.31093027
2.33100 2.31061370
2.33200 2.31029731
2.33300 2.30998111
2.33400 2.30966509
2.33500 2.30934926
2.33600 2.30903361
2.33700 2.30871814
2.33800 2.30840286
2.33900 2.30808776
2.34000 2.30777285
2.34100 2.30745811
2.34200 2.30714356
2.34300 2.30682920
2.34400 2.30651501
2.34500 2.30620101
2.34600 2.30588719
2.34700 2.30557355
2.34800 2.30526010
2.34900 2.30494682
2.35000 2.30463373
2.35100 2.30432082
2.35200 2.30400809
2.35300 2.30369553
2.35400 2.30338316
2.35500 2.30307097
2.35600 2.30275896
2.35700 2.30244713
2.35800 2.30213548
2.35900 2.30182401
2.36000 2.30151272
2.36100 2.30120160
2.36200 2.30089067
2.36300 2.30057991
2.36400 2.30026934
2.36500 2.29995894
2.36600 2.29964871
2.36700 2.29933867
2.36800 2.29902880
2.36900 2.29871912
2.37000 2.29840960
2.37100 2.29810027
2.37200 2.29779111
2.37300 2.29748213
2.37400 2.29717332
2.37500 2.29686470
2.37600 2.29655624
2.37700 2.29624797
2.37800 2.29593987
2.37900 2.29563194
2.38000 2.29532419
2.38100 2.29501661
2.38200 2.29470921
2.38300 2.29440198
2.38400 2.29409493
2.38500 2.29378805
2.38600 2.29348135
2.38700 2.29317482
2.38800 2.29286846
2.38900 2.29256228
2.39000 2.29225627
2.39100 2.29195043
2.39200 2.29164477
2.39300 2.29133928
2.39400 2.29103396
2.39500 2.29072881
2.39600 2.29042384
2.39700 2.29011904
2.39800 2.28981441
2.39900 2.28950995
2.40000 2.28920566
2.40100 2.28890154
2.40200 2.28859759
2.40300 2.28829382
2.40400 2.28799021
2.40500 2.28768678
2.40600 2.28738351
2.40700 2.28708042
2.40800 2.28677750
2.40900 2.28647474
2.41000 2.28617215
2.41100 2.28586974
2.41200 2.28556749
2.41300 2.28526541
2.41400 2.28496350
2.41500 2.28466176
2.41600 2.28436018
2.41700 2.28405878
2.41800 2.28375754
2.41900 2.28345647
2.42000 2.28315557
2.42100 2.28285483
2.42200 2.28255426
2.42300 2.28225386
2.42400 2.28195363
2.42500 2.28165356
2.42600 2.28135366
2.42700 2.28105392
2.42800 2.28075435
2.42900 2.28045495
2.43000 2.28015571
2.43100 2.27985664
2.43200 2.27955773
2.43300 2.27925899
2.43400 2.27896041
2.43500 2.27866200
2.43600 2.27836375
2.43700 2.27806567
2.43800 2.27776775
2.43900 2.27746999
2.44000 2.27717240
2.44100 2.27687497
2.44200 2.27657771
2.44300 2.27628061
2.44400 2.27598367
2.44500 2.27568689
2.44600 2.27539028
2.44700 2.27509383
2.44800 2.27479754
2.44900 2.27450141
2.45000 2.27420545
2.45100 2.27390965
2.45200 2.27361401
2.45300 2.27331853
2.45400 2.27302321
2.45500 2.27272805
2.45600 2.27243306
2.45700 2.27213822
2.45800 2.27184355
2.45900 2.27154903
2.46000 2.27125468
2.46100 2.27096048
2.46200 2.27066645
2.46300 2.27037258
2.46400 2.27007886
2.46500 2.26978530
2.46600 2.26949191
2.46700 2.26919867
2.46800 2.26890559
2.46900 2.26861267
2.47000 2.26831991
2.47100 2.26802731
2.47200 2.26773486
2.47300 2.26744257
2.47400 2.26715044
2.47500 2.26685847
2.47600 2.26656666
2.47700 2.26627500
2.47800 2.26598350
2.47900 2.26569215
2.48000 2.26540097
2.48100 2.26510994
2.48200 2.26481906
2.48300 2.26452834
2.48400 2.26423778
2.48500 2.26394738
2.48600 2.26365713
2.48700 2.26336703
2.48800 2.26307709
2.48900 2.26278731
2.49000 2.26249768
2.49100 2.26220820
2.49200 2.26191888
2.49300 2.26162972
2.49400 2.26134070
2.49500 2.26105185
2.49600 2.26076314
2.49700 2.26047460
2.49800 2.26018620
2.49900 2.25989796
2.50000 2.25960987
2.50100 2.25932193
2.50200 2.25903415
2.50300 2.25874652
2.50400 2.25845904
2.50500 2.25817172
2.50600 2.25788455
2.50700 2.25759752
2.50800 2.25731066
2.50900 2.25702394
2.51000 2.25673737
2.51100 2.25645096
2.51200 2.25616470
2.51300 2.25587859
2.51400 2.25559263
2.51500 2.25530682
2.51600 2.25502116
2.51700 2.25473565
2.51800 2.25445029
2.51900 2.25416509
2.52000 2.25388003
2.52100 2.25359512
2.52200 2.25331036
2.52300 2.25302575
2.52400 2.25274129
2.52500 2.25245698
2.52600 2.25217282
2.52700 2.25188881
2.52800 2.25160495
2.52900 2.25132123
2.53000 2.25103767
2.53100 2.25075425
2.53200 2.25047098
2.53300 2.25018786
2.53400 2.24990488
2.53500 2.24962205
2.53600 2.24933937
2.53700 2.24905684
2.53800 2.24877446
2.53900 2.24849222
2.54000 2.24821013
2.54100 2.24792818
2.54200 2.24764638
2.54300 2.24736473
2.54400 2.24708323
2.54500 2.24680187
2.54600 2.24652065
2.54700 2.24623958
2.54800 2.24595866
2.54900 2.24567788
2.55000 2.24539725
2.55100 2.24511677
2.55200 2.24483642
2.55300 2.24455623
2.55400 2.24427617
2.55500 2.24399627
2.55600 2.24371650
2.55700 2.24343688
2.55800 2.24315741
2.55900 2.24287807
2.56000 2.24259889
2.56100 2.24231984
2.56200 2.24204094
2.56300 2.24176218
2.56400 2.24148357
2.56500 2.24120510
2.56600 2.24092677
2.56700 2.24064858
2.56800 2.24037054
2.56900 2.24009263
2.57000 2.23981487
2.57100 2.23953726
2.57200 2.23925978
2.57300 2.23898245
2.57400 2.23870525
2.57500 2.23842820
2.57600 2.23815129
2.57700 2.23787453
2.57800 2.23759790
2.57900 2.23732141
2.58000 2.23704506
2.58100 2.23676886
2.58200 2.23649279
2.58300 2.23621687
2.58400 2.23594108
2.58500 2.23566544
2.58600 2.23538993
2.58700 2.23511457
2.58800 2.23483934
2.58900 2.23456425
2.59000 2.23428931
2.59100 2.23401450
2.59200 2.23373983
2.59300 2.23346530
2.59400 2.23319091
2.59500 2.23291665
2.59600 2.23264254
2.59700 2.23236856
2.59800 2.23209472
2.59900 2.23182102
2.60000 2.23154746
2.60100 2.23127403
2.60200 2.23100074
2.60300 2.23072759
2.60400 2.23045458
2.60500 2.23018170
2.60600 2.22990896
2.60700 2.22963636
2.60800 2.22936389
2.60900 2.22909156
2.61000 2.22881936
2.61100 2.22854731
2.61200 2.22827538
2.61300 2.22800360
2.61400 2.22773195
2.61500 2.22746043
2.61600 2.22718905
2.61700 2.22691781
2.61800 2.22664670
2.61900 2.22637573
2.62000 2.22610489
2.62100 2.22583419
2.62200 2.22556362
2.62300 2.22529318
2.62400 2.22502288
2.62500 2.22475272
2.62600 2.22448268
2.62700 2.22421279
2.62800 2.22394302
2.62900 2.22367339
2.63000 2.22340389
2.63100 2.22313453
2.63200 2.22286530
2.63300 2.22259620
2.63400 2.22232724
2.63500 2.22205841
2.63600 2.22178971
2.63700 2.22152114
2.63800 2.22125271
2.63900 2.22098441
2.64000 2.22071624
2.64100 2.22044820
2.64200 2.22018029
2.64300 2.21991252
2.64400 2.21964488
2.64500 2.21937737
2.64600 2.21910999
2.64700 2.21884274
2.64800 2.21857562
2.64900 2.21830864
2.65000 2.21804178
2.65100 2.21777506
2.65200 2.21750846
2.65300 2.21724200
2.65400 2.21697566
2.65500 2.21670946
2.65600 2.21644339
2.65700 2.21617745
2.65800 2.21591163
2.65900 2.21564595
2.66000 2.21538039
2.66100 2.21511497
2.66200 2.21484967
2.66300 2.21458451
2.66400 2.21431947
2.66500 2.21405456
2.66600 2.21378978
2.66700 2.21352513
2.66800 2.21326060
2.66900 2.21299621
2.67000 2.21273194
2.67100 2.21246780
2.67200 2.21220379
2.67300 2.21193991
2.67400 2.21167615
2.67500 2.21141253
2.67600 2.21114903
2.67700 2.21088565
2.67800 2.21062241
2.67900 2.21035929
2.68000 2.21009630
2.68100 2.20983343
2.68200 2.20957069
2.68300 2.20930808
2.68400 2.20904559
2.68500 2.20878323
2.68600 2.20852100
2.68700 2.20825889
2.68800 2.20799691
2.68900 2.20773506
2.69000 2.20747333
2.69100 2.20721172
2.69200 2.20695024
2.69300 2.20668889
2.69400 2.20642766
2.69500 2.20616656
2.69600 2.20590558
2.69700 2.20564473
2.69800 2.20538400
2.69900 2.20512339
2.70000 2.20486291
2.70100 2.20460256
2.70200 2.20434232
2.70300 2.20408222
2.70400 2.20382223
2.70500 2.20356237
2.70600 2.20330263
2.70700 2.20304302
2.70800 2.20278353
2.70900 2.20252417
2.71000 2.20226492
2.71100 2.20200580
2.71200 2.20174681
2.71300 2.20148793
2.71400 2.20122918
2.71500 2.20097055
2.71600 2.20071204
2.71700 2.20045366
2.71800 2.20019540
2.71900 2.19993726
2.72000 2.19967924
2.72100 2.19942134
2.72200 2.19916357
2.72300 2.19890592
2.72400 2.19864839
2.72500 2.19839098
2.72600 2.19813369
2.72700 2.19787652
2.72800 2.19761947
2.72900 2.19736255
2.73000 2.19710574
2.73100 2.19684906
2.73200 2.19659249
2.73300 2.19633605
2.73400 2.19607973
2.73500 2.19582353
2.73600 2.19556744
2.73700 2.19531148
2.73800 2.19505564
2.73900 2.19479992
2.74000 2.19454431
2.74100 2.19428883
2.74200 2.19403346
2.74300 2.19377822
2.74400 2.19352309
2.74500 2.19326809
2.74600 2.19301320
2.74700 2.19275843
2.74800 2.19250378
2.74900 2.19224925
2.75000 2.19199483
2.75100 2.19174054
2.75200 2.19148636
2.75300 2.19123230
2.75400 2.19097836
2.75500 2.19072454
2.75600 2.19047083
2.75700 2.19021725
2.75800 2.18996378
2.75900 2.18971042
2.76000 2.18945719
2.76100 2.18920407
2.76200 2.18895107
2.76300 2.18869819
2.76400 2.18844542
2.76500 2.18819277
2.76600 2.18794024
2.76700 2.18768782
2.76800 2.18743552
2.76900 2.18718334
2.77000 2.18693127
2.77100 2.18667932
2.77200 2.18642748
2.77300 2.18617576
2.77400 2.18592416
2.77500 2.18567267
2.77600 2.18542130
2.77700 2.18517004
2.77800 2.18491890
2.77900 2.18466787
2.78000 2.18441696
2.78100 2.18416616
2.78200 2.18391548
2.78300 2.18366492
2.78400 2.18341446
2.78500 2.18316413
2.78600 2.18291390
2.78700 2.18266380
2.78800 2.18241380
2.78900 2.18216392
2.79000 2.18191416
2.79100 2.18166450
2.79200 2.18141497
2.79300 2.18116554
2.79400 2.18091623
2.79500 2.18066703
2.79600 2.18041795
2.79700 2.18016898
2.79800 2.17992012
2.79900 2.17967138
2.80000 2.17942275
2.80100 2.17917423
2.80200 2.17892582
2.80300 2.17867753
2.80400 2.17842935
2.80500 2.17818128
2.80600 2.17793333
2.80700 2.17768548
2.80800 2.17743775
2.80900 2.17719013
2.81000 2.17694263
2.81100 2.17669523
2.81200 2.17644795
2.81300 2.17620078
2.81400 2.17595372
2.81500 2.17570677
2.81600 2.17545993
2.81700 2.17521321
2.81800 2.17496659
2.81900 2.17472009
2.82000 2.17447369
2.82100 2.17422741
2.82200 2.17398124
2.82300 2.17373518
2.82400 2.17348923
2.82500 2.17324339
2.82600 2.17299766
2.82700 2.17275204
2.82800 2.17250653
2.82900 2.17226113
2.83000 2.17201584
2.83100 2.17177066
2.83200 2.17152559
2.83300 2.17128063
2.83400 2.17103578
2.83500 2.17079104
2.83600 2.17054641
2.83700 2.17030189
2.83800 2.17005748
2.83900 2.16981317
2.84000 2.16956898
2.84100 2.16932489
2.84200 2.16908091
2.84300 2.16883704
2.84400 2.16859328
2.84500 2.16834963
2.84600 2.16810609
2.84700 2.16786265
2.84800 2.16761932
2.84900 2.16737610
2.85000 2.16713299
2.85100 2.16688999
2.85200 2.16664709
2.85300 2.16640430
2.85400 2.16616162
2.85500 2.16591905
2.85600 2.16567658
2.85700 2.16543423
2.85800 2.16519197
2.85900 2.16494983
2.86000 2.16470779
2.86100 2.16446586
2.86200 2.16422404
2.86300 2.16398232
2.86400 2.16374071
2.86500 2.16349921
2.86600 2.16325781
2.86700 2.16301652
2.86800 2.16277533
2.86900 2.16253426
2.87000 2.16229328
2.87100 2.16205242
2.87200 2.16181166
2.87300 2.16157100
2.87400 2.16133045
2.87500 2.16109001
2.87600 2.16084967
2.87700 2.16060944
2.87800 2.16036931
2.87900 2.16012929
2.88000 2.15988937
2.88100 2.15964956
2.88200 2.15940985
2.88300 2.15917025
2.88400 2.15893075
2.88500 2.15869135
2.88600 2.15845207
2.88700 2.15821288
2.88800 2.15797380
2.88900 2.15773483
2.89000 2.15749595
2.89100 2.15725719
2.89200 2.15701852
2.89300 2.15677997
2.89400 2.15654151
2.89500 2.15630316
2.89600 2.15606491
2.89700 2.15582677
2.89800 2.15558872
2.89900 2.15535079
2.90000 2.15511295
2.90100 2.15487522
2.90200 2.15463759
2.90300 2.15440007
2.90400 2.15416265
2.90500 2.15392533
2.90600 2.15368811
2.90700 2.15345100
2.90800 2.15321398
2.90900 2.15297708
2.91000 2.15274027
2.91100 2.15250356
2.91200 2.15226696
2.91300 2.15203046
2.91400 2.15179407
2.91500 2.15155777
2.91600 2.15132158
2.91700 2.15108548
2.91800 2.15084949
2.91900 2.15061360
2.92000 2.15037782
2.92100 2.15014213
2.92200 2.14990655
2.92300 2.14967106
2.92400 2.14943568
2.92500 2.14920040
2.92600 2.14896522
2.92700 2.14873014
2.92800 2.14849516
2.92900 2.14826029
2.93000 2.14802551
2.93100 2.14779083
2.93200 2.14755626
2.93300 2.14732178
2.93400 2.14708741
2.93500 2.14685313
2.93600 2.14661896
2.93700 2.14638488
2.93800 2.14615091
2.93900 2.14591703
2.94000 2.14568326
2.94100 2.14544958
2.94200 2.14521601
2.94300 2.14498253
2.94400 2.14474915
2.94500 2.14451588
2.94600 2.14428270
2.94700 2.14404962
2.94800 2.14381664
2.94900 2.14358376
2.95000 2.14335098
2.95100 2.14311830
2.95200 2.14288571
2.95300 2.14265323
2.95400 2.14242084
2.95500 2.14218855
2.95600 2.14195637
2.95700 2.14172427
2.95800 2.14149228
2.95900 2.14126039
2.96000 2.14102859
2.96100 2.14079689
2.96200 2.14056529
2.96300 2.14033379
2.96400 2.14010239
2.96500 2.13987108
2.96600 2.13963987
2.96700 2.13940876
2.96800 2.13917775
2.96900 2.13894683
2.97000 2.13871601
2.97100 2.13848529
2.97200 2.13825466
2.97300 2.13802414
2.97400 2.13779371
2.97500 2.13756337
2.97600 2.13733314
2.97700 2.13710300
2.97800 2.13687295
2.97900 2.13664301
2.98000 2.13641316
2.98100 2.13618340
2.98200 2.13595375
2.98300 2.13572418
2.98400 2.13549472
2.98500 2.13526535
2.98600 2.13503608
2.98700 2.13480690
2.98800 2.13457782
2.98900 2.13434884
2.99000 2.13411995
2.99100 2.13389116
2.99200 2.13366246
2.99300 2.13343386
2.99400 2.13320535
2.99500 2.13297694
2.99600 2.13274862
2.99700 2.13252040
2.99800 2.13229228
2.99900 2.13206424
3.00000 2.13183631
3.00100 2.13160847
3.00200 2.13138072
3.00300 2.13115307
3.00400 2.13092552
3.00500 2.13069805
3.00600 2.13047069
3.00700 2.13024341
3.00800 2.13001624
3.00900 2.12978915
3.01000 2.12956216
3.01100 2.12933527
3.01200 2.12910846
3.01300 2.12888176
3.01400 2.12865514
3.01500 2.12842862
3.01600 2.12820220
3.01700 2.12797586
3.01800 2.12774963
3.01900 2.12752348
3.02000 2.12729743
3.02100 2.12707147
3.02200 2.12684560
3.02300 2.12661983
3.02400 2.12639415
3.02500 2.12616857
3.02600 2.12594308
3.02700 2.12571768
3.02800 2.12549237
3.02900 2.12526716
3.03000 2.12504204
3.03100 2.12481701
3.03200 2.12459207
3.03300 2.12436723
3.03400 2.12414248
3.03500 2.12391782
3.03600 2.12369325
3.03700 2.12346878
3.03800 2.12324440
3.03900 2.12302011
3.04000 2.12279591
3.04100 2.12257180
3.04200 2.12234779
3.04300 2.12212387
3.04400 2.12190004
3.04500 2.12167630
3.04600 2.12145265
3.04700 2.12122910
3.04800 2.12100563
3.04900 2.12078226
3.05000 2.12055898
3.05100 2.12033579
3.05200 2.12011269
3.05300 2.11988968
3.05400 2.11966676
3.05500 2.11944394
3.05600 2.11922120
3.05700 2.11899856
3.05800 2.11877600
3.05900 2.11855354
3.06000 2.11833117
3.06100 2.11810888
3.06200 2.11788669
3.06300 2.11766459
3.06400 2.11744258
3.06500 2.11722066
3.06600 2.11699883
3.06700 2.11677709
3.06800 2.11655544
3.06900 2.11633388
3.07000 2.11611241
3.07100 2.11589103
3.07200 2.11566974
3.07300 2.11544853
3.07400 2.11522742
3.07500 2.11500640
3.07600 2.11478547
3.07700 2.11456463
3.07800 2.11434387
3.07900 2.11412321
3.08000 2.11390263
3.08100 2.11368214
3.08200 2.11346175
3.08300 2.11324144
3.08400 2.11302122
3.08500 2.11280109
3.08600 2.11258105
3.08700 2.11236110
3.08800 2.11214123
3.08900 2.11192146
3.09000 2.11170177
3.09100 2.11148217
3.09200 2.11126266
3.09300 2.11104324
3.09400 2.11082390
3.09500 2.11060466
3.09600 2.11038550
3.09700 2.11016643
3.09800 2.10994745
3.09900 2.10972856
3.10000 2.10950975
3.10100 2.10929103
3.10200 2.10907240
3.10300 2.10885386
3.10400 2.10863541
3.10500 2.10841704
3.10600 2.10819876
3.10700 2.10798057
3.10800 2.10776246
3.10900 2.10754444
3.11000 2.10732651
3.11100 2.10710867
3.11200 2.10689091
3.11300 2.10667324
3.11400 2.10645566
3.11500 2.10623817
3.11600 2.10602076
3.11700 2.10580344
3.11800 2.10558620
3.11900 2.10536905
3.12000 2.10515199
3.12100 2.10493501
3.12200 2.10471812
3.12300 2.10450132
3.12400 2.10428460
3.12500 2.10406797
3.12600 2.10385143
3.12700 2.10363497
3.12800 2.10341860
3.12900 2.10320231
3.13000 2.10298611
3.13100 2.10277000
3.13200 2.10255397
3.13300 2.10233803
3.13400 2.10212217
3.13500 2.10190640
3.13600 2.10169071
3.13700 2.10147511
3.13800 2.10125960
3.13900 2.10104417
3.14000 2.10082883
3.14100 2.10061357
3.14200 2.10039839
3.14300 2.10018330
3.14400 2.09996830
3.14500 2.09975338
3.14600 2.09953855
3.14700 2.09932380
3.14800 2.09910913
3.14900 2.09889455
3.15000 2.09868006
3.15100 2.09846565
3.15200 2.09825132
3.15300 2.09803708
3.15400 2.09782292
3.15500 2.09760885
3.15600 2.09739486
3.15700 2.09718096
3.15800 2.09696714
3.15900 2.09675340
3.16000 2.09653975
3.16100 2.09632618
3.16200 2.09611270
3.16300 2.09589930
3.16400 2.09568598
3.16500 2.09547275
3.16600 2.09525960
3.16700 2.09504654
3.16800 2.09483356
3.16900 2.09462066
3.17000 2.09440785
3.17100 2.09419511
3.17200 2.09398247
3.17300 2.09376990
3.17400 2.09355742
3.17500 2.09334502
3.17600 2.09313271
3.17700 2.09292048
3.17800 2.09270833
3.17900 2.09249626
3.18000 2.09228428
3.18100 2.09207238
3.18200 2.09186056
3.18300 2.09164882
3.18400 2.09143717
3.18500 2.09122560
3.18600 2.09101411
3.18700 2.09080271
3.18800 2.09059139
3.18900 2.09038015
3.19000 2.09016899
3.19100 2.08995791
3.19200 2.08974692
3.19300 2.08953601
3.19400 2.08932518
3.19500 2.08911443
3.19600 2.08890377
3.19700 2.08869318
3.19800 2.08848268
3.19900 2.08827226
3.20000 2.08806192
3.20100 2.08785166
3.20200 2.08764149
3.20300 2.08743140
3.20400 2.08722138
3.20500 2.08701145
3.20600 2.08680160
3.20700 2.08659184
3.20800 2.08638215
3.20900 2.08617254
3.21000 2.08596302
3.21100 2.08575357
3.21200 2.08554421
3.21300 2.08533493
3.21400 2.08512573
3.21500 2.08491661
3.21600 2.08470757
3.21700 2.08449861
3.21800 2.08428973
3.21900 2.08408094
3.22000 2.08387222
3.22100 2.08366358
3.22200 2.08345503
3.22300 2.08324655
3.22400 2.08303816
3.22500 2.08282984
3.22600 2.08262161
3.22700 2.08241345
3.22800 2.08220538
3.22900 2.08199738
3.23000 2.08178947
3.23100 2.08158164
3.23200 2.08137388
3.23300 2.08116621
3.23400 2.08095861
3.23500 2.08075110
3.23600 2.08054366
3.23700 2.08033631
3.23800 2.08012903
3.23900 2.07992183
3.24000 2.07971472
3.24100 2.07950768
3.24200 2.07930072
3.24300 2.07909384
3.24400 2.07888704
3.24500 2.07868032
3.24600 2.07847368
3.24700 2.07826711
3.24800 2.07806063
3.24900 2.07785423
3.25000 2.07764790
3.25100 2.07744165
3.25200 2.07723548
3.25300 2.07702940
3.25400 2.07682338
3.25500 2.07661745
3.25600 2.07641160
3.25700 2.07620582
3.25800 2.07600013
3.25900 2.07579451
3.26000 2.07558897
3.26100 2.07538351
3.26200 2.07517812
3.26300 2.07497282
3.26400 2.07476759
3.26500 2.07456244
3.26600 2.07435737
3.26700 2.07415238
3.26800 2.07394747
3.26900 2.07374263
3.27000 2.07353787
3.27100 2.07333319
3.27200 2.07312858
3.27300 2.07292406
3.27400 2.07271961
3.27500 2.07251524
3.27600 2.07231095
3.27700 2.07210673
3.27800 2.07190259
3.27900 2.07169853
3.28000 2.07149455
3.28100 2.07129064
3.28200 2.07108681
3.28300 2.07088306
3.28400 2.07067939
3.28500 2.07047579
3.28600 2.07027227
3.28700 2.07006882
3.28800 2.06986546
3.28900 2.06966217
3.29000 2.06945895
3.29100 2.06925582
3.29200 2.06905276
3.29300 2.06884977
3.29400 2.06864687
3.29500 2.06844404
3.29600 2.06824128
3.29700 2.06803861
3.29800 2.06783601
3.29900 2.06763348
3.30000 2.06743103
3.30100 2.06722866
3.30200 2.06702637
3.30300 2.06682415
3.30400 2.06662200
3.30500 2.06641993
3.30600 2.06621794
3.30700 2.06601603
3.30800 2.06581419
3.30900 2.06561242
3.31000 2.06541074
3.31100 2.06520912
3.31200 2.06500759
3.31300 2.06480613
3.31400 2.06460474
3.31500 2.06440343
3.31600 2.06420220
3.31700 2.06400104
3.31800 2.06379995
3.31900 2.06359895
3.32000 2.06339801
3.32100 2.06319716
3.32200 2.06299637
3.32300 2.06279567
3.32400 2.06259503
3.32500 2.06239448
3.32600 2.06219399
3.32700 2.06199359
3.32800 2.06179326
3.32900 2.06159300
3.33000 2.06139281
3.33100 2.06119271
3.33200 2.06099267
3.33300 2.06079272
3.33400 2.06059283
3.33500 2.06039302
3.33600 2.06019329
3.33700 2.05999363
3.33800 2.05979404
3.33900 2.05959453
3.34000 2.05939509
3.34100 2.05919573
3.34200 2.05899644
3.34300 2.05879722
3.34400 2.05859808
3.34500 2.05839902
3.34600 2.05820002
3.34700 2.05800111
3.34800 2.05780226
3.34900 2.05760349
3.35000 2.05740479
3.35100 2.05720617
3.35200 2.05700762
3.35300 2.05680915
3.35400 2.05661074
3.35500 2.05641241
3.35600 2.05621416
3.35700 2.05601598
3.35800 2.05581787
3.35900 2.05561984
3.36000 2.05542187
3.36100 2.05522399
3.36200 2.05502617
3.36300 2.05482843
3.36400 2.05463076
3.36500 2.05443317
3.36600 2.05423565
3.36700 2.05403820
3.36800 2.05384082
3.36900 2.05364352
3.37000 2.05344629
3.37100 2.05324913
3.37200 2.05305204
3.37300 2.05285503
3.37400 2.05265809
3.37500 2.05246123
3.37600 2.05226443
3.37700 2.05206771
3.37800 2.05187106
3.37900 2.05167449
3.38000 2.05147798
3.38100 2.05128155
3.38200 2.05108519
3.38300 2.05088891
3.38400 2.05069269
3.38500 2.05049655
3.38600 2.05030048
3.38700 2.05010448
3.38800 2.04990855
3.38900 2.04971270
3.39000 2.04951692
3.39100 2.04932121
3.39200 2.04912557
3.39300 2.04893000
3.39400 2.04873451
3.39500 2.04853908
3.39600 2.04834373
3.39700 2.04814845
3.39800 2.04795325
3.39900 2.04775811
3.40000 2.04756304
3.40100 2.04736805
3.40200 2.04717313
3.40300 2.04697828
3.40400 2.04678350
3.40500 2.04658879
3.40600 2.04639415
3.40700 2.04619959
3.40800 2.04600509
3.40900 2.04581067
3.41000 2.04561632
3.41100 2.04542204
3.41200 2.04522783
3.41300 2.04503369
3.41400 2.04483962
3.41500 2.04464562
3.41600 2.04445169
3.41700 2.04425784
3.41800 2.04406405
3.41900 2.04387034
3.42000 2.04367669
3.42100 2.04348312
3.42200 2.04328962
3.42300 2.04309619
3.42400 2.04290282
3.42500 2.04270953
3.42600 2.04251631
3.42700 2.04232316
3.42800 2.04213008
3.42900 2.04193707
3.43000 2.04174413
3.43100 2.04155126
3.43200 2.04135846
3.43300 2.04116573
3.43400 2.04097307
3.43500 2.04078048
3.43600 2.04058796
3.43700 2.04039551
3.43800 2.04020313
3.43900 2.04001082
3.44000 2.03981858
3.44100 2.03962641
3.44200 2.03943430
3.44300 2.03924227
3.44400 2.03905031
3.44500 2.03885842
3.44600 2.03866660
3.44700 2.03847484
3.44800 2.03828316
3.44900 2.03809154
3.45000 2.03790000
3.45100 2.03770852
3.45200 2.03751711
3.45300 2.03732578
3.45400 2.03713451
3.45500 2.03694331
3.45600 2.03675218
3.45700 2.03656112
3.45800 2.03637012
3.45900 2.03617920
3.46000 2.03598834
3.46100 2.03579756
3.46200 2.03560684
3.46300 2.03541619
3.46400 2.03522561
3.46500 2.03503510
3.46600 2.03484466
3.46700 2.03465429
3.46800 2.03446398
3.46900 2.03427375
3.47000 2.03408358
3.47100 2.03389348
3.47200 2.03370345
3.47300 2.03351348
3.47400 2.03332359
3.47500 2.03313376
3.47600 2.03294401
3.47700 2.03275432
3.47800 2.03256469
3.47900 2.03237514
3.48000 2.03218566
3.48100 2.03199624
3.48200 2.03180689
3.48300 2.03161761
3.48400 2.03142839
3.48500 2.03123925
3.48600 2.03105017
3.48700 2.03086116
3.48800 2.03067222
3.48900 2.03048334
3.49000 2.03029454
3.49100 2.03010580
3.49200 2.02991712
3.49300 2.02972852
3.49400 2.02953998
3.49500 2.02935151
3.49600 2.02916311
3.49700 2.02897478
3.49800 2.02878651
3.49900 2.02859831
3.50000 2.02841018
3.50100 2.02822211
3.50200 2.02803411
3.50300 2.02784618
3.50400 2.02765832
3.50500 2.02747052
3.50600 2.02728279
3.50700 2.02709513
3.50800 2.02690753
3.50900 2.02672000
3.51000 2.02653254
3.51100 2.02634514
3.51200 2.02615781
3.51300 2.02597055
3.51400 2.02578336
3.51500 2.02559623
3.51600 2.02540917
3.51700 2.02522217
3.51800 2.02503524
3.51900 2.02484838
3.52000 2.02466158
3.52100 2.02447485
3.52200 2.02428819
3.52300 2.02410159
3.52400 2.02391506
3.52500 2.02372860
3.52600 2.02354220
3.52700 2.02335587
3.52800 2.02316960
3.52900 2.02298340
3.53000 2.02279727
3.53100 2.02261120
3.53200 2.02242520
3.53300 2.02223926
3.53400 2.02205339
3.53500 2.02186759
3.53600 2.02168185
3.53700 2.02149617
3.53800 2.02131057
3.53900 2.02112503
3.54000 2.02093955
3.54100 2.02075414
3.54200 2.02056880
3.54300 2.02038352
3.54400 2.02019830
3.54500 2.02001316
3.54600 2.01982807
3.54700 2.01964306
3.54800 2.01945810
3.54900 2.01927322
3.55000 2.01908840
3.55100 2.01890364
3.55200 2.01871895
3.55300 2.01853432
3.55400 2.01834976
3.55500 2.01816527
3.55600 2.01798084
3.55700 2.01779647
3.55800 2.01761217
3.55900 2.01742794
3.56000 2.01724377
3.56100 2.01705966
3.56200 2.01687562
3.56300 2.01669164
3.56400 2.01650773
3.56500 2.01632389
3.56600 2.01614010
3.56700 2.01595639
3.56800 2.01577273
3.56900 2.01558915
3.57000 2.01540562
3.57100 2.01522216
3.57200 2.01503877
3.57300 2.01485544
3.57400 2.01467217
3.57500 2.01448897
3.57600 2.01430583
3.57700 2.01412276
3.57800 2.01393975
3.57900 2.01375681
3.58000 2.01357393
3.58100 2.01339111
3.58200 2.01320836
3.58300 2.01302567
3.58400 2.01284304
3.58500 2.01266048
3.58600 2.01247799
3.58700 2.01229555
3.58800 2.01211318
3.58900 2.01193088
3.59000 2.01174864
3.59100 2.01156646
3.59200 2.01138435
3.59300 2.01120230
3.59400 2.01102031
3.59500 2.01083839
3.59600 2.01065653
3.59700 2.01047473
3.59800 2.01029300
3.59900 2.01011133
3.60000 2.00992972
3.60100 2.00974818
3.60200 2.00956670
3.60300 2.00938528
3.60400 2.00920393
3.60500 2.00902264
3.60600 2.00884142
3.60700 2.00866025
3.60800 2.00847915
3.60900 2.00829812
3.61000 2.00811714
3.61100 2.00793623
3.61200 2.00775538
3.61300 2.00757460
3.61400 2.00739388
3.61500 2.00721322
3.61600 2.00703262
3.61700 2.00685209
3.61800 2.00667162
3.61900 2.00649121
3.62000 2.00631086
3.62100 2.00613058
3.62200 2.00595036
3.62300 2.00577020
3.62400 2.00559011
3.62500 2.00541007
3.62600 2.00523010
3.62700 2.00505019
3.62800 2.00487035
3.62900 2.00469057
3.63000 2.00451084
3.63100 2.00433119
3.63200 2.00415159
3.63300 2.00397206
3.63400 2.00379258
3.63500 2.00361317
3.63600 2.00343383
3.63700 2.00325454
3.63800 2.00307532
3.63900 2.00289615
3.64000 2.00271705
3.64100 2.00253802
3.64200 2.00235904
3.64300 2.00218013
3.64400 2.00200127
3.64500 2.00182248
3.64600 2.00164375
3.64700 2.00146509
3.64800 2.00128648
3.64900 2.00110794
3.65000 2.00092946
3.65100 2.00075103
3.65200 2.00057268
3.65300 2.00039438
3.65400 2.00021614
3.65500 2.00003797
3.65600 1.99985985
3.65700 1.99968180
3.65800 1.99950381
3.65900 1.99932588
3.66000 1.99914801
3.66100 1.99897020
3.66200 1.99879246
3.66300 1.99861477
3.66400 1.99843715
3.66500 1.99825959
3.66600 1.99808209
3.66700 1.99790465
3.66800 1.99772727
3.66900 1.99754995
3.67000 1.99737269
3.67100 1.99719549
3.67200 1.99701836
3.67300 1.99684128
3.67400 1.99666427
3.67500 1.99648731
3.67600 1.99631042
3.67700 1.99613359
3.67800 1.99595682
3.67900 1.99578011
3.68000 1.99560346
3.68100 1.99542686
3.68200 1.99525034
3.68300 1.99507387
3.68400 1.99489746
3.68500 1.99472111
3.68600 1.99454482
3.68700 1.99436859
3.68800 1.99419243
3.68900 1.99401632
3.69000 1.99384027
3.69100 1.99366429
3.69200 1.99348836
3.69300 1.99331249
3.69400 1.99313669
3.69500 1.99296094
3.69600 1.99278525
3.69700 1.99260963
3.69800 1.99243406
3.69900 1.99225855
3.70000 1.99208311
3.70100 1.99190772
3.70200 1.99173239
3.70300 1.99155713
3.70400 1.99138192
3.70500 1.99120677
3.70600 1.99103168
3.70700 1.99085666
3.70800 1.99068169
3.70900 1.99050678
3.71000 1.99033193
3.71100 1.99015714
3.71200 1.98998241
3.71300 1.98980774
3.71400 1.98963312
3.71500 1.98945857
3.71600 1.98928408
3.71700 1.98910964
3.71800 1.98893527
3.71900 1.98876095
3.72000 1.98858670
3.72100 1.98841250
3.72200 1.98823836
3.72300 1.98806429
3.72400 1.98789027
3.72500 1.98771631
3.72600 1.98754240
3.72700 1.98736856
3.72800 1.98719478
3.72900 1.98702105
3.73000 1.98684739
3.73100 1.98667378
3.73200 1.98650023
3.73300 1.98632674
3.73400 1.98615331
3.73500 1.98597994
3.73600 1.98580663
3.73700 1.98563337
3.73800 1.98546018
3.73900 1.98528704
3.74000 1.98511396
3.74100 1.98494094
3.74200 1.98476798
3.74300 1.98459508
3.74400 1.98442223
3.74500 1.98424944
3.74600 1.98407672
3.74700 1.98390405
3.74800 1.98373144
3.74900 1.98355888
3.75000 1.98338639
3.75100 1.98321395
3.75200 1.98304157
3.75300 1.98286925
3.75400 1.98269699
3.75500 1.98252478
3.75600 1.98235264
3.75700 1.98218055
3.75800 1.98200852
3.75900 1.98183655
3.76000 1.98166463
3.76100 1.98149278
3.76200 1.98132098
3.76300 1.98114924
3.76400 1.98097755
3.76500 1.98080593
3.76600 1.98063436
3.76700 1.98046285
3.76800 1.98029140
3.76900 1.98012000
3.77000 1.97994867
3.77100 1.97977739
3.77200 1.97960617
3.77300 1.97943500
3.77400 1.97926389
3.77500 1.97909284
3.77600 1.97892185
3.77700 1.97875092
3.77800 1.97858004
3.77900 1.97840922
3.78000 1.97823846
3.78100 1.97806775
3.78200 1.97789710
3.78300 1.97772651
3.78400 1.97755598
3.78500 1.97738550
3.78600 1.97721508
3.78700 1.97704472
3.78800 1.97687441
3.78900 1.97670416
3.79000 1.97653397
3.79100 1.97636384
3.79200 1.97619376
3.79300 1.97602374
3.79400 1.97585377
3.79500 1.97568387
3.79600 1.97551401
3.79700 1.97534422
3.79800 1.97517448
3.79900 1.97500480
3.80000 1.97483518
3.80100 1.97466561
3.80200 1.97449610
3.80300 1.97432665
3.80400 1.97415725
3.80500 1.97398791
3.80600 1.97381862
3.80700 1.97364939
3.80800 1.97348022
3.80900 1.97331111
3.81000 1.97314205
3.81100 1.97297305
3.81200 1.97280410
3.81300 1.97263521
3.81400 1.97246637
3.81500 1.97229760
3.81600 1.97212887
3.81700 1.97196021
3.81800 1.97179160
3.81900 1.97162305
3.82000 1.97145455
3.82100 1.97128611
3.82200 1.97111772
3.82300 1.97094939
3.82400 1.97078112
3.82500 1.97061290
3.82600 1.97044474
3.82700 1.97027663
3.82800 1.97010858
3.82900 1.96994059
3.83000 1.96977265
3.83100 1.96960477
3.83200 1.96943694
3.83300 1.96926917
3.83400 1.96910145
3.83500 1.96893379
3.83600 1.96876619
3.83700 1.96859864
3.83800 1.96843114
3.83900 1.96826370
3.84000 1.96809632
3.84100 1.96792899
3.84200 1.96776172
3.84300 1.96759450
3.84400 1.96742734
3.84500 1.96726024
3.84600 1.96709318
3.84700 1.96692619
3.84800 1.96675925
3.84900 1.96659236
3.85000 1.96642553
3.85100 1.96625876
3.85200 1.96609204
3.85300 1.96592537
3.85400 1.96575876
3.85500 1.96559221
3.85600 1.96542571
3.85700 1.96525926
3.85800 1.96509287
3.85900 1.96492653
3.86000 1.96476025
3.86100 1.96459403
3.86200 1.96442786
3.86300 1.96426174
3.86400 1.96409568
3.86500 1.96392967
3.86600 1.96376372
3.86700 1.96359782
3.86800 1.96343198
3.86900 1.96326619
3.87000 1.96310046
3.87100 1.96293478
3.87200 1.96276915
3.87300 1.96260358
3.87400 1.96243806
3.87500 1.96227260
3.87600 1.96210720
3.87700 1.96194184
3.87800 1.96177654
3.87900 1.96161130
3.88000 1.96144611
3.88100 1.96128097
3.88200 1.96111589
3.88300 1.96095086
3.88400 1.96078589
3.88500 1.96062097
3.88600 1.96045610
3.88700 1.96029129
3.88800 1.96012654
3.88900 1.95996183
3.89000 1.95979718
3.89100 1.95963259
3.89200 1.95946805
3.89300 1.95930356
3.89400 1.95913912
3.89500 1.95897474
3.89600 1.95881042
3.89700 1.95864615
3.89800 1.95848193
3.89900 1.95831776
3.90000 1.95815365
3.90100 1.95798959
3.90200 1.95782559
3.90300 1.95766164
3.90400 1.95749774
3.90500 1.95733390
3.90600 1.95717011
3.90700 1.95700637
3.90800 1.95684269
3.90900 1.95667906
3.91000 1.95651548
3.91100 1.95635196
3.91200 1.95618849
3.91300 1.95602507
3.91400 1.95586171
3.91500 1.95569840
3.91600 1.95553514
3.91700 1.95537194
3.91800 1.95520879
3.91900 1.95504569
3.92000 1.95488265
3.92100 1.95471966
3.92200 1.95455672
3.92300 1.95439383
3.92400 1.95423100
3.92500 1.95406822
3.92600 1.95390550
3.92700 1.95374282
3.92800 1.95358020
3.92900 1.95341764
3.93000 1.95325512
3.93100 1.95309266
3.93200 1.95293025
3.93300 1.95276789
3.93400 1.95260559
3.93500 1.95244334
3.93600 1.95228114
3.93700 1.95211899
3.93800 1.95195690
3.93900 1.95179486
3.94000 1.95163287
3.94100 1.95147094
3.94200 1.95130905
3.94300 1.95114722
3.94400 1.95098545
3.94500 1.95082372
3.94600 1.95066205
3.94700 1.95050043
3.94800 1.95033886
3.94900 1.95017734
3.95000 1.95001588
3.95100 1.94985446
3.95200 1.94969310
3.95300 1.94953180
3.95400 1.94937054
3.95500 1.94920934
3.95600 1.94904819
3.95700 1.94888709
3.95800 1.94872604
3.95900 1.94856504
3.96000 1.94840410
3.96100 1.94824321
3.96200 1.94808237
3.96300 1.94792158
3.96400 1.94776085
3.96500 1.94760016
3.96600 1.94743953
3.96700 1.94727895
3.96800 1.94711842
3.96900 1.94695795
3.97000 1.94679752
3.97100 1.94663715
3.97200 1.94647683
3.97300 1.94631656
3.97400 1.94615634
3.97500 1.94599617
3.97600 1.94583606
3.97700 1.94567599
3.97800 1.94551598
3.97900 1.94535602
3.98000 1.94519611
3.98100 1.94503625
3.98200 1.94487645
3.98300 1.94471669
3.98400 1.94455699
3.98500 1.94439734
3.98600 1.94423773
3.98700 1.94407818
3.98800 1.94391869
3.98900 1.94375924
3.99000 1.94359984
3.99100 1.94344050
3.99200 1.94328120
3.99300 1.94312196
3.99400 1.94296277
3.99500 1.94280363
3.99600 1.94264454
3.99700 1.94248550
3.99800 1.94232651
3.99900 1.94216757
4.00000 1.94200869
4.00100 1.94184985
4.00200 1.94169107
4.00300 1.94153233
4.00400 1.94137365
4.00500 1.94121502
4.00600 1.94105644
4.00700 1.94089791
4.00800 1.94073943
4.00900 1.94058100
4.01000 1.94042262
4.01100 1.94026429
4.01200 1.94010601
4.01300 1.93994778
4.01400 1.93978961
4.01500 1.93963148
4.01600 1.93947341
4.01700 1.93931538
4.01800 1.93915741
4.01900 1.93899948
4.02000 1.93884161
4.02100 1.93868378
4.02200 1.93852601
4.02300 1.93836829
4.02400 1.93821062
4.02500 1.93805299
4.02600 1.93789542
4.02700 1.93773790
4.02800 1.93758043
4.02900 1.93742301
4.03000 1.93726563
4.03100 1.93710831
4.03200 1.93695104
4.03300 1.93679382
4.03400 1.93663665
4.03500 1.93647953
4.03600 1.93632245
4.03700 1.93616543
4.03800 1.93600846
4.03900 1.93585154
4.04000 1.93569467
4.04100 1.93553784
4.04200 1.93538107
4.04300 1.93522435
4.04400 1.93506768
4.04500 1.93491105
4.04600 1.93475448
4.04700 1.93459796
4.04800 1.93444148
4.04900 1.93428506
4.05000 1.93412868
4.05100 1.93397236
4.05200 1.93381608
4.05300 1.93365985
4.05400 1.93350368
4.05500 1.93334755
4.05600 1.93319147
4.05700 1.93303544
4.05800 1.93287946
4.05900 1.93272353
4.06000 1.93256765
4.06100 1.93241182
4.06200 1.93225604
4.06300 1.93210031
4.06400 1.93194462
4.06500 1.93178899
4.06600 1.93163340
4.06700 1.93147787
4.06800 1.93132238
4.06900 1.93116694
4.07000 1.93101155
4.07100 1.93085621
4.07200 1.93070092
4.07300 1.93054568
4.07400 1.93039049
4.07500 1.93023534
4.07600 1.93008025
4.07700 1.92992520
4.07800 1.92977021
4.07900 1.92961526
4.08000 1.92946036
4.08100 1.92930551
4.08200 1.92915071
4.08300 1.92899595
4.08400 1.92884125
4.08500 1.92868659
4.08600 1.92853199
4.08700 1.92837743
4.08800 1.92822292
4.08900 1.92806846
4.09000 1.92791404
4.09100 1.92775968
4.09200 1.92760536
4.09300 1.92745110
4.09400 1.92729688
4.09500 1.92714271
4.09600 1.92698859
4.09700 1.92683451
4.09800 1.92668049
4.09900 1.92652651
4.10000 1.92637258
4.10100 1.92621870
4.10200 1.92606487
4.10300 1.92591109
4.10400 1.92575735
4.10500 1.92560366
4.10600 1.92545002
4.10700 1.92529643
4.10800 1.92514289
4.10900 1.92498940
4.11000 1.92483595
4.11100 1.92468255
4.11200 1.92452920
4.11300 1.92437590
4.11400 1.92422264
4.11500 1.92406944
4.11600 1.92391628
4.11700 1.92376317
4.11800 1.92361010
4.11900 1.92345709
4.12000 1.92330412
4.12100 1.92315120
4.12200 1.92299833
4.12300 1.92284551
4.12400 1.92269273
4.12500 1.92254000
4.12600 1.92238732
4.12700 1.92223469
4.12800 1.92208210
4.12900 1.92192956
4.13000 1.92177707
4.13100 1.92162463
4.13200 1.92147223
4.13300 1.92131989
4.13400 1.92116759
4.13500 1.92101533
4.13600 1.92086313
4.13700 1.92071097
4.13800 1.92055886
4.13900 1.92040680
4.14000 1.92025478
4.14100 1.92010281
4.14200 1.91995089
4.14300 1.91979901
4.14400 1.91964719
4.14500 1.91949541
4.14600 1.91934368
4.14700 1.91919199
4.14800 1.91904035
4.14900 1.91888876
4.15000 1.91873722
4.15100 1.91858572
4.15200 1.91843427
4.15300 1.91828287
4.15400 1.91813151
4.15500 1.91798020
4.15600 1.91782894
4.15700 1.91767772
4.15800 1.91752656
4.15900 1.91737543
4.16000 1.91722436
4.16100 1.91707333
4.16200 1.91692235
4.16300 1.91677142
4.16400 1.91662053
4.16500 1.91646969
4.16600 1.91631889
4.16700 1.91616815
4.16800 1.91601745
4.16900 1.91586679
4.17000 1.91571619
4.17100 1.91556562
4.17200 1.91541511
4.17300 1.91526464
4.17400 1.91511422
4.17500 1.91496385
4.17600 1.91481352
4.17700 1.91466324
4.17800 1.91451300
4.17900 1.91436281
4.18000 1.91421267
4.18100 1.91406257
4.18200 1.91391252
4.18300 1.91376252
4.18400 1.91361256
4.18500 1.91346265
4.18600 1.91331279
4.18700 1.91316297
4.18800 1.91301320
4.18900 1.91286347
4.19000 1.91271379
4.19100 1.91256416
4.19200 1.91241457
4.19300 1.91226503
4.19400 1.91211553
4.19500 1.91196608
4.19600 1.91181668
4.19700 1.91166732
4.19800 1.91151801
4.19900 1.91136874
4.20000 1.91121952
4.20100 1.91107035
4.20200 1.91092122
4.20300 1.91077213
4.20400 1.91062310
4.20500 1.91047411
4.20600 1.91032516
4.20700 1.91017626
4.20800 1.91002741
4.20900 1.90987860
4.21000 1.90972984
4.21100 1.90958112
4.21200 1.90943245
4.21300 1.90928383
4.21400 1.90913525
4.21500 1.90898671
4.21600 1.90883822
4.21700 1.90868978
4.21800 1.90854138
4.21900 1.90839303
4.22000 1.90824472
4.22100 1.90809646
4.22200 1.90794824
4.22300 1.90780007
4.22400 1.90765195
4.22500 1.90750387
4.22600 1.90735583
4.22700 1.90720784
4.22800 1.90705990
4.22900 1.90691200
4.23000 1.90676415
4.23100 1.90661634
4.23200 1.90646857
4.23300 1.90632086
4.23400 1.90617318
4.23500 1.90602555
4.23600 1.90587797
4.23700 1.90573043
4.23800 1.90558294
4.23900 1.90543549
4.24000 1.90528809
4.24100 1.90514073
4.24200 1.90499342
4.24300 1.90484615
4.24400 1.90469893
4.24500 1.90455175
4.24600 1.90440462
4.24700 1.90425753
4.24800 1.90411048
4.24900 1.90396348
4.25000 1.90381653
4.25100 1.90366962
4.25200 1.90352275
4.25300 1.90337593
4.25400 1.90322916
4.25500 1.90308243
4.25600 1.90293574
4.25700 1.90278910
4.25800 1.90264250
4.25900 1.90249595
4.26000 1.90234944
4.26100 1.90220298
4.26200 1.90205656
4.26300 1.90191018
4.26400 1.90176385
4.26500 1.90161757
4.26600 1.90147133
4.26700 1.90132513
4.26800 1.90117898
4.26900 1.90103287
4.27000 1.90088680
4.27100 1.90074078
4.27200 1.90059481
4.27300 1.90044888
4.27400 1.90030299
4.27500 1.90015715
4.27600 1.90001135
4.27700 1.89986559
4.27800 1.89971988
4.27900 1.89957422
4.28000 1.89942860
4.28100 1.89928302
4.28200 1.89913748
4.28300 1.89899199
4.28400 1.89884655
4.28500 1.89870115
4.28600 1.89855579
4.28700 1.89841047
4.28800 1.89826520
4.28900 1.89811998
4.29000 1.89797479
4.29100 1.89782965
4.29200 1.89768456
4.29300 1.89753951
4.29400 1.89739450
4.29500 1.89724954
4.29600 1.89710462
4.29700 1.89695974
4.29800 1.89681491
4.29900 1.89667012
4.30000 1.89652537
4.30100 1.89638067
4.30200 1.89623602
4.30300 1.89609140
4.30400 1.89594683
4.30500 1.89580230
4.30600 1.89565782
4.30700 1.89551338
4.30800 1.89536898
4.30900 1.89522463
4.31000 1.89508032
4.31100 1.89493605
4.31200 1.89479183
4.31300 1.89464765
4.31400 1.89450351
4.31500 1.89435942
4.31600 1.89421537
4.31700 1.89407136
4.31800 1.89392740
4.31900 1.89378348
4.32000 1.89363960
4.32100 1.89349577
4.32200 1.89335198
4.32300 1.89320823
4.32400 1.89306453
4.32500 1.89292087
4.32600 1.89277725
4.32700 1.89263367
4.32800 1.89249014
4.32900 1.89234665
4.33000 1.89220321
4.33100 1.89205980
4.33200 1.89191644
4.33300 1.89177313
4.33400 1.89162985
4.33500 1.89148662
4.33600 1.89134343
4.33700 1.89120029
4.33800 1.89105718
4.33900 1.89091412
4.34000 1.89077111
4.34100 1.89062813
4.34200 1.89048520
4.34300 1.89034231
4.34400 1.89019946
4.34500 1.89005666
4.34600 1.88991390
4.34700 1.88977118
4.34800 1.88962851
4.34900 1.88948587
4.35000 1.88934328
4.35100 1.88920073
4.35200 1.88905823
4.35300 1.88891577
4.35400 1.88877334
4.35500 1.88863097
4.35600 1.88848863
4.35700 1.88834634
4.35800 1.88820409
4.35900 1.88806188
4.36000 1.88791971
4.36100 1.88777759
4.36200 1.88763551
4.36300 1.88749347
4.36400 1.88735147
4.36500 1.88720952
4.36600 1.88706760
4.36700 1.88692573
4.36800 1.88678391
4.36900 1.88664212
4.37000 1.88650038
4.37100 1.88635868
4.37200 1.88621702
4.37300 1.88607540
4.37400 1.88593382
4.37500 1.88579229
4.37600 1.88565080
4.37700 1.88550935
4.37800 1.88536794
4.37900 1.88522658
4.38000 1.88508525
4.38100 1.88494397
4.38200 1.88480273
4.38300 1.88466154
4.38400 1.88452038
4.38500 1.88437927
4.38600 1.88423819
4.38700 1.88409716
4.38800 1.88395617
4.38900 1.88381523
4.39000 1.88367432
4.39100 1.88353346
4.39200 1.88339264
4.39300 1.88325186
4.39400 1.88311112
4.39500 1.88297042
4.39600 1.88282977
4.39700 1.88268915
4.39800 1.88254858
4.39900 1.88240805
4.40000 1.88226756
4.40100 1.88212711
4.40200 1.88198671
4.40300 1.88184634
4.40400 1.88170602
4.40500 1.88156574
4.40600 1.88142550
4.40700 1.88128530
4.40800 1.88114514
4.40900 1.88100503
4.41000 1.88086495
4.41100 1.88072492
4.41200 1.88058493
4.41300 1.88044498
4.41400 1.88030507
4.41500 1.88016520
4.41600 1.88002537
4.41700 1.87988558
4.41800 1.87974584
4.41900 1.87960614
4.42000 1.87946647
4.42100 1.87932685
4.42200 1.87918727
4.42300 1.87904773
4.42400 1.87890823
4.42500 1.87876878
4.42600 1.87862936
4.42700 1.87848998
4.42800 1.87835065
4.42900 1.87821136
4.43000 1.87807210
4.43100 1.87793289
4.43200 1.87779372
4.43300 1.87765459
4.43400 1.87751550
4.43500 1.87737645
4.43600 1.87723745
4.43700 1.87709848
4.43800 1.87695955
4.43900 1.87682067
4.44000 1.87668182
4.44100 1.87654302
4.44200 1.87640426
4.44300 1.87626553
4.44400 1.87612685
4.44500 1.87598821
4.44600 1.87584961
4.44700 1.87571105
4.44800 1.87557253
4.44900 1.87543405
4.45000 1.87529561
4.45100 1.87515721
4.45200 1.87501886
4.45300 1.87488054
4.45400 1.87474226
4.45500 1.87460403
4.45600 1.87446583
4.45700 1.87432768
4.45800 1.87418956
4.45900 1.87405149
4.46000 1.87391345
4.46100 1.87377546
4.46200 1.87363750
4.46300 1.87349959
4.46400 1.87336172
4.46500 1.87322388
4.46600 1.87308609
4.46700 1.87294834
4.46800 1.87281062
4.46900 1.87267295
4.47000 1.87253532
4.47100 1.87239773
4.47200 1.87226018
4.47300 1.87212266
4.47400 1.87198519
4.47500 1.87184776
4.47600 1.87171037
4.47700 1.87157302
4.47800 1.87143570
4.47900 1.87129843
4.48000 1.87116120
4.48100 1.87102401
4.48200 1.87088685
4.48300 1.87074974
4.48400 1.87061267
4.48500 1.87047564
4.48600 1.87033864
4.48700 1.87020169
4.48800 1.87006478
4.48900 1.86992790
4.49000 1.86979107
4.49100 1.86965428
4.49200 1.86951752
4.49300 1.86938081
4.49400 1.86924413
4.49500 1.86910749
4.49600 1.86897090
4.49700 1.86883434
4.49800 1.86869783
4.49900 1.86856135
4.50000 1.86842491
4.50100 1.86828851
4.50200 1.86815215
4.50300 1.86801583
4.50400 1.86787955
4.50500 1.86774331
4.50600 1.86760711
4.50700 1.86747095
4.50800 1.86733483
4.50900 1.86719875
4.51000 1.86706270
4.51100 1.86692670
4.51200 1.86679073
4.51300 1.86665481
4.51400 1.86651892
4.51500 1.86638308
4.51600 1.86624727
4.51700 1.86611150
4.51800 1.86597577
4.51900 1.86584008
4.52000 1.86570443
4.52100 1.86556882
4.52200 1.86543324
4.52300 1.86529771
4.52400 1.86516222
4.52500 1.86502676
4.52600 1.86489134
4.52700 1.86475597
4.52800 1.86462063
4.52900 1.86448533
4.53000 1.86435007
4.53100 1.86421485
4.53200 1.86407966
4.53300 1.86394452
4.53400 1.86380942
4.53500 1.86367435
4.53600 1.86353932
4.53700 1.86340434
4.53800 1.86326939
4.53900 1.86313448
4.54000 1.86299960
4.54100 1.86286477
4.54200 1.86272998
4.54300 1.86259522
4.54400 1.86246050
4.54500 1.86232583
4.54600 1.86219119
4.54700 1.86205658
4.54800 1.86192202
4.54900 1.86178750
4.55000 1.86165301
4.55100 1.86151857
4.55200 1.86138416
4.55300 1.86124979
4.55400 1.86111546
4.55500 1.86098117
4.55600 1.86084691
4.55700 1.86071270
4.55800 1.86057852
4.55900 1.86044438
4.56000 1.86031028
4.56100 1.86017622
4.56200 1.86004220
4.56300 1.85990821
4.56400 1.85977426
4.56500 1.85964036
4.56600 1.85950649
4.56700 1.85937265
4.56800 1.85923886
4.56900 1.85910511
4.57000 1.85897139
4.57100 1.85883771
4.57200 1.85870407
4.57300 1.85857047
4.57400 1.85843690
4.57500 1.85830337
4.57600 1.85816989
4.57700 1.85803644
4.57800 1.85790302
4.57900 1.85776965
4.58000 1.85763631
4.58100 1.85750302
4.58200 1.85736976
4.58300 1.85723653
4.58400 1.85710335
4.58500 1.85697020
4.58600 1.85683710
4.58700 1.85670403
4.58800 1.85657099
4.58900 1.85643800
4.59000 1.85630504
4.59100 1.85617212
4.59200 1.85603924
4.59300 1.85590640
4.59400 1.85577359
4.59500 1.85564083
4.59600 1.85550810
4.59700 1.85537541
4.59800 1.85524275
4.59900 1.85511013
4.60000 1.85497756
4.60100 1.85484501
4.60200 1.85471251
4.60300 1.85458004
4.60400 1.85444762
4.60500 1.85431522
4.60600 1.85418287
4.60700 1.85405056
4.60800 1.85391828
4.60900 1.85378604
4.61000 1.85365383
4.61100 1.85352167
4.61200 1.85338954
4.61300 1.85325745
4.61400 1.85312539
4.61500 1.85299338
4.61600 1.85286140
4.61700 1.85272946
4.61800 1.85259755
4.61900 1.85246569
4.62000 1.85233386
4.62100 1.85220207
4.62200 1.85207031
4.62300 1.85193859
4.62400 1.85180691
4.62500 1.85167527
4.62600 1.85154366
4.62700 1.85141210
4.62800 1.85128056
4.62900 1.85114907
4.63000 1.85101761
4.63100 1.85088619
4.63200 1.85075481
4.63300 1.85062346
4.63400 1.85049215
4.63500 1.85036088
4.63600 1.85022965
4.63700 1.85009845
4.63800 1.84996729
4.63900 1.84983617
4.64000 1.84970508
4.64100 1.84957403
4.64200 1.84944302
4.64300 1.84931204
4.64400 1.84918110
4.64500 1.84905020
4.64600 1.84891933
4.64700 1.84878850
4.64800 1.84865771
4.64900 1.84852696
4.65000 1.84839624
4.65100 1.84826556
4.65200 1.84813491
4.65300 1.84800431
4.65400 1.84787373
4.65500 1.84774320
4.65600 1.84761270
4.65700 1.84748224
4.65800 1.84735182
4.65900 1.84722143
4.66000 1.84709108
4.66100 1.84696076
4.66200 1.84683048
4.66300 1.84670024
4.66400 1.84657004
4.66500 1.84643987
4.66600 1.84630974
4.66700 1.84617964
4.66800 1.84604958
4.66900 1.84591956
4.67000 1.84578957
4.67100 1.84565962
4.67200 1.84552971
4.67300 1.84539983
4.67400 1.84526999
4.67500 1.84514019
4.67600 1.84501042
4.67700 1.84488069
4.67800 1.84475099
4.67900 1.84462133
4.68000 1.84449171
4.68100 1.84436212
4.68200 1.84423257
4.68300 1.84410306
4.68400 1.84397358
4.68500 1.84384414
4.68600 1.84371474
4.68700 1.84358537
4.68800 1.84345603
4.68900 1.84332674
4.69000 1.84319747
4.69100 1.84306825
4.69200 1.84293906
4.69300 1.84280991
4.69400 1.84268079
4.69500 1.84255171
4.69600 1.84242266
4.69700 1.84229366
4.69800 1.84216468
4.69900 1.84203575
4.70000 1.84190684
4.70100 1.84177798
4.70200 1.84164915
4.70300 1.84152036
4.70400 1.84139160
4.70500 1.84126288
4.70600 1.84113419
4.70700 1.84100554
4.70800 1.84087693
4.70900 1.84074835
4.71000 1.84061980
4.71100 1.84049130
4.71200 1.84036283
4.71300 1.84023439
4.71400 1.84010599
4.71500 1.83997763
4.71600 1.83984930
4.71700 1.83972100
4.71800 1.83959275
4.71900 1.83946452
4.72000 1.83933634
4.72100 1.83920819
4.72200 1.83908007
4.72300 1.83895199
4.72400 1.83882395
4.72500 1.83869594
4.72600 1.83856797
4.72700 1.83844003
4.72800 1.83831213
4.72900 1.83818426
4.73000 1.83805643
4.73100 1.83792863
4.73200 1.83780087
4.73300 1.83767315
4.73400 1.83754546
4.73500 1.83741780
4.73600 1.83729018
4.73700 1.83716260
4.73800 1.83703505
4.73900 1.83690754
4.74000 1.83678006
4.74100 1.83665262
4.74200 1.83652521
4.74300 1.83639784
4.74400 1.83627050
4.74500 1.83614320
4.74600 1.83601593
4.74700 1.83588870
4.74800 1.83576150
4.74900 1.83563434
4.75000 1.83550721
4.75100 1.83538012
4.75200 1.83525306
4.75300 1.83512604
4.75400 1.83499906
4.75500 1.83487211
4.75600 1.83474519
4.75700 1.83461831
4.75800 1.83449146
4.75900 1.83436465
4.76000 1.83423787
4.76100 1.83411113
4.76200 1.83398442
4.76300 1.83385775
4.76400 1.83373111
4.76500 1.83360451
4.76600 1.83347795
4.76700 1.83335141
4.76800 1.83322491
4.76900 1.83309845
4.77000 1.83297202
4.77100 1.83284563
4.77200 1.83271927
4.77300 1.83259295
4.77400 1.83246666
4.77500 1.83234040
4.77600 1.83221418
4.77700 1.83208800
4.77800 1.83196185
4.77900 1.83183573
4.78000 1.83170965
4.78100 1.83158360
4.78200 1.83145759
4.78300 1.83133161
4.78400 1.83120567
4.78500 1.83107976
4.78600 1.83095388
4.78700 1.83082804
4.78800 1.83070224
4.78900 1.83057647
4.79000 1.83045073
4.79100 1.83032503
4.79200 1.83019936
4.79300 1.83007373
4.79400 1.82994813
4.79500 1.82982256
4.79600 1.82969703
4.79700 1.82957154
4.79800 1.82944608
4.79900 1.82932065
4.80000 1.82919525
4.80100 1.82906990
4.80200 1.82894457
4.80300 1.82881928
4.80400 1.82869402
4.80500 1.82856880
4.80600 1.82844361
4.80700 1.82831846
4.80800 1.82819334
4.80900 1.82806826
4.81000 1.82794320
4.81100 1.82781819
4.81200 1.82769320
4.81300 1.82756826
4.81400 1.82744334
4.81500 1.82731846
4.81600 1.82719361
4.81700 1.82706880
4.81800 1.82694402
4.81900 1.82681928
4.82000 1.82669456
4.82100 1.82656989
4.82200 1.82644524
4.82300 1.82632063
4.82400 1.82619606
4.82500 1.82607152
4.82600 1.82594701
4.82700 1.82582254
4.82800 1.82569810
4.82900 1.82557369
4.83000 1.82544932
4.83100 1.82532498
4.83200 1.82520067
4.83300 1.82507640
4.83400 1.82495217
4.83500 1.82482796
4.83600 1.82470379
4.83700 1.82457966
4.83800 1.82445555
4.83900 1.82433149
4.84000 1.82420745
4.84100 1.82408345
4.84200 1.82395948
4.84300 1.82383555
4.84400 1.82371165
4.84500 1.82358778
4.84600 1.82346394
4.84700 1.82334014
4.84800 1.82321638
4.84900 1.82309264
4.85000 1.82296894
4.85100 1.82284528
4.85200 1.82272165
4.85300 1.82259805
4.85400 1.82247448
4.85500 1.82235095
4.85600 1.82222745
4.85700 1.82210398
4.85800 1.82198055
4.85900 1.82185715
4.86000 1.82173379
4.86100 1.82161045
4.86200 1.82148716
4.86300 1.82136389
4.86400 1.82124066
4.86500 1.82111746
4.86600 1.82099429
4.86700 1.82087116
4.86800 1.82074806
4.86900 1.82062499
4.87000 1.82050196
4.87100 1.82037896
4.87200 1.82025599
4.87300 1.82013306
4.87400 1.82001016
4.87500 1.81988729
4.87600 1.81976446
4.87700 1.81964166
4.87800 1.81951889
4.87900 1.81939615
4.88000 1.81927345
4.88100 1.81915078
4.88200 1.81902814
4.88300 1.81890554
4.88400 1.81878297
4.88500 1.81866043
4.88600 1.81853793
4.88700 1.81841546
4.88800 1.81829302
4.88900 1.81817061
4.89000 1.81804824
4.89100 1.81792590
4.89200 1.81780359
4.89300 1.81768132
4.89400 1.81755908
4.89500 1.81743687
4.89600 1.81731469
4.89700 1.81719255
4.89800 1.81707044
4.89900 1.81694836
4.90000 1.81682632
4.90100 1.81670431
4.90200 1.81658233
4.90300 1.81646038
4.90400 1.81633847
4.90500 1.81621658
4.90600 1.81609474
4.90700 1.81597292
4.90800 1.81585114
4.90900 1.81572938
4.91000 1.81560767
4.91100 1.81548598
4.91200 1.81536433
4.91300 1.81524271
4.91400 1.81512112
4.91500 1.81499956
4.91600 1.81487804
4.91700 1.81475655
4.91800 1.81463509
4.91900 1.81451366
4.92000 1.81439227
4.92100 1.81427091
4.92200 1.81414958
4.92300 1.81402828
4.92400 1.81390702
4.92500 1.81378579
4.92600 1.81366459
4.92700 1.81354342
4.92800 1.81342229
4.92900 1.81330118
4.93000 1.81318011
4.93100 1.81305908
4.93200 1.81293807
4.93300 1.81281710
4.93400 1.81269616
4.93500 1.81257525
4.93600 1.81245437
4.93700 1.81233353
4.93800 1.81221271
4.93900 1.81209193
4.94000 1.81197119
4.94100 1.81185047
4.94200 1.81172979
4.94300 1.81160913
4.94400 1.81148851
4.94500 1.81136793
4.94600 1.81124737
4.94700 1.81112685
4.94800 1.81100636
4.94900 1.81088590
4.95000 1.81076547
4.95100 1.81064507
4.95200 1.81052471
4.95300 1.81040438
4.95400 1.81028408
4.95500 1.81016381
4.95600 1.81004357
4.95700 1.80992337
4.95800 1.80980320
4.95900 1.80968306
4.96000 1.80956295
4.96100 1.80944287
4.96200 1.80932283
4.96300 1.80920281
4.96400 1.80908283
4.96500 1.80896288
4.96600 1.80884297
4.96700 1.80872308
4.96800 1.80860322
4.96900 1.80848340
4.97000 1.80836361
4.97100 1.80824385
4.97200 1.80812412
4.97300 1.80800443
4.97400 1.80788476
4.97500 1.80776513
4.97600 1.80764553
4.97700 1.80752596
4.97800 1.80740642
4.97900 1.80728692
4.98000 1.80716744
4.98100 1.80704800
4.98200 1.80692859
4.98300 1.80680921
4.98400 1.80668986
4.98500 1.80657054
4.98600 1.80645125
4.98700 1.80633200
4.98800 1.80621278
4.98900 1.80609359
4.99000 1.80597443
4.99100 1.80585530
4.99200 1.80573620
4.99300 1.80561713
4.99400 1.80549810
4.99500 1.80537910
4.99600 1.80526012
4.99700 1.80514118
4.99800 1.80502227
4.99900 1.80490340
5.00000 1.80478455
