1.00000 3.04063908
1.00100 3.03962621
1.00200 3.03861469
1.00300 3.03760451
1.00400 3.03659568
1.00500 3.03558818
1.00600 3.03458202
1.00700 3.03357719
1.00800 3.03257369
1.00900 3.03157152
1.01000 3.03057067
1.01100 3.02957114
1.01200 3.02857293
1.01300 3.02757603
1.01400 3.02658045
1.01500 3.02558617
1.01600 3.02459320
1.01700 3.02360153
1.01800 3.02261116
1.01900 3.02162208
1.02000 3.02063430
1.02100 3.01964781
1.02200 3.01866261
1.02300 3.01767869
1.02400 3.01669605
1.02500 3.01571469
1.02600 3.01473461
1.02700 3.01375580
1.02800 3.01277826
1.02900 3.01180199
1.03000 3.01082698
1.03100 3.00985323
1.03200 3.00888074
1.03300 3.00790951
1.03400 3.00693953
1.03500 3.00597080
1.03600 3.00500331
1.03700 3.00403707
1.03800 3.00307208
1.03900 3.00210832
1.04000 3.00114579
1.04100 3.00018450
1.04200 2.99922445
1.04300 2.99826561
1.04400 2.99730801
1.04500 2.99635162
1.04600 2.99539646
1.04700 2.99444251
1.04800 2.99348978
1.04900 2.99253825
1.05000 2.99158794
1.05100 2.99063883
1.05200 2.98969093
1.05300 2.98874422
1.05400 2.98779872
1.05500 2.98685441
1.05600 2.98591129
1.05700 2.98496936
1.05800 2.98402862
1.05900 2.98308907
1.06000 2.98215069
1.06100 2.98121350
1.06200 2.98027748
1.06300 2.97934264
1.06400 2.97840897
1.06500 2.97747647
1.06600 2.97654513
1.06700 2.97561496
1.06800 2.97468595
1.06900 2.97375810
1.07000 2.97283141
1.07100 2.97190587
1.07200 2.97098148
1.07300 2.97005825
1.07400 2.96913615
1.07500 2.96821521
1.07600 2.96729540
1.07700 2.96637673
1.07800 2.96545920
1.07900 2.96454280
1.08000 2.96362754
1.08100 2.96271340
1.08200 2.96180039
1.08300 2.96088851
1.08400 2.95997775
1.08500 2.95906810
1.08600 2.95815958
1.08700 2.95725217
1.08800 2.95634587
1.08900 2.95544068
1.09000 2.95453660
1.09100 2.95363362
1.09200 2.95273175
1.09300 2.95183098
1.09400 2.95093130
1.09500 2.95003273
1.09600 2.94913524
1.09700 2.94823885
1.09800 2.94734354
1.09900 2.94644932
1.10000 2.94555619
1.10100 2.94466414
1.10200 2.94377317
1.10300 2.94288327
1.10400 2.94199445
1.10500 2.94110670
1.10600 2.94022003
1.10700 2.93933442
1.10800 2.93844987
1.10900 2.93756640
1.11000 2.93668398
1.11100 2.93580262
1.11200 2.93492232
1.11300 2.93404307
1.11400 2.93316488
1.11500 2.93228774
1.11600 2.93141164
1.11700 2.93053660
1.11800 2.92966259
1.11900 2.92878963
1.12000 2.92791771
1.12100 2.92704682
1.12200 2.92617697
1.12300 2.92530815
1.12400 2.92444037
1.12500 2.92357361
1.12600 2.92270788
1.12700 2.92184317
1.12800 2.92097949
1.12900 2.92011682
1.13000 2.91925518
1.13100 2.91839455
1.13200 2.91753493
1.13300 2.91667633
1.13400 2.91581873
1.13500 2.91496215
1.13600 2.91410657
1.13700 2.91325199
1.13800 2.91239842
1.13900 2.91154584
1.14000 2.91069426
1.14100 2.90984368
1.14200 2.90899409
1.14300 2.90814549
1.14400 2.90729788
1.14500 2.90645126
1.14600 2.90560563
1.14700 2.90476097
1.14800 2.90391730
1.14900 2.90307461
1.15000 2.90223289
1.15100 2.90139215
1.15200 2.90055239
1.15300 2.89971359
1.15400 2.89887577
1.15500 2.89803891
1.15600 2.89720302
1.15700 2.89636809
1.15800 2.89553412
1.15900 2.89470111
1.16000 2.89386906
1.16100 2.89303797
1.16200 2.89220783
1.16300 2.89137864
1.16400 2.89055040
1.16500 2.88972311
1.16600 2.88889677
1.16700 2.88807137
1.16800 2.88724691
1.16900 2.88642340
1.17000 2.88560082
1.17100 2.88477918
1.17200 2.88395848
1.17300 2.88313870
1.17400 2.88231986
1.17500 2.88150195
1.17600 2.88068497
1.17700 2.87986891
1.17800 2.87905378
1.17900 2.87823956
1.18000 2.87742627
1.18100 2.87661390
1.18200 2.87580244
1.18300 2.87499190
1.18400 2.87418227
1.18500 2.87337355
1.18600 2.87256574
1.18700 2.87175884
1.18800 2.87095285
1.18900 2.87014776
1.19000 2.86934357
1.19100 2.86854028
1.19200 2.86773789
1.19300 2.86693640
1.19400 2.86613581
1.19500 2.86533610
1.19600 2.86453729
1.19700 2.86373937
1.19800 2.86294234
1.19900 2.86214619
1.20000 2.86135093
1.20100 2.86055655
1.20200 2.85976305
1.20300 2.85897044
1.20400 2.85817870
1.20500 2.85738783
1.20600 2.85659785
1.20700 2.85580873
1.20800 2.85502049
1.20900 2.85423311
1.21000 2.85344660
1.21100 2.85266096
1.21200 2.85187619
1.21300 2.85109227
1.21400 2.85030922
1.21500 2.84952703
1.21600 2.84874570
1.21700 2.84796522
1.21800 2.84718559
1.21900 2.84640682
1.22000 2.84562890
1.22100 2.84485183
1.22200 2.84407561
1.22300 2.84330024
1.22400 2.84252571
1.22500 2.84175202
1.22600 2.84097917
1.22700 2.84020717
1.22800 2.83943600
1.22900 2.83866567
1.23000 2.83789618
1.23100 2.83712752
1.23200 2.83635969
1.23300 2.83559269
1.23400 2.83482652
1.23500 2.83406118
1.23600 2.83329666
1.23700 2.83253297
1.23800 2.83177010
1.23900 2.83100805
1.24000 2.83024682
1.24100 2.82948641
1.24200 2.82872682
1.24300 2.82796804
1.24400 2.82721008
1.24500 2.82645292
1.24600 2.82569658
1.24700 2.82494105
1.24800 2.82418632
1.24900 2.82343240
1.25000 2.82267928
1.25100 2.82192697
1.25200 2.82117546
1.25300 2.82042475
1.25400 2.81967483
1.25500 2.81892572
1.25600 2.81817740
1.25700 2.81742987
1.25800 2.81668313
1.25900 2.81593719
1.26000 2.81519204
1.26100 2.81444767
1.26200 2.81370409
1.26300 2.81296130
1.26400 2.81221929
1.26500 2.81147806
1.26600 2.81073761
1.26700 2.80999794
1.26800 2.80925905
1.26900 2.80852094
1.27000 2.80778360
1.27100 2.80704704
1.27200 2.80631124
1.27300 2.80557622
1.27400 2.80484197
1.27500 2.80410849
1.27600 2.80337577
1.27700 2.80264382
1.27800 2.80191263
1.27900 2.80118220
1.28000 2.80045254
1.28100 2.79972364
1.28200 2.79899549
1.28300 2.79826810
1.28400 2.79754146
1.28500 2.79681558
1.28600 2.79609046
1.28700 2.79536608
1.28800 2.79464246
1.28900 2.79391958
1.29000 2.79319745
1.29100 2.79247607
1.29200 2.79175543
1.29300 2.79103553
1.29400 2.79031638
1.29500 2.78959796
1.29600 2.78888029
1.29700 2.78816335
1.29800 2.78744716
1.29900 2.78673169
1.30000 2.78601696
1.30100 2.78530296
1.30200 2.78458970
1.30300 2.78387716
1.30400 2.78316536
1.30500 2.78245428
1.30600 2.78174392
1.30700 2.78103429
1.30800 2.78032539
1.30900 2.77961721
1.31000 2.77890974
1.31100 2.77820300
1.31200 2.77749698
1.31300 2.77679167
1.31400 2.77608708
1.31500 2.77538321
1.31600 2.77468004
1.31700 2.77397759
1.31800 2.77327585
1.31900 2.77257482
1.32000 2.77187450
1.32100 2.77117488
1.32200 2.77047598
1.32300 2.76977777
1.32400 2.76908027
1.32500 2.76838347
1.32600 2.76768737
1.32700 2.76699197
1.32800 2.76629727
1.32900 2.76560327
1.33000 2.76490996
1.33100 2.76421735
1.33200 2.76352543
1.33300 2.76283420
1.33400 2.76214367
1.33500 2.76145382
1.33600 2.76076466
1.33700 2.76007619
1.33800 2.75938841
1.33900 2.75870131
1.34000 2.75801490
1.34100 2.75732916
1.34200 2.75664411
1.34300 2.75595974
1.34400 2.75527605
1.34500 2.75459304
1.34600 2.75391070
1.34700 2.75322904
1.34800 2.75254805
1.34900 2.75186774
1.35000 2.75118810
1.35100 2.75050913
1.35200 2.74983083
1.35300 2.74915320
1.35400 2.74847623
1.35500 2.74779993
1.35600 2.74712430
1.35700 2.74644933
1.35800 2.74577502
1.35900 2.74510138
1.36000 2.74442840
1.36100 2.74375607
1.36200 2.74308440
1.36300 2.74241340
1.36400 2.74174304
1.36500 2.74107334
1.36600 2.74040430
1.36700 2.73973591
1.36800 2.73906817
1.36900 2.73840108
1.37000 2.73773464
1.37100 2.73706885
1.37200 2.73640371
1.37300 2.73573921
1.37400 2.73507535
1.37500 2.73441214
1.37600 2.73374958
1.37700 2.73308765
1.37800 2.73242637
1.37900 2.73176572
1.38000 2.73110572
1.38100 2.73044635
1.38200 2.72978762
1.38300 2.72912952
1.38400 2.72847206
1.38500 2.72781523
1.38600 2.72715903
1.38700 2.72650346
1.38800 2.72584852
1.38900 2.72519421
1.39000 2.72454053
1.39100 2.72388748
1.39200 2.72323505
1.39300 2.72258325
1.39400 2.72193207
1.39500 2.72128151
1.39600 2.72063158
1.39700 2.71998226
1.39800 2.71933356
1.39900 2.71868549
1.40000 2.71803803
1.40100 2.71739118
1.40200 2.71674495
1.40300 2.71609934
1.40400 2.71545434
1.40500 2.71480995
1.40600 2.71416617
1.40700 2.71352300
1.40800 2.71288045
1.40900 2.71223850
1.41000 2.71159715
1.41100 2.71095642
1.41200 2.71031629
1.41300 2.70967676
1.41400 2.70903783
1.41500 2.70839951
1.41600 2.70776179
1.41700 2.70712467
1.41800 2.70648815
1.41900 2.70585223
1.42000 2.70521690
1.42100 2.70458217
1.42200 2.70394804
1.42300 2.70331450
1.42400 2.70268155
1.42500 2.70204920
1.42600 2.70141743
1.42700 2.70078626
1.42800 2.70015568
1.42900 2.69952568
1.43000 2.69889628
1.43100 2.69826746
1.43200 2.69763922
1.43300 2.69701157
1.43400 2.69638451
1.43500 2.69575802
1.43600 2.69513212
1.43700 2.69450680
1.43800 2.69388206
1.43900 2.69325790
1.44000 2.69263432
1.44100 2.69201131
1.44200 2.69138888
1.44300 2.69076702
1.44400 2.69014574
1.44500 2.68952504
1.44600 2.68890490
1.44700 2.68828534
1.44800 2.68766634
1.44900 2.68704792
1.45000 2.68643007
1.45100 2.68581278
1.45200 2.68519606
1.45300 2.68457991
1.45400 2.68396432
1.45500 2.68334930
1.45600 2.68273484
1.45700 2.68212094
1.45800 2.68150760
1.45900 2.68089482
1.46000 2.68028261
1.46100 2.67967095
1.46200 2.67905985
1.46300 2.67844931
1.46400 2.67783932
1.46500 2.67722989
1.46600 2.67662102
1.46700 2.67601269
1.46800 2.67540492
1.46900 2.67479770
1.47000 2.67419104
1.47100 2.67358492
1.47200 2.67297935
1.47300 2.67237433
1.47400 2.67176986
1.47500 2.67116593
1.47600 2.67056255
1.47700 2.66995971
1.47800 2.66935742
1.47900 2.66875567
1.48000 2.66815447
1.48100 2.66755380
1.48200 2.66695368
1.48300 2.66635409
1.48400 2.66575505
1.48500 2.66515654
1.48600 2.66455857
1.48700 2.66396113
1.48800 2.66336423
1.48900 2.66276787
1.49000 2.66217204
1.49100 2.66157674
1.49200 2.66098197
1.49300 2.66038774
1.49400 2.65979404
1.49500 2.65920086
1.49600 2.65860822
1.49700 2.65801610
1.49800 2.65742451
1.49900 2.65683344
1.50000 2.65624290
1.50100 2.65565289
1.50200 2.65506340
1.50300 2.65447443
1.50400 2.65388599
1.50500 2.65329806
1.50600 2.65271066
1.50700 2.65212378
1.50800 2.65153742
1.50900 2.65095157
1.51000 2.65036624
1.51100 2.64978143
1.51200 2.64919713
1.51300 2.64861335
1.51400 2.64803009
1.51500 2.64744733
1.51600 2.64686509
1.51700 2.64628336
1.51800 2.64570215
1.51900 2.64512144
1.52000 2.64454124
1.52100 2.64396155
1.52200 2.64338237
1.52300 2.64280370
1.52400 2.64222553
1.52500 2.64164787
1.52600 2.64107071
1.52700 2.64049406
1.52800 2.63991791
1.52900 2.63934226
1.53000 2.63876712
1.53100 2.63819247
1.53200 2.63761833
1.53300 2.63704468
1.53400 2.63647154
1.53500 2.63589889
1.53600 2.63532674
1.53700 2.63475508
1.53800 2.63418392
1.53900 2.63361326
1.54000 2.63304309
1.54100 2.63247341
1.54200 2.63190423
1.54300 2.63133554
1.54400 2.63076734
1.54500 2.63019963
1.54600 2.62963241
1.54700 2.62906568
1.54800 2.62849944
1.54900 2.62793368
1.55000 2.62736841
1.55100 2.62680363
1.55200 2.62623933
1.55300 2.62567552
1.55400 2.62511219
1.55500 2.62454934
1.55600 2.62398698
1.55700 2.62342510
1.55800 2.62286370
1.55900 2.62230278
1.56000 2.62174234
1.56100 2.62118238
1.56200 2.62062289
1.56300 2.62006389
1.56400 2.61950536
1.56500 2.61894730
1.56600 2.61838972
1.56700 2.61783262
1.56800 2.61727599
1.56900 2.61671983
1.57000 2.61616415
1.57100 2.61560893
1.57200 2.61505419
1.57300 2.61449992
1.57400 2.61394612
1.57500 2.61339278
1.57600 2.61283992
1.57700 2.61228752
1.57800 2.61173559
1.57900 2.61118413
1.58000 2.61063313
1.58100 2.61008259
1.58200 2.60953252
1.58300 2.60898292
1.58400 2.60843377
1.58500 2.60788509
1.58600 2.60733687
1.58700 2.60678911
1.58800 2.60624181
1.58900 2.60569497
1.59000 2.60514859
1.59100 2.60460266
1.59200 2.60405720
1.59300 2.60351219
1.59400 2.60296763
1.59500 2.60242353
1.59600 2.60187989
1.59700 2.60133670
1.59800 2.60079396
1.59900 2.60025168
1.60000 2.59970985
1.60100 2.59916847
1.60200 2.59862754
1.60300 2.59808706
1.60400 2.59754703
1.60500 2.59700745
1.60600 2.59646831
1.60700 2.59592962
1.60800 2.59539139
1.60900 2.59485359
1.61000 2.59431624
1.61100 2.59377934
1.61200 2.59324288
1.61300 2.59270687
1.61400 2.59217129
1.61500 2.59163616
1.61600 2.59110147
1.61700 2.59056723
1.61800 2.59003342
1.61900 2.58950005
1.62000 2.58896712
1.62100 2.58843463
1.62200 2.58790258
1.62300 2.58737097
1.62400 2.58683979
1.62500 2.58630904
1.62600 2.58577874
1.62700 2.58524886
1.62800 2.58471943
1.62900 2.58419042
1.63000 2.58366185
1.63100 2.58313371
1.63200 2.58260600
1.63300 2.58207872
1.63400 2.58155187
1.63500 2.58102546
1.63600 2.58049947
1.63700 2.57997391
1.63800 2.57944878
1.63900 2.57892407
1.64000 2.57839979
1.64100 2.57787594
1.64200 2.57735251
1.64300 2.57682951
1.64400 2.57630693
1.64500 2.57578478
1.64600 2.57526305
1.64700 2.57474174
1.64800 2.57422086
1.64900 2.57370039
1.65000 2.57318035
1.65100 2.57266072
1.65200 2.57214152
1.65300 2.57162273
1.65400 2.57110436
1.65500 2.57058641
1.65600 2.57006888
1.65700 2.56955176
1.65800 2.56903506
1.65900 2.56851878
1.66000 2.56800291
1.66100 2.56748745
1.66200 2.56697241
1.66300 2.56645778
1.66400 2.56594356
1.66500 2.56542976
1.66600 2.56491636
1.66700 2.56440338
1.66800 2.56389080
1.66900 2.56337864
1.67000 2.56286689
1.67100 2.56235554
1.67200 2.56184460
1.67300 2.56133407
1.67400 2.56082395
1.67500 2.56031423
1.67600 2.55980492
1.67700 2.55929601
1.67800 2.55878751
1.67900 2.55827941
1.68000 2.55777171
1.68100 2.55726442
1.68200 2.55675753
1.68300 2.55625104
1.68400 2.55574495
1.68500 2.55523926
1.68600 2.55473397
1.68700 2.55422909
1.68800 2.55372460
1.68900 2.55322051
1.69000 2.55271681
1.69100 2.55221352
1.69200 2.55171062
1.69300 2.55120811
1.69400 2.55070601
1.69500 2.55020429
1.69600 2.54970298
1.69700 2.54920205
1.69800 2.54870152
1.69900 2.54820138
1.70000 2.54770164
1.70100 2.54720229
1.70200 2.54670332
1.70300 2.54620475
1.70400 2.54570657
1.70500 2.54520878
1.70600 2.54471138
1.70700 2.54421436
1.70800 2.54371774
1.70900 2.54322150
1.71000 2.54272565
1.71100 2.54223018
1.71200 2.54173510
1.71300 2.54124041
1.71400 2.54074610
1.71500 2.54025218
1.71600 2.53975864
1.71700 2.53926548
1.71800 2.53877270
1.71900 2.53828031
1.72000 2.53778830
1.72100 2.53729667
1.72200 2.53680543
1.72300 2.53631456
1.72400 2.53582407
1.72500 2.53533396
1.72600 2.53484423
1.72700 2.53435488
1.72800 2.53386590
1.72900 2.53337731
1.73000 2.53288909
1.73100 2.53240124
1.73200 2.53191377
1.73300 2.53142668
1.73400 2.53093996
1.73500 2.53045361
1.73600 2.52996764
1.73700 2.52948204
1.73800 2.52899682
1.73900 2.52851196
1.74000 2.52802748
1.74100 2.52754337
1.74200 2.52705963
1.74300 2.52657626
1.74400 2.52609326
1.74500 2.52561063
1.74600 2.52512837
1.74700 2.52464647
1.74800 2.52416494
1.74900 2.52368378
1.75000 2.52320299
1.75100 2.52272256
1.75200 2.52224250
1.75300 2.52176281
1.75400 2.52128347
1.75500 2.52080451
1.75600 2.52032590
1.75700 2.51984766
1.75800 2.51936979
1.75900 2.51889227
1.76000 2.51841512
1.76100 2.51793833
1.76200 2.51746189
1.76300 2.51698582
1.76400 2.51651011
1.76500 2.51603476
1.76600 2.51555977
1.76700 2.51508513
1.76800 2.51461086
1.76900 2.51413694
1.77000 2.51366338
1.77100 2.51319017
1.77200 2.51271733
1.77300 2.51224483
1.77400 2.51177270
1.77500 2.51130091
1.77600 2.51082948
1.77700 2.51035841
1.77800 2.50988769
1.77900 2.50941732
1.78000 2.50894730
1.78100 2.50847764
1.78200 2.50800832
1.78300 2.50753936
1.78400 2.50707075
1.78500 2.50660249
1.78600 2.50613458
1.78700 2.50566702
1.78800 2.50519980
1.78900 2.50473294
1.79000 2.50426642
1.79100 2.50380025
1.79200 2.50333443
1.79300 2.50286895
1.79400 2.50240382
1.79500 2.50193903
1.79600 2.50147459
1.79700 2.50101050
1.79800 2.50054675
1.79900 2.50008334
1.80000 2.49962027
1.80100 2.49915755
1.80200 2.49869517
1.80300 2.49823314
1.80400 2.49777144
1.80500 2.49731009
1.80600 2.49684907
1.80700 2.49638840
1.80800 2.49592807
1.80900 2.49546807
1.81000 2.49500842
1.81100 2.49454910
1.81200 2.49409012
1.81300 2.49363148
1.81400 2.49317318
1.81500 2.49271521
1.81600 2.49225758
1.81700 2.49180028
1.81800 2.49134333
1.81900 2.49088670
1.82000 2.49043041
1.82100 2.48997446
1.82200 2.48951883
1.82300 2.48906354
1.82400 2.48860859
1.82500 2.48815396
1.82600 2.48769967
1.82700 2.48724571
1.82800 2.48679209
1.82900 2.48633879
1.83000 2.48588582
1.83100 2.48543318
1.83200 2.48498087
1.83300 2.48452889
1.83400 2.48407724
1.83500 2.48362592
1.83600 2.48317493
1.83700 2.48272426
1.83800 2.48227392
1.83900 2.48182391
1.84000 2.48137422
1.84100 2.48092486
1.84200 2.48047582
1.84300 2.48002711
1.84400 2.47957872
1.84500 2.47913066
1.84600 2.47868292
1.84700 2.47823551
1.84800 2.47778841
1.84900 2.47734164
1.85000 2.47689520
1.85100 2.47644907
1.85200 2.47600326
1.85300 2.47555778
1.85400 2.47511261
1.85500 2.47466777
1.85600 2.47422325
1.85700 2.47377904
1.85800 2.47333515
1.85900 2.47289159
1.86000 2.47244834
1.86100 2.47200540
1.86200 2.47156279
1.86300 2.47112049
1.86400 2.47067851
1.86500 2.47023684
1.86600 2.46979549
1.86700 2.46935446
1.86800 2.46891374
1.86900 2.46847333
1.87000 2.46803324
1.87100 2.46759346
1.87200 2.46715400
1.87300 2.46671485
1.87400 2.46627601
1.87500 2.46583748
1.87600 2.46539927
1.87700 2.46496136
1.87800 2.46452377
1.87900 2.46408649
1.88000 2.46364951
1.88100 2.46321285
1.88200 2.46277650
1.88300 2.46234045
1.88400 2.46190472
1.88500 2.46146929
1.88600 2.46103417
1.88700 2.46059936
1.88800 2.46016486
1.88900 2.45973066
1.89000 2.45929677
1.89100 2.45886318
1.89200 2.45842990
1.89300 2.45799693
1.89400 2.45756426
1.89500 2.45713189
1.89600 2.45669983
1.89700 2.45626807
1.89800 2.45583662
1.89900 2.45540547
1.90000 2.45497462
1.90100 2.45454407
1.90200 2.45411383
1.90300 2.45368389
1.90400 2.45325424
1.90500 2.45282490
1.90600 2.45239586
1.90700 2.45196712
1.90800 2.45153868
1.90900 2.45111054
1.91000 2.45068270
1.91100 2.45025515
1.91200 2.44982791
1.91300 2.44940096
1.91400 2.44897431
1.91500 2.44854796
1.91600 2.44812190
1.91700 2.44769614
1.91800 2.44727067
1.91900 2.44684550
1.92000 2.44642063
1.92100 2.44599605
1.92200 2.44557177
1.92300 2.44514778
1.92400 2.44472408
1.92500 2.44430068
1.92600 2.44387757
1.92700 2.44345476
1.92800 2.44303223
1.92900 2.44261000
1.93000 2.44218806
1.93100 2.44176641
1.93200 2.44134506
1.93300 2.44092399
1.93400 2.44050321
1.93500 2.44008273
1.93600 2.43966253
1.93700 2.43924262
1.93800 2.43882300
1.93900 2.43840367
1.94000 2.43798463
1.94100 2.43756588
1.94200 2.43714741
1.94300 2.43672923
1.94400 2.43631134
1.94500 2.43589373
1.94600 2.43547642
1.94700 2.43505938
1.94800 2.43464263
1.94900 2.43422617
1.95000 2.43380999
1.95100 2.43339410
1.95200 2.43297849
1.95300 2.43256316
1.95400 2.43214812
1.95500 2.43173336
1.95600 2.43131888
1.95700 2.43090469
1.95800 2.43049078
1.95900 2.43007715
1.96000 2.42966380
1.96100 2.42925073
1.96200 2.42883795
1.96300 2.42842544
1.96400 2.42801321
1.96500 2.42760127
1.96600 2.42718960
1.96700 2.42677821
1.96800 2.42636710
1.96900 2.42595627
1.97000 2.42554572
1.97100 2.42513544
1.97200 2.42472545
1.97300 2.42431572
1.97400 2.42390628
1.97500 2.42349711
1.97600 2.42308822
1.97700 2.42267961
1.97800 2.42227127
1.97900 2.42186320
1.98000 2.42145541
1.98100 2.42104790
1.98200 2.42064066
1.98300 2.42023369
1.98400 2.41982700
1.98500 2.41942058
1.98600 2.41901443
1.98700 2.41860855
1.98800 2.41820295
1.98900 2.41779762
1.99000 2.41739256
1.99100 2.41698777
1.99200 2.41658326
1.99300 2.41617901
1.99400 2.41577504
1.99500 2.41537133
1.99600 2.41496789
1.99700 2.41456473
1.99800 2.41416183
1.99900 2.41375920
2.00000 2.41335684
2.00100 2.41295475
2.00200 2.41255292
2.00300 2.41215137
2.00400 2.41175008
2.00500 2.41134905
2.00600 2.41094830
2.00700 2.41054781
2.00800 2.41014759
2.00900 2.40974763
2.01000 2.40934793
2.01100 2.40894851
2.01200 2.40854934
2.01300 2.40815045
2.01400 2.40775181
2.01500 2.40735344
2.01600 2.40695533
2.01700 2.40655749
2.01800 2.40615991
2.01900 2.40576259
2.02000 2.40536553
2.02100 2.40496874
2.02200 2.40457221
2.02300 2.40417594
2.02400 2.40377993
2.02500 2.40338418
2.02600 2.40298869
2.02700 2.40259346
2.02800 2.40219849
2.02900 2.40180378
2.03000 2.40140933
2.03100 2.40101514
2.03200 2.40062121
2.03300 2.40022754
2.03400 2.39983412
2.03500 2.39944096
2.03600 2.39904806
2.03700 2.39865542
2.03800 2.39826304
2.03900 2.39787091
2.04000 2.39747903
2.04100 2.39708742
2.04200 2.39669605
2.04300 2.39630495
2.04400 2.39591410
2.04500 2.39552350
2.04600 2.39513316
2.04700 2.39474307
2.04800 2.39435324
2.04900 2.39396366
2.05000 2.39357434
2.05100 2.39318526
2.05200 2.39279644
2.05300 2.39240788
2.05400 2.39201956
2.05500 2.39163150
2.05600 2.39124369
2.05700 2.39085613
2.05800 2.39046882
2.05900 2.39008176
2.06000 2.38969496
2.06100 2.38930840
2.06200 2.38892209
2.06300 2.38853603
2.06400 2.38815023
2.06500 2.38776467
2.06600 2.38737936
2.06700 2.38699430
2.06800 2.38660948
2.06900 2.38622492
2.07000 2.38584060
2.07100 2.38545653
2.07200 2.38507271
2.07300 2.38468913
2.07400 2.38430581
2.07500 2.38392272
2.07600 2.38353989
2.07700 2.38315730
2.07800 2.38277495
2.07900 2.38239285
2.08000 2.38201100
2.08100 2.38162939
2.08200 2.38124802
2.08300 2.38086690
2.08400 2.38048602
2.08500 2.38010539
2.08600 2.37972500
2.08700 2.37934485
2.08800 2.37896494
2.08900 2.37858528
2.09000 2.37820586
2.09100 2.37782668
2.09200 2.37744775
2.09300 2.37706905
2.09400 2.37669060
2.09500 2.37631238
2.09600 2.37593441
2.09700 2.37555668
2.09800 2.37517919
2.09900 2.37480193
2.10000 2.37442492
2.10100 2.37404815
2.10200 2.37367161
2.10300 2.37329532
2.10400 2.37291926
2.10500 2.37254344
2.10600 2.37216786
2.10700 2.37179252
2.10800 2.37141741
2.10900 2.37104255
2.11000 2.37066791
2.11100 2.37029352
2.11200 2.36991936
2.11300 2.36954544
2.11400 2.36917175
2.11500 2.36879830
2.11600 2.36842509
2.11700 2.36805211
2.11800 2.36767936
2.11900 2.36730685
2.12000 2.36693457
2.12100 2.36656253
2.12200 2.36619072
2.12300 2.36581915
2.12400 2.36544780
2.12500 2.36507670
2.12600 2.36470582
2.12700 2.36433518
2.12800 2.36396476
2.12900 2.36359459
2.13000 2.36322464
2.13100 2.36285492
2.13200 2.36248544
2.13300 2.36211618
2.13400 2.36174716
2.13500 2.36137837
2.13600 2.36100981
2.13700 2.36064147
2.13800 2.36027337
2.13900 2.35990550
2.14000 2.35953785
2.14100 2.35917044
2.14200 2.35880325
2.14300 2.35843630
2.14400 2.35806957
2.14500 2.35770306
2.14600 2.35733679
2.14700 2.35697075
2.14800 2.35660493
2.14900 2.35623933
2.15000 2.35587397
2.15100 2.35550883
2.15200 2.35514392
2.15300 2.35477923
2.15400 2.35441477
2.15500 2.35405054
2.15600 2.35368653
2.15700 2.35332274
2.15800 2.35295918
2.15900 2.35259585
2.16000 2.35223274
2.16100 2.35186985
2.16200 2.35150719
2.16300 2.35114475
2.16400 2.35078253
2.16500 2.35042054
2.16600 2.35005877
2.16700 2.34969722
2.16800 2.34933590
2.16900 2.34897479
2.17000 2.34861391
2.17100 2.34825325
2.17200 2.34789281
2.17300 2.34753260
2.17400 2.34717260
2.17500 2.34681283
2.17600 2.34645327
2.17700 2.34609394
2.17800 2.34573482
2.17900 2.34537593
2.18000 2.34501725
2.18100 2.34465880
2.18200 2.34430056
2.18300 2.34394254
2.18400 2.34358474
2.18500 2.34322716
2.18600 2.34286980
2.18700 2.34251266
2.18800 2.34215573
2.18900 2.34179902
2.19000 2.34144253
2.19100 2.34108625
2.19200 2.34073019
2.19300 2.34037435
2.19400 2.34001872
2.19500 2.33966331
2.19600 2.33930812
2.19700 2.33895314
2.19800 2.33859838
2.19900 2.33824383
2.20000 2.33788950
2.20100 2.33753538
2.20200 2.33718148
2.20300 2.33682779
2.20400 2.33647431
2.20500 2.33612105
2.20600 2.33576800
2.20700 2.33541516
2.20800 2.33506254
2.20900 2.33471013
2.21000 2.33435794
2.21100 2.33400595
2.21200 2.33365418
2.21300 2.33330262
2.21400 2.33295127
2.21500 2.33260014
2.21600 2.33224921
2.21700 2.33189850
2.21800 2.33154799
2.21900 2.33119770
2.22000 2.33084762
2.22100 2.33049775
2.22200 2.33014808
2.22300 2.32979863
2.22400 2.32944939
2.22500 2.32910036
2.22600 2.32875153
2.22700 2.32840292
2.22800 2.32805451
2.22900 2.32770631
2.23000 2.32735832
2.23100 2.32701054
2.23200 2.32666296
2.23300 2.32631560
2.23400 2.32596844
2.23500 2.32562149
2.23600 2.32527474
2.23700 2.32492820
2.23800 2.32458187
2.23900 2.32423574
2.24000 2.32388982
2.24100 2.32354411
2.24200 2.32319860
2.24300 2.32285330
2.24400 2.32250820
2.24500 2.32216331
2.24600 2.32181862
2.24700 2.32147414
2.24800 2.32112986
2.24900 2.32078578
2.25000 2.32044191
2.25100 2.32009824
2.25200 2.31975478
2.25300 2.31941152
2.25400 2.31906846
2.25500 2.31872561
2.25600 2.31838295
2.25700 2.31804051
2.25800 2.31769826
2.25900 2.31735621
2.26000 2.31701437
2.26100 2.31667273
2.26200 2.31633129
2.26300 2.31599005
2.26400 2.31564901
2.26500 2.31530817
2.26600 2.31496754
2.26700 2.31462710
2.26800 2.31428686
2.26900 2.31394683
2.27000 2.31360699
2.27100 2.31326735
2.27200 2.31292792
2.27300 2.31258868
2.27400 2.31224964
2.27500 2.31191080
2.27600 2.31157215
2.27700 2.31123371
2.27800 2.31089547
2.27900 2.31055742
2.28000 2.31021957
2.28100 2.30988191
2.28200 2.30954446
2.28300 2.30920720
2.28400 2.30887014
2.28500 2.30853327
2.28600 2.30819661
2.28700 2.30786013
2.28800 2.30752386
2.28900 2.30718778
2.29000 2.30685190
2.29100 2.30651621
2.29200 2.30618071
2.29300 2.30584542
2.29400 2.30551031
2.29500 2.30517540
2.29600 2.30484069
2.29700 2.30450617
2.29800 2.30417184
2.29900 2.30383771
2.30000 2.30350377
2.30100 2.30317003
2.30200 2.30283648
2.30300 2.30250312
2.30400 2.30216996
2.30500 2.30183698
2.30600 2.30150420
2.30700 2.30117162
2.30800 2.30083922
2.30900 2.30050702
2.31000 2.30017501
2.31100 2.29984319
2.31200 2.29951156
2.31300 2.29918012
2.31400 2.29884888
2.31500 2.29851782
2.31600 2.29818696
2.31700 2.29785628
2.31800 2.29752580
2.31900 2.29719550
2.32000 2.29686540
2.32100 2.29653548
2.32200 2.29620576
2.32300 2.29587622
2.32400 2.29554688
2.32500 2.29521772
2.32600 2.29488875
2.32700 2.29455997
2.32800 2.29423138
2.32900 2.29390297
2.33000 2.29357476
2.33100 2.29324673
2.33200 2.29291889
2.33300 2.29259123
2.33400 2.29226377
2.33500 2.29193649
2.33600 2.29160940
2.33700 2.29128249
2.33800 2.29095577
2.33900 2.29062924
2.34000 2.29030289
2.34100 2.28997673
2.34200 2.28965075
2.34300 2.28932496
2.34400 2.28899936
2.34500 2.28867394
2.34600 2.28834871
2.34700 2.28802366
2.34800 2.28769879
2.34900 2.28737411
2.35000 2.28704961
2.35100 2.28672530
2.35200 2.28640117
2.35300 2.28607723
2.35400 2.28575347
2.35500 2.28542989
2.35600 2.28510650
2.35700 2.28478328
2.35800 2.28446026
2.35900 2.28413741
2.36000 2.28381475
2.36100 2.28349226
2.36200 2.28316996
2.36300 2.28284785
2.36400 2.28252591
2.36500 2.28220416
2.36600 2.28188258
2.36700 2.28156119
2.36800 2.28123998
2.36900 2.28091895
2.37000 2.28059810
2.37100 2.28027743
2.37200 2.27995694
2.37300 2.27963663
2.37400 2.27931651
2.37500 2.27899656
2.37600 2.27867679
2.37700 2.27835720
2.37800 2.27803779
2.37900 2.27771855
2.38000 2.27739950
2.38100 2.27708063
2.38200 2.27676193
2.38300 2.27644341
2.38400 2.27612507
2.38500 2.27580691
2.38600 2.27548893
2.38700 2.27517112
2.38800 2.27485350
2.38900 2.27453605
2.39000 2.27421877
2.39100 2.27390167
2.39200 2.27358475
2.39300 2.27326801
2.39400 2.27295144
2.39500 2.27263505
2.39600 2.27231884
2.39700 2.27200280
2.39800 2.27168694
2.39900 2.27137125
2.40000 2.27105574
2.40100 2.27074040
2.40200 2.27042524
2.40300 2.27011025
2.40400 2.26979544
2.40500 2.26948080
2.40600 2.26916634
2.40700 2.26885205
2.40800 2.26853794
2.40900 2.26822399
2.41000 2.26791023
2.41100 2.26759663
2.41200 2.26728321
2.41300 2.26696997
2.41400 2.26665689
2.41500 2.26634399
2.41600 2.26603126
2.41700 2.26571871
2.41800 2.26540632
2.41900 2.26509411
2.42000 2.26478207
2.42100 2.26447020
2.42200 2.26415851
2.42300 2.26384698
2.42400 2.26353563
2.42500 2.26322445
2.42600 2.26291344
2.42700 2.26260260
2.42800 2.26229193
2.42900 2.26198143
2.43000 2.26167110
2.43100 2.26136094
2.43200 2.26105096
2.43300 2.26074114
2.43400 2.26043149
2.43500 2.26012201
2.43600 2.25981270
2.43700 2.25950356
2.43800 2.25919459
2.43900 2.25888579
2.44000 2.25857716
2.44100 2.25826869
2.44200 2.25796040
2.44300 2.25765227
2.44400 2.25734431
2.44500 2.25703652
2.44600 2.25672889
2.44700 2.25642144
2.44800 2.25611415
2.44900 2.25580703
2.45000 2.25550007
2.45100 2.25519329
2.45200 2.25488667
2.45300 2.25458021
2.45400 2.25427392
2.45500 2.25396780
2.45600 2.25366185
2.45700 2.25335606
2.45800 2.25305044
2.45900 2.25274498
2.46000 2.25243969
2.46100 2.25213456
2.46200 2.25182960
2.46300 2.25152481
2.46400 2.25122018
2.46500 2.25091571
2.46600 2.25061141
2.46700 2.25030727
2.46800 2.25000330
2.46900 2.24969949
2.47000 2.24939585
2.47100 2.24909237
2.47200 2.24878905
2.47300 2.24848590
2.47400 2.24818291
2.47500 2.24788008
2.47600 2.24757742
2.47700 2.24727492
2.47800 2.24697258
2.47900 2.24667041
2.48000 2.24636839
2.48100 2.24606654
2.48200 2.24576486
2.48300 2.24546333
2.48400 2.24516197
2.48500 2.24486076
2.48600 2.24455972
2.48700 2.24425884
2.48800 2.24395813
2.48900 2.24365757
2.49000 2.24335717
2.49100 2.24305694
2.49200 2.24275686
2.49300 2.24245695
2.49400 2.24215719
2.49500 2.24185760
2.49600 2.24155817
2.49700 2.24125889
2.49800 2.24095978
2.49900 2.24066083
2.50000 2.24036203
2.50100 2.24006340
2.50200 2.23976492
2.50300 2.23946660
2.50400 2.23916845
2.50500 2.23887045
2.50600 2.23857260
2.50700 2.23827492
2.50800 2.23797740
2.50900 2.23768003
2.51000 2.23738282
2.51100 2.23708577
2.51200 2.23678888
2.51300 2.23649215
2.51400 2.23619557
2.51500 2.23589915
2.51600 2.23560288
2.51700 2.23530678
2.51800 2.23501083
2.51900 2.23471504
2.52000 2.23441940
2.52100 2.23412392
2.52200 2.23382860
2.52300 2.23353343
2.52400 2.23323842
2.52500 2.23294356
2.52600 2.23264886
2.52700 2.23235432
2.52800 2.23205993
2.52900 2.23176569
2.53000 2.23147161
2.53100 2.23117769
2.53200 2.23088392
2.53300 2.23059031
2.53400 2.23029685
2.53500 2.23000354
2.53600 2.22971039
2.53700 2.22941739
2.53800 2.22912455
2.53900 2.22883186
2.54000 2.22853932
2.54100 2.22824694
2.54200 2.22795471
2.54300 2.22766263
2.54400 2.22737071
2.54500 2.22707894
2.54600 2.22678732
2.54700 2.22649586
2.54800 2.22620455
2.54900 2.22591339
2.55000 2.22562238
2.55100 2.22533153
2.55200 2.22504082
2.55300 2.22475027
2.55400 2.22445987
2.55500 2.22416963
2.55600 2.22387953
2.55700 2.22358958
2.55800 2.22329979
2.55900 2.22301015
2.56000 2.22272065
2.56100 2.22243131
2.56200 2.22214212
2.56300 2.22185308
2.56400 2.22156419
2.56500 2.22127545
2.56600 2.22098686
2.56700 2.22069842
2.56800 2.22041013
2.56900 2.22012199
2.57000 2.21983400
2.57100 2.21954616
2.57200 2.21925847
2.57300 2.21897092
2.57400 2.21868353
2.57500 2.21839628
2.57600 2.21810919
2.57700 2.21782224
2.57800 2.21753544
2.57900 2.21724879
2.58000 2.21696228
2.58100 2.21667593
2.58200 2.21638972
2.58300 2.21610366
2.58400 2.21581775
2.58500 2.21553199
2.58600 2.21524637
2.58700 2.21496090
2.58800 2.21467558
2.58900 2.21439040
2.59000 2.21410537
2.59100 2.21382049
2.59200 2.21353575
2.59300 2.21325116
2.59400 2.21296672
2.59500 2.21268242
2.59600 2.21239827
2.59700 2.21211427
2.59800 2.21183041
2.59900 2.21154670
2.60000 2.21126313
2.60100 2.21097971
2.60200 2.21069643
2.60300 2.21041330
2.60400 2.21013031
2.60500 2.20984747
2.60600 2.20956477
2.60700 2.20928222
2.60800 2.20899981
2.60900 2.20871754
2.61000 2.20843542
2.61100 2.20815345
2.61200 2.20787161
2.61300 2.20758993
2.61400 2.20730838
2.61500 2.20702698
2.61600 2.20674572
2.61700 2.20646461
2.61800 2.20618364
2.61900 2.20590281
2.62000 2.20562213
2.62100 2.20534158
2.62200 2.20506118
2.62300 2.20478093
2.62400 2.20450081
2.62500 2.20422084
2.62600 2.20394101
2.62700 2.20366132
2.62800 2.20338178
2.62900 2.20310237
2.63000 2.20282311
2.63100 2.20254399
2.63200 2.20226501
2.63300 2.20198617
2.63400 2.20170747
2.63500 2.20142892
2.63600 2.20115050
2.63700 2.20087223
2.63800 2.20059409
2.63900 2.20031610
2.64000 2.20003825
2.64100 2.19976054
2.64200 2.19948296
2.64300 2.19920553
2.64400 2.19892824
2.64500 2.19865109
2.64600 2.19837407
2.64700 2.19809720
2.64800 2.19782047
2.64900 2.19754387
2.65000 2.19726742
2.65100 2.19699110
2.65200 2.19671492
2.65300 2.19643888
2.65400 2.19616298
2.65500 2.19588722
2.65600 2.19561160
2.65700 2.19533612
2.65800 2.19506077
2.65900 2.19478556
2.66000 2.19451049
2.66100 2.19423556
2.66200 2.19396076
2.66300 2.19368611
2.66400 2.19341159
2.66500 2.19313720
2.66600 2.19286296
2.66700 2.19258885
2.66800 2.19231488
2.66900 2.19204105
2.67000 2.19176735
2.67100 2.19149379
2.67200 2.19122037
2.67300 2.19094708
2.67400 2.19067393
2.67500 2.19040091
2.67600 2.19012803
2.67700 2.18985529
2.67800 2.18958268
2.67900 2.18931021
2.68000 2.18903787
2.68100 2.18876567
2.68200 2.18849361
2.68300 2.18822168
2.68400 2.18794988
2.68500 2.18767822
2.68600 2.18740670
2.68700 2.18713531
2.68800 2.18686405
2.68900 2.18659293
2.69000 2.18632194
2.69100 2.18605109
2.69200 2.18578037
2.69300 2.18550979
2.69400 2.18523934
2.69500 2.18496902
2.69600 2.18469884
2.69700 2.18442879
2.69800 2.18415887
2.69900 2.18388909
2.70000 2.18361944
2.70100 2.18334992
2.70200 2.18308054
2.70300 2.18281129
2.70400 2.18254217
2.70500 2.18227319
2.70600 2.18200434
2.70700 2.18173562
2.70800 2.18146703
2.70900 2.18119857
2.71000 2.18093025
2.71100 2.18066206
2.71200 2.18039400
2.71300 2.18012607
2.71400 2.17985828
2.71500 2.17959061
2.71600 2.17932308
2.71700 2.17905568
2.71800 2.17878841
2.71900 2.17852127
2.72000 2.17825426
2.72100 2.17798738
2.72200 2.17772064
2.72300 2.17745402
2.72400 2.17718753
2.72500 2.17692118
2.72600 2.17665495
2.72700 2.17638886
2.72800 2.17612290
2.72900 2.17585706
2.73000 2.17559136
2.73100 2.17532578
2.73200 2.17506034
2.73300 2.17479502
2.73400 2.17452983
2.73500 2.17426478
2.73600 2.17399985
2.73700 2.17373505
2.73800 2.17347038
2.73900 2.17320584
2.74000 2.17294142
2.74100 2.17267714
2.74200 2.17241299
2.74300 2.17214896
2.74400 2.17188506
2.74500 2.17162129
2.74600 2.17135765
2.74700 2.17109413
2.74800 2.17083075
2.74900 2.17056749
2.75000 2.17030436
2.75100 2.17004135
2.75200 2.16977848
2.75300 2.16951573
2.75400 2.16925311
2.75500 2.16899061
2.75600 2.16872825
2.75700 2.16846601
2.75800 2.16820389
2.75900 2.16794190
2.76000 2.16768004
2.76100 2.16741831
2.76200 2.16715670
2.76300 2.16689522
2.76400 2.16663387
2.76500 2.16637264
2.76600 2.16611153
2.76700 2.16585056
2.76800 2.16558971
2.76900 2.16532898
2.77000 2.16506838
2.77100 2.16480790
2.77200 2.16454755
2.77300 2.16428733
2.77400 2.16402723
2.77500 2.16376726
2.77600 2.16350741
2.77700 2.16324768
2.77800 2.16298808
2.77900 2.16272861
2.78000 2.16246926
2.78100 2.16221003
2.78200 2.16195093
2.78300 2.16169195
2.78400 2.16143309
2.78500 2.16117436
2.78600 2.16091576
2.78700 2.16065727
2.78800 2.16039891
2.78900 2.16014068
2.79000 2.15988257
2.79100 2.15962458
2.79200 2.15936671
2.79300 2.15910897
2.79400 2.15885135
2.79500 2.15859385
2.79600 2.15833648
2.79700 2.15807923
2.79800 2.15782210
2.79900 2.15756509
2.80000 2.15730821
2.80100 2.15705145
2.80200 2.15679481
2.80300 2.15653829
2.80400 2.15628190
2.80500 2.15602563
2.80600 2.15576947
2.80700 2.15551344
2.80800 2.15525754
2.80900 2.15500175
2.81000 2.15474608
2.81100 2.15449054
2.81200 2.15423512
2.81300 2.15397982
2.81400 2.15372464
2.81500 2.15346958
2.81600 2.15321464
2.81700 2.15295982
2.81800 2.15270512
2.81900 2.15245054
2.82000 2.15219609
2.82100 2.15194175
2.82200 2.15168753
2.82300 2.15143344
2.82400 2.15117946
2.82500 2.15092560
2.82600 2.15067187
2.82700 2.15041825
2.82800 2.15016475
2.82900 2.14991138
2.83000 2.14965812
2.83100 2.14940498
2.83200 2.14915196
2.83300 2.14889906
2.83400 2.14864628
2.83500 2.14839361
2.83600 2.14814107
2.83700 2.14788864
2.83800 2.14763634
2.83900 2.14738415
2.84000 2.14713208
2.84100 2.14688013
2.84200 2.14662829
2.84300 2.14637658
2.84400 2.14612498
2.84500 2.14587350
2.84600 2.14562214
2.84700 2.14537090
2.84800 2.14511977
2.84900 2.14486876
2.85000 2.14461787
2.85100 2.14436710
2.85200 2.14411644
2.85300 2.14386590
2.85400 2.14361548
2.85500 2.14336517
2.85600 2.14311498
2.85700 2.14286491
2.85800 2.14261496
2.85900 2.14236512
2.86000 2.14211540
2.86100 2.14186579
2.86200 2.14161630
2.86300 2.14136693
2.86400 2.14111767
2.86500 2.14086853
2.86600 2.14061950
2.86700 2.14037060
2.86800 2.14012180
2.86900 2.13987312
2.87000 2.13962456
2.87100 2.13937611
2.87200 2.13912778
2.87300 2.13887957
2.87400 2.13863147
2.87500 2.13838348
2.87600 2.13813561
2.87700 2.13788785
2.87800 2.13764021
2.87900 2.13739268
2.88000 2.13714527
2.88100 2.13689797
2.88200 2.13665079
2.88300 2.13640372
2.88400 2.13615677
2.88500 2.13590993
2.88600 2.13566320
2.88700 2.13541659
2.88800 2.13517009
2.88900 2.13492371
2.89000 2.13467743
2.89100 2.13443128
2.89200 2.13418523
2.89300 2.13393930
2.89400 2.13369349
2.89500 2.13344778
2.89600 2.13320219
2.89700 2.13295671
2.89800 2.13271135
2.89900 2.13246610
2.90000 2.13222096
2.90100 2.13197593
2.90200 2.13173102
2.90300 2.13148622
2.90400 2.13124153
2.90500 2.13099695
2.90600 2.13075248
2.90700 2.13050813
2.90800 2.13026389
2.90900 2.13001976
2.91000 2.12977575
2.91100 2.12953184
2.91200 2.12928805
2.91300 2.12904437
2.91400 2.12880080
2.91500 2.12855734
2.91600 2.12831399
2.91700 2.12807076
2.91800 2.12782763
2.91900 2.12758462
2.92000 2.12734172
2.92100 2.12709892
2.92200 2.12685624
2.92300 2.12661367
2.92400 2.12637121
2.92500 2.12612886
2.92600 2.12588663
2.92700 2.12564450
2.92800 2.12540248
2.92900 2.12516057
2.93000 2.12491877
2.93100 2.12467709
2.93200 2.12443551
2.93300 2.12419404
2.93400 2.12395268
2.93500 2.12371143
2.93600 2.12347029
2.93700 2.12322926
2.93800 2.12298834
2.93900 2.12274753
2.94000 2.12250683
2.94100 2.12226624
2.94200 2.12202576
2.94300 2.12178538
2.94400 2.12154512
2.94500 2.12130496
2.94600 2.12106491
2.94700 2.12082497
2.94800 2.12058514
2.94900 2.12034542
2.95000 2.12010580
2.95100 2.11986630
2.95200 2.11962690
2.95300 2.11938761
2.95400 2.11914843
2.95500 2.11890936
2.95600 2.11867039
2.95700 2.11843153
2.95800 2.11819278
2.95900 2.11795414
2.96000 2.11771560
2.96100 2.11747718
2.96200 2.11723886
2.96300 2.11700064
2.96400 2.11676254
2.96500 2.11652454
2.96600 2.11628665
2.96700 2.11604886
2.96800 2.11581118
2.96900 2.11557361
2.97000 2.11533615
2.97100 2.11509879
2.97200 2.11486154
2.97300 2.11462439
2.97400 2.11438735
2.97500 2.11415042
2.97600 2.11391359
2.97700 2.11367687
2.97800 2.11344026
2.97900 2.11320375
2.98000 2.11296735
2.98100 2.11273105
2.98200 2.11249486
2.98300 2.11225877
2.98400 2.11202279
2.98500 2.11178692
2.98600 2.11155115
2.98700 2.11131548
2.98800 2.11107992
2.98900 2.11084447
2.99000 2.11060912
2.99100 2.11037388
2.99200 2.11013874
2.99300 2.10990370
2.99400 2.10966877
2.99500 2.10943395
2.99600 2.10919923
2.99700 2.10896461
2.99800 2.10873010
2.99900 2.10849569
3.00000 2.10826139
3.00100 2.10802719
3.00200 2.10779310
3.00300 2.10755910
3.00400 2.10732522
3.00500 2.10709143
3.00600 2.10685775
3.00700 2.10662418
3.00800 2.10639070
3.00900 2.10615734
3.01000 2.10592407
3.01100 2.10569091
3.01200 2.10545785
3.01300 2.10522489
3.01400 2.10499204
3.01500 2.10475929
3.01600 2.10452664
3.01700 2.10429410
3.01800 2.10406166
3.01900 2.10382932
3.02000 2.10359708
3.02100 2.10336495
3.02200 2.10313291
3.02300 2.10290099
3.02400 2.10266916
3.02500 2.10243743
3.02600 2.10220581
3.02700 2.10197429
3.02800 2.10174287
3.02900 2.10151156
3.03000 2.10128034
3.03100 2.10104923
3.03200 2.10081822
3.03300 2.10058731
3.03400 2.10035650
3.03500 2.10012579
3.03600 2.09989519
3.03700 2.09966468
3.03800 2.09943428
3.03900 2.09920398
3.04000 2.09897377
3.04100 2.09874367
3.04200 2.09851368
3.04300 2.09828378
3.04400 2.09805398
3.04500 2.09782428
3.04600 2.09759468
3.04700 2.09736519
3.04800 2.09713579
3.04900 2.09690650
3.05000 2.09667730
3.05100 2.09644821
3.05200 2.09621921
3.05300 2.09599032
3.05400 2.09576152
3.05500 2.09553283
3.05600 2.09530423
3.05700 2.09507574
3.05800 2.09484734
3.05900 2.09461904
3.06000 2.09439085
3.06100 2.09416275
3.06200 2.09393475
3.06300 2.09370685
3.06400 2.09347905
3.06500 2.09325135
3.06600 2.09302375
3.06700 2.09279625
3.06800 2.09256885
3.06900 2.09234154
3.07000 2.09211433
3.07100 2.09188723
3.07200 2.09166022
3.07300 2.09143331
3.07400 2.09120650
3.07500 2.09097978
3.07600 2.09075317
3.07700 2.09052665
3.07800 2.09030023
3.07900 2.09007391
3.08000 2.08984769
3.08100 2.08962156
3.08200 2.08939553
3.08300 2.08916960
3.08400 2.08894377
3.08500 2.08871804
3.08600 2.08849240
3.08700 2.08826686
3.08800 2.08804142
3.08900 2.08781608
3.09000 2.08759083
3.09100 2.08736568
3.09200 2.08714063
3.09300 2.08691567
3.09400 2.08669081
3.09500 2.08646605
3.09600 2.08624138
3.09700 2.08601682
3.09800 2.08579234
3.09900 2.08556797
3.10000 2.08534369
3.10100 2.08511951
3.10200 2.08489542
3.10300 2.08467143
3.10400 2.08444754
3.10500 2.08422374
3.10600 2.08400004
3.10700 2.08377644
3.10800 2.08355293
3.10900 2.08332951
3.11000 2.08310620
3.11100 2.08288297
3.11200 2.08265985
3.11300 2.08243682
3.11400 2.08221388
3.11500 2.08199104
3.11600 2.08176830
3.11700 2.08154565
3.11800 2.08132309
3.11900 2.08110064
3.12000 2.08087827
3.12100 2.08065600
3.12200 2.08043383
3.12300 2.08021175
3.12400 2.07998977
3.12500 2.07976788
3.12600 2.07954608
3.12700 2.07932438
3.12800 2.07910278
3.12900 2.07888127
3.13000 2.07865985
3.13100 2.07843853
3.13200 2.07821730
3.13300 2.07799617
3.13400 2.07777513
3.13500 2.07755418
3.13600 2.07733333
3.13700 2.07711257
3.13800 2.07689191
3.13900 2.07667134
3.14000 2.07645086
3.14100 2.07623048
3.14200 2.07601019
3.14300 2.07578999
3.14400 2.07556989
3.14500 2.07534988
3.14600 2.07512996
3.14700 2.07491014
3.14800 2.07469041
3.14900 2.07447077
3.15000 2.07425123
3.15100 2.07403178
3.15200 2.07381242
3.15300 2.07359315
3.15400 2.07337398
3.15500 2.07315490
3.15600 2.07293591
3.15700 2.07271702
3.15800 2.07249821
3.15900 2.07227950
3.16000 2.07206089
3.16100 2.07184236
3.16200 2.07162393
3.16300 2.07140559
3.16400 2.07118734
3.16500 2.07096918
3.16600 2.07075111
3.16700 2.07053314
3.16800 2.07031526
3.16900 2.07009747
3.17000 2.06987977
3.17100 2.06966216
3.17200 2.06944464
3.17300 2.06922722
3.17400 2.06900989
3.17500 2.06879265
3.17600 2.06857550
3.17700 2.06835844
3.17800 2.06814147
3.17900 2.06792459
3.18000 2.06770780
3.18100 2.06749111
3.18200 2.06727450
3.18300 2.06705799
3.18400 2.06684157
3.18500 2.06662523
3.18600 2.06640899
3.18700 2.06619284
3.18800 2.06597678
3.18900 2.06576081
3.19000 2.06554493
3.19100 2.06532914
3.19200 2.06511344
3.19300 2.06489783
3.19400 2.06468231
3.19500 2.06446688
3.19600 2.06425154
3.19700 2.06403629
3.19800 2.06382113
3.19900 2.06360606
3.20000 2.06339107
3.20100 2.06317618
3.20200 2.06296138
3.20300 2.06274667
3.20400 2.06253204
3.20500 2.06231751
3.20600 2.06210306
3.20700 2.06188871
3.20800 2.06167444
3.20900 2.06146026
3.21000 2.06124618
3.21100 2.06103218
3.21200 2.06081826
3.21300 2.06060444
3.21400 2.06039071
3.21500 2.06017706
3.21600 2.05996351
3.21700 2.05975004
3.21800 2.05953666
3.21900 2.05932337
3.22000 2.05911017
3.22100 2.05889705
3.22200 2.05868403
3.22300 2.05847109
3.22400 2.05825824
3.22500 2.05804548
3.22600 2.05783280
3.22700 2.05762022
3.22800 2.05740772
3.22900 2.05719531
3.23000 2.05698299
3.23100 2.05677075
3.23200 2.05655860
3.23300 2.05634654
3.23400 2.05613457
3.23500 2.05592269
3.23600 2.05571089
3.23700 2.05549918
3.23800 2.05528755
3.23900 2.05507602
3.24000 2.05486457
3.24100 2.05465320
3.24200 2.05444193
3.24300 2.05423074
3.24400 2.05401964
3.24500 2.05380862
3.24600 2.05359770
3.24700 2.05338685
3.24800 2.05317610
3.24900 2.05296543
3.25000 2.05275485
3.25100 2.05254435
3.25200 2.05233394
3.25300 2.05212362
3.25400 2.05191338
3.25500 2.05170323
3.25600 2.05149317
3.25700 2.05128319
3.25800 2.05107330
3.25900 2.05086349
3.26000 2.05065377
3.26100 2.05044413
3.26200 2.05023458
3.26300 2.05002512
3.26400 2.04981574
3.26500 2.04960645
3.26600 2.04939724
3.26700 2.04918812
3.26800 2.04897908
3.26900 2.04877013
3.27000 2.04856126
3.27100 2.04835248
3.27200 2.04814378
3.27300 2.04793517
3.27400 2.04772665
3.27500 2.04751821
3.27600 2.04730985
3.27700 2.04710158
3.27800 2.04689339
3.27900 2.04668529
3.28000 2.04647727
3.28100 2.04626934
3.28200 2.04606149
3.28300 2.04585373
3.28400 2.04564605
3.28500 2.04543845
3.28600 2.04523094
3.28700 2.04502351
3.28800 2.04481617
3.28900 2.04460891
3.29000 2.04440174
3.29100 2.04419464
3.29200 2.04398764
3.29300 2.04378071
3.29400 2.04357387
3.29500 2.04336712
3.29600 2.04316045
3.29700 2.04295386
3.29800 2.04274735
3.29900 2.04254093
3.30000 2.04233459
3.30100 2.04212834
3.30200 2.04192217
3.30300 2.04171608
3.30400 2.04151007
3.30500 2.04130415
3.30600 2.04109831
3.30700 2.04089256
3.30800 2.04068688
3.30900 2.04048129
3.31000 2.04027579
3.31100 2.04007036
3.31200 2.03986502
3.31300 2.03965976
3.31400 2.03945459
3.31500 2.03924949
3.31600 2.03904448
3.31700 2.03883955
3.31800 2.03863470
3.31900 2.03842994
3.32000 2.03822526
3.32100 2.03802066
3.32200 2.03781614
3.32300 2.03761170
3.32400 2.03740735
3.32500 2.03720308
3.32600 2.03699889
3.32700 2.03679478
3.32800 2.03659075
3.32900 2.03638681
3.33000 2.03618295
3.33100 2.03597916
3.33200 2.03577547
3.33300 2.03557185
3.33400 2.03536831
3.33500 2.03516485
3.33600 2.03496148
3.33700 2.03475819
3.33800 2.03455498
3.33900 2.03435185
3.34000 2.03414880
3.34100 2.03394583
3.34200 2.03374294
3.34300 2.03354013
3.34400 2.03333741
3.34500 2.03313476
3.34600 2.03293220
3.34700 2.03272972
3.34800 2.03252731
3.34900 2.03232499
3.35000 2.03212275
3.35100 2.03192059
3.35200 2.03171851
3.35300 2.03151651
3.35400 2.03131459
3.35500 2.03111275
3.35600 2.03091099
3.35700 2.03070931
3.35800 2.03050771
3.35900 2.03030619
3.36000 2.03010475
3.36100 2.02990339
3.36200 2.02970211
3.36300 2.02950091
3.36400 2.02929979
3.36500 2.02909875
3.36600 2.02889779
3.36700 2.02869691
3.36800 2.02849611
3.36900 2.02829539
3.37000 2.02809475
3.37100 2.02789418
3.37200 2.02769370
3.37300 2.02749329
3.37400 2.02729297
3.37500 2.02709272
3.37600 2.02689256
3.37700 2.02669247
3.37800 2.02649246
3.37900 2.02629253
3.38000 2.02609268
3.38100 2.02589290
3.38200 2.02569321
3.38300 2.02549360
3.38400 2.02529406
3.38500 2.02509460
3.38600 2.02489522
3.38700 2.02469592
3.38800 2.02449670
3.38900 2.02429756
3.39000 2.02409849
3.39100 2.02389950
3.39200 2.02370059
3.39300 2.02350176
3.39400 2.02330301
3.39500 2.02310434
3.39600 2.02290574
3.39700 2.02270722
3.39800 2.02250878
3.39900 2.02231042
3.40000 2.02211213
3.40100 2.02191392
3.40200 2.02171579
3.40300 2.02151774
3.40400 2.02131977
3.40500 2.02112187
3.40600 2.02092405
3.40700 2.02072631
3.40800 2.02052864
3.40900 2.02033106
3.41000 2.02013355
3.41100 2.01993611
3.41200 2.01973876
3.41300 2.01954148
3.41400 2.01934428
3.41500 2.01914715
3.41600 2.01895011
3.41700 2.01875313
3.41800 2.01855624
3.41900 2.01835942
3.42000 2.01816268
3.42100 2.01796602
3.42200 2.01776943
3.42300 2.01757292
3.42400 2.01737649
3.42500 2.01718013
3.42600 2.01698385
3.42700 2.01678764
3.42800 2.01659152
3.42900 2.01639546
3.43000 2.01619949
3.43100 2.01600359
3.43200 2.01580777
3.43300 2.01561202
3.43400 2.01541635
3.43500 2.01522075
3.43600 2.01502523
3.43700 2.01482979
3.43800 2.01463442
3.43900 2.01443913
3.44000 2.01424391
3.44100 2.01404877
3.44200 2.01385370
3.44300 2.01365871
3.44400 2.01346380
3.44500 2.01326896
3.44600 2.01307420
3.44700 2.01287951
3.44800 2.01268490
3.44900 2.01249036
3.45000 2.01229590
3.45100 2.01210151
3.45200 2.01190720
3.45300 2.01171296
3.45400 2.01151880
3.45500 2.01132471
3.45600 2.01113070
3.45700 2.01093676
3.45800 2.01074290
3.45900 2.01054911
3.46000 2.01035540
3.46100 2.01016176
3.46200 2.00996820
3.46300 2.00977471
3.46400 2.00958129
3.46500 2.00938795
3.46600 2.00919469
3.46700 2.00900149
3.46800 2.00880838
3.46900 2.00861533
3.47000 2.00842236
3.47100 2.00822947
3.47200 2.00803665
3.47300 2.00784390
3.47400 2.00765123
3.47500 2.00745863
3.47600 2.00726610
3.47700 2.00707365
3.47800 2.00688128
3.47900 2.00668897
3.48000 2.00649674
3.48100 2.00630459
3.48200 2.00611250
3.48300 2.00592049
3.48400 2.00572856
3.48500 2.00553670
3.48600 2.00534491
3.48700 2.00515319
3.48800 2.00496155
3.48900 2.00476998
3.49000 2.00457848
3.49100 2.00438706
3.49200 2.00419571
3.49300 2.00400444
3.49400 2.00381323
3.49500 2.00362210
3.49600 2.00343104
3.49700 2.00324006
3.49800 2.00304915
3.49900 2.00285831
3.50000 2.00266754
3.50100 2.00247685
3.50200 2.00228623
3.50300 2.00209568
3.50400 2.00190520
3.50500 2.00171480
3.50600 2.00152447
3.50700 2.00133421
3.50800 2.00114402
3.50900 2.00095391
3.51000 2.00076386
3.51100 2.00057389
3.51200 2.00038400
3.51300 2.00019417
3.51400 2.00000442
3.51500 1.99981473
3.51600 1.99962512
3.51700 1.99943559
3.51800 1.99924612
3.51900 1.99905673
3.52000 1.99886740
3.52100 1.99867815
3.52200 1.99848897
3.52300 1.99829987
3.52400 1.99811083
3.52500 1.99792187
3.52600 1.99773297
3.52700 1.99754415
3.52800 1.99735540
3.52900 1.99716672
3.53000 1.99697811
3.53100 1.99678958
3.53200 1.99660111
3.53300 1.99641272
3.53400 1.99622439
3.53500 1.99603614
3.53600 1.99584796
3.53700 1.99565985
3.53800 1.99547181
3.53900 1.99528384
3.54000 1.99509595
3.54100 1.99490812
3.54200 1.99472036
3.54300 1.99453268
3.54400 1.99434506
3.54500 1.99415752
3.54600 1.99397005
3.54700 1.99378264
3.54800 1.99359531
3.54900 1.99340805
3.55000 1.99322086
3.55100 1.99303373
3.55200 1.99284668
3.55300 1.99265970
3.55400 1.99247279
3.55500 1.99228595
3.55600 1.99209918
3.55700 1.99191248
3.55800 1.99172585
3.55900 1.99153928
3.56000 1.99135279
3.56100 1.99116637
3.56200 1.99098002
3.56300 1.99079374
3.56400 1.99060753
3.56500 1.99042138
3.56600 1.99023531
3.56700 1.99004931
3.56800 1.98986337
3.56900 1.98967751
3.57000 1.98949171
3.57100 1.98930599
3.57200 1.98912033
3.57300 1.98893475
3.57400 1.98874923
3.57500 1.98856378
3.57600 1.98837840
3.57700 1.98819309
3.57800 1.98800785
3.57900 1.98782268
3.58000 1.98763757
3.58100 1.98745254
3.58200 1.98726757
3.58300 1.98708268
3.58400 1.98689785
3.58500 1.98671309
3.58600 1.98652840
3.58700 1.98634378
3.58800 1.98615923
3.58900 1.98597474
3.59000 1.98579033
3.59100 1.98560598
3.59200 1.98542170
3.59300 1.98523749
3.59400 1.98505335
3.59500 1.98486927
3.59600 1.98468527
3.59700 1.98450133
3.59800 1.98431746
3.59900 1.98413366
3.60000 1.98394993
3.60100 1.98376626
3.60200 1.98358266
3.60300 1.98339914
3.60400 1.98321567
3.60500 1.98303228
3.60600 1.98284896
3.60700 1.98266570
3.60800 1.98248251
3.60900 1.98229938
3.61000 1.98211633
3.61100 1.98193334
3.61200 1.98175042
3.61300 1.98156757
3.61400 1.98138479
3.61500 1.98120207
3.61600 1.98101942
3.61700 1.98083684
3.61800 1.98065432
3.61900 1.98047187
3.62000 1.98028949
3.62100 1.98010718
3.62200 1.97992493
3.62300 1.97974275
3.62400 1.97956064
3.62500 1.97937860
3.62600 1.97919662
3.62700 1.97901471
3.62800 1.97883286
3.62900 1.97865108
3.63000 1.97846937
3.63100 1.97828773
3.63200 1.97810615
3.63300 1.97792464
3.63400 1.97774320
3.63500 1.97756182
3.63600 1.97738051
3.63700 1.97719926
3.63800 1.97701808
3.63900 1.97683697
3.64000 1.97665593
3.64100 1.97647495
3.64200 1.97629403
3.64300 1.97611319
3.64400 1.97593241
3.64500 1.97575169
3.64600 1.97557104
3.64700 1.97539046
3.64800 1.97520995
3.64900 1.97502950
3.65000 1.97484911
3.65100 1.97466879
3.65200 1.97448854
3.65300 1.97430835
3.65400 1.97412823
3.65500 1.97394818
3.65600 1.97376819
3.65700 1.97358826
3.65800 1.97340840
3.65900 1.97322861
3.66000 1.97304888
3.66100 1.97286922
3.66200 1.97268962
3.66300 1.97251009
3.66400 1.97233063
3.66500 1.97215123
3.66600 1.97197189
3.66700 1.97179262
3.66800 1.97161342
3.66900 1.97143428
3.67000 1.97125520
3.67100 1.97107619
3.67200 1.97089725
3.67300 1.97071837
3.67400 1.97053955
3.67500 1.97036080
3.67600 1.97018212
3.67700 1.97000350
3.67800 1.96982494
3.67900 1.96964645
3.68000 1.96946802
3.68100 1.96928966
3.68200 1.96911137
3.68300 1.96893313
3.68400 1.96875497
3.68500 1.96857686
3.68600 1.96839882
3.68700 1.96822085
3.68800 1.96804294
3.68900 1.96786509
3.69000 1.96768731
3.69100 1.96750959
3.69200 1.96733194
3.69300 1.96715435
3.69400 1.96697683
3.69500 1.96679936
3.69600 1.96662197
3.69700 1.96644463
3.69800 1.96626737
3.69900 1.96609016
3.70000 1.96591302
3.70100 1.96573594
3.70200 1.96555893
3.70300 1.96538198
3.70400 1.96520509
3.70500 1.96502827
3.70600 1.96485151
3.70700 1.96467482
3.70800 1.96449818
3.70900 1.96432162
3.71000 1.96414511
3.71100 1.96396867
3.71200 1.96379229
3.71300 1.96361598
3.71400 1.96343973
3.71500 1.96326354
3.71600 1.96308741
3.71700 1.96291135
3.71800 1.96273535
3.71900 1.96255942
3.72000 1.96238355
3.72100 1.96220774
3.72200 1.96203199
3.72300 1.96185631
3.72400 1.96168069
3.72500 1.96150513
3.72600 1.96132963
3.72700 1.96115420
3.72800 1.96097883
3.72900 1.96080353
3.73000 1.96062828
3.73100 1.96045310
3.73200 1.96027798
3.73300 1.96010293
3.73400 1.95992793
3.73500 1.95975300
3.73600 1.95957813
3.73700 1.95940333
3.73800 1.95922858
3.73900 1.95905390
3.74000 1.95887928
3.74100 1.95870472
3.74200 1.95853023
3.74300 1.95835580
3.74400 1.95818143
3.74500 1.95800712
3.74600 1.95783287
3.74700 1.95765869
3.74800 1.95748456
3.74900 1.95731050
3.75000 1.95713651
3.75100 1.95696257
3.75200 1.95678869
3.75300 1.95661488
3.75400 1.95644113
3.75500 1.95626744
3.75600 1.95609381
3.75700 1.95592024
3.75800 1.95574674
3.75900 1.95557330
3.76000 1.95539991
3.76100 1.95522659
3.76200 1.95505334
3.76300 1.95488014
3.76400 1.95470700
3.76500 1.95453393
3.76600 1.95436091
3.76700 1.95418796
3.76800 1.95401507
3.76900 1.95384224
3.77000 1.95366947
3.77100 1.95349676
3.77200 1.95332412
3.77300 1.95315153
3.77400 1.95297901
3.77500 1.95280654
3.77600 1.95263414
3.77700 1.95246180
3.77800 1.95228952
3.77900 1.95211730
3.78000 1.95194514
3.78100 1.95177304
3.78200 1.95160100
3.78300 1.95142902
3.78400 1.95125711
3.78500 1.95108525
3.78600 1.95091345
3.78700 1.95074172
3.78800 1.95057004
3.78900 1.95039843
3.79000 1.95022687
3.79100 1.95005538
3.79200 1.94988395
3.79300 1.94971257
3.79400 1.94954126
3.79500 1.94937001
3.79600 1.94919882
3.79700 1.94902768
3.79800 1.94885661
3.79900 1.94868560
3.80000 1.94851465
3.80100 1.94834375
3.80200 1.94817292
3.80300 1.94800215
3.80400 1.94783144
3.80500 1.94766078
3.80600 1.94749019
3.80700 1.94731966
3.80800 1.94714918
3.80900 1.94697877
3.81000 1.94680842
3.81100 1.94663812
3.81200 1.94646789
3.81300 1.94629771
3.81400 1.94612759
3.81500 1.94595754
3.81600 1.94578754
3.81700 1.94561760
3.81800 1.94544772
3.81900 1.94527791
3.82000 1.94510815
3.82100 1.94493845
3.82200 1.94476880
3.82300 1.94459922
3.82400 1.94442970
3.82500 1.94426023
3.82600 1.94409083
3.82700 1.94392148
3.82800 1.94375220
3.82900 1.94358297
3.83000 1.94341380
3.83100 1.94324469
3.83200 1.94307564
3.83300 1.94290665
3.83400 1.94273771
3.83500 1.94256884
3.83600 1.94240002
3.83700 1.94223126
3.83800 1.94206256
3.83900 1.94189392
3.84000 1.94172534
3.84100 1.94155682
3.84200 1.94138835
3.84300 1.94121995
3.84400 1.94105160
3.84500 1.94088331
3.84600 1.94071508
3.84700 1.94054691
3.84800 1.94037879
3.84900 1.94021074
3.85000 1.94004274
3.85100 1.93987480
3.85200 1.93970692
3.85300 1.93953909
3.85400 1.93937133
3.85500 1.93920362
3.85600 1.93903597
3.85700 1.93886838
3.85800 1.93870084
3.85900 1.93853337
3.86000 1.93836595
3.86100 1.93819859
3.86200 1.93803129
3.86300 1.93786404
3.86400 1.93769685
3.86500 1.93752973
3.86600 1.93736265
3.86700 1.93719564
3.86800 1.93702868
3.86900 1.93686178
3.87000 1.93669494
3.87100 1.93652816
3.87200 1.93636143
3.87300 1.93619476
3.87400 1.93602815
3.87500 1.93586160
3.87600 1.93569510
3.87700 1.93552866
3.87800 1.93536228
3.87900 1.93519595
3.88000 1.93502968
3.88100 1.93486347
3.88200 1.93469732
3.88300 1.93453122
3.88400 1.93436518
3.88500 1.93419920
3.88600 1.93403327
3.88700 1.93386740
3.88800 1.93370159
3.88900 1.93353584
3.89000 1.93337014
3.89100 1.93320450
3.89200 1.93303891
3.89300 1.93287338
3.89400 1.93270791
3.89500 1.93254250
3.89600 1.93237714
3.89700 1.93221184
3.89800 1.93204659
3.89900 1.93188140
3.90000 1.93171627
3.90100 1.93155120
3.90200 1.93138618
3.90300 1.93122121
3.90400 1.93105631
3.90500 1.93089146
3.90600 1.93072666
3.90700 1.93056192
3.90800 1.93039724
3.90900 1.93023262
3.91000 1.93006805
3.91100 1.92990353
3.91200 1.92973908
3.91300 1.92957468
3.91400 1.92941033
3.91500 1.92924604
3.91600 1.92908181
3.91700 1.92891763
3.91800 1.92875351
3.91900 1.92858945
3.92000 1.92842544
3.92100 1.92826148
3.92200 1.92809758
3.92300 1.92793374
3.92400 1.92776995
3.92500 1.92760622
3.92600 1.92744255
3.92700 1.92727893
3.92800 1.92711536
3.92900 1.92695186
3.93000 1.92678840
3.93100 1.92662500
3.93200 1.92646166
3.93300 1.92629837
3.93400 1.92613514
3.93500 1.92597197
3.93600 1.92580884
3.93700 1.92564578
3.93800 1.92548277
3.93900 1.92531981
3.94000 1.92515691
3.94100 1.92499407
3.94200 1.92483128
3.94300 1.92466854
3.94400 1.92450586
3.94500 1.92434324
3.94600 1.92418067
3.94700 1.92401815
3.94800 1.92385569
3.94900 1.92369328
3.95000 1.92353093
3.95100 1.92336864
3.95200 1.92320640
3.95300 1.92304421
3.95400 1.92288208
3.95500 1.92272000
3.95600 1.92255798
3.95700 1.92239601
3.95800 1.92223410
3.95900 1.92207224
3.96000 1.92191044
3.96100 1.92174869
3.96200 1.92158699
3.96300 1.92142535
3.96400 1.92126376
3.96500 1.92110223
3.96600 1.92094075
3.96700 1.92077933
3.96800 1.92061796
3.96900 1.92045665
3.97000 1.92029538
3.97100 1.92013418
3.97200 1.91997302
3.97300 1.91981193
3.97400 1.91965088
3.97500 1.91948989
3.97600 1.91932895
3.97700 1.91916807
3.97800 1.91900724
3.97900 1.91884647
3.98000 1.91868575
3.98100 1.91852508
3.98200 1.91836447
3.98300 1.91820391
3.98400 1.91804340
3.98500 1.91788295
3.98600 1.91772255
3.98700 1.91756221
3.98800 1.91740192
3.98900 1.91724168
3.99000 1.91708149
3.99100 1.91692136
3.99200 1.91676129
3.99300 1.91660126
3.99400 1.91644129
3.99500 1.91628138
3.99600 1.91612151
3.99700 1.91596170
3.99800 1.91580195
3.99900 1.91564224
4.00000 1.91548259
4.00100 1.91532300
4.00200 1.91516345
4.00300 1.91500396
4.00400 1.91484452
4.00500 1.91468514
4.00600 1.91452581
4.00700 1.91436653
4.00800 1.91420731
4.00900 1.91404813
4.01000 1.91388901
4.01100 1.91372995
4.01200 1.91357093
4.01300 1.91341197
4.01400 1.91325306
4.01500 1.91309421
4.01600 1.91293541
4.01700 1.91277666
4.01800 1.91261796
4.01900 1.91245931
4.02000 1.91230072
4.02100 1.91214218
4.02200 1.91198370
4.02300 1.91182526
4.02400 1.91166688
4.02500 1.91150855
4.02600 1.91135028
4.02700 1.91119205
4.02800 1.91103388
4.02900 1.91087576
4.03000 1.91071769
4.03100 1.91055968
4.03200 1.91040171
4.03300 1.91024380
4.03400 1.91008595
4.03500 1.90992814
4.03600 1.90977038
4.03700 1.90961268
4.03800 1.90945503
4.03900 1.90929744
4.04000 1.90913989
4.04100 1.90898240
4.04200 1.90882495
4.04300 1.90866756
4.04400 1.90851023
4.04500 1.90835294
4.04600 1.90819571
4.04700 1.90803852
4.04800 1.90788139
4.04900 1.90772431
4.05000 1.90756729
4.05100 1.90741031
4.05200 1.90725339
4.05300 1.90709651
4.05400 1.90693969
4.05500 1.90678292
4.05600 1.90662621
4.05700 1.90646954
4.05800 1.90631293
4.05900 1.90615636
4.06000 1.90599985
4.06100 1.90584339
4.06200 1.90568698
4.06300 1.90553062
4.06400 1.90537432
4.06500 1.90521806
4.06600 1.90506186
4.06700 1.90490571
4.06800 1.90474960
4.06900 1.90459355
4.07000 1.90443756
4.07100 1.90428161
4.07200 1.90412571
4.07300 1.90396986
4.07400 1.90381407
4.07500 1.90365833
4.07600 1.90350263
4.07700 1.90334699
4.07800 1.90319140
4.07900 1.90303586
4.08000 1.90288037
4.08100 1.90272493
4.08200 1.90256954
4.08300 1.90241421
4.08400 1.90225892
4.08500 1.90210368
4.08600 1.90194850
4.08700 1.90179336
4.08800 1.90163828
4.08900 1.90148325
4.09000 1.90132826
4.09100 1.90117333
4.09200 1.90101845
4.09300 1.90086362
4.09400 1.90070884
4.09500 1.90055411
4.09600 1.90039943
4.09700 1.90024480
4.09800 1.90009022
4.09900 1.89993569
4.10000 1.89978121
4.10100 1.89962678
4.10200 1.89947240
4.10300 1.89931807
4.10400 1.89916380
4.10500 1.89900957
4.10600 1.89885539
4.10700 1.89870126
4.10800 1.89854719
4.10900 1.89839316
4.11000 1.89823918
4.11100 1.89808525
4.11200 1.89793137
4.11300 1.89777755
4.11400 1.89762377
4.11500 1.89747004
4.11600 1.89731636
4.11700 1.89716273
4.11800 1.89700915
4.11900 1.89685562
4.12000 1.89670214
4.12100 1.89654871
4.12200 1.89639533
4.12300 1.89624200
4.12400 1.89608872
4.12500 1.89593549
4.12600 1.89578231
4.12700 1.89562917
4.12800 1.89547609
4.12900 1.89532306
4.13000 1.89517007
4.13100 1.89501714
4.13200 1.89486425
4.13300 1.89471142
4.13400 1.89455863
4.13500 1.89440589
4.13600 1.89425320
4.13700 1.89410056
4.13800 1.89394797
4.13900 1.89379543
4.14000 1.89364294
4.14100 1.89349050
4.14200 1.89333810
4.14300 1.89318576
4.14400 1.89303346
4.14500 1.89288122
4.14600 1.89272902
4.14700 1.89257687
4.14800 1.89242477
4.14900 1.89227272
4.15000 1.89212072
4.15100 1.89196877
4.15200 1.89181686
4.15300 1.89166501
4.15400 1.89151320
4.15500 1.89136144
4.15600 1.89120973
4.15700 1.89105807
4.15800 1.89090646
4.15900 1.89075490
4.16000 1.89060338
4.16100 1.89045191
4.16200 1.89030050
4.16300 1.89014913
4.16400 1.88999781
4.16500 1.88984653
4.16600 1.88969531
4.16700 1.88954413
4.16800 1.88939301
4.16900 1.88924193
4.17000 1.88909090
4.17100 1.88893991
4.17200 1.88878898
4.17300 1.88863809
4.17400 1.88848726
4.17500 1.88833647
4.17600 1.88818573
4.17700 1.88803503
4.17800 1.88788439
4.17900 1.88773379
4.18000 1.88758324
4.18100 1.88743274
4.18200 1.88728229
4.18300 1.88713188
4.18400 1.88698153
4.18500 1.88683122
4.18600 1.88668096
4.18700 1.88653074
4.18800 1.88638058
4.18900 1.88623046
4.19000 1.88608039
4.19100 1.88593037
4.19200 1.88578039
4.19300 1.88563046
4.19400 1.88548059
4.19500 1.88533075
4.19600 1.88518097
4.19700 1.88503123
4.19800 1.88488154
4.19900 1.88473190
4.20000 1.88458231
4.20100 1.88443276
4.20200 1.88428326
4.20300 1.88413381
4.20400 1.88398441
4.20500 1.88383505
4.20600 1.88368574
4.20700 1.88353648
4.20800 1.88338727
4.20900 1.88323810
4.21000 1.88308898
4.21100 1.88293991
4.21200 1.88279088
4.21300 1.88264190
4.21400 1.88249297
4.21500 1.88234409
4.21600 1.88219525
4.21700 1.88204646
4.21800 1.88189772
4.21900 1.88174902
4.22000 1.88160037
4.22100 1.88145177
4.22200 1.88130321
4.22300 1.88115470
4.22400 1.88100624
4.22500 1.88085783
4.22600 1.88070946
4.22700 1.88056114
4.22800 1.88041287
4.22900 1.88026464
4.23000 1.88011646
4.23100 1.87996832
4.23200 1.87982024
4.23300 1.87967220
4.23400 1.87952420
4.23500 1.87937625
4.23600 1.87922835
4.23700 1.87908050
4.23800 1.87893269
4.23900 1.87878493
4.24000 1.87863722
4.24100 1.87848955
4.24200 1.87834193
4.24300 1.87819435
4.24400 1.87804682
4.24500 1.87789934
4.24600 1.87775190
4.24700 1.87760451
4.24800 1.87745717
4.24900 1.87730987
4.25000 1.87716262
4.25100 1.87701541
4.25200 1.87686825
4.25300 1.87672114
4.25400 1.87657407
4.25500 1.87642705
4.25600 1.87628008
4.25700 1.87613315
4.25800 1.87598627
4.25900 1.87583943
4.26000 1.87569264
4.26100 1.87554589
4.26200 1.87539919
4.26300 1.87525254
4.26400 1.87510593
4.26500 1.87495937
4.26600 1.87481286
4.26700 1.87466639
4.26800 1.87451996
4.26900 1.87437359
4.27000 1.87422725
4.27100 1.87408097
4.27200 1.87393472
4.27300 1.87378853
4.27400 1.87364238
4.27500 1.87349627
4.27600 1.87335022
4.27700 1.87320420
4.27800 1.87305823
4.27900 1.87291231
4.28000 1.87276644
4.28100 1.87262060
4.28200 1.87247482
4.28300 1.87232908
4.28400 1.87218338
4.28500 1.87203773
4.28600 1.87189213
4.28700 1.87174657
4.28800 1.87160106
4.28900 1.87145559
4.29000 1.87131016
4.29100 1.87116478
4.29200 1.87101945
4.29300 1.87087416
4.29400 1.87072892
4.29500 1.87058372
4.29600 1.87043857
4.29700 1.87029346
4.29800 1.87014840
4.29900 1.87000338
4.30000 1.86985841
4.30100 1.86971348
4.30200 1.86956860
4.30300 1.86942376
4.30400 1.86927897
4.30500 1.86913422
4.30600 1.86898952
4.30700 1.86884486
4.30800 1.86870024
4.30900 1.86855567
4.31000 1.86841115
4.31100 1.86826667
4.31200 1.86812223
4.31300 1.86797784
4.31400 1.86783350
4.31500 1.86768920
4.31600 1.86754494
4.31700 1.86740073
4.31800 1.86725656
4.31900 1.86711244
4.32000 1.86696836
4.32100 1.86682433
4.32200 1.86668034
4.32300 1.86653639
4.32400 1.86639249
4.32500 1.86624863
4.32600 1.86610482
4.32700 1.86596105
4.32800 1.86581733
4.32900 1.86567365
4.33000 1.86553002
4.33100 1.86538643
4.33200 1.86524288
4.33300 1.86509938
4.33400 1.86495592
4.33500 1.86481251
4.33600 1.86466914
4.33700 1.86452581
4.33800 1.86438253
4.33900 1.86423929
4.34000 1.86409610
4.34100 1.86395295
4.34200 1.86380984
4.34300 1.86366678
4.34400 1.86352376
4.34500 1.86338079
4.34600 1.86323786
4.34700 1.86309497
4.34800 1.86295213
4.34900 1.86280933
4.35000 1.86266657
4.35100 1.86252386
4.35200 1.86238120
4.35300 1.86223857
4.35400 1.86209599
4.35500 1.86195346
4.35600 1.86181096
4.35700 1.86166851
4.35800 1.86152611
4.35900 1.86138375
4.36000 1.86124143
4.36100 1.86109915
4.36200 1.86095692
4.36300 1.86081473
4.36400 1.86067259
4.36500 1.86053049
4.36600 1.86038843
4.36700 1.86024642
4.36800 1.86010444
4.36900 1.85996252
4.37000 1.85982063
4.37100 1.85967879
4.37200 1.85953699
4.37300 1.85939524
4.37400 1.85925353
4.37500 1.85911186
4.37600 1.85897023
4.37700 1.85882865
4.37800 1.85868711
4.37900 1.85854562
4.38000 1.85840416
4.38100 1.85826276
4.38200 1.85812139
4.38300 1.85798007
4.38400 1.85783878
4.38500 1.85769755
4.38600 1.85755635
4.38700 1.85741520
4.38800 1.85727409
4.38900 1.85713303
4.39000 1.85699200
4.39100 1.85685102
4.39200 1.85671009
4.39300 1.85656919
4.39400 1.85642834
4.39500 1.85628753
4.39600 1.85614676
4.39700 1.85600604
4.39800 1.85586536
4.39900 1.85572472
4.40000 1.85558412
4.40100 1.85544357
4.40200 1.85530306
4.40300 1.85516259
4.40400 1.85502217
4.40500 1.85488178
4.40600 1.85474144
4.40700 1.85460114
4.40800 1.85446089
4.40900 1.85432068
4.41000 1.85418050
4.41100 1.85404038
4.41200 1.85390029
4.41300 1.85376025
4.41400 1.85362024
4.41500 1.85348029
4.41600 1.85334037
4.41700 1.85320049
4.41800 1.85306066
4.41900 1.85292087
4.42000 1.85278112
4.42100 1.85264142
4.42200 1.85250175
4.42300 1.85236213
4.42400 1.85222255
4.42500 1.85208301
4.42600 1.85194352
4.42700 1.85180406
4.42800 1.85166465
4.42900 1.85152528
4.43000 1.85138596
4.43100 1.85124667
4.43200 1.85110743
4.43300 1.85096822
4.43400 1.85082906
4.43500 1.85068995
4.43600 1.85055087
4.43700 1.85041183
4.43800 1.85027284
4.43900 1.85013389
4.44000 1.84999498
4.44100 1.84985611
4.44200 1.84971729
4.44300 1.84957850
4.44400 1.84943976
4.44500 1.84930106
4.44600 1.84916240
4.44700 1.84902378
4.44800 1.84888521
4.44900 1.84874667
4.45000 1.84860818
4.45100 1.84846973
4.45200 1.84833132
4.45300 1.84819295
4.45400 1.84805462
4.45500 1.84791633
4.45600 1.84777809
4.45700 1.84763989
4.45800 1.84750172
4.45900 1.84736360
4.46000 1.84722552
4.46100 1.84708749
4.46200 1.84694949
4.46300 1.84681153
4.46400 1.84667362
4.46500 1.84653575
4.46600 1.84639791
4.46700 1.84626012
4.46800 1.84612237
4.46900 1.84598466
4.47000 1.84584700
4.47100 1.84570937
4.47200 1.84557178
4.47300 1.84543424
4.47400 1.84529674
4.47500 1.84515927
4.47600 1.84502185
4.47700 1.84488447
4.47800 1.84474713
4.47900 1.84460983
4.48000 1.84447258
4.48100 1.84433536
4.48200 1.84419818
4.48300 1.84406105
4.48400 1.84392395
4.48500 1.84378690
4.48600 1.84364988
4.48700 1.84351291
4.48800 1.84337598
4.48900 1.84323909
4.49000 1.84310224
4.49100 1.84296543
4.49200 1.84282866
4.49300 1.84269193
4.49400 1.84255524
4.49500 1.84241860
4.49600 1.84228199
4.49700 1.84214542
4.49800 1.84200890
4.49900 1.84187241
4.50000 1.84173596
4.50100 1.84159956
4.50200 1.84146320
4.50300 1.84132687
4.50400 1.84119059
4.50500 1.84105435
4.50600 1.84091814
4.50700 1.84078198
4.50800 1.84064586
4.50900 1.84050978
4.51000 1.84037373
4.51100 1.84023773
4.51200 1.84010177
4.51300 1.83996585
4.51400 1.83982997
4.51500 1.83969413
4.51600 1.83955833
4.51700 1.83942257
4.51800 1.83928685
4.51900 1.83915116
4.52000 1.83901552
4.52100 1.83887992
4.52200 1.83874436
4.52300 1.83860884
4.52400 1.83847336
4.52500 1.83833792
4.52600 1.83820252
4.52700 1.83806716
4.52800 1.83793184
4.52900 1.83779656
4.53000 1.83766131
4.53100 1.83752611
4.53200 1.83739095
4.53300 1.83725583
4.53400 1.83712075
4.53500 1.83698570
4.53600 1.83685070
4.53700 1.83671574
4.53800 1.83658081
4.53900 1.83644593
4.54000 1.83631109
4.54100 1.83617628
4.54200 1.83604152
4.54300 1.83590679
4.54400 1.83577210
4.54500 1.83563746
4.54600 1.83550285
4.54700 1.83536828
4.54800 1.83523375
4.54900 1.83509927
4.55000 1.83496482
4.55100 1.83483041
4.55200 1.83469604
4.55300 1.83456170
4.55400 1.83442741
4.55500 1.83429316
4.55600 1.83415895
4.55700 1.83402477
4.55800 1.83389064
4.55900 1.83375654
4.56000 1.83362249
4.56100 1.83348847
4.56200 1.83335449
4.56300 1.83322055
4.56400 1.83308665
4.56500 1.83295279
4.56600 1.83281897
4.56700 1.83268519
4.56800 1.83255144
4.56900 1.83241774
4.57000 1.83228407
4.57100 1.83215045
4.57200 1.83201686
4.57300 1.83188331
4.57400 1.83174980
4.57500 1.83161633
4.57600 1.83148290
4.57700 1.83134951
4.57800 1.83121615
4.57900 1.83108284
4.58000 1.83094956
4.58100 1.83081633
4.58200 1.83068313
4.58300 1.83054997
4.58400 1.83041685
4.58500 1.83028376
4.58600 1.83015072
4.58700 1.83001771
4.58800 1.82988475
4.58900 1.82975182
4.59000 1.82961893
4.59100 1.82948608
4.59200 1.82935327
4.59300 1.82922049
4.59400 1.82908776
4.59500 1.82895506
4.59600 1.82882240
4.59700 1.82868979
4.59800 1.82855720
4.59900 1.82842466
4.60000 1.82829216
4.60100 1.82815969
4.60200 1.82802726
4.60300 1.82789488
4.60400 1.82776252
4.60500 1.82763021
4.60600 1.82749794
4.60700 1.82736570
4.60800 1.82723351
4.60900 1.82710135
4.61000 1.82696922
4.61100 1.82683714
4.61200 1.82670510
4.61300 1.82657309
4.61400 1.82644112
4.61500 1.82630919
4.61600 1.82617730
4.61700 1.82604545
4.61800 1.82591363
4.61900 1.82578185
4.62000 1.82565011
4.62100 1.82551841
4.62200 1.82538675
4.62300 1.82525512
4.62400 1.82512353
4.62500 1.82499198
4.62600 1.82486047
4.62700 1.82472900
4.62800 1.82459756
4.62900 1.82446616
4.63000 1.82433480
4.63100 1.82420348
4.63200 1.82407220
4.63300 1.82394095
4.63400 1.82380974
4.63500 1.82367857
4.63600 1.82354743
4.63700 1.82341634
4.63800 1.82328528
4.63900 1.82315426
4.64000 1.82302327
4.64100 1.82289233
4.64200 1.82276142
4.64300 1.82263055
4.64400 1.82249972
4.64500 1.82236892
4.64600 1.82223817
4.64700 1.82210745
4.64800 1.82197676
4.64900 1.82184612
4.65000 1.82171551
4.65100 1.82158494
4.65200 1.82145441
4.65300 1.82132391
4.65400 1.82119345
4.65500 1.82106303
4.65600 1.82093265
4.65700 1.82080230
4.65800 1.82067200
4.65900 1.82054172
4.66000 1.82041149
4.66100 1.82028129
4.66200 1.82015113
4.66300 1.82002101
4.66400 1.81989093
4.66500 1.81976088
4.66600 1.81963087
4.66700 1.81950089
4.66800 1.81937096
4.66900 1.81924106
4.67000 1.81911120
4.67100 1.81898137
4.67200 1.81885158
4.67300 1.81872183
4.67400 1.81859212
4.67500 1.81846244
4.67600 1.81833280
4.67700 1.81820320
4.67800 1.81807363
4.67900 1.81794410
4.68000 1.81781461
4.68100 1.81768515
4.68200 1.81755573
4.68300 1.81742635
4.68400 1.81729701
4.68500 1.81716770
4.68600 1.81703843
4.68700 1.81690919
4.68800 1.81678000
4.68900 1.81665083
4.69000 1.81652171
4.69100 1.81639262
4.69200 1.81626357
4.69300 1.81613456
4.69400 1.81600558
4.69500 1.81587664
4.69600 1.81574773
4.69700 1.81561887
4.69800 1.81549003
4.69900 1.81536124
4.70000 1.81523248
4.70100 1.81510376
4.70200 1.81497508
4.70300 1.81484643
4.70400 1.81471781
4.70500 1.81458924
4.70600 1.81446070
4.70700 1.81433220
4.70800 1.81420373
4.70900 1.81407530
4.71000 1.81394691
4.71100 1.81381855
4.71200 1.81369023
4.71300 1.81356194
4.71400 1.81343369
4.71500 1.81330548
4.71600 1.81317731
4.71700 1.81304917
4.71800 1.81292106
4.71900 1.81279300
4.72000 1.81266496
4.72100 1.81253697
4.72200 1.81240901
4.72300 1.81228109
4.72400 1.81215320
4.72500 1.81202535
4.72600 1.81189754
4.72700 1.81176976
4.72800 1.81164202
4.72900 1.81151431
4.73000 1.81138664
4.73100 1.81125900
4.73200 1.81113141
4.73300 1.81100384
4.73400 1.81087632
4.73500 1.81074883
4.73600 1.81062137
4.73700 1.81049395
4.73800 1.81036657
4.73900 1.81023922
4.74000 1.81011191
4.74100 1.80998464
4.74200 1.80985740
4.74300 1.80973019
4.74400 1.80960302
4.74500 1.80947589
4.74600 1.80934880
4.74700 1.80922173
4.74800 1.80909471
4.74900 1.80896772
4.75000 1.80884077
4.75100 1.80871385
4.75200 1.80858696
4.75300 1.80846012
4.75400 1.80833331
4.75500 1.80820653
4.75600 1.80807979
4.75700 1.80795308
4.75800 1.80782641
4.75900 1.80769978
4.76000 1.80757318
4.76100 1.80744662
4.76200 1.80732009
4.76300 1.80719360
4.76400 1.80706714
4.76500 1.80694072
4.76600 1.80681434
4.76700 1.80668798
4.76800 1.80656167
4.76900 1.80643539
4.77000 1.80630914
4.77100 1.80618294
4.77200 1.80605676
4.77300 1.80593062
4.77400 1.80580452
4.77500 1.80567845
4.77600 1.80555242
4.77700 1.80542642
4.77800 1.80530046
4.77900 1.80517453
4.78000 1.80504864
4.78100 1.80492278
4.78200 1.80479696
4.78300 1.80467117
4.78400 1.80454542
4.78500 1.80441970
4.78600 1.80429402
4.78700 1.80416837
4.78800 1.80404276
4.78900 1.80391718
4.79000 1.80379164
4.79100 1.80366613
4.79200 1.80354066
4.79300 1.80341522
4.79400 1.80328982
4.79500 1.80316445
4.79600 1.80303912
4.79700 1.80291382
4.79800 1.80278856
4.79900 1.80266333
4.80000 1.80253813
4.80100 1.80241297
4.80200 1.80228785
4.80300 1.80216276
4.80400 1.80203771
4.80500 1.80191269
4.80600 1.80178770
4.80700 1.80166275
4.80800 1.80153783
4.80900 1.80141295
4.81000 1.80128811
4.81100 1.80116329
4.81200 1.80103852
4.81300 1.80091377
4.81400 1.80078907
4.81500 1.80066439
4.81600 1.80053975
4.81700 1.80041515
4.81800 1.80029058
4.81900 1.80016604
4.82000 1.80004154
4.82100 1.79991707
4.82200 1.79979264
4.82300 1.79966824
4.82400 1.79954388
4.82500 1.79941955
4.82600 1.79929525
4.82700 1.79917099
4.82800 1.79904677
4.82900 1.79892257
4.83000 1.79879842
4.83100 1.79867429
4.83200 1.79855020
4.83300 1.79842615
4.83400 1.79830213
4.83500 1.79817814
4.83600 1.79805419
4.83700 1.79793027
4.83800 1.79780639
4.83900 1.79768254
4.84000 1.79755872
4.84100 1.79743494
4.84200 1.79731119
4.84300 1.79718748
4.84400 1.79706380
4.84500 1.79694015
4.84600 1.79681654
4.84700 1.79669296
4.84800 1.79656942
4.84900 1.79644591
4.85000 1.79632244
4.85100 1.79619899
4.85200 1.79607559
4.85300 1.79595221
4.85400 1.79582887
4.85500 1.79570557
4.85600 1.79558229
4.85700 1.79545906
4.85800 1.79533585
4.85900 1.79521268
4.86000 1.79508954
4.86100 1.79496644
4.86200 1.79484337
4.86300 1.79472034
4.86400 1.79459733
4.86500 1.79447437
4.86600 1.79435143
4.86700 1.79422853
4.86800 1.79410566
4.86900 1.79398283
4.87000 1.79386003
4.87100 1.79373726
4.87200 1.79361453
4.87300 1.79349183
4.87400 1.79336917
4.87500 1.79324653
4.87600 1.79312394
4.87700 1.79300137
4.87800 1.79287884
4.87900 1.79275634
4.88000 1.79263388
4.88100 1.79251145
4.88200 1.79238905
4.88300 1.79226669
4.88400 1.79214435
4.88500 1.79202206
4.88600 1.79189979
4.88700 1.79177756
4.88800 1.79165537
4.88900 1.79153320
4.89000 1.79141107
4.89100 1.79128897
4.89200 1.79116691
4.89300 1.79104488
4.89400 1.79092288
4.89500 1.79080092
4.89600 1.79067899
4.89700 1.79055709
4.89800 1.79043522
4.89900 1.79031339
4.90000 1.79019159
4.90100 1.79006983
4.90200 1.78994810
4.90300 1.78982640
4.90400 1.78970473
4.90500 1.78958310
4.90600 1.78946150
4.90700 1.78933993
4.90800 1.78921840
4.90900 1.78909690
4.91000 1.78897543
4.91100 1.78885400
4.91200 1.78873259
4.91300 1.78861123
4.91400 1.78848989
4.91500 1.78836859
4.91600 1.78824732
4.91700 1.78812608
4.91800 1.78800488
4.91900 1.78788370
4.92000 1.78776257
4.92100 1.78764146
4.92200 1.78752039
4.92300 1.78739935
4.92400 1.78727834
4.92500 1.78715737
4.92600 1.78703642
4.92700 1.78691551
4.92800 1.78679464
4.92900 1.78667379
4.93000 1.78655298
4.93100 1.78643220
4.93200 1.78631146
4.93300 1.78619075
4.93400 1.78607007
4.93500 1.78594942
4.93600 1.78582880
4.93700 1.78570822
4.93800 1.78558767
4.93900 1.78546715
4.94000 1.78534667
4.94100 1.78522622
4.94200 1.78510580
4.94300 1.78498541
4.94400 1.78486505
4.94500 1.78474473
4.94600 1.78462444
4.94700 1.78450418
4.94800 1.78438396
4.94900 1.78426376
4.95000 1.78414360
4.95100 1.78402348
4.95200 1.78390338
4.95300 1.78378332
4.95400 1.78366328
4.95500 1.78354329
4.95600 1.78342332
4.95700 1.78330338
4.95800 1.78318348
4.95900 1.78306361
4.96000 1.78294378
4.96100 1.78282397
4.96200 1.78270420
4.96300 1.78258446
4.96400 1.78246475
4.96500 1.78234507
4.96600 1.78222543
4.96700 1.78210581
4.96800 1.78198623
4.96900 1.78186668
4.97000 1.78174717
4.97100 1.78162768
4.97200 1.78150823
4.97300 1.78138881
4.97400 1.78126942
4.97500 1.78115007
4.97600 1.78103074
4.97700 1.78091145
4.97800 1.78079219
4.97900 1.78067296
4.98000 1.78055377
4.98100 1.78043460
4.98200 1.78031547
4.98300 1.78019637
4.98400 1.78007730
4.98500 1.77995826
4.98600 1.77983926
4.98700 1.77972029
4.98800 1.77960134
4.98900 1.77948244
4.99000 1.77936356
4.99100 1.77924471
4.99200 1.77912590
4.99300 1.77900711
4.99400 1.77888836
4.99500 1.77876964
4.99600 1.77865096
4.99700 1.77853230
4.99800 1.77841368
4.99900 1.77829508
5.00000 1.77817652
